X,Y,Z
113.62,-14.79,352.49
113.63,-14.79,352.48
113.64,-14.78,352.48
113.64,-14.77,352.47
113.65,-14.76,352.47
113.65,-14.74,352.47
113.64,-14.73,352.47
113.64,-14.72,352.48
113.65,-14.71,352.48
113.66,-14.71,352.49
113.68,-14.70,352.50
113.69,-14.71,352.50
113.70,-14.71,352.51
113.71,-14.71,352.51
113.72,-14.72,352.51
113.73,-14.72,352.50
113.74,-14.73,352.50
113.75,-14.74,352.50
113.76,-14.75,352.50
113.78,-14.75,352.49
113.79,-14.76,352.48
113.81,-14.76,352.47
113.82,-14.76,352.46
113.82,-14.77,352.45
113.82,-14.77,352.44
113.82,-14.76,352.43
113.81,-14.76,352.42
113.79,-14.76,352.42
113.77,-14.76,352.42
113.74,-14.76,352.43
113.71,-14.76,352.46
113.69,-14.76,352.49
113.66,-14.77,352.53
113.62,-14.79,352.58
113.59,-14.81,352.64
113.55,-14.84,352.70
113.51,-14.88,352.76
113.48,-14.92,352.83
113.45,-14.97,352.89
113.42,-15.02,352.95
113.39,-15.07,353.00
113.37,-15.13,353.04
113.35,-15.18,353.08
113.33,-15.22,353.12
113.31,-15.27,353.14
113.30,-15.31,353.16
113.29,-15.34,353.17
113.28,-15.36,353.18
113.28,-15.37,353.19
113.27,-15.37,353.19
113.26,-15.35,353.19
113.26,-15.32,353.19
113.25,-15.27,353.19
113.24,-15.22,353.19
113.23,-15.17,353.20
113.21,-15.10,353.21
113.20,-15.01,353.22
113.18,-14.90,353.25
113.14,-14.76,353.29
113.09,-14.57,353.34
113.03,-14.35,353.40
112.97,-14.13,353.48
112.90,-13.89,353.57
112.82,-13.65,353.67
112.73,-13.41,353.77
112.64,-13.19,353.88
112.54,-12.97,354.00
112.45,-12.76,354.13
112.37,-12.57,354.25
112.29,-12.39,354.35
112.22,-12.24,354.46
112.16,-12.12,354.55
112.12,-12.02,354.64
112.08,-11.95,354.71
112.06,-11.90,354.78
112.05,-11.89,354.82
112.05,-11.90,354.86
112.06,-11.93,354.87
112.07,-12.00,354.87
112.11,-12.12,354.84
112.15,-12.27,354.80
112.22,-12.47,354.73
112.29,-12.69,354.65
112.39,-12.93,354.56
112.49,-13.19,354.46
112.60,-13.45,354.35
112.72,-13.72,354.23
112.83,-13.99,354.11
112.94,-14.25,353.99
113.06,-14.49,353.88
113.16,-14.73,353.76
113.25,-14.94,353.66
113.34,-15.14,353.56
113.41,-15.31,353.48
113.47,-15.45,353.42
113.53,-15.57,353.38
113.59,-15.66,353.35
113.63,-15.72,353.35
113.65,-15.75,353.35
113.67,-15.77,353.37
113.67,-15.76,353.40
113.68,-15.73,353.44
113.67,-15.70,353.49
113.67,-15.66,353.53
113.66,-15.61,353.58
113.66,-15.56,353.63
113.66,-15.51,353.67
113.66,-15.47,353.71
113.67,-15.43,353.75
113.69,-15.40,353.77
113.70,-15.37,353.79
113.72,-15.34,353.80
113.73,-15.31,353.80
113.74,-15.28,353.81
113.74,-15.24,353.81
113.73,-15.21,353.82
113.71,-15.17,353.83
113.68,-15.14,353.85
113.64,-15.11,353.87
113.59,-15.07,353.90
113.54,-15.04,353.94
113.49,-15.01,353.98
113.43,-14.98,354.03
113.37,-14.96,354.09
113.32,-14.93,354.15
113.26,-14.91,354.21
113.22,-14.89,354.26
113.18,-14.88,354.31
113.15,-14.88,354.36
113.13,-14.88,354.39
113.11,-14.90,354.42
113.11,-14.92,354.44
113.12,-14.95,354.45
113.13,-14.98,354.45
113.15,-15.00,354.44
113.16,-15.03,354.43
113.17,-15.06,354.42
113.18,-15.09,354.40
113.20,-15.12,354.38
113.20,-15.14,354.37
113.20,-15.16,354.36
113.21,-15.18,354.36
113.21,-15.20,354.37
113.22,-15.21,354.38
113.23,-15.22,354.40
113.24,-15.23,354.42
113.25,-15.23,354.44
113.26,-15.24,354.45
113.28,-15.24,354.47
113.31,-15.25,354.49
113.33,-15.25,354.50
113.36,-15.25,354.50
113.39,-15.24,354.50
113.42,-15.23,354.50
113.44,-15.21,354.50
113.46,-15.18,354.50
113.47,-15.15,354.49
113.48,-15.11,354.49
113.48,-15.08,354.50
113.49,-15.04,354.50
113.49,-15.01,354.51
113.49,-14.97,354.53
113.49,-14.94,354.55
113.49,-14.91,354.56
113.48,-14.88,354.58
113.48,-14.86,354.60
113.48,-14.84,354.62
113.48,-14.83,354.64
113.50,-14.84,354.64
113.52,-14.86,354.65
113.55,-14.90,354.64
113.59,-14.95,354.62
113.64,-15.01,354.60
113.70,-15.09,354.57
113.75,-15.17,354.53
113.81,-15.26,354.48
113.86,-15.35,354.44
113.91,-15.44,354.40
113.95,-15.52,354.36
113.98,-15.59,354.32
114.00,-15.65,354.29
114.01,-15.70,354.27
114.01,-15.73,354.27
114.00,-15.76,354.27
113.99,-15.78,354.29
113.97,-15.78,354.32
113.95,-15.78,354.36
113.93,-15.76,354.41
113.91,-15.75,354.46
113.90,-15.73,354.50
113.89,-15.71,354.55
113.88,-15.69,354.59
113.88,-15.68,354.63
113.89,-15.67,354.65
113.90,-15.66,354.67
113.92,-15.67,354.68
113.95,-15.68,354.68
113.98,-15.71,354.67
114.02,-15.74,354.65
114.06,-15.79,354.62
114.10,-15.84,354.59
114.15,-15.90,354.56
114.19,-15.98,354.53
114.24,-16.06,354.50
114.28,-16.13,354.46
114.32,-16.21,354.44
114.35,-16.28,354.42
114.38,-16.34,354.40
114.40,-16.39,354.38
114.42,-16.43,354.38
114.42,-16.47,354.38
114.43,-16.49,354.39
114.42,-16.50,354.40
114.42,-16.50,354.42
114.41,-16.49,354.44
114.40,-16.48,354.47
114.40,-16.46,354.50
114.39,-16.43,354.52
114.39,-16.41,354.55
114.39,-16.39,354.58
114.39,-16.36,354.60
114.39,-16.34,354.62
114.39,-16.33,354.63
114.39,-16.31,354.65
114.40,-16.30,354.66
114.40,-16.29,354.67
114.39,-16.28,354.68
114.39,-16.27,354.70
114.38,-16.27,354.71
114.38,-16.27,354.72
114.37,-16.27,354.73
114.36,-16.27,354.75
114.35,-16.27,354.77
114.34,-16.28,354.79
114.33,-16.28,354.81
114.33,-16.28,354.83
114.32,-16.29,354.85
114.32,-16.29,354.87
114.32,-16.29,354.88
114.33,-16.30,354.90
114.33,-16.31,354.91
114.34,-16.32,354.92
114.34,-16.33,354.92
114.36,-16.34,354.92
114.37,-16.35,354.93
114.38,-16.36,354.93
114.39,-16.37,354.93
114.40,-16.39,354.93
114.41,-16.41,354.93
114.43,-16.42,354.93
114.44,-16.44,354.93
114.45,-16.46,354.94
114.46,-16.47,354.94
114.47,-16.49,354.95
114.48,-16.51,354.96
114.49,-16.52,354.97
114.50,-16.53,354.98
114.51,-16.54,354.98
114.52,-16.56,354.99
114.53,-16.57,355.00
114.54,-16.58,355.00
114.55,-16.58,355.01
114.56,-16.59,355.01
114.58,-16.59,355.01
114.59,-16.60,355.02
114.60,-16.60,355.02
114.61,-16.60,355.03
114.61,-16.61,355.03
114.62,-16.61,355.04
114.63,-16.62,355.05
114.63,-16.62,355.05
114.63,-16.62,355.06
114.63,-16.63,355.07
114.64,-16.63,355.08
114.64,-16.64,355.09
114.64,-16.64,355.11
114.64,-16.64,355.12
114.63,-16.64,355.13
114.63,-16.64,355.15
114.63,-16.64,355.16
114.63,-16.64,355.17
114.63,-16.64,355.19
114.63,-16.63,355.20
114.63,-16.63,355.22
114.62,-16.63,355.23
114.62,-16.63,355.25
114.62,-16.62,355.26
114.62,-16.62,355.28
114.61,-16.62,355.29
114.61,-16.61,355.31
114.61,-16.61,355.32
114.61,-16.61,355.33
114.61,-16.60,355.35
114.61,-16.60,355.36
114.61,-16.60,355.37
114.61,-16.60,355.38
114.60,-16.60,355.40
114.60,-16.60,355.41
114.61,-16.60,355.42
114.61,-16.60,355.43
114.61,-16.60,355.44
114.61,-16.60,355.45
114.62,-16.60,355.46
114.62,-16.59,355.47
114.62,-16.59,355.48
114.63,-16.59,355.49
114.63,-16.59,355.49
114.63,-16.58,355.50
114.64,-16.58,355.50
114.66,-16.57,355.50
114.68,-16.57,355.50
114.71,-16.57,355.50
114.73,-16.56,355.49
114.76,-16.56,355.48
114.78,-16.55,355.47
114.81,-16.54,355.46
114.85,-16.53,355.45
114.90,-16.51,355.43
114.94,-16.50,355.41
114.97,-16.49,355.40
115.00,-16.47,355.39
115.03,-16.46,355.38
115.06,-16.45,355.37
115.09,-16.44,355.37
115.11,-16.43,355.37
115.13,-16.43,355.37
115.14,-16.42,355.37
115.16,-16.41,355.37
115.17,-16.41,355.38
115.18,-16.40,355.39
115.18,-16.40,355.40
115.18,-16.39,355.41
115.18,-16.39,355.42
115.18,-16.38,355.44
115.18,-16.38,355.45
115.18,-16.38,355.47
115.17,-16.38,355.49
115.16,-16.38,355.51
115.16,-16.38,355.53
115.15,-16.39,355.55
115.14,-16.39,355.57
115.13,-16.39,355.59
115.12,-16.39,355.61
115.11,-16.39,355.63
115.10,-16.40,355.65
115.09,-16.40,355.67
115.08,-16.40,355.69
115.07,-16.40,355.71
115.06,-16.40,355.73
115.05,-16.40,355.75
115.05,-16.40,355.77
115.04,-16.40,355.79
115.03,-16.40,355.81
115.02,-16.40,355.82
115.02,-16.40,355.84
115.02,-16.40,355.86
115.01,-16.40,355.87
115.01,-16.40,355.89
115.00,-16.40,355.90
115.00,-16.40,355.92
115.00,-16.39,355.93
115.00,-16.39,355.94
115.00,-16.39,355.95
115.00,-16.38,355.96
115.00,-16.38,355.97
115.01,-16.37,355.98
115.01,-16.36,355.98
115.02,-16.35,355.99
115.02,-16.34,355.99
115.03,-16.33,355.99
115.04,-16.32,356.00
115.04,-16.31,356.00
115.05,-16.30,356.01
115.05,-16.29,356.02
115.05,-16.28,356.03
115.06,-16.28,356.04
115.06,-16.27,356.05
115.05,-16.27,356.06
115.05,-16.27,356.07
115.05,-16.26,356.08
115.05,-16.26,356.10
115.05,-16.26,356.11
115.04,-16.27,356.13
115.04,-16.27,356.14
115.03,-16.28,356.16
115.03,-16.28,356.18
115.02,-16.29,356.20
115.02,-16.29,356.22
115.01,-16.29,356.24
115.00,-16.29,356.25
115.00,-16.29,356.27
114.99,-16.29,356.29
114.98,-16.29,356.31
114.97,-16.29,356.33
114.96,-16.29,356.35
114.95,-16.29,356.37
114.94,-16.30,356.39
114.94,-16.30,356.42
114.93,-16.30,356.44
114.93,-16.30,356.46
114.92,-16.30,356.47
114.92,-16.31,356.49
114.91,-16.31,356.51
114.91,-16.32,356.53
114.91,-16.32,356.55
114.90,-16.32,356.57
114.90,-16.32,356.58
114.89,-16.33,356.60
114.89,-16.33,356.62
114.88,-16.33,356.64
114.88,-16.33,356.66
114.88,-16.34,356.68
114.87,-16.34,356.70
114.87,-16.34,356.72
114.86,-16.34,356.74
114.86,-16.34,356.76
114.85,-16.35,356.79
114.85,-16.35,356.81
114.84,-16.35,356.83
114.84,-16.35,356.85
114.83,-16.35,356.87
114.82,-16.36,356.89
114.82,-16.36,356.92
114.81,-16.37,356.94
114.80,-16.37,356.96
114.79,-16.38,356.99
114.79,-16.39,357.01
114.78,-16.40,357.03
114.77,-16.40,357.06
114.77,-16.41,357.08
114.76,-16.42,357.10
114.75,-16.43,357.12
114.75,-16.43,357.13
114.74,-16.44,357.15
114.74,-16.44,357.17
114.74,-16.45,357.18
114.73,-16.45,357.20
114.73,-16.45,357.21
114.72,-16.45,357.23
114.72,-16.44,357.25
114.71,-16.44,357.26
114.71,-16.44,357.28
114.70,-16.44,357.29
114.70,-16.43,357.31
114.70,-16.43,357.33
114.69,-16.43,357.35
114.69,-16.43,357.36
114.69,-16.42,357.38
114.69,-16.42,357.40
114.69,-16.42,357.41
114.68,-16.42,357.43
114.68,-16.42,357.44
114.68,-16.43,357.46
114.68,-16.43,357.47
114.68,-16.43,357.49
114.68,-16.43,357.50
114.67,-16.43,357.52
114.67,-16.43,357.54
114.67,-16.43,357.55
114.67,-16.43,357.57
114.67,-16.43,357.58
114.67,-16.43,357.60
114.67,-16.43,357.61
114.66,-16.43,357.63
114.66,-16.43,357.64
114.66,-16.43,357.66
114.66,-16.43,357.68
114.65,-16.43,357.69
114.65,-16.43,357.71
114.64,-16.43,357.73
114.64,-16.43,357.74
114.64,-16.43,357.76
114.64,-16.43,357.77
114.64,-16.43,357.79
114.64,-16.43,357.80
114.63,-16.42,357.82
114.63,-16.42,357.83
114.63,-16.42,357.85
114.63,-16.42,357.87
114.63,-16.42,357.88
114.63,-16.42,357.90
114.63,-16.42,357.92
114.62,-16.42,357.94
114.62,-16.42,357.95
114.62,-16.42,357.97
114.62,-16.42,357.98
114.62,-16.42,358.00
114.62,-16.42,358.02
114.62,-16.42,358.03
114.61,-16.42,358.05
114.61,-16.42,358.07
114.61,-16.42,358.08
114.61,-16.42,358.10
114.61,-16.42,358.11
114.62,-16.41,358.12
114.61,-16.41,358.14
114.62,-16.41,358.15
114.62,-16.41,358.16
114.61,-16.40,358.17
114.62,-16.40,358.19
114.62,-16.40,358.20
114.62,-16.39,358.22
114.62,-16.39,358.23
114.62,-16.39,358.25
114.62,-16.38,358.26
114.61,-16.38,358.28
114.61,-16.38,358.29
114.61,-16.38,358.31
114.61,-16.38,358.33
114.60,-16.38,358.35
114.60,-16.37,358.36
114.60,-16.37,358.38
114.59,-16.37,358.39
114.59,-16.37,358.41
114.59,-16.37,358.43
114.59,-16.37,358.45
114.58,-16.36,358.46
114.58,-16.36,358.48
114.58,-16.36,358.49
114.58,-16.36,358.51
114.58,-16.35,358.53
114.58,-16.35,358.54
114.58,-16.35,358.56
114.57,-16.35,358.58
114.57,-16.35,358.59
114.57,-16.35,358.61
114.57,-16.35,358.63
114.56,-16.34,358.65
114.56,-16.35,358.66
114.56,-16.35,358.68
114.56,-16.35,358.70
114.56,-16.35,358.72
114.56,-16.35,358.74
114.56,-16.35,358.75
114.56,-16.35,358.77
114.56,-16.35,358.78
114.56,-16.35,358.80
114.56,-16.35,358.81
114.56,-16.35,358.83
114.56,-16.35,358.84
114.56,-16.35,358.86
114.57,-16.35,358.87
114.57,-16.35,358.89
114.57,-16.35,358.90
114.57,-16.35,358.92
114.57,-16.35,358.94
114.57,-16.35,358.96
114.56,-16.35,358.98
114.56,-16.35,358.99
114.56,-16.35,359.01
114.56,-16.35,359.03
114.55,-16.35,359.05
114.55,-16.35,359.07
114.55,-16.35,359.08
114.55,-16.35,359.10
114.55,-16.35,359.11
114.55,-16.35,359.13
114.55,-16.35,359.14
114.55,-16.35,359.16
114.54,-16.35,359.18
114.54,-16.35,359.20
114.54,-16.35,359.22
114.54,-16.35,359.23
114.54,-16.35,359.25
114.54,-16.34,359.27
114.53,-16.34,359.28
114.53,-16.34,359.30
114.53,-16.33,359.32
114.52,-16.33,359.34
114.52,-16.32,359.36
114.52,-16.32,359.38
114.52,-16.31,359.40
114.51,-16.31,359.42
114.51,-16.30,359.44
114.51,-16.30,359.46
114.51,-16.29,359.49
114.50,-16.29,359.51
114.50,-16.28,359.53
114.50,-16.28,359.54
114.50,-16.27,359.56
114.50,-16.27,359.58
114.51,-16.27,359.60
114.51,-16.26,359.62
114.51,-16.27,359.64
114.52,-16.27,359.65
114.53,-16.27,359.66
114.53,-16.27,359.68
114.54,-16.27,359.69
114.54,-16.27,359.70
114.54,-16.28,359.71
114.55,-16.28,359.73
114.55,-16.28,359.74
114.56,-16.29,359.75
114.57,-16.29,359.76
114.57,-16.30,359.77
114.58,-16.31,359.78
114.58,-16.31,359.79
114.59,-16.32,359.81
114.59,-16.32,359.82
114.59,-16.33,359.83
114.60,-16.33,359.84
114.59,-16.33,359.86
114.59,-16.34,359.88
114.59,-16.34,359.89
114.59,-16.34,359.91
114.59,-16.33,359.93
114.59,-16.33,359.95
114.58,-16.33,359.96
114.58,-16.33,359.98
114.58,-16.32,360.00
114.58,-16.32,0.01
114.58,-16.32,0.03
114.57,-16.32,0.05
114.57,-16.31,0.07
114.57,-16.31,0.09
114.56,-16.31,0.11
114.56,-16.30,0.13
114.56,-16.30,0.15
114.56,-16.30,0.17
114.55,-16.30,0.19
114.55,-16.31,0.21
114.56,-16.31,0.23
114.56,-16.31,0.25
114.57,-16.32,0.26
114.57,-16.32,0.27
114.57,-16.33,0.28
114.58,-16.33,0.29
114.58,-16.33,0.30
114.58,-16.34,0.32
114.57,-16.34,0.34
114.57,-16.34,0.35
114.57,-16.34,0.37
114.56,-16.34,0.40
114.56,-16.34,0.42
114.55,-16.34,0.44
114.55,-16.34,0.46
114.54,-16.33,0.49
114.54,-16.33,0.51
114.53,-16.32,0.53
114.53,-16.31,0.56
114.53,-16.30,0.58
114.53,-16.29,0.60
114.53,-16.28,0.62
114.53,-16.27,0.63
114.53,-16.26,0.65
114.53,-16.25,0.66
114.54,-16.23,0.67
114.54,-16.22,0.69
114.55,-16.21,0.70
114.55,-16.20,0.71
114.55,-16.19,0.72
114.55,-16.19,0.73
114.56,-16.19,0.74
114.56,-16.19,0.76
114.55,-16.19,0.78
114.55,-16.19,0.79
114.55,-16.20,0.81
114.55,-16.21,0.83
114.55,-16.22,0.85
114.55,-16.23,0.87
114.54,-16.24,0.89
114.54,-16.25,0.91
114.54,-16.25,0.93
114.53,-16.26,0.95
114.53,-16.26,0.97
114.53,-16.26,0.98
114.52,-16.25,1.00
114.52,-16.24,1.02
114.51,-16.23,1.04
114.51,-16.22,1.06
114.50,-16.21,1.08
114.50,-16.19,1.11
114.50,-16.17,1.13
114.50,-16.15,1.15
114.51,-16.14,1.18
114.51,-16.13,1.20
114.52,-16.12,1.22
114.53,-16.12,1.24
114.53,-16.12,1.25
114.54,-16.12,1.27
114.56,-16.12,1.29
114.57,-16.13,1.30
114.58,-16.13,1.31
114.59,-16.14,1.31
114.60,-16.15,1.32
114.61,-16.16,1.33
114.62,-16.17,1.33
114.63,-16.18,1.34
114.64,-16.18,1.35
114.65,-16.17,1.36
114.65,-16.15,1.38
114.64,-16.12,1.40
114.63,-16.08,1.42
114.62,-16.04,1.45
114.60,-16.00,1.48
114.57,-15.95,1.51
114.55,-15.91,1.56
114.53,-15.86,1.60
114.51,-15.82,1.65
114.49,-15.77,1.69
114.47,-15.74,1.73
114.46,-15.71,1.77
114.45,-15.68,1.81
114.44,-15.66,1.84
114.44,-15.64,1.88
114.44,-15.63,1.90
114.44,-15.63,1.92
114.44,-15.64,1.93
114.45,-15.65,1.95
114.46,-15.66,1.95
114.47,-15.68,1.96
114.48,-15.71,1.96
114.48,-15.74,1.96
114.49,-15.77,1.96
114.50,-15.80,1.97
114.51,-15.83,1.97
114.52,-15.86,1.98
114.53,-15.88,1.99
114.54,-15.90,1.99
114.54,-15.90,2.00
114.54,-15.91,2.02
114.54,-15.90,2.03
114.55,-15.90,2.05
114.55,-15.89,2.07
114.55,-15.88,2.10
114.55,-15.87,2.12
114.56,-15.86,2.14
114.57,-15.84,2.16
114.58,-15.83,2.18
114.59,-15.82,2.20
114.60,-15.81,2.22
114.60,-15.80,2.24
114.61,-15.80,2.25
114.62,-15.80,2.26
114.63,-15.79,2.27
114.63,-15.80,2.28
114.64,-15.80,2.29
114.64,-15.81,2.31
114.65,-15.82,2.32
114.65,-15.82,2.33
114.65,-15.83,2.35
114.65,-15.84,2.37
114.64,-15.85,2.39
114.64,-15.85,2.41
114.65,-15.86,2.43
114.65,-15.86,2.45
114.64,-15.87,2.47
114.64,-15.87,2.49
114.65,-15.88,2.50
114.65,-15.88,2.52
114.65,-15.88,2.54
114.65,-15.88,2.56
114.65,-15.87,2.58
114.65,-15.87,2.59
114.65,-15.87,2.61
114.64,-15.86,2.63
114.64,-15.85,2.65
114.64,-15.84,2.67
114.64,-15.83,2.69
114.65,-15.83,2.71
114.65,-15.82,2.73
114.65,-15.81,2.75
114.66,-15.80,2.77
114.66,-15.79,2.78
114.67,-15.79,2.80
114.68,-15.78,2.81
114.69,-15.78,2.83
114.70,-15.79,2.84
114.72,-15.79,2.85
114.73,-15.80,2.86
114.75,-15.81,2.87
114.76,-15.82,2.88
114.77,-15.84,2.89
114.78,-15.86,2.90
114.80,-15.89,2.91
114.81,-15.92,2.92
114.83,-15.95,2.92
114.85,-15.99,2.93
114.87,-16.03,2.93
114.89,-16.07,2.94
114.91,-16.12,2.94
114.93,-16.15,2.94
114.95,-16.19,2.94
114.97,-16.22,2.94
114.99,-16.24,2.94
114.99,-16.26,2.95
115.00,-16.27,2.96
115.00,-16.27,2.97
115.00,-16.27,2.98
115.00,-16.26,3.00
114.99,-16.24,3.03
114.99,-16.23,3.05
114.98,-16.21,3.08
114.98,-16.19,3.11
114.98,-16.17,3.14
114.97,-16.15,3.17
114.97,-16.13,3.20
114.97,-16.12,3.23
114.97,-16.11,3.25
114.98,-16.10,3.28
114.98,-16.10,3.30
114.98,-16.10,3.31
114.99,-16.10,3.32
114.99,-16.11,3.34
115.00,-16.12,3.35
115.00,-16.14,3.36
115.00,-16.16,3.37
115.01,-16.18,3.38
115.01,-16.20,3.40
115.01,-16.22,3.41
115.02,-16.24,3.42
115.03,-16.26,3.44
115.03,-16.28,3.45
115.04,-16.30,3.46
115.05,-16.32,3.48
115.06,-16.33,3.49
115.07,-16.35,3.51
115.09,-16.37,3.52
115.10,-16.38,3.53
115.12,-16.39,3.54
115.13,-16.41,3.55
115.15,-16.43,3.56
115.16,-16.44,3.57
115.18,-16.46,3.57
115.19,-16.47,3.58
115.20,-16.49,3.59
115.22,-16.51,3.60
115.23,-16.52,3.62
115.24,-16.53,3.63
115.24,-16.54,3.64
115.24,-16.55,3.66
115.24,-16.55,3.68
115.23,-16.55,3.70
115.23,-16.55,3.73
115.22,-16.55,3.75
115.21,-16.54,3.78
115.20,-16.54,3.81
115.19,-16.53,3.84
115.19,-16.52,3.87
115.18,-16.52,3.90
115.18,-16.51,3.92
115.17,-16.50,3.95
115.17,-16.49,3.97
115.17,-16.49,3.99
115.18,-16.48,4.01
115.18,-16.48,4.03
115.18,-16.47,4.05
115.18,-16.47,4.06
115.19,-16.47,4.08
115.19,-16.46,4.09
115.19,-16.46,4.10
115.20,-16.47,4.12
115.20,-16.47,4.13
115.21,-16.47,4.15
115.21,-16.47,4.16
115.22,-16.48,4.18
115.23,-16.48,4.20
115.23,-16.47,4.22
115.24,-16.47,4.23
115.24,-16.47,4.25
115.25,-16.46,4.27
115.25,-16.45,4.28
115.26,-16.44,4.30
115.27,-16.44,4.31
115.28,-16.43,4.33
115.29,-16.41,4.34
115.30,-16.40,4.34
115.31,-16.39,4.35
115.33,-16.37,4.35
115.35,-16.35,4.35
115.37,-16.33,4.34
115.39,-16.31,4.33
115.41,-16.29,4.31
115.43,-16.26,4.30
115.45,-16.24,4.29
115.46,-16.22,4.27
115.48,-16.21,4.26
115.49,-16.20,4.26
115.51,-16.20,4.26
115.53,-16.20,4.26
115.55,-16.20,4.27
115.57,-16.20,4.27
115.59,-16.21,4.28
115.60,-16.21,4.29
115.61,-16.22,4.30
115.61,-16.23,4.31
115.62,-16.24,4.33
115.62,-16.25,4.35
115.62,-16.26,4.36
115.62,-16.27,4.39
115.61,-16.28,4.41
115.61,-16.29,4.43
115.61,-16.31,4.46
115.60,-16.32,4.50
115.59,-16.33,4.53
115.58,-16.35,4.57
115.57,-16.36,4.61
115.56,-16.38,4.65
115.55,-16.40,4.69
115.54,-16.41,4.73
115.54,-16.43,4.77
115.53,-16.44,4.81
115.52,-16.45,4.85
115.51,-16.45,4.88
115.51,-16.45,4.91
115.49,-16.45,4.94
115.48,-16.45,4.96
115.47,-16.44,4.99
115.46,-16.43,5.01
115.46,-16.42,5.03
115.45,-16.41,5.05
115.45,-16.39,5.07
115.45,-16.38,5.09
115.45,-16.37,5.11
115.45,-16.36,5.13
115.45,-16.35,5.15
115.45,-16.34,5.17
115.46,-16.33,5.19
115.46,-16.33,5.21
115.47,-16.33,5.23
115.48,-16.34,5.25
115.49,-16.34,5.27
115.50,-16.35,5.29
115.51,-16.36,5.31
115.52,-16.37,5.32
115.52,-16.38,5.34
115.53,-16.39,5.35
115.54,-16.40,5.36
115.55,-16.40,5.37
115.56,-16.40,5.38
115.57,-16.41,5.39
115.58,-16.41,5.40
115.59,-16.41,5.41
115.60,-16.40,5.41
115.61,-16.40,5.42
115.61,-16.40,5.44
115.62,-16.39,5.45
115.62,-16.39,5.47
115.63,-16.38,5.49
115.63,-16.38,5.51
115.64,-16.37,5.53
115.64,-16.37,5.55
115.64,-16.37,5.57
115.64,-16.37,5.59
115.64,-16.37,5.61
115.64,-16.37,5.64
115.64,-16.37,5.66
115.64,-16.37,5.69
115.64,-16.37,5.71
115.64,-16.38,5.73
115.64,-16.38,5.75
115.64,-16.38,5.77
115.64,-16.38,5.79
115.64,-16.38,5.82
115.64,-16.37,5.84
115.63,-16.37,5.86
115.63,-16.37,5.88
115.63,-16.36,5.91
115.63,-16.36,5.93
115.63,-16.36,5.96
115.63,-16.35,5.98
115.63,-16.35,6.01
115.63,-16.35,6.03
115.64,-16.35,6.05
115.64,-16.34,6.07
115.64,-16.34,6.09
115.64,-16.34,6.11
115.65,-16.34,6.13
115.65,-16.34,6.15
115.65,-16.34,6.17
115.66,-16.35,6.18
115.66,-16.35,6.20
115.66,-16.36,6.22
115.67,-16.36,6.24
115.68,-16.36,6.26
115.68,-16.37,6.28
115.68,-16.37,6.30
115.68,-16.38,6.32
115.69,-16.38,6.34
115.69,-16.38,6.36
115.69,-16.39,6.38
115.70,-16.39,6.40
115.70,-16.39,6.43
115.70,-16.40,6.45
115.70,-16.40,6.47
115.70,-16.40,6.50
115.70,-16.40,6.52
115.70,-16.40,6.54
115.70,-16.40,6.56
115.71,-16.40,6.59
115.71,-16.40,6.61
115.71,-16.39,6.63
115.71,-16.39,6.65
115.71,-16.38,6.68
115.71,-16.37,6.70
115.71,-16.37,6.72
115.72,-16.36,6.74
115.72,-16.35,6.76
115.72,-16.34,6.78
115.73,-16.33,6.80
115.73,-16.32,6.82
115.73,-16.31,6.84
115.73,-16.30,6.86
115.73,-16.29,6.89
115.74,-16.28,6.91
115.74,-16.27,6.93
115.74,-16.27,6.95
115.74,-16.26,6.97
115.75,-16.26,7.00
115.75,-16.26,7.02
115.76,-16.26,7.04
115.76,-16.27,7.06
115.76,-16.27,7.08
115.77,-16.28,7.10
115.77,-16.28,7.12
115.77,-16.29,7.14
115.78,-16.30,7.16
115.78,-16.30,7.18
115.79,-16.31,7.20
115.79,-16.32,7.22
115.80,-16.32,7.23
115.80,-16.33,7.25
115.81,-16.33,7.27
115.81,-16.34,7.29
115.82,-16.34,7.31
115.82,-16.34,7.33
115.82,-16.35,7.35
115.83,-16.35,7.37
115.83,-16.35,7.39
115.84,-16.35,7.41
115.84,-16.35,7.43
115.85,-16.35,7.44
115.85,-16.36,7.46
115.86,-16.36,7.48
115.87,-16.36,7.50
115.87,-16.36,7.52
115.88,-16.35,7.54
115.89,-16.36,7.56
115.89,-16.35,7.58
115.90,-16.35,7.60
115.91,-16.35,7.62
115.91,-16.35,7.64
115.92,-16.34,7.66
115.93,-16.34,7.67
115.93,-16.34,7.69
115.94,-16.33,7.71
115.94,-16.33,7.73
115.95,-16.32,7.75
115.95,-16.32,7.77
115.95,-16.32,7.79
115.96,-16.31,7.81
115.96,-16.31,7.83
115.96,-16.31,7.85
115.97,-16.30,7.88
115.97,-16.30,7.90
115.97,-16.30,7.92
115.97,-16.30,7.95
115.97,-16.30,7.97
115.97,-16.30,7.99
115.97,-16.30,8.02
115.97,-16.31,8.04
115.98,-16.31,8.06
115.98,-16.31,8.08
115.98,-16.31,8.11
115.98,-16.31,8.13
115.98,-16.31,8.15
115.98,-16.30,8.18
115.98,-16.30,8.20
115.98,-16.30,8.22
115.98,-16.30,8.25
115.98,-16.30,8.27
115.98,-16.30,8.30
115.98,-16.30,8.32
115.98,-16.30,8.34
115.98,-16.29,8.37
115.98,-16.29,8.39
115.99,-16.30,8.41
115.99,-16.30,8.44
115.99,-16.30,8.47
115.99,-16.31,8.49
115.98,-16.31,8.52
115.98,-16.31,8.54
115.98,-16.31,8.57
115.98,-16.32,8.59
115.98,-16.32,8.61
115.99,-16.32,8.64
115.99,-16.33,8.66
115.99,-16.33,8.69
115.99,-16.33,8.71
115.99,-16.33,8.73
116.00,-16.33,8.76
116.00,-16.33,8.78
116.00,-16.33,8.80
116.01,-16.32,8.83
116.01,-16.32,8.85
116.02,-16.32,8.87
116.02,-16.32,8.89
116.03,-16.31,8.92
116.03,-16.31,8.94
116.04,-16.31,8.96
116.04,-16.30,8.98
116.05,-16.30,9.00
116.05,-16.29,9.02
116.06,-16.29,9.04
116.06,-16.29,9.07
116.06,-16.29,9.09
116.07,-16.28,9.11
116.08,-16.28,9.13
116.08,-16.28,9.15
116.09,-16.28,9.17
116.09,-16.28,9.19
116.10,-16.28,9.21
116.11,-16.28,9.23
116.11,-16.28,9.25
116.12,-16.28,9.27
116.13,-16.28,9.29
116.14,-16.28,9.31
116.15,-16.29,9.33
116.15,-16.29,9.35
116.16,-16.29,9.36
116.17,-16.30,9.38
116.18,-16.30,9.40
116.19,-16.31,9.42
116.19,-16.31,9.44
116.20,-16.32,9.46
116.21,-16.33,9.47
116.21,-16.33,9.49
116.22,-16.34,9.51
116.22,-16.34,9.53
116.23,-16.35,9.55
116.23,-16.35,9.57
116.24,-16.35,9.59
116.24,-16.36,9.61
116.25,-16.36,9.63
116.25,-16.36,9.65
116.25,-16.36,9.67
116.26,-16.36,9.69
116.26,-16.36,9.71
116.26,-16.36,9.73
116.26,-16.36,9.76
116.27,-16.36,9.78
116.27,-16.36,9.80
116.27,-16.36,9.83
116.28,-16.36,9.85
116.28,-16.35,9.87
116.28,-16.35,9.90
116.29,-16.35,9.92
116.29,-16.34,9.94
116.29,-16.34,9.97
116.29,-16.33,9.99
116.29,-16.33,10.01
116.30,-16.33,10.04
116.30,-16.32,10.06
116.30,-16.32,10.08
116.30,-16.31,10.11
116.30,-16.31,10.13
116.30,-16.31,10.16
116.30,-16.31,10.18
116.30,-16.30,10.21
116.30,-16.30,10.23
116.30,-16.30,10.26
116.30,-16.31,10.28
116.30,-16.31,10.30
116.31,-16.31,10.32
116.31,-16.31,10.34
116.32,-16.31,10.36
116.32,-16.31,10.39
116.32,-16.31,10.41
116.33,-16.31,10.43
116.34,-16.31,10.45
116.34,-16.31,10.47
116.34,-16.31,10.50
116.34,-16.31,10.52
116.34,-16.31,10.55
116.34,-16.31,10.58
116.34,-16.31,10.60
116.34,-16.32,10.63
116.35,-16.32,10.65
116.35,-16.32,10.68
116.35,-16.32,10.70
116.36,-16.32,10.72
116.36,-16.32,10.75
116.37,-16.32,10.77
116.38,-16.32,10.79
116.38,-16.32,10.81
116.39,-16.32,10.83
116.40,-16.31,10.85
116.40,-16.31,10.87
116.41,-16.32,10.89
116.42,-16.32,10.90
116.43,-16.31,10.92
116.44,-16.31,10.94
116.45,-16.31,10.96
116.46,-16.31,10.98
116.47,-16.31,11.00
116.48,-16.32,11.02
116.49,-16.32,11.04
116.49,-16.32,11.06
116.50,-16.32,11.08
116.51,-16.32,11.10
116.51,-16.32,11.12
116.52,-16.32,11.14
116.52,-16.32,11.16
116.53,-16.33,11.18
116.54,-16.33,11.20
116.54,-16.33,11.22
116.54,-16.33,11.25
116.55,-16.34,11.27
116.55,-16.34,11.29
116.56,-16.34,11.31
116.56,-16.34,11.33
116.56,-16.34,11.35
116.56,-16.34,11.38
116.57,-16.35,11.40
116.57,-16.35,11.42
116.57,-16.35,11.44
116.57,-16.35,11.47
116.58,-16.35,11.49
116.58,-16.34,11.52
116.58,-16.34,11.54
116.58,-16.34,11.56
116.58,-16.34,11.59
116.59,-16.34,11.61
116.59,-16.34,11.63
116.59,-16.33,11.66
116.59,-16.33,11.68
116.59,-16.33,11.70
116.60,-16.33,11.73
116.60,-16.33,11.76
116.60,-16.33,11.78
116.60,-16.32,11.81
116.60,-16.32,11.83
116.61,-16.32,11.85
116.61,-16.32,11.87
116.61,-16.32,11.90
116.61,-16.32,11.92
116.62,-16.32,11.95
116.62,-16.32,11.97
116.62,-16.31,12.00
116.62,-16.31,12.03
116.62,-16.31,12.05
116.62,-16.31,12.08
116.62,-16.31,12.10
116.62,-16.31,12.13
116.62,-16.31,12.16
116.63,-16.31,12.18
116.63,-16.31,12.21
116.63,-16.31,12.24
116.63,-16.31,12.26
116.63,-16.31,12.29
116.63,-16.32,12.31
116.63,-16.32,12.34
116.63,-16.32,12.36
116.64,-16.32,12.39
116.64,-16.32,12.42
116.64,-16.32,12.44
116.64,-16.32,12.47
116.64,-16.32,12.50
116.64,-16.32,12.53
116.64,-16.32,12.55
116.64,-16.33,12.58
116.64,-16.33,12.60
116.64,-16.33,12.63
116.64,-16.33,12.66
116.64,-16.33,12.69
116.64,-16.33,12.72
116.64,-16.33,12.75
116.64,-16.32,12.78
116.64,-16.32,12.81
116.64,-16.31,12.84
116.64,-16.31,12.87
116.64,-16.30,12.90
116.64,-16.29,12.92
116.64,-16.28,12.95
116.65,-16.27,12.98
116.65,-16.26,13.00
116.66,-16.25,13.03
116.67,-16.23,13.06
116.67,-16.22,13.08
116.68,-16.21,13.11
116.68,-16.20,13.13
116.69,-16.20,13.16
116.70,-16.19,13.18
116.70,-16.19,13.21
116.71,-16.19,13.23
116.72,-16.19,13.25
116.73,-16.19,13.27
116.74,-16.20,13.29
116.75,-16.21,13.31
116.77,-16.22,13.33
116.78,-16.23,13.34
116.80,-16.25,13.35
116.82,-16.26,13.36
116.84,-16.27,13.38
116.85,-16.29,13.39
116.87,-16.30,13.40
116.89,-16.31,13.41
116.90,-16.32,13.42
116.91,-16.33,13.44
116.93,-16.33,13.45
116.94,-16.34,13.47
116.95,-16.34,13.49
116.97,-16.34,13.50
116.98,-16.33,13.52
116.99,-16.33,13.54
117.00,-16.32,13.57
117.01,-16.32,13.59
117.02,-16.31,13.61
117.03,-16.30,13.63
117.05,-16.29,13.65
117.06,-16.28,13.67
117.07,-16.27,13.69
117.08,-16.26,13.70
117.10,-16.25,13.72
117.11,-16.25,13.74
117.12,-16.24,13.75
117.13,-16.24,13.77
117.14,-16.23,13.78
117.15,-16.23,13.80
117.16,-16.23,13.82
117.16,-16.23,13.84
117.17,-16.23,13.85
117.17,-16.23,13.87
117.17,-16.23,13.89
117.17,-16.23,13.92
117.17,-16.23,13.94
117.16,-16.22,13.97
117.16,-16.22,13.99
117.15,-16.22,14.02
117.15,-16.21,14.06
117.14,-16.21,14.09
117.14,-16.20,14.12
117.13,-16.19,14.16
117.13,-16.19,14.19
117.12,-16.18,14.23
117.12,-16.18,14.26
117.13,-16.17,14.29
117.14,-16.17,14.31
117.16,-16.17,14.33
117.17,-16.17,14.35
117.20,-16.18,14.37
117.22,-16.19,14.38
117.25,-16.20,14.39
117.28,-16.21,14.40
117.31,-16.23,14.40
117.34,-16.25,14.40
117.37,-16.27,14.40
117.41,-16.29,14.40
117.44,-16.31,14.39
117.46,-16.33,14.39
117.48,-16.35,14.39
117.51,-16.36,14.39
117.53,-16.38,14.39
117.54,-16.39,14.39
117.56,-16.40,14.40
117.57,-16.41,14.42
117.58,-16.41,14.43
117.58,-16.42,14.46
117.59,-16.42,14.48
117.59,-16.42,14.51
117.59,-16.42,14.54
117.59,-16.41,14.57
117.59,-16.41,14.59
117.60,-16.40,14.62
117.60,-16.40,14.65
117.60,-16.39,14.67
117.60,-16.38,14.70
117.61,-16.37,14.72
117.61,-16.36,14.74
117.61,-16.35,14.77
117.61,-16.34,14.79
117.62,-16.32,14.81
117.62,-16.31,14.83
117.62,-16.30,14.86
117.61,-16.28,14.88
117.60,-16.27,14.90
117.59,-16.26,14.92
117.58,-16.24,14.94
117.57,-16.23,14.96
117.56,-16.22,14.98
117.55,-16.20,15.01
117.55,-16.19,15.03
117.55,-16.19,15.05
117.54,-16.18,15.07
117.54,-16.18,15.09
117.54,-16.18,15.11
117.54,-16.18,15.13
117.54,-16.18,15.15
117.53,-16.18,15.16
117.53,-16.19,15.18
117.53,-16.19,15.19
117.53,-16.20,15.20
117.54,-16.21,15.22
117.54,-16.22,15.23
117.55,-16.24,15.24
117.56,-16.25,15.26
117.57,-16.26,15.27
117.58,-16.27,15.28
117.60,-16.29,15.30
117.61,-16.30,15.32
117.62,-16.31,15.33
117.64,-16.32,15.35
117.65,-16.33,15.37
117.66,-16.34,15.39
117.68,-16.35,15.41
117.69,-16.36,15.44
117.71,-16.37,15.45
117.72,-16.38,15.47
117.73,-16.39,15.49
117.75,-16.40,15.51
117.77,-16.41,15.52
117.78,-16.42,15.54
117.80,-16.43,15.56
117.82,-16.44,15.57
117.84,-16.45,15.58
117.85,-16.46,15.59
117.87,-16.47,15.60
117.88,-16.48,15.61
117.90,-16.49,15.63
117.91,-16.50,15.64
117.92,-16.52,15.65
117.93,-16.53,15.66
117.94,-16.54,15.68
117.95,-16.55,15.70
117.95,-16.56,15.71
117.96,-16.56,15.73
117.97,-16.57,15.74
117.97,-16.58,15.76
117.98,-16.58,15.77
117.98,-16.59,15.79
117.99,-16.58,15.81
117.98,-16.58,15.84
117.98,-16.58,15.86
117.98,-16.57,15.88
117.97,-16.56,15.90
117.96,-16.56,15.93
117.95,-16.55,15.95
117.94,-16.54,15.98
117.93,-16.53,16.01
117.92,-16.52,16.04
117.91,-16.51,16.07
117.89,-16.51,16.10
117.88,-16.50,16.13
117.87,-16.49,16.16
117.85,-16.49,16.19
117.84,-16.48,16.22
117.82,-16.48,16.25
117.81,-16.48,16.28
117.80,-16.47,16.31
117.79,-16.47,16.33
117.78,-16.47,16.36
117.77,-16.47,16.39
117.76,-16.48,16.41
117.75,-16.48,16.44
117.75,-16.48,16.46
117.74,-16.49,16.48
117.74,-16.49,16.51
117.73,-16.49,16.53
117.73,-16.50,16.55
117.74,-16.51,16.57
117.74,-16.51,16.60
117.74,-16.52,16.62
117.74,-16.53,16.65
117.75,-16.54,16.68
117.75,-16.55,16.71
117.75,-16.56,16.73
117.76,-16.57,16.76
117.76,-16.58,16.79
117.76,-16.59,16.83
117.76,-16.61,16.86
117.76,-16.62,16.89
117.76,-16.63,16.92
117.76,-16.64,16.96
117.75,-16.65,16.99
117.75,-16.66,17.02
117.75,-16.67,17.06
117.75,-16.68,17.09
117.75,-16.68,17.11
117.75,-16.69,17.14
117.75,-16.69,17.17
117.75,-16.69,17.20
117.74,-16.69,17.23
117.74,-16.69,17.26
117.74,-16.68,17.29
117.74,-16.68,17.32
117.73,-16.67,17.34
117.73,-16.67,17.37
117.73,-16.66,17.40
117.72,-16.65,17.43
117.72,-16.65,17.46
117.71,-16.64,17.50
117.71,-16.63,17.53
117.70,-16.62,17.56
117.70,-16.62,17.59
117.69,-16.61,17.62
117.69,-16.60,17.65
117.69,-16.60,17.68
117.69,-16.59,17.71
117.69,-16.59,17.74
117.69,-16.58,17.76
117.69,-16.58,17.79
117.69,-16.58,17.82
117.69,-16.57,17.85
117.69,-16.57,17.88
117.69,-16.57,17.91
117.69,-16.57,17.94
117.69,-16.57,17.97
117.69,-16.57,17.99
117.69,-16.57,18.02
117.69,-16.57,18.05
117.69,-16.57,18.08
117.69,-16.57,18.11
117.69,-16.57,18.14
117.69,-16.57,18.17
117.69,-16.57,18.20
117.69,-16.57,18.23
117.69,-16.57,18.26
117.69,-16.57,18.29
117.69,-16.57,18.32
117.69,-16.57,18.35
117.68,-16.57,18.38
117.68,-16.57,18.41
117.68,-16.57,18.45
117.67,-16.57,18.48
117.67,-16.57,18.51
117.67,-16.57,18.54
117.66,-16.57,18.58
117.66,-16.57,18.61
117.66,-16.57,18.65
117.66,-16.57,18.68
117.65,-16.57,18.71
117.65,-16.57,18.74
117.65,-16.57,18.77
117.65,-16.56,18.81
117.65,-16.56,18.84
117.65,-16.56,18.87
117.65,-16.56,18.90
117.65,-16.56,18.93
117.64,-16.56,18.96
117.64,-16.55,18.99
117.64,-16.55,19.02
117.64,-16.55,19.05
117.64,-16.55,19.09
117.64,-16.55,19.12
117.64,-16.55,19.15
117.64,-16.55,19.18
117.64,-16.55,19.22
117.64,-16.55,19.25
117.63,-16.55,19.29
117.63,-16.55,19.32
117.62,-16.55,19.36
117.62,-16.55,19.39
117.62,-16.55,19.43
117.62,-16.55,19.46
117.61,-16.55,19.50
117.61,-16.55,19.53
117.61,-16.55,19.56
117.60,-16.55,19.60
117.60,-16.56,19.63
117.60,-16.56,19.66
117.60,-16.56,19.69
117.60,-16.56,19.72
117.61,-16.56,19.75
117.61,-16.56,19.78
117.61,-16.57,19.81
117.61,-16.57,19.83
117.61,-16.57,19.86
117.61,-16.58,19.89
117.62,-16.58,19.92
117.62,-16.59,19.95
117.62,-16.59,19.98
117.62,-16.60,20.01
117.63,-16.61,20.04
117.63,-16.61,20.07
117.63,-16.61,20.10
117.63,-16.62,20.13
117.63,-16.62,20.16
117.64,-16.63,20.19
117.64,-16.63,20.23
117.63,-16.63,20.26
117.64,-16.63,20.29
117.64,-16.63,20.32
117.64,-16.63,20.35
117.64,-16.63,20.39
117.64,-16.63,20.42
117.64,-16.63,20.44
117.65,-16.62,20.47
117.65,-16.62,20.50
117.65,-16.62,20.54
117.66,-16.61,20.57
117.66,-16.61,20.60
117.66,-16.61,20.62
117.67,-16.61,20.65
117.67,-16.61,20.68
117.67,-16.61,20.71
117.68,-16.60,20.74
117.68,-16.60,20.77
117.68,-16.60,20.81
117.68,-16.60,20.84
117.69,-16.60,20.87
117.69,-16.61,20.90
117.69,-16.61,20.93
117.69,-16.61,20.96
117.70,-16.61,20.98
117.70,-16.62,21.02
117.70,-16.62,21.05
117.70,-16.62,21.08
117.71,-16.62,21.11
117.71,-16.63,21.14
117.71,-16.63,21.17
117.71,-16.63,21.20
117.72,-16.63,21.23
117.72,-16.64,21.26
117.72,-16.64,21.29
117.72,-16.64,21.32
117.72,-16.65,21.35
117.73,-16.65,21.39
117.73,-16.65,21.42
117.73,-16.65,21.45
117.73,-16.65,21.48
117.73,-16.65,21.51
117.73,-16.65,21.55
117.73,-16.65,21.58
117.74,-16.65,21.61
117.74,-16.64,21.64
117.75,-16.64,21.67
117.75,-16.64,21.70
117.75,-16.64,21.73
117.76,-16.63,21.76
117.76,-16.63,21.79
117.77,-16.63,21.82
117.77,-16.62,21.85
117.77,-16.62,21.88
117.77,-16.62,21.91
117.78,-16.62,21.94
117.78,-16.62,21.97
117.79,-16.62,22.00
117.79,-16.62,22.03
117.79,-16.62,22.06
117.80,-16.62,22.09
