-,-,-
-0.02,0.98,0.01,1.22,0.98,-0.67,0.98,1.70,240,542,110,132
-0.01,0.98,0.01,0.92,0.85,-0.67,0.98,1.42,218,541,114,130
-0.01,0.98,0.01,1.40,1.28,-0.73,0.98,2.04,226,542,115,133
-0.01,0.98,0.01,0.98,0.92,-0.79,0.98,1.56,251,545,111,128
-0.01,0.98,0.01,1.53,1.16,-0.73,0.98,2.05,190,546,116,129
-0.01,0.98,0.01,1.22,0.98,-0.55,0.98,1.66,228,548,116,127
-0.01,0.98,0.01,1.53,1.10,-0.61,0.98,1.98,197,547,115,132
-0.01,0.98,0.01,1.28,1.34,-0.49,0.98,1.92,199,547,115,125
-0.01,0.98,0.01,1.71,1.28,-0.61,0.98,2.22,225,547,114,126
-0.01,0.98,0.01,1.10,1.28,-0.31,0.98,1.72,174,549,111,129
-0.01,0.99,0.01,0.55,1.34,-0.18,0.99,1.46,217,547,113,132
-0.01,0.98,0.01,0.61,1.28,0.12,0.98,1.42,189,546,113,134
-0.01,0.98,0.01,0.00,1.46,0.43,0.98,1.53,214,542,108,135
-0.02,0.99,0.01,-0.06,1.22,0.79,0.99,1.46,171,540,105,133
-0.02,0.99,0.01,-0.06,1.04,0.67,0.99,1.24,157,537,102,131
-0.02,0.99,0.01,0.61,1.04,0.18,0.99,1.22,151,540,99,133
-0.03,0.99,0.01,2.50,0.55,-1.53,0.99,2.98,150,544,98,133
-0.02,1.00,0.01,4.94,-0.24,-3.05,1.00,5.82,138,561,99,121
-0.02,1.02,0.01,8.48,-1.40,-5.92,1.02,10.44,123,582,101,110
-0.01,1.00,0.03,16.85,-1.95,-10.19,1.00,19.79,103,652,103,58
0.40,0.57,-0.37,20.45,-7.26,-14.83,0.79,26.28,44,743,101,19
-0.03,1.14,-0.10,40.95,-4.88,-78.92,1.14,89.05,18,728,84,20
0.02,1.24,-0.01,14.53,-4.09,-113.28,1.24,114.28,9,705,67,23
0.20,1.09,-0.34,-7.08,-21.06,-127.08,1.16,129.00,4,687,42,21
0.05,1.29,-0.22,41.32,-45.96,-118.96,1.31,134.05,2,657,22,23
-0.32,0.55,-0.30,38.09,-64.27,-78.00,0.71,108.01,2,667,9,24
-0.53,0.53,-0.13,3.91,-67.38,-44.25,0.76,80.71,1,661,9,26
-0.58,0.57,-0.07,-22.52,-39.61,-2.62,0.81,45.64,1,689,11,24
-0.37,0.68,0.06,-47.85,-12.88,28.08,0.78,56.96,1,693,10,25
-0.12,0.92,0.19,-50.42,-3.11,33.20,0.95,60.45,1,716,9,24
0.12,0.91,0.11,-26.31,-12.82,18.01,0.92,34.36,1,723,11,24
0.14,0.78,0.01,-39.55,-29.48,0.79,0.80,49.34,1,727,11,23
0.04,1.04,0.19,-67.75,-24.66,5.00,1.06,72.27,1,726,12,23
0.09,1.16,0.31,-34.91,20.45,28.56,1.20,49.53,1,739,14,22
0.41,1.02,0.20,-2.93,40.04,36.56,1.12,54.30,1,752,13,20
0.62,0.87,0.06,0.92,36.68,29.17,1.07,46.88,1,755,13,18
0.66,0.81,0.07,-11.66,26.25,17.52,1.05,33.64,1,763,16,17
0.62,0.80,0.16,-12.76,22.64,16.17,1.02,30.61,1,760,13,18
0.64,0.73,0.12,2.62,22.22,15.81,0.98,27.39,1,753,15,18
0.74,0.65,0.01,6.65,13.06,3.72,0.99,15.12,1,748,16,16
0.63,0.65,-0.05,-7.57,-12.39,-17.64,0.91,22.85,1,752,15,18
0.22,0.88,0.07,-28.93,-40.53,-43.03,0.91,65.81,1,750,15,16
-0.15,0.85,-0.13,18.07,-33.87,-44.92,0.87,59.09,1,746,15,17
-0.15,0.69,-0.31,-19.10,-16.48,-27.34,0.77,37.21,1,746,15,17
0.08,0.86,-0.17,-55.05,5.68,-7.93,0.88,55.91,1,751,17,15
0.50,1.03,0.04,-52.00,30.21,-2.26,1.14,60.18,1,754,20,14
0.92,1.22,0.36,2.26,45.78,-23.01,1.57,51.28,2,764,19,12
1.08,1.39,0.44,76.60,59.94,-70.07,1.81,119.87,2,795,39,10
1.24,-1.17,-1.32,95.83,65.67,227.60,2.16,255.53,9,795,95,18
-0.43,2.43,-0.23,31.86,2.26,221.86,2.48,224.15,22,778,125,20
-0.48,3.12,-0.25,80.69,34.85,132.81,3.17,159.26,97,668,139,50
-0.13,0.71,0.01,33.94,-2.56,3.23,0.72,34.19,192,581,144,102
0.01,0.96,0.05,-10.50,0.98,2.32,0.96,10.80,217,557,152,116
0.02,1.05,-0.02,-4.46,-3.23,3.30,1.05,6.42,251,534,148,133
-0.01,1.00,0.02,15.69,-5.25,7.20,1.00,18.04,308,509,130,158
-0.01,1.01,0.01,15.44,-5.13,6.84,1.01,17.65,238,493,129,165
-0.02,0.95,0.05,14.47,-3.72,5.80,0.95,16.02,208,479,112,170
-0.02,0.96,0.06,2.26,-1.95,2.38,0.96,3.82,205,473,110,167
-0.02,0.98,0.04,-3.60,-0.61,0.00,0.98,3.65,214,475,102,172
-0.01,0.98,0.04,-2.75,0.24,-0.24,0.98,2.77,267,471,102,169
-0.01,0.98,0.03,-1.89,1.04,0.00,0.98,2.16,202,474,100,169
-0.02,0.98,0.03,-2.26,1.16,-0.43,0.98,2.57,213,473,103,166
-0.01,0.98,0.03,-2.08,1.28,-0.73,0.98,2.55,213,472,102,168
-0.01,0.98,0.03,-1.04,1.16,-0.49,0.98,1.63,225,473,107,167
-0.02,0.98,0.03,-1.10,1.10,-0.85,0.98,1.77,214,476,109,160
-0.01,0.98,0.03,-0.49,1.10,-1.10,0.98,1.63,228,478,111,158
-0.02,0.98,0.03,-2.20,0.85,-1.77,0.98,2.95,242,479,111,156
-0.01,0.99,0.02,-1.16,0.67,-1.59,0.99,2.08,242,480,116,157
-0.01,0.98,0.03,-1.16,0.55,-0.73,0.98,1.48,257,484,115,155
-0.01,1.00,0.01,3.36,0.49,-1.95,1.00,3.91,259,487,115,155
-0.01,0.98,0.04,1.89,0.18,-2.20,0.98,2.91,280,489,119,149
-0.01,1.02,0.00,2.38,-0.43,-3.36,1.02,4.14,280,496,120,147
-0.01,1.00,0.02,7.57,-0.49,-4.52,1.00,8.83,286,504,127,136
0.00,0.98,0.03,8.97,-0.24,-4.52,0.98,10.05,289,512,128,131
-0.01,0.98,0.04,8.85,-0.37,-3.42,0.98,9.49,275,518,135,124
0.00,0.99,0.03,7.57,-1.04,-2.99,0.99,8.20,266,526,139,120
0.00,0.99,0.04,13.12,-1.53,-4.82,0.99,14.06,282,542,142,111
-0.00,1.05,0.04,13.61,-2.56,-7.87,1.05,15.93,245,575,141,87
-0.01,1.23,0.02,22.09,-10.68,-24.54,1.23,34.70,130,670,143,50
-0.00,1.81,0.10,17.46,-19.04,-64.64,1.82,69.61,38,786,138,27
-0.25,2.24,0.06,16.91,15.32,-169.07,2.25,170.60,14,820,142,24
-0.35,2.04,-0.00,13.18,22.22,-279.54,2.07,280.73,6,815,135,22
-0.37,1.89,0.03,70.07,27.89,-358.09,1.93,365.95,3,827,88,17
-0.07,1.69,0.29,103.94,49.80,-319.34,1.72,339.50,1,804,27,24
-1.82,-1.46,-1.36,160.28,39.37,-29.66,2.70,167.69,1,740,10,26
-1.04,0.65,0.07,-63.72,8.48,57.98,1.22,86.57,1,763,12,26
-0.50,-0.26,-0.44,19.78,17.58,94.36,0.71,98.00,1,769,11,27
-0.51,0.31,-0.12,-17.33,-20.26,141.66,0.61,144.15,1,780,14,26
-0.27,0.43,-0.14,-6.41,-36.99,151.79,0.53,156.37,1,785,14,24
-0.06,0.68,-0.09,-21.85,-26.67,128.66,0.69,133.20,1,807,14,25
0.32,0.71,-0.04,-34.55,7.02,37.84,0.78,51.72,1,816,12,22
0.19,0.85,0.03,-66.65,40.95,-44.86,0.88,90.18,1,814,12,21
0.33,0.98,0.01,-77.15,57.98,-20.87,1.03,98.74,1,811,13,18
0.60,1.24,0.02,-77.70,64.03,27.65,1.38,104.41,1,813,10,16
0.93,1.53,0.04,-39.06,75.38,51.03,1.79,99.05,1,815,9,15
1.30,1.18,-0.19,18.37,96.44,63.05,1.76,116.67,1,815,13,12
1.55,0.82,-0.51,8.24,93.93,17.70,1.83,95.94,1,809,13,13
1.52,0.58,-0.43,-29.54,63.11,-16.05,1.68,71.51,1,803,15,10
1.40,0.50,-0.05,-53.89,12.70,-1.77,1.48,55.40,1,831,14,10
1.39,0.64,0.20,-65.92,-51.64,11.90,1.55,84.58,1,837,17,7
1.06,1.03,0.53,-55.48,-98.02,-5.74,1.57,112.78,1,836,18,8
0.67,0.85,0.60,-7.57,-77.03,-18.68,1.24,79.62,1,838,15,9
0.74,1.07,0.42,16.97,-1.22,-55.24,1.37,57.80,1,839,17,9
0.64,0.83,-1.43,205.75,12.02,111.33,1.78,234.25,3,862,82,14
-0.80,3.33,0.59,-70.50,0.85,256.41,3.47,265.92,20,779,105,10
0.02,2.20,-0.53,-27.71,30.03,110.29,2.26,117.62,48,761,127,20
-0.33,0.30,0.14,141.54,9.83,41.93,0.47,147.95,108,722,144,30
-0.01,0.71,0.31,69.09,1.71,29.17,0.77,75.02,208,653,147,52
0.03,1.01,0.02,-15.32,0.85,10.74,1.01,18.73,295,597,153,83
-0.01,1.06,-0.00,9.03,-2.44,13.31,1.06,16.27,295,560,149,117
-0.01,0.98,0.04,16.48,-2.62,7.39,0.98,18.25,304,539,143,140
-0.02,0.99,0.03,9.34,-0.73,3.23,0.99,9.91,343,532,146,139
-0.01,0.98,0.04,4.52,-0.18,0.61,0.98,4.56,267,532,145,137
-0.01,0.98,0.04,2.87,0.06,-0.24,0.98,2.88,324,536,145,132
-0.01,0.98,0.04,5.07,-0.24,-1.04,0.98,5.18,299,543,144,130
-0.01,0.98,0.04,4.70,0.00,-1.16,0.98,4.84,264,552,142,123
-0.01,0.99,0.04,5.55,-0.12,-1.46,0.99,5.75,228,561,139,118
-0.01,0.98,0.05,6.10,-0.12,-1.28,0.98,6.24,215,573,142,111
-0.01,0.98,0.05,6.35,-0.18,-1.89,0.99,6.63,161,585,140,103
-0.01,0.98,0.05,5.25,0.12,-1.77,0.99,5.54,166,598,140,98
-0.00,0.95,0.06,6.90,0.31,-2.14,0.95,7.23,121,608,138,95
0.00,0.96,0.06,2.14,0.61,0.37,0.96,2.25,140,597,138,97
-0.02,0.99,0.05,0.55,-0.49,1.04,0.99,1.27,161,589,138,106
-0.00,0.97,0.06,4.15,-0.67,-1.04,0.97,4.33,176,583,136,110
-0.01,1.00,0.05,4.88,-1.71,-2.56,1.00,5.77,206,583,140,106
0.00,0.99,0.06,11.29,-1.77,-5.86,0.99,12.84,184,586,142,104
-0.00,1.02,0.06,14.04,-2.81,-6.96,1.02,15.92,187,598,144,96
-0.02,1.19,0.03,16.78,-4.76,-15.69,1.19,23.46,124,655,142,69
-0.00,1.14,0.06,36.07,-5.37,-29.48,1.14,46.89,71,738,142,37
-0.14,1.75,0.43,37.96,4.21,-47.49,1.81,60.94,35,781,142,28
-0.29,2.23,0.26,14.28,18.86,-135.99,2.26,138.03,11,813,140,24
-0.41,2.33,0.06,11.90,31.01,-264.59,2.37,266.66,4,827,130,17
-0.46,1.91,-0.18,59.08,30.64,-356.75,1.97,362.91,1,846,85,13
-0.14,2.11,-0.02,174.44,26.79,-324.28,2.11,369.19,1,829,40,23
-1.34,-1.70,-1.26,119.51,42.97,-4.88,2.50,127.09,1,792,8,26
-1.20,0.66,0.00,-81.60,-2.69,109.31,1.37,136.44,1,813,12,24
-0.53,-0.17,-0.35,-4.52,0.00,132.51,0.66,132.58,1,819,11,27
-0.38,0.50,0.07,-42.72,-44.74,166.81,0.64,177.91,1,818,11,24
0.01,0.52,-0.07,-30.21,-69.09,161.38,0.53,178.13,1,821,12,25
-0.00,1.01,0.23,-68.85,-69.03,144.10,1.03,173.99,1,814,11,21
0.33,1.08,0.16,-75.87,-7.63,73.43,1.14,105.85,1,818,14,19
0.56,1.08,0.06,-99.91,31.92,10.99,1.22,105.46,1,816,12,16
0.76,1.28,0.11,-89.84,49.56,18.92,1.49,104.34,1,817,13,15
0.95,1.26,0.13,-69.64,68.05,11.11,1.58,98.00,1,817,12,13
1.26,1.08,0.08,-49.87,87.04,-13.31,1.66,101.19,1,814,14,11
1.33,0.96,0.14,-60.12,84.90,-27.34,1.65,107.56,1,815,14,11
1.30,0.91,0.16,-39.00,69.64,-3.05,1.59,79.88,1,813,13,8
1.23,0.73,-0.00,-8.79,59.08,24.54,1.43,64.58,1,808,15,6
1.47,0.51,-0.27,9.83,46.63,27.16,1.58,54.85,1,805,15,6
1.46,0.33,-0.29,-33.57,8.85,-12.76,1.53,36.99,1,796,15,6
1.24,0.75,0.11,-86.18,-24.41,-47.97,1.45,101.61,1,800,15,6
0.95,1.06,0.29,-9.09,-8.42,-70.56,1.45,71.64,1,796,16,5
-1.04,2.81,0.46,173.28,-7.20,83.92,3.03,192.67,3,817,44,2
-0.53,2.39,-0.13,-15.32,-21.61,204.22,2.45,205.93,16,794,98,7
-0.08,1.25,-0.26,94.30,-7.57,158.87,1.28,184.91,36,784,125,14
-0.08,2.07,0.07,113.10,13.98,97.72,2.07,150.12,84,724,143,23
-0.04,0.84,0.21,102.05,-4.88,13.43,0.87,103.05,149,655,149,47
0.04,0.71,0.16,14.77,-1.34,4.94,0.73,15.63,201,611,152,62
0.03,0.97,0.06,-16.05,-0.55,10.31,0.97,19.09,242,583,151,83
0.04,1.02,0.01,-12.15,-4.09,12.27,1.02,17.74,249,552,143,113
-0.02,1.07,0.02,12.27,-6.23,11.96,1.07,18.23,301,524,137,141
-0.02,1.02,0.02,8.85,-0.61,9.03,1.02,12.66,293,507,132,147
-0.01,0.96,0.06,11.47,1.53,5.98,0.96,13.03,224,502,125,154
-0.01,0.96,0.06,8.48,1.10,4.82,0.97,9.82,151,493,118,153
-0.01,0.98,0.06,4.27,1.04,4.15,0.98,6.05,134,487,113,151
-0.02,0.98,0.06,7.08,0.85,1.89,0.98,7.38,92,488,111,147
-0.02,0.99,0.06,7.87,1.83,-1.28,0.99,8.18,86,499,113,147
-0.01,0.97,0.07,9.46,1.59,-2.38,0.98,9.88,72,512,112,140
-0.01,0.98,0.07,7.45,1.34,-2.62,0.98,8.01,82,521,118,133
-0.01,0.97,0.07,0.55,1.16,-2.26,0.97,2.60,79,533,119,132
-0.02,1.00,0.07,-3.85,0.67,-1.34,1.00,4.13,89,531,118,128
-0.00,0.97,0.08,2.26,0.12,-4.33,0.97,4.89,112,537,121,117
-0.00,1.00,0.06,-1.04,-0.43,-3.72,1.00,3.89,130,550,127,111
0.00,1.01,0.07,3.23,-2.01,-5.31,1.01,6.54,115,562,131,105
-0.01,1.02,0.07,8.00,-2.20,-5.43,1.02,9.91,90,601,130,100
0.00,1.16,0.01,19.90,-4.27,-14.83,1.16,25.18,49,682,135,79
0.01,1.23,0.06,42.42,-6.59,-27.10,1.23,50.77,25,759,128,39
-0.07,1.92,0.12,67.02,6.77,-77.03,1.93,102.32,10,809,124,28
-0.38,2.18,0.19,37.84,29.36,-251.10,2.22,255.63,4,827,113,21
-0.39,2.02,-0.18,74.28,35.52,-346.31,2.07,355.97,1,836,80,18
-0.03,1.65,-0.16,177.55,34.97,-358.76,1.66,401.82,1,819,35,19
-2.23,-2.52,-1.67,278.20,45.59,-136.78,3.75,313.34,1,818,13,29
-1.55,0.13,-0.46,-33.69,30.76,26.12,1.63,52.57,1,821,14,27
-0.74,-0.40,-0.63,-4.70,52.98,99.00,1.05,112.38,1,813,13,30
-0.53,0.21,-0.24,-40.83,17.09,148.80,0.62,155.25,1,817,13,25
-0.17,0.40,-0.18,-37.78,-28.75,181.95,0.47,188.04,1,823,13,26
0.02,0.70,-0.03,-51.09,-64.21,164.25,0.70,183.60,1,825,14,26
-0.15,0.93,0.14,-88.01,-24.35,131.53,0.95,160.12,1,823,15,24
0.57,1.45,0.31,-100.28,13.00,79.28,1.59,128.50,1,821,16,22
0.79,1.47,0.33,-91.19,16.60,48.03,1.70,104.39,1,820,15,22
0.68,1.44,0.32,-89.29,17.33,10.01,1.62,91.51,1,816,15,17
0.79,1.43,0.33,-66.59,56.21,6.77,1.67,87.41,1,813,15,15
1.07,1.31,0.25,-56.58,94.30,-6.41,1.71,110.16,1,815,15,13
1.25,1.17,0.11,-32.47,94.85,-22.22,1.72,102.68,1,813,14,13
1.29,0.95,-0.10,-11.78,60.06,-20.45,1.61,64.53,1,816,18,13
1.16,0.67,-0.23,-7.02,12.82,-14.89,1.35,20.86,1,812,14,12
1.00,0.59,-0.22,-30.40,-22.46,-22.34,1.18,43.90,1,813,16,10
0.82,0.63,-0.11,-62.62,-39.25,-28.38,1.04,79.17,1,817,16,8
0.70,0.67,-0.03,-66.77,-33.39,-20.32,0.97,77.37,1,819,15,8
0.88,0.94,-0.02,-46.51,-28.08,-14.83,1.29,56.31,1,815,14,9
0.96,1.06,0.06,8.54,-38.33,-54.81,1.44,67.43,1,817,12,8
0.66,0.58,-0.10,32.10,-43.95,-88.93,0.88,104.26,1,817,15,10
0.23,2.10,0.36,156.49,-18.13,86.24,2.15,179.60,2,853,59,7
-0.31,2.02,-0.03,11.23,-17.76,170.35,2.04,171.64,11,836,118,14
-0.19,1.49,0.19,23.56,1.89,164.18,1.52,165.88,31,782,137,19
-0.06,1.13,0.16,8.97,11.60,109.19,1.14,110.17,62,765,144,23
-0.14,1.10,0.01,24.35,16.54,60.00,1.11,66.83,209,656,146,53
-0.16,0.62,0.10,115.42,-15.56,28.99,0.65,120.02,318,566,150,113
-0.04,0.97,0.04,32.71,-5.80,5.19,0.97,33.63,386,533,148,144
-0.00,0.98,0.01,5.68,-2.08,-0.55,0.98,6.07,388,527,149,147
0.00,1.00,0.00,2.08,-1.16,-0.37,1.00,2.41,338,526,144,143
0.00,0.98,0.02,4.39,-0.55,1.04,0.98,4.55,338,525,146,143
-0.00,0.99,0.01,3.17,-0.12,1.34,0.99,3.45,544,525,145,138
-0.00,0.98,0.01,2.87,0.18,0.92,0.98,3.02,488,528,142,132
-0.00,0.97,0.02,0.31,0.73,0.79,0.98,1.12,386,530,138,128
-0.00,0.99,0.01,2.14,1.22,-0.24,0.99,2.47,314,532,137,118
-0.00,0.96,0.03,0.37,0.98,-0.92,0.97,1.39,488,534,139,114
-0.00,0.98,0.02,-5.25,0.55,-1.10,0.98,5.39,336,535,136,108
-0.00,0.99,0.00,-5.62,0.18,-1.22,0.99,5.75,388,539,138,105
0.00,0.96,0.02,-2.75,0.18,-1.22,0.96,3.01,497,537,133,106
-0.00,1.00,-0.00,-4.39,-0.49,-0.43,1.00,4.44,453,535,135,104
-0.01,1.00,-0.00,-0.31,-0.85,-1.34,1.00,1.62,340,535,133,100
-0.04,0.97,0.04,5.55,0.12,-2.62,0.97,6.14,321,537,135,95
-0.00,1.01,0.00,5.92,-1.28,-0.49,1.01,6.08,369,538,134,103
-0.01,0.96,-0.01,3.23,-3.11,-0.24,0.96,4.50,342,536,134,109
-0.03,0.98,0.06,7.39,-1.71,-2.32,0.98,7.93,364,536,133,113
-0.02,1.00,0.04,5.86,-2.01,-3.36,1.00,7.05,423,536,133,104
-0.01,0.98,0.07,12.39,-1.34,-7.63,0.99,14.61,390,543,138,90
0.03,0.98,0.04,13.43,-1.22,-7.20,0.98,15.29,344,553,139,76
0.00,0.99,0.05,15.01,-2.32,-8.85,0.99,17.58,369,572,139,56
0.05,0.98,0.01,18.80,-3.30,-11.90,0.98,22.49,433,598,136,44
-0.03,1.16,0.05,9.58,-6.77,-28.44,1.16,30.77,331,664,139,30
-0.10,1.84,0.29,-16.91,-7.20,-62.62,1.87,65.26,113,757,148,22
-0.21,1.74,0.24,-23.13,21.91,-178.77,1.77,181.59,43,801,145,18
-0.43,1.87,0.12,-49.07,34.79,-300.84,1.93,306.80,18,796,145,12
-0.31,1.57,0.19,-56.95,46.69,-398.56,1.61,405.31,8,836,120,6
0.07,1.45,0.16,-61.22,68.24,-422.97,1.46,432.79,3,851,57,9
-3.45,1.64,1.08,119.38,133.73,-271.24,3.96,325.13,1,781,22,24
0.74,-1.31,-0.89,144.59,118.04,86.30,1.75,205.64,1,757,10,24
-0.47,1.15,0.49,108.95,-120.24,128.30,1.34,206.85,1,796,11,22
-0.30,-0.22,-0.57,223.14,-163.27,172.12,0.68,325.69,1,801,11,21
-0.56,0.22,-0.41,124.21,-153.26,184.57,0.73,270.15,1,805,11,19
-0.29,0.33,-0.49,41.63,-49.38,174.07,0.66,185.67,1,811,9,23
0.19,0.85,-0.30,-23.62,9.09,127.69,0.92,130.17,1,815,12,22
0.46,0.81,-0.22,-41.44,41.81,75.01,0.95,95.35,1,815,10,21
0.66,1.08,-0.15,-92.90,45.59,67.32,1.27,123.45,1,816,10,16
0.95,1.48,0.01,-85.51,34.79,46.08,1.76,103.18,1,814,12,16
0.97,1.32,0.06,-55.18,44.25,27.71,1.64,75.96,1,820,11,13
1.22,1.30,0.05,-46.39,70.43,25.57,1.78,88.13,1,820,11,13
1.51,0.97,-0.22,-19.96,85.45,7.81,1.81,88.10,1,823,12,12
1.63,0.52,-0.51,-31.13,61.40,-18.86,1.79,71.38,1,822,13,7
1.28,0.26,-0.46,-127.01,5.55,-34.73,1.39,131.79,1,825,12,7
0.90,0.89,0.22,-172.85,7.87,-7.69,1.28,173.20,1,821,16,4
1.08,1.18,0.58,-104.37,33.94,-6.53,1.70,109.94,1,821,14,4
1.40,0.82,0.20,2.50,30.40,-30.40,1.64,43.06,2,806,16,1
1.39,0.63,0.02,48.52,-6.96,-59.02,1.53,76.72,2,807,16,3
1.02,0.50,-1.39,224.67,-10.07,162.60,1.79,277.52,6,846,84,6
-0.51,3.56,0.62,15.20,4.15,245.67,3.65,246.17,18,796,128,7
0.10,2.48,-0.22,36.99,5.80,157.29,2.50,161.68,39,772,142,16
-0.48,2.87,0.34,44.19,16.78,98.27,2.93,109.04,142,656,154,42
-0.07,0.64,0.07,18.49,-12.51,11.47,0.65,25.10,259,560,157,100
-0.01,0.98,0.02,11.17,-7.81,2.99,0.98,13.95,328,535,156,127
-0.01,1.01,-0.01,5.07,-5.55,1.65,1.01,7.70,326,525,157,131
-0.02,0.99,0.01,7.81,-2.81,1.34,0.99,8.41,326,518,152,141
-0.01,0.99,0.02,4.70,-0.79,1.22,0.99,4.92,372,514,152,140
-0.01,0.99,0.02,4.39,-0.18,0.67,0.99,4.45,320,515,148,140
-0.01,0.98,0.02,3.78,0.12,0.67,0.98,3.85,370,514,149,133
-0.01,0.99,0.02,3.23,1.04,0.98,0.99,3.53,426,516,146,130
-0.01,0.97,0.03,3.97,1.46,0.79,0.97,4.30,462,515,139,131
-0.01,0.98,0.03,2.08,1.83,0.24,0.98,2.78,386,519,139,129
-0.01,0.98,0.02,4.15,1.65,-0.18,0.98,4.47,337,519,145,119
-0.01,0.99,0.02,4.27,1.59,0.43,0.99,4.58,312,520,141,121
-0.01,0.97,0.03,4.88,1.46,0.18,0.97,5.10,293,522,145,123
-0.01,0.98,0.03,0.55,1.34,0.43,0.98,1.51,416,520,144,119
-0.01,0.98,0.03,-0.12,0.61,0.18,0.98,0.65,277,520,136,123
-0.01,0.98,0.04,0.73,0.31,-0.12,0.98,0.80,293,519,142,123
-0.02,0.99,0.03,1.53,-0.92,-1.22,0.99,2.16,334,519,141,124
-0.02,0.98,0.04,3.66,-1.04,-2.69,0.99,4.66,334,518,144,125
-0.00,0.97,0.05,4.03,-0.55,-2.14,0.97,4.59,391,520,145,122
-0.02,1.00,0.01,2.50,-1.59,-2.38,1.00,3.80,282,523,145,122
-0.01,1.00,0.03,6.65,-0.85,-3.11,1.00,7.39,320,527,144,119
-0.01,1.00,0.03,11.05,-0.06,-4.03,1.00,11.76,432,539,145,110
-0.01,0.99,0.05,12.88,-0.06,-4.82,0.99,13.75,231,560,141,98
-0.00,0.99,0.05,18.13,-1.16,-7.69,0.99,19.73,324,591,141,80
-0.03,1.15,0.05,22.64,-3.72,-14.34,1.16,27.06,155,644,145,55
-0.07,1.13,0.21,35.03,-5.80,-38.57,1.15,52.43,52,754,146,28
-0.27,2.69,0.39,-40.41,17.03,-110.84,2.73,119.20,17,796,142,24
-0.40,2.23,0.13,-31.07,35.71,-268.62,2.27,272.75,8,806,135,20
-0.28,1.66,-0.07,26.00,41.44,-362.37,1.68,365.65,3,829,102,13
-0.08,1.96,0.26,59.20,52.43,-371.70,1.98,380.02,1,815,49,14
-1.99,0.48,-0.20,265.14,78.55,-225.16,2.06,356.60,1,814,18,22
-0.15,-1.14,-0.66,32.10,15.08,56.88,1.33,67.04,1,741,8,22
-1.13,0.88,0.31,19.84,-32.59,72.45,1.47,81.88,1,786,11,20
-0.48,-0.53,-0.60,60.73,12.51,112.98,0.93,128.87,1,787,10,23
-0.56,0.34,-0.15,-16.36,1.04,135.99,0.68,136.97,1,798,10,22
-0.14,0.43,-0.33,-2.50,13.73,142.21,0.56,142.90,1,803,12,21
0.25,0.80,-0.18,-13.61,-0.85,110.60,0.86,111.43,1,808,13,20
0.18,1.01,-0.11,-40.59,-5.31,90.45,1.03,99.29,1,815,12,21
1.00,1.24,-0.09,-47.30,-10.50,140.62,1.60,148.74,1,794,9,20
0.93,1.34,0.07,-43.27,-6.16,77.70,1.64,89.15,1,775,11,19
0.88,1.27,0.02,-29.97,36.07,11.17,1.54,48.21,1,789,10,18
0.74,1.08,-0.15,-22.71,87.77,-8.06,1.32,91.02,1,804,14,14
0.99,1.01,-0.30,-26.98,114.87,-2.81,1.45,118.03,1,812,10,12
1.11,1.05,-0.28,-35.46,104.13,-13.49,1.55,110.82,1,815,12,12
1.03,0.82,-0.25,-36.32,79.77,-9.34,1.34,88.15,1,814,12,9
0.94,0.85,-0.13,-48.95,55.36,12.45,1.28,74.94,1,817,14,7
1.01,0.76,-0.12,-48.16,19.17,11.78,1.27,53.15,1,818,13,5
1.07,0.86,0.04,-55.05,-10.19,-12.33,1.38,57.33,1,821,14,4
0.95,0.62,0.13,-32.35,-23.13,-26.92,1.15,48.02,1,824,14,5
0.98,0.66,0.28,-34.42,-23.44,-26.06,1.21,49.13,1,829,15,4
1.09,0.75,0.42,-8.36,-28.93,-28.02,1.39,41.13,1,825,15,4
0.77,1.38,0.21,117.98,-41.56,77.15,1.60,146.97,3,860,62,4
-0.21,2.58,0.34,-37.66,4.70,230.29,2.61,233.39,16,796,100,9
-0.44,2.16,0.06,51.15,0.67,206.18,2.21,212.43,42,762,117,12
-0.90,3.88,0.17,21.73,0.49,50.35,3.99,54.84,105,697,135,32
0.01,0.78,0.36,116.76,-4.03,29.54,0.86,120.51,224,622,140,71
-0.00,1.00,0.08,2.93,-0.55,12.27,1.00,12.62,282,567,146,109
-0.03,1.06,-0.01,-6.41,-6.84,4.09,1.06,10.22,286,544,142,125
-0.02,1.00,0.02,5.86,-2.20,0.31,1.00,6.27,286,536,143,128
-0.01,0.97,0.05,5.68,-0.49,-0.73,0.97,5.74,271,535,147,131
-0.02,0.98,0.04,0.79,-0.43,-0.79,0.98,1.20,372,536,145,129
-0.01,0.98,0.04,-1.95,-0.12,-1.83,0.98,2.68,288,545,145,117
-0.02,1.00,0.02,-2.69,-0.49,-2.62,1.00,3.79,354,558,148,100
-0.01,0.99,0.03,2.01,0.00,-3.54,0.99,4.07,330,568,149,88
-0.00,0.98,0.03,3.72,0.49,-1.83,0.98,4.18,276,578,147,81
-0.01,0.98,0.04,4.09,0.55,-1.34,0.98,4.34,312,581,150,74
-0.00,0.98,0.04,3.17,0.79,-0.92,0.98,3.40,295,585,149,68
0.00,0.97,0.04,2.01,1.22,1.59,0.97,2.84,262,583,148,70
-0.01,0.98,0.04,-1.10,1.16,3.36,0.98,3.72,445,580,147,77
-0.02,1.00,0.03,0.85,0.24,0.79,1.00,1.19,408,580,145,83
0.00,0.95,0.05,2.56,0.85,1.40,0.95,3.05,374,575,140,90
-0.01,0.99,0.04,-2.75,-0.55,3.60,0.99,4.56,260,567,142,97
-0.02,1.00,0.03,4.21,-1.28,-0.06,1.00,4.40,332,563,140,104
-0.01,0.98,0.05,3.11,-2.26,-1.10,0.98,4.00,291,561,146,106
-0.02,0.99,0.05,4.94,-1.77,-2.26,0.99,5.72,354,563,144,103
-0.01,0.99,0.04,6.96,-1.77,-5.86,0.99,9.27,316,576,143,97
-0.00,0.97,0.05,12.70,-1.53,-8.12,0.98,15.15,302,595,148,78
-0.00,1.01,0.05,10.25,-1.34,-8.00,1.01,13.07,245,637,141,66
0.03,1.39,-0.03,18.49,-2.01,-15.75,1.39,24.37,137,719,140,37
-0.34,2.45,0.38,15.38,-4.76,-61.16,2.51,63.24,56,792,142,24
-0.24,2.35,0.25,8.06,12.76,-140.93,2.38,141.74,27,829,140,20
-0.47,2.51,0.16,-18.55,27.59,-278.69,2.56,280.66,10,831,131,13
-0.65,2.66,-0.07,40.41,33.26,-465.76,2.74,468.69,4,840,106,6
-0.61,3.49,-0.17,157.17,44.98,-480.16,3.54,507.23,1,812,43,11
-2.63,-2.05,-1.96,360.72,49.44,-162.66,3.87,398.77,1,792,9,22
-1.68,0.31,-0.73,-50.05,-37.54,84.41,1.86,105.07,1,791,11,22
-1.35,-0.13,-0.79,77.76,20.39,121.64,1.57,145.80,1,798,11,23
-1.05,0.09,-0.83,-23.86,62.26,194.70,1.34,205.80,1,802,11,23
-0.86,0.90,-0.56,-47.97,83.68,239.50,1.37,258.20,1,803,14,22
-0.35,1.24,-0.58,-51.76,65.61,283.51,1.41,295.57,1,807,12,21
0.06,1.79,-0.43,-55.73,7.69,281.74,1.84,287.30,1,814,14,19
-0.09,2.14,-0.14,-68.79,-52.55,274.35,2.15,287.69,1,814,15,18
-0.02,2.70,0.04,-40.83,-42.60,240.11,2.70,247.26,1,810,17,15
0.12,2.40,0.09,-27.59,12.76,182.50,2.41,185.01,1,816,19,15
0.55,2.62,0.20,-79.16,79.77,184.51,2.68,216.04,1,813,15,15
0.99,2.59,0.08,-68.12,147.16,214.17,2.77,268.63,1,812,18,13
2.31,1.44,-0.89,-0.73,221.92,208.56,2.86,304.54,1,807,14,15
3.48,0.60,-0.34,-92.77,174.44,156.74,3.54,252.20,1,809,16,12
3.04,2.41,0.97,-129.33,164.55,13.24,4.00,209.71,1,803,12,23
0.06,1.85,0.50,-57.50,35.22,-259.52,1.92,268.14,1,656,8,79
-0.10,1.46,-0.02,-4.88,-46.63,-263.55,1.47,267.69,0,0,15,124
0.37,1.52,0.09,24.84,62.68,-214.54,1.57,224.88,2,520,20,153
0.21,1.10,0.04,24.23,25.51,-78.98,1.12,86.46,8,439,29,156
0.06,0.88,-0.01,25.02,-16.30,-24.17,0.88,38.42,47,464,45,161
0.03,0.94,0.00,-6.04,-15.44,-11.47,0.94,20.17,92,471,63,160
0.02,0.96,-0.01,-10.44,-13.12,-6.41,0.96,17.95,148,465,72,160
0.01,1.04,-0.06,-10.68,-10.31,-4.88,1.04,15.63,182,459,82,158
0.02,1.04,-0.05,9.34,-3.36,-2.20,1.04,10.16,199,453,86,168
0.02,1.00,-0.02,20.08,-0.85,-1.65,1.00,20.17,238,455,98,167
0.04,0.95,0.02,14.89,-1.34,-1.65,0.95,15.04,202,455,104,165
0.02,0.98,0.00,2.75,-1.77,-1.77,0.98,3.72,256,457,107,164
0.02,1.00,-0.00,2.87,-0.61,-1.16,1.00,3.15,216,460,103,165
0.03,0.99,0.00,6.84,-0.12,-0.43,0.99,6.85,278,462,109,164
0.02,0.98,0.01,8.48,0.37,0.24,0.98,8.50,245,466,112,158
0.03,0.97,0.01,7.63,0.31,-0.12,0.97,7.64,265,467,116,158
0.03,0.98,0.02,5.37,0.49,0.00,0.98,5.39,284,471,114,157
0.02,0.98,0.02,4.46,0.73,-0.18,0.98,4.52,324,474,119,156
0.02,0.98,0.02,4.39,1.22,0.00,0.98,4.56,239,477,119,151
0.02,0.98,0.02,2.81,1.22,0.24,0.98,3.07,384,479,121,150
0.03,0.98,0.03,1.16,0.49,-0.31,0.98,1.29,230,482,122,155
0.02,0.98,0.02,-0.18,-0.43,-1.22,0.99,1.31,276,484,128,152
0.02,0.97,0.03,-1.95,-0.37,-2.26,0.98,3.01,302,490,129,144
0.01,1.00,0.01,-3.72,-0.12,-3.78,1.00,5.31,332,500,140,130
0.01,1.05,-0.01,0.98,0.31,-7.14,1.05,7.21,396,518,141,103
0.03,1.01,0.00,14.10,2.69,-9.40,1.01,17.16,349,560,149,62
0.01,1.25,-0.02,8.67,-0.43,-21.67,1.25,23.34,295,633,154,33
-0.07,1.58,0.15,2.26,-7.81,-61.34,1.59,61.88,159,732,160,22
-0.01,1.90,0.01,0.31,-1.89,-165.95,1.90,165.97,44,806,160,16
-0.18,1.92,0.18,18.13,17.33,-261.66,1.94,262.86,18,826,162,12
-0.20,2.54,-0.26,32.41,12.51,-358.34,2.56,360.02,7,839,139,11
0.18,2.85,-0.47,119.51,18.01,-427.80,2.89,444.54,2,844,61,3
-0.42,2.21,-0.63,160.46,-18.80,-399.05,2.33,430.51,1,796,27,11
-1.44,-0.04,-1.29,178.65,-53.41,-311.40,1.93,362.96,1,790,12,26
-1.38,0.03,-1.04,-47.49,-140.14,19.90,1.73,149.30,1,800,12,23
-1.02,0.96,-0.03,-122.38,-109.25,153.08,1.40,224.38,1,814,11,21
-0.72,0.69,-0.07,-31.62,-23.56,149.84,1.00,154.94,0,0,13,22
-0.65,0.33,-0.33,-26.55,23.50,194.82,0.80,198.02,1,789,15,21
-0.73,0.85,-0.13,-80.57,34.30,253.85,1.13,268.52,1,821,15,21
-0.55,1.10,-0.08,-80.69,35.22,292.36,1.23,305.33,1,827,12,20
-0.34,1.46,-0.07,-84.66,25.09,297.00,1.50,309.84,1,815,12,21
0.00,1.82,-0.06,-78.00,10.01,283.87,1.82,294.57,1,819,15,18
-0.08,2.27,0.06,-83.98,20.08,238.77,2.27,253.90,1,818,15,20
0.05,2.46,0.24,-98.21,82.21,262.27,2.47,291.87,1,818,16,18
1.47,4.00,0.70,-94.42,169.07,260.01,4.32,324.20,1,816,17,19
2.22,2.06,-1.18,7.57,227.48,251.53,3.25,339.22,1,803,15,21
3.98,0.56,-0.92,-31.92,174.99,149.66,4.12,232.46,1,784,15,24
4.00,1.96,0.38,-155.03,200.20,-146.55,4.47,292.55,1,680,14,47
0.07,1.65,0.42,18.31,43.88,-268.86,1.70,273.03,1,529,12,100
-0.20,1.30,-0.22,40.22,-6.71,-250.79,1.34,254.09,1,562,18,132
0.44,1.05,0.29,40.89,99.37,-115.23,1.18,157.56,4,451,24,148
0.24,1.30,0.10,21.67,-5.92,-60.06,1.33,64.12,27,480,42,148
0.01,0.93,0.06,21.42,-13.79,-12.76,0.93,28.49,58,491,60,153
0.02,0.97,0.03,-2.81,-12.39,-10.25,0.97,16.33,105,482,74,152
0.02,0.95,0.04,-9.89,-10.99,-4.94,0.95,15.59,137,477,82,154
0.01,1.05,-0.03,-8.42,-9.46,-2.56,1.05,12.92,236,469,90,160
0.01,1.02,-0.01,10.13,-2.93,-1.83,1.02,10.70,230,470,100,159
0.02,0.99,0.02,9.16,-1.46,-1.71,0.99,9.43,232,470,107,165
0.02,0.98,0.03,7.14,0.06,-1.71,0.98,7.34,322,472,109,160
0.01,0.99,0.03,4.52,0.37,-1.16,0.99,4.68,286,475,112,164
0.02,0.99,0.03,4.27,0.98,-0.67,0.99,4.43,352,479,116,155
0.03,0.98,0.03,6.96,1.77,-0.43,0.98,7.19,286,480,115,154
0.02,0.97,0.04,6.84,2.01,-0.31,0.97,7.13,269,485,119,149
0.02,0.98,0.04,5.07,1.53,-1.04,0.98,5.39,269,488,123,142
0.02,0.98,0.04,4.70,1.22,-0.85,0.98,4.93,288,495,126,141
0.02,0.98,0.04,3.91,1.04,-0.61,0.98,4.09,257,498,127,137
0.02,0.97,0.05,2.75,0.79,-1.10,0.97,3.06,298,500,130,138
0.03,0.97,0.05,0.24,0.37,-1.04,0.98,1.13,400,502,131,131
0.02,0.98,0.05,-2.87,-0.55,-1.04,0.98,3.10,324,507,131,132
0.01,0.99,0.04,-6.71,-1.04,-1.83,0.99,7.04,312,511,138,116
0.01,1.02,0.03,-9.95,-1.59,-4.88,1.02,11.20,339,526,145,99
0.01,1.02,0.02,-1.65,-1.95,-9.83,1.02,10.15,271,561,142,69
0.03,1.14,-0.01,8.97,-5.37,-19.29,1.14,21.94,314,633,148,39
-0.06,1.36,0.14,4.70,-11.54,-48.89,1.37,50.45,173,718,156,25
-0.05,2.00,0.00,9.52,-6.16,-156.86,2.00,157.27,49,799,159,17
-0.31,2.21,0.19,37.66,14.28,-271.73,2.24,274.70,17,830,151,13
-0.05,2.74,-0.54,72.14,5.80,-364.62,2.79,371.74,6,833,127,10
0.23,3.16,-0.43,184.45,3.78,-413.15,3.20,452.47,1,821,46,5
-0.75,1.88,-0.67,264.83,-17.27,-359.86,2.13,447.14,1,795,19,16
-1.42,-1.46,-1.38,247.07,-16.11,-174.99,2.46,303.19,1,801,13,25
-1.12,0.47,-0.47,-95.70,-41.44,98.27,1.30,143.29,1,813,11,21
-0.66,0.76,-0.04,-49.74,10.68,112.73,1.00,123.68,1,821,12,23
-0.56,0.21,-0.27,-25.82,29.11,153.75,0.66,158.60,1,820,13,23
-0.66,0.55,-0.17,-86.30,11.17,227.36,0.87,243.44,1,823,12,24
-0.68,0.87,-0.05,-79.22,2.69,278.63,1.10,289.68,1,826,14,20
-0.49,1.12,-0.01,-95.34,-10.50,288.21,1.23,303.75,1,821,13,21
-0.11,1.42,0.16,-97.29,-15.44,269.41,1.43,286.85,1,814,17,21
-0.32,2.29,0.50,-101.01,22.71,207.09,2.36,231.53,1,822,18,20
0.40,2.38,0.42,-65.92,103.21,230.53,2.45,261.04,1,824,17,19
0.97,2.45,0.35,-31.92,188.05,184.45,2.66,265.34,2,824,17,18
1.86,2.07,-0.05,-8.30,231.99,182.25,2.79,295.14,2,821,16,16
2.36,1.54,-0.37,27.40,222.66,178.34,2.84,286.59,1,804,15,17
3.69,-0.04,-1.47,-80.32,152.47,46.02,3.97,178.37,1,796,14,24
3.05,1.01,0.06,-180.60,76.17,-110.23,3.21,224.88,1,770,15,42
-0.50,1.22,-0.36,-12.15,-44.86,-155.94,1.37,162.72,2,529,14,104
0.32,1.98,0.13,12.39,67.69,-167.72,2.01,181.29,4,496,22,138
-0.06,1.10,-0.09,39.92,-10.50,-35.03,1.10,54.14,24,478,25,148
-0.02,0.83,0.07,34.00,-2.08,-12.33,0.83,36.22,43,478,31,140
-0.01,0.89,0.07,1.95,-9.22,-14.28,0.89,17.11,82,482,40,147
-0.02,1.00,-0.00,-13.12,-12.21,-11.35,1.00,21.22,142,481,49,148
-0.03,1.00,-0.01,-13.06,-8.67,-5.43,1.00,16.59,224,479,50,154
-0.03,1.02,-0.04,14.04,-2.99,-2.32,1.02,14.54,173,472,54,159
-0.03,1.01,-0.02,10.74,0.00,-1.10,1.01,10.80,217,465,59,159
-0.03,0.97,0.01,11.05,0.85,-0.61,0.98,11.10,217,464,62,164
-0.02,0.98,0.01,5.19,0.31,-0.92,0.98,5.28,244,466,63,168
-0.03,0.98,0.01,1.53,0.31,-0.12,0.98,1.56,279,464,65,163
-0.03,0.99,0.01,1.65,0.61,0.18,0.99,1.77,246,465,64,162
-0.03,0.99,0.00,3.30,1.16,0.06,0.99,3.49,231,467,67,158
-0.03,0.99,0.01,3.85,1.53,1.22,0.99,4.31,217,466,64,164
-0.03,0.98,0.01,5.68,1.40,1.16,0.98,5.96,229,465,66,161
-0.03,0.98,0.01,3.91,1.40,0.73,0.98,4.21,240,468,66,162
-0.03,0.99,0.01,3.60,1.28,0.18,0.99,3.83,204,470,65,158
-0.03,0.96,0.03,2.62,0.85,-0.12,0.96,2.76,229,470,62,158
-0.04,1.00,0.01,-0.85,0.61,0.18,1.00,1.07,220,476,64,151
-0.04,0.99,0.01,4.21,1.28,-0.61,0.99,4.44,248,484,62,146
-0.04,1.02,-0.00,5.86,1.10,-2.69,1.02,6.54,288,491,66,137
-0.02,1.00,0.02,11.66,0.98,-4.70,1.00,12.61,282,499,69,126
-0.04,1.00,0.02,10.93,0.00,-5.37,1.00,12.17,272,509,73,118
-0.01,0.94,0.05,20.51,0.31,-6.41,0.94,21.49,347,517,74,106
-0.02,0.97,0.05,11.17,-0.92,-4.82,0.97,12.20,379,520,79,109
-0.02,1.00,0.04,6.53,-0.73,-4.21,1.00,7.81,459,524,80,107
-0.03,1.04,0.04,13.85,0.00,-7.81,1.04,15.91,337,537,85,92
-0.03,1.12,0.04,30.40,0.24,-17.46,1.12,35.05,368,560,88,69
-0.03,1.25,0.07,54.57,-2.81,-36.99,1.26,65.98,303,604,94,49
-0.28,1.85,0.18,28.32,-5.86,-124.15,1.88,127.47,184,683,99,32
-0.27,2.76,0.29,-8.73,18.31,-242.86,2.79,243.70,37,753,106,27
-0.50,2.15,0.00,42.85,27.59,-332.21,2.21,336.10,14,760,97,23
-0.50,1.14,-0.29,91.43,23.56,-381.35,1.28,392.86,6,748,56,26
-2.57,-1.21,-0.61,126.46,20.57,-197.14,2.91,235.12,2,720,10,28
-2.46,0.72,-0.05,-66.96,82.03,104.13,2.57,148.51,1,771,12,23
-0.16,0.10,-0.39,27.10,41.14,123.23,0.44,132.71,1,779,12,25
-0.02,0.51,-0.05,-2.75,-57.62,169.37,0.51,178.93,1,785,10,25
0.24,0.45,-0.18,19.84,-121.52,148.25,0.54,192.72,1,780,10,23
-0.05,1.03,0.12,-7.57,-101.56,86.79,1.03,133.81,1,803,14,18
-0.15,1.15,0.10,-6.29,13.49,2.69,1.16,15.12,1,811,13,19
0.45,0.82,-0.21,-48.77,86.12,14.22,0.97,99.99,1,815,13,20
0.89,1.45,0.18,-94.97,75.68,51.15,1.71,131.77,1,813,15,15
1.19,1.43,0.28,-42.36,64.45,62.56,1.88,99.31,1,812,14,14
1.33,1.18,0.19,-16.66,104.92,61.28,1.79,122.64,1,812,17,11
1.70,0.85,-0.09,12.51,140.44,44.86,1.90,147.96,1,821,15,12
1.64,0.29,-0.34,4.21,120.79,4.03,1.70,120.93,1,816,17,11
1.40,0.21,-0.23,-52.19,67.63,3.91,1.43,85.51,1,819,18,11
1.28,0.50,0.07,-88.32,13.61,2.87,1.38,89.41,1,817,15,9
1.22,0.74,0.27,-94.18,-9.46,-21.79,1.45,97.13,1,811,15,9
1.11,0.83,0.30,-40.47,-14.65,-34.18,1.42,54.96,1,801,17,10
0.20,1.72,0.83,2.93,-17.40,-40.59,1.92,44.26,2,813,42,7
0.84,-1.27,-1.38,157.17,13.31,278.56,2.05,320.12,16,750,91,11
-0.37,1.84,-0.16,128.48,-5.98,176.03,1.88,218.01,58,730,118,17
-0.24,2.68,0.33,65.00,0.92,66.04,2.71,92.67,180,678,129,36
-0.14,0.81,0.04,14.59,-15.56,-5.98,0.82,22.15,254,627,145,71
0.06,0.92,0.11,-10.07,-1.34,-0.55,0.93,10.17,326,605,147,87
0.03,1.03,0.02,-13.98,-3.42,4.21,1.03,14.99,440,583,149,106
0.00,0.99,0.05,1.34,-4.03,6.77,0.99,8.00,377,559,150,118
-0.01,1.00,0.04,2.69,-2.50,3.97,1.01,5.40,328,550,148,131
-0.00,0.99,0.05,1.53,-0.43,0.43,0.99,1.64,372,551,149,125
0.00,0.98,0.04,0.98,0.43,-0.43,0.98,1.15,271,561,147,115
0.02,0.98,0.04,4.64,1.10,1.59,0.98,5.02,343,568,144,107
0.00,0.97,0.05,7.32,0.61,1.10,0.97,7.43,320,573,137,107
0.01,0.96,0.06,5.07,0.37,1.28,0.97,5.24,316,575,142,104
-0.00,0.99,0.05,2.93,0.31,0.98,1.00,3.10,280,581,139,101
-0.00,1.00,0.05,7.20,0.49,-2.50,1.00,7.64,251,591,139,94
0.00,0.95,0.07,5.80,0.79,-2.87,0.95,6.52,252,600,136,88
0.01,0.96,0.07,1.28,0.24,-1.65,0.97,2.10,316,597,139,87
0.00,0.98,0.06,1.77,-1.46,-2.99,0.98,3.77,341,594,142,86
0.01,1.01,0.05,3.36,-1.46,-4.03,1.01,5.44,271,594,143,85
-0.00,1.00,0.06,8.54,-2.99,-8.91,1.01,12.70,347,608,143,69
0.04,0.97,0.08,16.66,-2.14,-11.11,0.98,20.14,289,614,146,65
-0.01,1.19,0.04,11.29,-4.52,-12.27,1.19,17.27,237,642,145,53
-0.02,1.54,0.11,33.94,-5.00,-43.70,1.54,55.56,133,728,143,29
-0.20,1.87,0.29,44.56,6.90,-126.65,1.90,134.43,44,789,148,24
-0.38,2.36,0.27,-20.20,31.49,-243.16,2.40,246.03,10,810,149,19
-0.53,2.05,0.05,-18.31,43.76,-363.65,2.11,366.73,4,822,132,15
-0.31,1.89,0.13,35.83,57.92,-415.22,1.92,420.77,1,845,70,14
-3.07,-0.03,-0.38,258.54,101.26,-284.42,3.09,397.49,1,809,22,24
-1.47,-1.79,-1.36,-107.42,-4.27,100.16,2.69,146.93,1,802,15,24
-0.96,0.47,0.07,16.36,30.70,139.95,1.07,144.21,1,808,13,21
-0.39,-0.05,-0.40,11.29,15.01,185.85,0.56,186.80,1,804,15,21
0.09,0.87,-0.06,-9.83,-35.89,200.93,0.88,204.34,1,804,15,20
0.28,0.81,-0.27,11.23,-77.21,155.52,0.90,173.99,1,797,15,19
0.27,1.21,-0.03,-38.09,-74.77,113.40,1.24,141.07,1,804,16,17
0.52,1.38,-0.01,-28.75,-41.50,44.43,1.48,67.26,1,810,15,15
0.67,1.24,-0.03,-54.50,-23.38,26.43,1.41,64.93,1,810,16,12
0.97,1.48,0.18,-98.94,27.59,45.72,1.78,112.43,1,820,16,10
1.32,1.43,0.31,-86.30,113.53,48.34,1.97,150.58,1,817,16,12
1.85,1.10,0.15,-53.53,110.17,32.04,2.16,126.61,1,813,17,6
1.61,0.76,0.03,-18.92,57.37,19.84,1.78,63.59,1,812,17,6
1.33,0.34,-0.23,-5.92,24.05,11.54,1.39,27.32,1,814,17,4
1.26,0.34,-0.23,-50.66,8.12,-20.69,1.33,55.32,1,815,17,7
1.18,0.45,-0.04,-92.10,-4.82,-51.64,1.27,105.70,1,815,18,4
1.15,0.94,0.21,-72.75,18.01,-77.88,1.50,108.09,1,821,19,5
1.21,0.96,0.00,18.07,9.70,-90.39,1.55,92.69,1,821,19,7
-0.89,3.22,0.14,155.21,-56.88,66.28,3.35,178.10,5,844,62,11
-0.96,2.98,0.60,92.96,13.24,224.30,3.19,243.16,25,754,98,14
-0.17,2.06,0.36,18.92,7.63,165.34,2.10,166.60,92,701,108,21
-0.71,-0.47,0.57,83.68,-7.93,42.97,1.03,94.40,262,629,125,54
0.04,1.07,0.16,21.79,-1.53,4.64,1.08,22.33,391,581,132,97
0.02,0.95,0.03,6.23,-5.80,-5.31,0.95,10.03,282,567,140,109
0.01,1.01,0.02,5.55,-7.39,2.01,1.01,9.46,345,547,142,125
0.00,0.99,0.04,10.38,-3.97,4.64,0.99,12.04,370,533,143,142
-0.01,0.98,0.05,8.54,-2.01,3.72,0.98,9.54,318,526,143,148
-0.00,0.98,0.06,4.64,-0.61,1.04,0.98,4.79,320,525,144,146
-0.00,0.99,0.05,2.81,-0.67,0.43,0.99,2.92,365,528,135,143
-0.01,0.99,0.05,3.11,-0.61,0.49,0.99,3.21,421,530,137,139
-0.00,0.98,0.05,3.48,0.67,-0.49,0.98,3.58,297,539,131,131
0.00,0.98,0.05,3.78,1.77,-0.73,0.98,4.24,243,546,135,124
-0.00,0.97,0.06,0.85,1.83,0.55,0.98,2.09,293,551,128,119
0.00,0.97,0.05,-0.79,1.04,1.40,0.97,1.92,289,548,126,118
-0.01,1.00,0.05,-3.11,0.12,1.34,1.01,3.39,408,544,128,121
-0.01,0.98,0.05,2.93,0.43,-2.26,0.99,3.72,275,547,127,117
0.00,0.97,0.05,5.98,0.49,-4.03,0.97,7.23,314,549,129,117
-0.00,0.99,0.05,2.44,-0.67,-3.42,0.99,4.25,279,551,134,116
-0.00,1.01,0.05,3.91,-2.01,-6.53,1.01,7.87,341,554,137,107
0.01,0.98,0.05,9.34,-2.20,-10.99,0.98,14.59,347,564,141,90
0.02,0.99,0.07,11.72,-2.14,-10.19,1.00,15.68,308,576,142,80
0.00,1.05,0.04,14.16,-2.93,-13.18,1.05,19.57,356,614,141,58
0.12,0.98,-0.02,34.55,-2.38,-28.32,0.98,44.73,279,672,140,37
-0.10,1.42,0.07,28.14,-0.92,-70.86,1.43,76.25,155,723,143,29
-0.21,1.80,0.22,13.31,15.32,-162.84,1.82,164.10,32,812,146,21
-0.53,2.26,0.22,-27.65,41.63,-289.18,2.33,293.47,8,820,144,14
-0.50,1.98,0.08,-21.24,48.16,-415.41,2.04,418.73,3,829,108,12
-0.84,1.67,0.26,88.26,48.34,-392.33,1.89,405.03,1,846,58,22
-0.98,-1.17,-0.85,224.24,-3.17,-96.13,1.74,244.00,1,809,9,30
-1.45,0.41,0.02,18.55,-191.04,137.70,1.51,236.22,1,808,12,27
-1.17,-0.57,-0.51,102.48,-111.15,134.83,1.40,202.57,1,823,13,27
-0.90,-0.01,-0.35,-39.43,-46.39,193.85,0.97,203.18,1,829,13,28
-0.08,0.71,-0.23,-72.08,3.66,169.43,0.75,184.17,1,825,11,28
0.45,1.10,-0.03,-62.74,-6.29,130.86,1.19,145.26,1,825,13,24
0.61,1.06,0.01,-72.45,-6.65,45.10,1.23,85.60,1,822,17,21
0.56,1.37,0.13,-139.22,7.14,50.84,1.48,148.39,1,816,15,17
1.10,1.50,0.25,-96.74,91.80,44.13,1.88,140.47,1,816,14,14
1.79,1.22,0.19,-78.12,145.57,19.59,2.18,166.37,1,818,15,12
2.23,0.87,0.13,-76.35,120.42,5.68,2.40,142.70,1,818,18,10
1.96,0.90,0.29,-69.21,41.44,1.95,2.18,80.70,1,818,17,8
1.39,0.80,0.27,-14.10,-5.37,28.14,1.63,31.93,1,816,15,7
1.77,0.54,-0.03,35.16,-6.10,23.19,1.85,42.56,1,816,16,8
1.73,0.32,-0.08,16.48,-19.53,-49.56,1.76,55.76,1,813,15,10
0.13,0.89,0.68,-6.29,-48.16,-69.15,1.13,84.50,2,842,54,10
-0.07,1.30,0.03,-57.01,-10.74,231.38,1.30,238.55,10,817,107,14
-0.44,2.07,0.20,24.35,2.38,187.13,2.12,188.73,49,757,130,15
-1.16,4.00,0.48,-27.59,10.31,98.45,4.19,102.76,147,696,139,30
0.04,0.25,0.12,63.48,-10.13,5.49,0.28,64.51,264,624,148,63
0.05,1.04,0.10,-3.23,-4.21,10.01,1.04,11.33,360,579,152,110
-0.02,1.05,-0.04,1.77,-10.07,2.44,1.05,10.51,332,549,153,129
0.00,0.97,0.03,10.31,-3.30,-0.18,0.97,10.83,358,544,150,130
0.01,0.99,0.02,4.09,-1.53,-0.92,0.99,4.46,362,541,154,129
0.01,0.99,0.02,4.39,-1.10,-1.77,0.99,4.86,360,545,154,124
0.01,0.99,0.03,4.64,-0.61,-2.14,0.99,5.14,453,553,154,114
0.01,0.99,0.03,5.62,-0.12,-3.78,0.99,6.77,390,570,151,99
0.02,0.97,0.02,7.93,0.43,-4.27,0.98,9.02,338,592,147,75
0.02,1.01,0.02,8.06,1.83,-4.52,1.01,9.42,338,617,150,49
0.02,0.97,0.04,8.00,1.34,-4.46,0.97,9.25,362,646,147,39
0.02,0.97,0.06,9.09,0.85,-5.43,0.97,10.63,272,672,153,32
0.04,1.00,0.02,5.43,0.55,-8.36,1.00,9.99,257,692,147,30
0.03,0.95,0.04,4.58,-1.59,-12.15,0.95,13.08,216,703,151,26
0.04,0.93,0.10,1.16,-1.10,-9.52,0.94,9.65,273,702,155,27
0.06,0.99,0.04,0.18,-2.38,-3.78,1.00,4.47,248,699,153,27
0.05,1.01,0.04,12.57,-6.10,-0.85,1.02,14.00,250,691,153,30
-0.01,0.99,0.07,0.67,-5.07,-9.09,0.99,10.43,294,692,152,29
0.05,1.08,0.07,-8.06,-2.44,-20.39,1.08,22.06,244,712,158,21
0.07,1.00,0.08,10.44,0.24,-16.05,1.00,19.15,198,722,157,24
0.06,1.03,0.07,10.86,0.92,-15.99,1.03,19.35,152,738,150,27
-0.08,1.59,0.19,6.10,3.36,-45.53,1.60,46.06,79,780,147,25
-0.15,1.91,0.21,-17.76,19.04,-130.43,1.92,133.01,35,814,146,18
-0.25,2.14,0.03,-56.40,41.63,-258.12,2.16,267.47,12,803,144,12
-0.30,1.71,0.04,-38.39,46.81,-365.97,1.73,370.94,6,831,110,8
-0.08,1.65,0.11,-30.46,61.34,-398.38,1.65,404.22,2,837,57,14
-1.86,-1.62,-0.91,218.93,57.43,-84.35,2.63,241.55,1,761,13,25
-1.53,0.56,0.56,-6.35,-144.96,92.35,1.73,171.99,1,796,12,22
-1.06,-0.22,-0.22,169.49,-81.05,133.36,1.10,230.40,1,807,13,24
-0.75,0.10,-0.28,54.32,-77.03,181.70,0.80,204.69,1,810,15,22
-0.09,0.59,-0.23,43.82,-67.75,182.92,0.64,199.93,1,813,17,22
0.00,0.74,-0.26,11.23,-80.44,135.86,0.79,158.29,1,814,16,20
0.16,0.76,-0.26,-42.42,-47.12,79.16,0.82,101.42,1,813,15,19
0.28,1.45,-0.06,-155.64,29.24,42.42,1.48,163.94,1,814,15,13
1.15,1.39,-0.26,-133.00,103.39,17.52,1.82,169.37,1,807,13,12
1.61,1.58,0.02,-115.30,86.55,23.56,2.26,146.08,1,800,14,10
1.59,1.14,-0.01,-53.22,72.27,29.36,1.96,94.43,1,781,12,7
1.69,0.83,-0.09,-47.79,58.65,26.92,1.89,80.30,1,778,16,6
1.40,0.85,0.05,-49.38,35.46,2.99,1.64,60.87,1,783,17,3
1.33,0.57,-0.16,7.57,40.10,11.78,1.46,42.47,1,780,15,4
1.46,0.17,-0.34,-3.11,41.08,-14.28,1.51,43.60,1,775,17,2
1.48,0.55,0.19,-42.60,30.15,-41.38,1.59,66.61,1,795,17,2
1.71,0.79,0.44,8.91,10.44,-75.26,1.93,76.50,1,812,17,3
0.30,1.59,-0.63,251.65,47.67,265.01,1.74,368.55,6,851,89,6
-0.28,3.29,0.22,69.46,34.30,286.13,3.31,296.43,32,780,120,13
0.10,1.76,-0.02,78.92,15.93,150.33,1.76,170.53,100,734,136,23
0.07,0.72,0.30,114.81,-0.55,26.86,0.78,117.91,332,610,146,89
-0.07,1.17,-0.03,-17.09,-13.31,3.60,1.17,21.96,411,563,154,126
0.03,0.99,0.01,-2.93,-8.06,-5.49,0.99,10.18,386,564,158,123
0.02,0.99,0.02,0.79,-7.20,0.79,0.99,7.29,450,551,157,132
-0.00,1.01,0.01,1.71,-5.68,2.75,1.01,6.53,491,541,154,137
-0.00,1.00,0.02,5.07,-2.08,0.67,1.00,5.52,413,541,146,139
0.01,0.99,0.03,6.71,-1.34,-1.34,0.99,6.98,384,543,153,134
0.00,0.99,0.03,4.03,-2.14,-1.89,0.99,4.94,450,555,147,122
0.01,0.98,0.03,6.23,-1.22,-2.50,0.98,6.82,488,561,148,108
0.01,0.98,0.03,3.66,-0.06,-2.26,0.98,4.30,312,571,143,99
0.00,0.98,0.03,4.46,1.46,-2.26,0.98,5.21,334,579,144,86
0.01,0.95,0.05,4.21,2.14,-1.95,0.96,5.11,295,583,140,78
0.02,0.98,0.03,0.79,1.46,-1.40,0.98,2.18,314,584,147,75
0.01,0.99,0.04,1.04,0.55,-1.83,0.99,2.18,358,586,143,68
0.01,0.98,0.04,4.03,0.06,-3.66,0.98,5.44,340,585,148,65
0.01,0.98,0.04,0.31,-1.16,-2.20,0.98,2.50,388,584,149,68
0.02,0.98,0.04,2.08,-0.98,-2.01,0.98,3.05,388,583,147,73
0.01,1.02,0.03,3.17,-2.75,-4.27,1.02,5.99,342,582,143,73
0.02,0.98,0.02,10.07,-2.62,-9.09,0.98,13.82,395,596,150,58
0.03,0.98,0.06,14.89,-1.77,-8.12,0.98,17.05,346,611,146,54
0.07,1.13,-0.04,11.78,-2.99,-9.83,1.14,15.63,393,638,148,44
0.01,1.03,0.11,12.21,-6.53,-41.87,1.03,44.10,194,714,152,28
-0.20,1.55,0.24,55.18,4.58,-105.35,1.58,119.01,75,778,153,26
-0.37,2.08,0.16,-1.89,18.49,-218.93,2.11,219.72,21,829,153,14
-0.44,1.93,0.12,-34.97,46.45,-401.12,1.98,405.31,7,827,139,11
-0.03,1.62,-0.03,-27.65,58.35,-446.47,1.63,451.12,3,844,75,6
-2.90,0.24,0.31,110.29,61.58,-275.82,2.93,303.37,1,774,30,21
-1.49,-0.48,-0.66,88.56,-47.91,43.09,1.70,109.52,1,777,10,22
-1.17,0.61,0.25,76.11,-103.09,144.78,1.35,193.34,1,798,11,22
-0.83,-0.43,-0.59,120.42,-48.58,174.99,1.10,217.91,1,798,13,21
-0.46,0.32,-0.35,6.96,-29.79,205.69,0.66,207.95,1,806,13,23
0.04,0.86,-0.42,-18.74,-21.06,173.46,0.96,175.74,1,809,13,22
0.23,1.30,-0.20,-38.76,-35.40,177.12,1.34,184.74,1,806,13,21
0.53,1.54,-0.09,-34.30,20.02,139.34,1.63,144.89,2,807,16,18
1.26,1.34,-0.24,-47.49,11.29,71.17,1.86,86.30,1,805,13,17
1.00,1.40,0.00,-75.38,27.22,26.55,1.72,84.43,1,804,17,13
1.28,1.31,0.10,-85.57,93.14,18.80,1.83,127.87,1,810,16,10
1.55,1.26,0.13,-76.05,135.56,-21.91,2.00,156.97,1,811,16,7
1.62,0.99,0.03,-43.33,126.59,-26.43,1.90,136.38,1,803,15,8
1.60,0.69,-0.20,-1.04,81.85,-9.28,1.76,82.38,1,796,16,5
1.47,0.28,-0.31,-3.91,36.62,-24.78,1.53,44.39,1,790,17,4
1.44,0.33,-0.16,-39.67,13.49,-41.38,1.49,58.89,1,802,16,3
1.48,0.59,0.16,-45.84,-10.68,-80.51,1.60,93.25,1,809,17,1
1.40,2.36,1.57,-7.32,-77.64,-73.55,3.16,107.19,2,836,39,4
-0.10,1.24,-0.29,2.99,-12.21,292.30,1.28,292.57,9,835,105,10
-0.40,1.13,0.32,85.94,-16.97,223.33,1.24,239.89,34,779,135,13
0.18,3.64,-0.60,22.09,5.80,137.27,3.69,139.16,87,743,145,25
-0.07,2.15,-0.17,4.88,-18.98,19.04,2.15,27.33,281,620,149,75
-0.07,0.93,0.08,40.59,-7.02,7.87,0.94,41.94,413,563,151,114
0.01,0.96,0.04,4.33,-3.30,-2.20,0.96,5.87,358,562,157,116
0.01,0.99,0.03,5.80,-3.72,0.55,0.99,6.91,342,550,156,125
-0.02,1.00,0.03,4.21,-4.82,3.17,1.00,7.15,358,539,154,136
-0.02,1.00,0.03,3.85,-1.89,0.85,1.00,4.37,362,537,148,140
-0.01,0.99,0.03,4.39,-0.73,-0.12,0.99,4.46,450,538,150,135
-0.02,0.99,0.04,5.92,0.18,0.49,0.99,5.94,336,539,151,132
-0.01,0.98,0.05,5.31,0.85,0.73,0.98,5.43,310,538,150,128
-0.01,0.97,0.05,5.49,1.40,-0.43,0.97,5.69,310,545,148,124
-0.02,0.99,0.05,3.78,1.16,-0.98,0.99,4.08,352,549,147,120
-0.01,0.97,0.06,3.42,1.71,-1.83,0.97,4.24,289,558,145,113
-0.01,0.98,0.05,-0.06,1.83,-1.10,0.98,2.14,349,565,144,108
-0.01,0.98,0.05,-0.55,1.16,-1.28,0.98,1.81,308,569,148,101
-0.01,0.98,0.04,2.69,0.37,-2.99,0.98,4.04,314,576,148,97
-0.00,0.98,0.05,2.20,-0.67,-3.36,0.99,4.07,413,577,145,88
-0.02,1.03,0.03,1.83,-3.66,-7.26,1.03,8.34,295,586,146,76
0.02,0.93,0.06,10.13,-1.77,-8.00,0.93,13.03,300,590,150,69
0.00,0.99,0.07,5.74,-2.56,-2.32,0.99,6.70,340,585,151,76
-0.00,0.99,0.05,8.48,-3.91,-7.51,0.99,11.98,366,599,147,59
0.01,1.09,0.00,13.31,-3.72,-15.44,1.09,20.72,275,635,153,42
0.05,1.02,0.05,24.48,-3.97,-17.03,1.03,30.08,230,674,154,36
-0.00,1.10,0.09,17.03,-5.37,-32.71,1.11,37.27,103,765,149,24
-0.30,2.35,0.31,27.89,14.95,-169.49,2.39,172.42,33,817,151,19
-0.54,2.21,0.09,-24.60,44.43,-335.75,2.28,339.57,11,821,145,15
-0.54,1.76,-0.04,7.26,46.14,-444.76,1.84,447.21,5,837,121,9
-0.95,2.10,0.47,62.99,69.46,-450.62,2.36,460.27,1,820,46,18
-1.61,-1.39,-1.18,155.27,22.83,17.27,2.43,157.89,1,782,11,23
-1.90,0.62,0.23,-10.01,-97.11,108.70,2.01,146.10,1,796,13,24
-1.27,-0.77,-0.80,110.23,-22.58,154.60,1.69,191.21,1,802,14,23
-1.00,0.27,-0.34,-28.63,11.11,204.90,1.09,207.18,1,806,13,23
0.00,0.61,-0.43,-20.63,38.70,197.81,0.75,202.62,1,810,15,22
0.47,1.14,-0.24,-29.97,-38.76,162.60,1.26,169.82,1,812,12,19
0.51,1.24,-0.08,-46.02,-49.07,87.40,1.35,110.30,1,812,11,20
1.16,1.60,0.06,-48.46,-23.32,94.06,1.98,108.34,1,810,11,17
1.13,1.13,-0.01,-51.39,51.03,14.16,1.60,73.79,1,813,13,13
1.77,1.24,0.04,-89.23,117.25,13.31,2.16,147.94,1,815,14,12
2.27,1.08,0.22,-111.39,123.23,-20.08,2.52,167.32,1,816,13,9
2.26,1.18,0.44,-87.65,75.20,-21.00,2.59,117.38,1,816,15,5
1.79,0.70,0.29,-12.21,10.25,-16.66,1.95,23.06,1,807,12,6
1.33,0.47,-0.06,19.65,-27.89,-8.67,1.41,35.21,1,804,14,5
1.23,0.42,-0.35,-10.99,-44.37,-49.19,1.35,67.15,1,808,12,6
1.07,0.64,-0.16,-83.68,-43.76,-123.54,1.26,155.49,1,811,14,6
-3.09,2.36,1.53,-40.83,-82.76,-70.62,4.18,116.21,2,839,41,4
0.03,1.28,-0.52,-23.19,-10.31,241.46,1.38,242.79,7,845,109,8
-0.04,2.03,-0.33,30.21,4.64,221.92,2.05,224.02,32,768,134,11
0.05,1.76,0.02,76.42,28.56,147.77,1.76,168.79,99,701,151,19
0.04,1.17,0.15,117.43,-8.06,49.44,1.18,127.67,314,589,156,59
-0.05,0.99,0.06,34.30,-11.72,11.72,0.99,38.10,386,523,158,120
-0.00,0.97,0.03,21.61,-3.36,2.99,0.97,22.07,459,515,161,129
0.03,0.96,0.04,10.62,-2.08,-2.38,0.96,11.08,363,519,167,126
0.01,1.00,0.02,3.78,-0.98,0.00,1.00,3.91,314,520,170,118
0.02,0.98,0.03,3.66,0.49,-0.61,0.98,3.74,465,523,171,115
0.02,0.97,0.03,3.36,0.98,-1.95,0.97,4.00,301,527,169,103
0.02,1.01,0.02,2.75,0.49,-1.95,1.01,3.41,266,536,163,96
0.02,0.97,0.03,4.64,0.31,-2.26,0.97,5.17,343,544,167,82
0.02,0.98,0.03,3.30,0.18,-1.59,0.98,3.66,295,549,165,77
0.02,1.00,0.03,3.11,0.67,-0.73,1.00,3.27,339,550,163,74
0.02,0.99,0.03,3.66,0.85,-0.49,0.99,3.79,279,551,162,79
0.02,0.95,0.05,4.33,0.92,-0.18,0.95,4.43,277,551,161,80
0.02,0.99,0.03,-0.37,0.24,0.61,0.99,0.75,295,548,159,79
0.03,0.98,0.03,1.28,-0.98,-1.46,0.99,2.18,318,545,152,83
0.02,0.98,0.02,1.65,-2.01,-2.56,0.98,3.65,358,541,157,80
0.02,0.97,0.04,3.42,-2.50,-2.87,0.97,5.12,318,542,158,87
0.03,0.97,0.04,1.89,-2.20,-1.16,0.97,3.12,429,541,153,87
0.02,1.00,0.03,4.39,-2.56,-1.22,1.00,5.23,365,542,155,90
0.01,0.99,0.04,8.79,-2.14,-4.27,0.99,10.00,347,546,153,85
0.02,1.02,0.03,11.29,-2.20,-6.77,1.02,13.35,396,563,152,69
0.01,1.13,0.04,20.81,-4.76,-17.27,1.13,27.46,322,616,151,49
0.06,1.15,0.10,31.13,-8.30,-29.60,1.16,43.75,124,695,153,32
-0.04,1.75,0.20,5.19,-9.16,-89.60,1.76,90.22,35,795,148,22
-0.29,2.15,0.18,0.73,23.68,-190.73,2.18,192.20,15,809,141,17
-0.50,2.10,0.10,-10.99,41.81,-338.26,2.16,341.01,7,821,129,11
-0.37,1.99,0.21,9.77,57.37,-431.82,2.03,435.73,3,837,71,7
-0.11,2.50,0.62,53.96,80.32,-412.60,2.58,423.79,1,803,32,18
-2.06,-2.54,-1.60,300.60,60.79,-81.67,3.64,317.37,1,766,12,26
-1.12,0.78,0.18,-11.60,-65.67,61.40,1.38,90.65,1,792,15,26
-1.04,-0.59,-0.54,103.70,-21.12,143.25,1.31,178.10,1,790,16,25
-0.86,0.30,-0.12,5.25,-32.29,171.20,0.92,174.30,1,794,16,26
-0.32,0.45,-0.29,15.26,-35.71,189.88,0.62,193.81,1,792,15,23
0.07,0.81,-0.17,1.46,-50.66,153.99,0.84,162.12,1,801,16,22
0.31,0.92,-0.07,-13.37,-42.60,52.98,0.98,69.28,1,804,15,19
0.20,1.43,0.27,-45.65,-40.10,9.70,1.47,61.53,1,815,16,17
0.89,1.10,0.19,0.79,-35.40,83.13,1.43,90.36,1,824,15,16
1.22,0.80,0.13,-74.46,-19.17,29.66,1.46,82.41,1,823,12,14
1.40,1.19,0.52,-150.70,45.84,16.72,1.91,158.40,1,822,13,13
2.08,1.28,0.55,-95.76,133.97,29.54,2.51,167.31,1,821,12,9
2.65,0.03,-0.09,-0.18,87.46,-11.17,2.65,88.17,1,824,14,8
2.08,0.14,0.10,-70.07,-9.58,-3.05,2.09,70.79,1,817,14,7
1.76,0.57,0.31,-70.86,-39.18,-23.07,1.87,84.20,1,822,14,7
1.18,0.32,0.42,-34.24,-43.09,-70.68,1.30,89.58,1,819,28,6
0.67,0.66,-0.81,-45.84,47.67,332.52,1.24,339.03,8,848,114,12
-0.54,3.05,0.12,8.24,23.93,297.49,3.10,298.56,33,793,137,16
0.26,3.37,-0.41,81.12,9.22,158.87,3.41,178.62,128,719,146,34
0.27,0.70,-0.01,86.18,-11.90,25.76,0.75,90.73,356,579,159,111
-0.06,1.17,0.00,3.54,-10.86,2.93,1.17,11.80,358,546,161,138
0.00,0.99,0.01,-4.15,-6.10,-2.87,0.99,7.92,314,546,161,133
0.00,0.99,0.03,1.77,-3.91,-2.32,0.99,4.88,413,545,153,132
0.01,0.98,0.03,1.89,-2.20,-2.38,0.98,3.75,342,546,158,123
0.00,0.98,0.03,0.06,-1.95,-1.16,0.98,2.27,423,548,153,121
0.01,0.99,0.03,-0.79,-1.83,-1.95,0.99,2.79,369,553,152,110
0.00,1.00,0.02,2.26,-1.89,-2.87,1.00,4.11,323,561,152,93
0.02,0.97,0.04,6.96,-1.59,-4.82,0.98,8.61,304,573,151,77
-0.01,0.98,0.04,5.25,-1.77,-4.70,0.98,7.26,369,588,152,57
0.01,0.97,0.04,2.87,-1.40,-2.69,0.97,4.17,346,594,144,52
0.02,0.98,0.03,1.28,0.85,1.95,0.98,2.49,323,594,148,52
0.01,1.00,0.03,3.66,-0.18,0.12,1.00,3.67,461,591,148,56
0.02,0.99,0.04,7.26,-0.31,-2.75,0.99,7.77,344,598,151,50
0.02,0.97,0.04,6.53,-0.92,-2.08,0.97,6.91,305,602,150,52
0.02,0.98,0.05,4.76,-1.89,-0.18,0.99,5.13,395,599,153,56
0.02,1.00,0.05,5.86,-2.08,-1.83,1.00,6.48,397,598,152,58
0.02,0.99,0.05,5.68,-2.26,-4.33,0.99,7.49,430,607,153,50
0.01,0.98,0.06,5.98,-1.71,-3.66,0.98,7.22,402,613,154,52
0.02,1.00,0.06,7.14,-0.49,-2.50,1.00,7.58,375,627,148,48
0.05,1.06,0.02,15.75,-3.30,-15.14,1.06,22.09,281,666,148,36
-0.00,1.06,0.08,8.97,-11.35,-37.29,1.07,40.00,164,740,152,28
-0.05,1.54,0.21,11.17,-1.04,-65.00,1.55,65.96,74,789,149,24
-0.10,1.87,0.16,11.23,13.79,-127.32,1.88,128.56,44,812,147,23
-0.38,2.35,0.17,2.69,26.31,-242.61,2.38,244.05,22,825,142,14
-0.64,2.79,-0.06,-37.60,24.29,-407.65,2.86,410.10,9,819,130,10
-0.47,3.57,-0.18,42.85,44.98,-538.09,3.61,541.66,2,816,51,10
-4.00,-1.57,-1.13,146.91,-75.87,-261.66,4.44,309.52,1,738,11,21
-2.36,-0.02,-0.13,46.02,-178.10,49.13,2.36,190.40,1,791,16,21
-1.90,-0.90,-0.93,9.40,-65.31,162.35,2.30,175.25,1,803,18,24
-1.21,0.57,-0.08,-62.07,-29.36,217.90,1.34,228.46,1,810,17,21
-0.82,1.04,0.14,-60.18,-71.23,271.24,1.33,286.82,1,810,17,22
-0.88,1.31,0.19,-38.21,-120.91,301.70,1.59,327.26,1,813,17,23
-0.82,2.19,0.54,-103.70,-102.11,286.25,2.40,321.13,1,816,17,21
-0.05,2.74,0.53,-78.98,-58.96,247.44,2.79,266.34,1,820,17,17
-0.07,2.58,0.51,-82.70,-35.28,191.35,2.63,211.42,1,823,17,18
0.63,2.75,0.74,-151.55,-2.32,178.59,2.91,234.24,1,822,15,15
1.08,3.11,0.99,-149.48,43.58,198.06,3.44,251.93,1,814,15,13
2.36,1.99,0.26,-16.66,146.12,158.33,3.10,216.09,1,805,11,15
4.00,1.27,0.73,-83.80,73.73,96.07,4.26,147.27,1,807,13,15
0.42,1.02,0.86,25.02,-10.25,-219.06,1.40,220.72,1,760,9,52
-0.53,1.40,-0.68,-9.95,-67.02,-274.11,1.64,282.36,1,606,12,126
0.64,2.03,0.26,65.49,89.48,-260.38,2.15,283.00,3,497,23,160
0.06,1.07,0.06,67.38,36.44,-100.95,1.07,126.73,12,415,28,161
0.07,0.93,0.13,29.24,-5.80,-19.23,0.95,35.47,48,471,57,159
0.04,0.93,0.07,2.20,-4.64,-8.97,0.93,10.34,87,463,79,159
0.02,0.95,0.06,-9.46,-5.74,-2.44,0.95,11.33,139,455,91,157
0.01,1.03,0.00,-14.95,-3.48,-2.14,1.03,15.50,190,450,92,163
0.01,1.00,0.01,-4.27,-0.92,-1.59,1.00,4.65,225,449,101,165
0.02,1.00,0.02,1.89,-0.55,-2.08,1.00,2.86,277,452,104,168
0.02,0.99,0.03,4.03,-0.98,-2.26,0.99,4.72,362,458,112,167
0.02,0.99,0.03,3.72,-1.34,-2.01,0.99,4.44,278,461,111,166
0.02,0.99,0.03,3.54,-1.46,-2.20,0.99,4.42,248,466,114,161
0.02,0.98,0.03,3.85,-0.98,-1.59,0.99,4.27,286,471,121,157
0.02,0.98,0.03,3.17,-0.67,-1.04,0.98,3.41,331,475,118,156
0.02,0.99,0.03,2.14,-0.79,-0.98,0.99,2.48,389,479,126,155
0.02,0.99,0.03,5.19,-0.73,-1.16,0.99,5.37,313,482,124,148
0.02,0.97,0.04,6.53,-0.55,-1.10,0.97,6.65,433,487,129,145
0.02,0.97,0.05,4.15,-0.67,-0.31,0.97,4.22,340,490,128,140
0.02,0.98,0.04,3.42,-0.92,-0.49,0.98,3.57,436,492,129,141
0.02,0.98,0.05,2.81,-1.04,0.12,0.98,3.00,322,496,131,142
0.02,0.99,0.04,1.65,-1.46,-0.18,0.99,2.21,347,498,132,137
0.02,0.98,0.04,1.10,-1.53,-1.10,0.98,2.18,330,501,134,132
0.01,1.00,0.04,1.71,-0.98,-2.69,1.00,3.33,337,508,140,122
0.01,1.00,0.05,6.35,-0.24,-4.88,1.00,8.01,393,515,141,102
0.02,1.01,0.06,11.90,-1.22,-10.86,1.02,16.16,349,534,147,76
-0.01,1.19,0.05,12.08,-2.62,-16.48,1.19,20.60,354,574,149,43
-0.02,1.05,0.13,3.48,-7.57,-29.42,1.05,30.58,282,630,159,25
-0.06,1.43,0.19,-15.87,-9.03,-65.25,1.44,67.75,242,697,164,19
-0.01,1.77,0.04,-15.56,-1.65,-131.29,1.77,132.22,100,758,165,12
0.04,1.72,-0.02,12.82,13.31,-206.48,1.72,207.31,48,801,166,12
0.20,1.63,-0.17,-6.53,4.15,-284.91,1.66,285.02,22,827,161,12
-0.00,2.46,0.15,-91.80,-10.44,-388.98,2.47,399.80,10,848,110,9
0.57,2.54,-0.08,-33.26,25.94,-427.37,2.60,429.44,2,804,44,3
-0.18,1.07,-0.55,-12.27,-44.37,-348.69,1.21,351.72,1,755,19,18
-1.25,1.11,-0.78,-85.57,-167.18,-9.58,1.84,188.05,1,780,10,14
-1.03,0.69,-0.19,-84.78,-189.88,117.74,1.26,238.96,1,791,11,13
-1.25,0.68,0.19,-53.89,-121.40,138.06,1.44,191.58,1,807,11,15
-1.02,0.46,0.07,-18.49,-40.16,182.62,1.12,187.89,1,812,13,17
-0.80,0.64,0.08,-46.69,-16.36,229.92,1.02,235.18,1,819,12,17
-0.66,0.92,0.36,-74.22,-28.26,271.97,1.18,283.33,1,820,11,18
-0.51,1.19,0.60,-74.58,-34.48,269.90,1.43,282.13,1,822,14,18
-0.37,1.50,0.79,-59.39,-45.04,272.64,1.74,282.65,1,825,13,19
0.04,1.69,0.76,-31.62,-64.09,231.57,1.85,242.34,1,828,13,18
-0.09,2.49,0.98,-51.15,-95.70,214.36,2.68,240.26,1,829,13,18
0.48,2.03,0.81,-15.99,-58.65,181.88,2.24,191.78,2,828,11,17
0.98,1.94,0.90,-80.32,-2.01,197.57,2.35,213.28,2,831,12,15
2.25,2.11,1.08,-55.18,71.23,223.21,3.27,240.70,2,831,12,13
4.00,0.15,0.14,35.52,30.46,120.97,4.00,129.71,2,829,14,26
3.97,1.17,0.61,-33.20,-37.96,-167.18,4.18,174.62,1,668,12,56
-0.80,1.42,-0.72,-5.68,-93.63,-256.71,1.78,273.31,1,536,13,113
0.10,1.97,0.09,76.42,74.95,-240.17,1.97,262.95,3,489,17,140
0.52,1.19,0.18,66.89,72.20,-65.19,1.31,118.06,23,501,37,152
0.04,0.86,0.12,13.00,-4.27,-5.98,0.87,14.93,50,503,61,153
0.02,0.99,0.03,-12.94,-4.46,-4.46,0.99,14.39,80,494,72,150
-0.00,1.02,0.01,-10.68,-5.55,-1.28,1.02,12.11,131,487,82,153
-0.00,0.97,0.04,-3.23,-4.58,-0.61,0.97,5.64,176,479,86,154
-0.01,1.02,0.00,-0.49,-3.72,-0.31,1.02,3.77,256,474,91,162
-0.01,1.00,0.02,8.61,-1.28,-0.12,1.00,8.70,205,470,92,164
-0.00,0.98,0.04,9.16,-0.18,-0.55,0.98,9.17,219,469,95,167
-0.00,0.97,0.05,4.76,-0.67,-1.04,0.97,4.92,232,471,100,164
-0.01,0.98,0.04,-0.12,-0.92,-0.85,0.98,1.26,298,471,101,165
-0.01,0.98,0.04,0.37,0.18,-0.73,0.99,0.84,282,471,102,169
-0.01,0.98,0.04,0.98,0.49,-0.67,0.98,1.28,326,473,102,165
-0.00,0.98,0.04,0.85,-0.24,-1.04,0.98,1.37,288,473,98,165
-0.01,0.99,0.04,1.04,-0.55,-0.79,0.99,1.42,384,475,97,165
-0.01,0.98,0.04,1.83,-0.61,-0.67,0.98,2.04,424,480,96,159
-0.01,0.98,0.04,1.34,-0.61,-0.06,0.98,1.48,292,480,96,157
-0.00,0.98,0.04,0.85,-0.49,-0.31,0.98,1.03,274,483,95,159
-0.01,0.98,0.04,-0.06,-1.22,-0.43,0.98,1.29,336,483,95,158
-0.01,0.98,0.04,1.71,-1.83,-1.28,0.99,2.81,320,484,100,153
-0.01,0.98,0.04,3.05,-2.14,-1.28,0.98,3.94,324,486,101,157
-0.01,0.98,0.04,0.61,-2.08,-1.65,0.98,2.72,328,489,103,158
-0.01,0.99,0.04,-0.24,-1.34,-2.01,0.99,2.43,334,492,112,154
-0.01,1.01,0.03,1.95,-0.49,-2.81,1.01,3.45,515,498,118,144
-0.02,1.01,0.05,9.28,-0.31,-6.53,1.01,11.35,437,509,125,121
-0.00,1.00,0.05,13.49,-0.49,-10.74,1.01,17.25,411,521,129,100
0.01,1.03,0.05,14.95,-3.60,-17.52,1.03,23.31,356,551,134,58
0.16,0.95,-0.32,24.54,-12.39,-36.44,1.02,45.64,342,623,137,26
0.10,1.73,-0.21,-1.46,-36.93,-98.57,1.74,105.27,205,713,147,16
0.32,2.11,-0.64,-61.34,-86.30,-232.36,2.23,255.35,56,773,148,10
-0.28,2.16,-0.06,-66.53,-113.22,-354.00,2.18,377.58,22,816,132,9
0.02,2.39,-0.48,-68.79,-95.09,-410.77,2.44,427.20,5,819,57,6
-1.18,1.24,-0.73,-103.88,-153.20,-297.49,1.86,350.37,2,744,19,14
-1.16,0.91,-0.37,-37.90,-219.85,-44.49,1.52,227.49,1,759,10,12
-1.13,0.50,-0.32,-22.95,-197.20,38.88,1.27,202.31,1,767,13,12
-0.93,0.12,-0.18,-43.03,-130.68,66.89,0.96,152.98,1,781,13,15
-0.86,0.50,0.06,-78.86,-75.62,90.09,0.99,141.61,1,797,12,16
-0.69,0.62,0.16,-86.85,-45.17,113.22,0.94,149.67,1,805,14,16
-0.78,0.81,0.37,-90.21,-33.39,148.68,1.18,177.08,1,811,13,16
-0.75,1.12,0.79,-99.73,-25.27,184.69,1.56,211.41,1,816,13,15
-0.37,1.72,1.05,-79.65,-19.41,207.58,2.05,223.18,1,817,12,16
0.22,1.55,0.82,14.47,-60.55,214.42,1.77,223.27,1,819,12,16
0.20,1.52,0.79,2.69,-117.86,190.31,1.72,223.86,1,822,13,15
0.13,1.89,0.90,6.77,-109.74,123.47,2.09,165.33,1,827,11,15
0.32,1.59,0.65,34.18,-85.45,90.15,1.75,128.83,1,830,12,20
0.34,1.02,0.45,-37.11,-75.74,92.59,1.17,125.25,1,833,13,20
0.34,1.64,1.23,-91.61,-44.49,161.07,2.08,190.57,1,835,14,18
1.67,0.96,0.64,3.30,23.68,184.88,2.03,186.42,1,825,13,19
2.36,1.14,0.58,-103.03,32.78,70.37,2.68,129.00,1,826,11,16
0.06,0.40,0.77,102.84,4.52,-154.60,0.87,185.74,1,803,10,43
-0.27,1.16,-0.25,-7.14,-21.55,-192.99,1.22,194.32,1,585,11,100
0.02,1.47,0.00,36.32,25.27,-201.35,1.47,206.16,2,543,16,132
0.07,1.16,0.06,50.66,67.81,-103.94,1.16,134.05,5,475,19,149
0.22,1.01,0.16,31.07,45.84,-64.09,1.04,84.70,14,438,25,155
0.03,0.94,0.07,12.94,-5.62,-7.57,0.94,16.01,39,470,38,154
-0.00,0.98,0.03,-1.83,-4.21,-2.99,0.98,5.48,62,468,44,158
-0.00,1.01,0.01,1.65,-3.85,-4.21,1.01,5.94,87,464,52,155
-0.00,1.00,0.02,12.51,-2.50,-3.66,1.00,13.28,114,462,66,166
0.00,0.99,0.05,15.99,-1.04,-2.44,0.99,16.21,151,455,74,166
0.00,0.97,0.06,12.27,-0.24,-1.22,0.97,12.33,145,456,77,171
0.00,0.98,0.06,8.06,0.37,-0.55,0.98,8.08,201,455,80,170
0.00,0.98,0.06,4.88,0.12,-0.31,0.98,4.89,186,455,83,174
0.00,0.97,0.07,4.09,0.00,-0.55,0.98,4.13,169,457,83,164
0.00,0.98,0.07,2.32,-0.55,-0.73,0.98,2.49,189,464,85,168
0.00,0.99,0.06,2.50,-0.92,-1.28,0.99,2.96,182,469,90,168
0.00,1.00,0.06,5.62,-0.85,-2.01,1.00,6.03,183,474,93,159
0.00,0.97,0.07,8.36,-0.24,-2.44,0.98,8.71,186,478,98,159
0.01,0.97,0.08,6.96,-0.12,-2.50,0.98,7.40,234,486,102,162
0.01,0.97,0.08,3.78,-0.49,-2.32,0.97,4.47,302,490,106,153
0.00,0.98,0.08,1.89,-0.67,-2.26,0.98,3.02,333,494,113,158
0.01,0.97,0.08,1.46,-0.67,-2.75,0.98,3.18,264,498,118,153
0.01,0.97,0.08,-2.01,-0.98,-2.44,0.98,3.31,289,504,123,146
0.00,0.99,0.07,-3.54,-0.73,-3.05,0.99,4.73,297,509,125,134
0.00,0.99,0.08,-1.65,-0.61,-5.98,0.99,6.23,396,526,136,113
0.01,1.02,0.07,-4.46,-4.82,-15.14,1.02,16.50,374,573,136,78
-0.03,1.21,-0.07,6.29,-12.94,-35.03,1.21,37.87,320,637,144,35
-0.06,2.20,-0.01,-6.77,-24.23,-88.75,2.20,92.24,157,734,150,20
-0.09,2.17,0.08,27.10,-16.78,-193.18,2.17,195.79,41,805,155,15
-0.26,2.03,0.07,19.10,-4.58,-299.68,2.05,300.33,13,838,149,12
-0.25,2.74,-0.07,13.18,-8.36,-404.54,2.75,404.84,5,842,99,7
0.29,2.89,-0.08,98.57,7.63,-445.62,2.91,456.45,1,804,38,8
-1.34,-0.03,-0.82,171.81,-32.71,-365.48,1.57,405.17,1,802,15,26
-1.43,0.36,-1.06,-50.35,-127.50,-13.55,1.82,137.75,1,801,13,23
-1.39,0.94,0.02,-93.93,-83.56,74.71,1.68,146.24,1,809,12,22
-1.26,0.26,0.04,-70.68,0.73,146.73,1.28,162.87,1,822,15,23
-0.98,0.77,0.27,-97.17,40.04,220.15,1.28,243.95,1,821,11,20
-0.47,0.89,0.43,-82.58,27.16,262.08,1.09,276.13,1,815,12,20
-0.07,1.03,0.62,-66.04,-43.03,267.46,1.20,278.83,1,820,13,21
-0.28,1.24,0.93,-78.49,-109.44,260.38,1.58,293.14,1,819,13,19
-0.18,1.86,0.97,-69.70,-100.71,221.98,2.11,253.53,1,816,15,19
0.04,1.91,0.74,-63.60,-84.84,229.74,2.04,253.02,1,816,16,19
0.48,2.45,1.05,-70.25,-36.62,205.99,2.71,220.70,1,815,15,19
1.60,2.32,0.80,-94.97,73.61,167.79,2.93,206.37,1,822,15,27
3.37,1.28,0.05,-32.65,62.87,106.20,3.61,127.66,1,790,15,37
4.00,0.94,0.47,-19.78,15.99,-77.21,4.14,81.29,1,693,16,66
-0.38,1.45,-0.10,7.45,-43.33,-210.88,1.50,215.41,2,493,14,122
0.10,1.44,-0.02,56.88,57.19,-142.70,1.45,163.92,3,473,19,140
0.14,0.95,0.13,49.80,29.97,-61.46,0.97,84.59,9,434,22,146
-0.04,0.74,-0.12,24.29,-12.08,-22.40,0.75,35.18,35,484,42,147
0.03,0.94,0.05,2.87,-6.96,-10.80,0.94,13.17,76,483,62,149
0.01,0.97,0.04,-6.10,-6.90,-5.31,0.97,10.63,152,470,77,152
0.01,1.01,0.01,-12.08,-7.26,-2.99,1.01,14.41,234,463,83,157
0.00,1.01,0.00,-3.36,-3.91,-1.53,1.01,5.37,274,460,93,153
0.01,0.99,0.02,5.25,-2.20,-2.14,0.99,6.08,320,462,98,155
0.01,0.98,0.03,6.65,-2.44,-1.46,0.98,7.24,418,465,104,160
0.01,0.97,0.03,3.36,-0.24,-1.71,0.97,3.77,329,467,107,161
0.01,0.98,0.04,2.38,-1.04,-1.10,0.98,2.82,359,467,107,160
0.01,0.99,0.03,1.83,-0.98,-0.55,0.99,2.15,392,470,109,160
0.01,0.98,0.03,2.20,-0.12,0.06,0.99,2.20,340,471,107,152
0.01,0.98,0.03,2.44,0.24,0.31,0.99,2.47,274,474,110,155
0.01,0.98,0.03,3.23,0.31,0.49,0.98,3.29,261,476,110,156
0.02,0.99,0.00,2.99,-1.10,-0.85,0.99,3.30,296,477,109,156
0.01,0.98,0.04,2.20,0.06,-0.55,0.98,2.27,322,483,109,152
0.01,0.98,0.04,0.79,-0.43,-0.55,0.98,1.06,439,480,108,152
0.01,0.98,0.04,-0.06,-0.79,-0.37,0.98,0.88,326,485,109,147
0.01,0.98,0.04,-1.22,-1.53,-0.31,0.98,1.98,352,486,109,149
0.01,0.98,0.04,-2.81,-1.89,-0.49,0.98,3.42,356,485,105,148
0.00,0.98,0.03,-3.91,-1.59,-1.16,0.98,4.37,337,491,114,143
0.01,0.99,0.01,-2.14,-0.55,-2.38,0.99,3.25,370,496,119,134
-0.01,1.01,0.01,3.05,-0.31,-5.55,1.01,6.34,403,504,121,111
0.01,1.03,0.03,15.81,0.18,-12.94,1.03,20.43,354,519,129,76
0.03,1.01,-0.00,7.32,-1.77,-16.54,1.01,18.18,362,548,138,43
0.04,1.15,-0.00,-5.80,-5.19,-34.55,1.15,35.41,397,620,141,27
-0.02,1.46,0.02,1.28,-1.46,-62.93,1.46,62.96,350,691,150,16
0.01,1.66,0.02,9.52,-4.27,-122.44,1.66,122.88,97,764,158,12
-0.07,1.76,0.09,15.62,-1.53,-191.71,1.77,192.35,42,804,159,9
-0.01,1.58,0.10,2.01,4.94,-277.10,1.58,277.15,19,825,150,8
-0.11,2.37,0.19,-14.59,26.31,-360.47,2.38,361.73,7,844,88,7
0.66,1.31,-0.48,7.14,43.15,-386.47,1.54,388.94,2,788,42,9
-1.02,0.25,-0.61,-57.56,-54.38,-186.46,1.22,202.58,1,774,16,19
-1.04,1.12,-0.24,-51.88,-108.64,33.20,1.55,124.89,1,769,11,19
-0.70,0.53,-0.15,5.37,-107.12,81.85,0.89,134.91,1,770,9,18
-0.80,0.56,-0.02,-6.71,-76.17,108.89,0.97,133.05,1,780,10,17
-0.77,0.60,-0.02,-0.92,-29.17,157.84,0.98,160.51,1,788,11,18
-0.49,0.72,-0.08,-19.29,2.69,205.26,0.88,206.18,1,788,12,17
-0.23,1.02,0.07,-37.66,0.49,229.00,1.04,232.08,1,793,10,20
-0.12,1.25,0.17,-41.93,-13.00,231.75,1.26,235.87,1,796,11,18
0.10,1.42,0.28,-39.73,-24.72,225.46,1.45,230.27,1,800,12,16
0.21,1.59,0.20,-45.84,-26.43,185.18,1.61,192.59,1,801,14,15
0.42,1.90,0.35,-15.14,0.73,155.15,1.97,155.89,1,810,13,15
0.62,1.69,0.24,-16.54,36.68,140.44,1.81,146.09,1,810,13,13
0.94,1.65,0.22,-38.88,54.69,176.45,1.91,188.78,1,810,12,12
1.10,1.57,0.17,-16.91,72.88,188.11,1.93,202.44,1,807,12,13
1.56,1.01,-0.23,2.93,74.83,150.45,1.87,168.06,1,803,13,13
1.99,0.68,-0.10,-52.61,28.69,123.11,2.11,136.92,1,792,12,14
2.09,1.14,0.44,-83.31,1.46,59.51,2.42,102.39,1,786,11,9
1.06,1.95,0.75,-0.37,6.71,-41.38,2.34,41.92,1,748,7,23
-1.18,0.54,-0.29,25.45,8.54,-164.12,1.33,166.30,2,512,8,66
-0.05,1.31,0.09,21.30,31.74,-215.52,1.32,218.88,2,483,11,109
0.21,1.21,0.12,3.72,25.09,-170.41,1.24,172.29,5,446,17,143
0.16,1.16,0.06,13.98,36.38,-68.24,1.17,78.58,15,411,22,151
0.04,1.01,0.01,21.73,-3.17,-38.02,1.01,43.91,32,424,23,150
0.02,0.97,0.01,16.05,-7.51,-10.31,0.98,20.50,67,461,30,148
0.03,1.01,-0.00,18.74,-4.64,-5.31,1.01,20.02,90,469,40,151
0.03,0.98,0.03,21.48,-2.14,-2.38,0.98,21.72,119,464,49,147
0.02,0.97,0.04,16.60,-1.77,-0.85,0.97,16.72,143,458,60,155
0.01,0.97,0.05,11.41,-1.59,-1.46,0.98,11.62,156,453,67,160
0.01,0.98,0.05,4.58,-1.28,-1.16,0.98,4.89,173,453,74,163
0.02,0.99,0.05,5.00,-0.37,-0.55,0.99,5.05,218,453,80,160
0.01,1.00,0.05,8.91,0.18,-0.12,1.00,8.91,204,453,84,165
0.02,0.98,0.06,8.61,0.92,0.31,0.98,8.66,198,452,85,159
0.01,0.99,0.06,7.93,1.16,0.37,0.99,8.03,260,450,83,164
0.01,0.99,0.07,8.61,1.40,0.12,0.99,8.72,240,449,86,159
0.01,0.98,0.07,9.09,1.65,0.18,0.98,9.24,212,449,88,166
0.02,0.98,0.08,8.91,2.08,0.79,0.98,9.18,188,449,88,161
0.01,0.97,0.08,8.61,1.95,0.85,0.98,8.87,168,449,88,165
0.01,0.97,0.09,7.87,1.59,0.12,0.98,8.03,168,448,85,163
0.01,0.96,0.10,5.00,1.59,-0.37,0.96,5.26,160,450,92,164
0.01,0.97,0.10,0.98,0.92,-1.10,0.97,1.73,180,451,92,159
0.01,0.97,0.09,-0.61,0.85,-1.10,0.98,1.52,164,454,93,159
0.01,0.98,0.09,-1.22,0.49,-0.98,0.98,1.64,201,456,95,164
0.01,0.98,0.09,-0.37,0.43,-1.28,0.99,1.40,206,460,97,163
0.01,0.98,0.09,-0.31,0.61,-1.89,0.98,2.01,211,463,100,156
0.01,0.98,0.08,-0.43,0.43,-2.08,0.99,2.16,250,471,101,160
0.02,0.98,0.08,0.85,0.43,-1.83,0.98,2.07,270,472,100,156
0.02,0.98,0.08,2.01,0.55,-1.83,0.98,2.78,256,476,105,158
0.02,0.98,0.09,0.85,0.43,-1.16,0.98,1.50,232,481,99,155
0.02,0.98,0.09,-1.04,0.00,-0.98,0.98,1.42,234,482,99,152
0.01,0.98,0.09,-2.38,0.18,-2.14,0.99,3.20,248,488,100,145
0.00,1.01,0.07,-4.64,-0.06,-4.94,1.01,6.78,305,503,106,124
0.01,1.03,0.07,-0.24,-0.85,-9.34,1.03,9.38,208,542,114,96
-0.01,1.37,-0.02,9.77,-3.17,-21.97,1.37,24.25,132,638,117,55
0.09,1.17,-0.05,47.73,-8.85,-50.72,1.17,70.21,46,737,123,26
-0.06,1.73,0.17,11.78,-9.46,-129.21,1.74,130.09,14,806,125,23
-0.05,1.74,0.01,21.06,0.67,-189.51,1.74,190.68,5,798,117,19
0.02,1.80,-0.04,42.79,-1.10,-233.70,1.80,237.59,2,808,81,16
0.21,1.69,-0.14,113.04,-1.46,-243.59,1.71,268.54,1,817,39,15
0.05,0.92,-0.42,137.76,-24.54,-214.60,1.01,256.19,1,809,23,22
-0.84,0.15,-0.65,64.15,-60.06,-106.69,1.07,138.22,1,812,12,24
-0.83,0.49,-0.26,-34.85,-46.94,-0.18,1.00,58.46,1,816,14,23
-0.51,0.54,-0.06,-38.27,2.32,38.09,0.75,54.04,1,812,13,24
-0.24,0.41,-0.15,-37.84,25.57,60.00,0.50,75.40,1,807,13,23
-0.15,0.58,0.03,-67.20,4.58,83.37,0.60,107.18,0,0,15,23
-0.14,0.80,0.22,-68.60,-39.25,112.55,0.84,137.53,1,778,13,24
-0.17,1.00,0.34,-68.97,-59.57,143.01,1.07,169.58,1,811,13,21
-0.10,1.17,0.37,-61.71,-51.39,152.10,1.23,172.00,1,816,13,23
0.02,1.20,0.26,-49.93,-20.81,145.57,1.23,155.29,1,813,12,23
0.10,1.23,0.09,-48.65,10.13,135.86,1.24,144.67,1,813,12,23
0.12,1.35,0.11,-63.84,29.11,135.93,1.36,152.97,1,816,12,23
0.26,1.44,0.19,-61.58,41.50,122.62,1.47,143.36,1,817,13,21
0.38,1.45,0.22,-60.61,45.35,97.29,1.52,123.27,1,819,12,20
0.41,1.44,0.23,-50.29,42.24,80.81,1.51,104.13,1,816,11,21
0.42,1.37,0.17,-34.48,27.22,85.51,1.45,96.14,1,820,11,20
0.47,1.15,0.07,-19.04,6.96,104.86,1.24,106.80,1,819,13,20
0.50,1.02,0.08,-22.46,-7.63,96.62,1.14,99.49,1,814,12,20
0.42,0.96,0.29,-24.29,1.46,75.74,1.09,79.56,1,818,12,19
0.56,1.10,0.54,-15.87,43.27,56.88,1.35,73.21,1,818,14,18
0.85,0.84,0.27,22.77,80.57,23.93,1.23,87.07,1,815,13,20
0.84,0.74,0.10,5.00,82.28,-15.87,1.12,83.94,1,815,14,21
0.69,0.93,0.14,-11.84,60.79,-51.64,1.17,80.63,1,814,11,19
-0.78,0.42,0.31,26.61,23.01,-116.21,0.94,121.42,1,655,9,44
-0.31,0.84,-0.05,6.35,-13.49,-108.34,0.90,109.36,2,548,9,65
-0.13,1.17,-0.06,11.05,-1.40,-123.54,1.18,124.04,2,503,13,88
-0.01,1.16,0.01,25.02,18.13,-98.08,1.16,102.84,3,481,17,114
0.07,1.06,0.02,24.11,34.91,-48.10,1.06,64.13,5,449,16,125
0.10,1.04,0.06,38.76,13.24,-28.63,1.05,49.97,11,467,19,130
-0.01,0.96,0.03,19.41,-2.87,-5.92,0.96,20.49,16,483,26,132
-0.00,0.97,0.04,8.54,-2.20,-5.74,0.97,10.52,21,496,34,128
-0.00,1.00,0.02,8.67,-1.59,-4.88,1.00,10.07,28,498,42,131
-0.00,0.98,0.03,12.51,-0.37,-2.81,0.98,12.83,34,496,52,134
0.00,0.99,0.04,12.57,-0.31,-2.14,0.99,12.76,48,490,60,141
-0.00,0.97,0.06,11.41,0.06,-2.26,0.97,11.64,61,487,75,145
0.01,0.97,0.06,6.53,-0.12,-2.20,0.97,6.89,86,488,83,143
0.00,0.98,0.06,2.87,-0.67,-1.89,0.98,3.50,116,486,92,151
0.00,0.98,0.06,1.53,-1.28,-1.71,0.98,2.63,144,484,98,152
0.00,0.99,0.05,-0.61,-0.98,-1.10,0.99,1.59,189,482,105,154
0.00,0.99,0.05,1.71,0.00,-0.61,0.99,1.81,194,484,109,156
0.00,0.99,0.06,3.11,0.18,-0.92,0.99,3.25,257,483,111,155
0.00,0.98,0.06,3.85,0.43,-0.92,0.98,3.98,234,487,111,153
0.00,0.98,0.06,2.81,0.61,-1.46,0.98,3.23,222,487,113,158
0.01,0.98,0.06,2.56,0.73,-1.34,0.98,2.99,252,490,115,153
0.00,0.98,0.06,0.92,0.85,-0.98,0.98,1.59,227,492,114,154
0.01,0.98,0.06,1.28,0.67,-0.67,0.98,1.60,305,493,120,152
0.00,0.98,0.06,1.65,0.92,-0.73,0.98,2.02,240,494,118,151
0.00,0.98,0.06,1.83,0.61,-0.55,0.98,2.01,254,496,115,152
0.00,0.98,0.06,1.65,0.61,-0.37,0.99,1.80,228,496,118,149
0.01,0.98,0.07,1.53,0.73,-0.37,0.98,1.73,240,497,118,145
0.00,0.98,0.06,0.61,0.49,-0.18,0.98,0.80,292,495,118,152
0.00,0.98,0.06,-0.06,0.06,0.00,0.98,0.09,244,496,120,153
0.00,0.98,0.06,-0.49,0.12,0.18,0.98,0.54,257,496,115,152
0.00,0.98,0.06,-2.32,0.00,0.61,0.98,2.40,311,497,114,152
0.00,0.98,0.06,-3.54,-0.67,0.73,0.98,3.68,274,498,115,152
-0.00,0.99,0.05,-3.72,-0.92,0.37,0.99,3.85,313,497,112,152
-0.01,0.99,0.05,-1.16,-0.67,-0.98,0.99,1.66,276,499,117,149
-0.00,0.99,0.05,0.37,0.18,-2.08,0.99,2.12,320,504,118,146
-0.00,1.00,0.05,-0.31,0.61,-3.54,1.00,3.61,268,513,123,134
-0.00,0.99,0.05,0.55,0.61,-6.04,0.99,6.10,259,529,127,110
0.00,1.04,0.04,5.68,-1.59,-12.15,1.04,13.50,264,557,127,73
-0.06,1.34,0.01,14.10,-2.32,-21.97,1.34,26.21,229,620,134,40
0.03,1.05,0.04,22.71,-3.97,-41.63,1.05,47.58,138,695,138,24
0.00,1.45,0.12,15.38,-5.25,-80.99,1.46,82.61,57,764,141,19
-0.05,1.45,0.17,16.48,-1.16,-121.40,1.46,122.52,24,789,138,16
-0.02,1.60,0.09,11.47,15.93,-170.29,1.60,171.42,11,806,140,14
0.06,1.66,-0.05,28.44,20.69,-215.09,1.66,217.94,5,825,125,12
0.15,1.79,-0.08,62.68,20.08,-254.46,1.80,262.83,2,847,71,10
0.39,1.54,-0.18,99.24,9.64,-263.79,1.60,282.01,1,807,40,13
-0.05,0.76,-0.41,118.96,-21.67,-198.49,0.86,232.42,1,802,20,21
-0.80,0.37,-0.54,-19.04,-67.14,-20.26,1.03,72.67,1,804,12,22
-0.63,0.74,-0.09,-43.21,-62.56,58.72,0.98,96.07,1,809,10,20
-0.59,0.45,-0.10,-20.45,-27.47,84.23,0.74,90.92,1,812,12,22
-0.45,0.56,-0.05,-48.28,-2.08,135.31,0.72,143.68,1,812,11,22
-0.20,0.71,0.10,-55.36,-11.47,167.48,0.74,176.77,1,815,14,23
-0.05,0.72,0.13,-54.69,-45.23,167.60,0.73,182.01,1,815,11,20
-0.10,0.96,0.32,-73.12,-81.18,164.18,1.01,197.21,1,818,14,22
-0.09,1.16,0.52,-79.77,-81.79,155.03,1.28,192.58,1,813,13,20
-0.18,1.43,0.65,-51.64,-7.57,142.76,1.58,152.00,1,814,14,20
0.24,1.42,0.39,-50.23,56.95,129.82,1.50,150.40,1,811,15,19
0.45,1.46,0.39,-41.02,91.13,105.90,1.58,145.60,1,812,13,19
0.64,1.49,0.47,-36.32,108.09,91.86,1.69,146.43,1,813,14,18
0.92,1.61,0.50,0.61,110.60,104.86,1.92,152.40,1,811,15,17
1.19,1.19,0.10,37.96,77.76,112.43,1.68,141.87,1,811,15,18
1.18,0.90,-0.27,26.43,13.55,97.96,1.51,102.36,1,808,12,19
1.04,0.77,-0.26,-15.81,-44.68,70.19,1.32,84.69,1,804,12,20
1.05,0.96,0.25,-53.28,-76.23,45.47,1.45,103.53,1,808,12,22
0.56,1.51,0.78,-31.37,17.40,-64.70,1.79,73.98,1,803,14,34
-0.22,0.90,0.07,-5.43,-11.72,-48.16,0.93,49.86,1,681,11,53
-0.26,1.07,-0.16,-6.90,-10.74,-79.47,1.11,80.49,1,579,9,74
-0.04,1.06,0.02,3.54,7.75,-81.85,1.06,82.29,1,537,13,89
