-,-,-
-0.01,0.98,0.03,1.46,0.98,-0.67,0.98,1.88,107,517,116,144
-0.02,0.98,0.03,1.46,1.28,-0.67,0.99,2.06,109,521,118,139
-0.01,0.98,0.03,0.79,1.22,-0.67,0.98,1.60,97,526,118,136
-0.02,0.98,0.03,1.16,1.34,-0.49,0.98,1.84,94,526,114,140
-0.01,0.99,0.02,1.16,1.16,-0.24,0.99,1.66,99,529,116,140
-0.01,0.98,0.02,1.22,1.22,-0.12,0.98,1.73,87,529,116,141
-0.02,0.99,0.02,0.67,1.34,0.18,0.99,1.51,87,524,111,140
-0.02,0.98,0.02,1.77,1.34,0.12,0.98,2.23,80,523,113,137
-0.02,0.99,0.02,1.16,1.28,-0.18,0.99,1.74,95,517,110,143
-0.02,0.98,0.03,1.59,1.22,-0.37,0.98,2.04,90,517,113,140
-0.02,0.98,0.03,1.71,1.16,-0.55,0.98,2.14,87,514,113,146
-0.02,0.99,0.03,2.20,0.98,-0.24,0.99,2.42,95,510,112,146
-0.02,0.98,0.03,2.62,1.16,0.18,0.99,2.88,89,508,116,146
-0.02,0.98,0.03,2.32,1.16,0.24,0.98,2.60,102,507,112,153
-0.02,0.98,0.02,1.04,1.22,0.24,0.98,1.62,101,504,116,153
-0.02,0.98,0.03,0.92,1.04,0.00,0.98,1.38,106,502,113,153
-0.02,0.99,0.02,1.34,1.40,0.00,0.99,1.94,102,501,117,153
-0.02,0.98,0.03,2.56,1.10,-0.37,0.99,2.81,96,499,113,157
-0.02,0.98,0.03,2.44,1.22,0.06,0.98,2.73,104,498,118,153
-0.02,0.99,0.03,2.14,1.46,-0.06,0.99,2.59,101,496,114,157
-0.02,0.99,0.03,2.75,0.98,-0.24,0.99,2.93,109,494,116,158
-0.02,0.98,0.03,4.27,0.85,-0.37,0.98,4.37,117,495,120,159
-0.02,0.98,0.03,5.00,0.73,-0.49,0.98,5.08,107,492,118,161
-0.02,0.98,0.03,4.64,1.28,-0.31,0.98,4.82,121,489,116,163
-0.02,0.98,0.04,3.60,1.53,-0.06,0.98,3.91,124,486,120,164
-0.02,0.99,0.04,2.08,1.22,0.24,0.99,2.42,117,484,120,168
-0.02,0.99,0.04,2.93,0.79,-0.37,0.99,3.06,138,483,119,170
-0.02,0.98,0.04,3.60,1.28,-0.37,0.98,3.84,113,479,123,172
-0.02,0.98,0.04,3.54,1.28,-0.31,0.98,3.78,129,477,117,172
-0.02,0.99,0.04,3.23,1.53,-0.12,0.99,3.58,124,476,123,167
-0.02,0.98,0.04,3.11,1.59,-0.12,0.98,3.50,133,474,118,176
-0.02,0.98,0.04,3.42,1.83,-0.18,0.99,3.88,127,469,120,172
-0.02,0.98,0.05,3.23,2.32,0.06,0.98,3.98,113,467,124,171
-0.02,0.99,0.04,2.93,3.30,0.00,0.99,4.41,107,465,119,175
-0.02,0.98,0.05,3.60,2.20,-0.31,0.98,4.23,119,466,120,175
-0.02,0.98,0.05,3.66,0.67,-0.18,0.99,3.73,123,465,116,177
-0.02,0.98,0.05,2.69,0.31,-0.06,0.98,2.70,120,468,120,169
-0.02,0.99,0.04,1.71,-0.18,-0.55,0.99,1.80,106,467,116,174
-0.02,0.99,0.05,2.26,0.24,-1.46,0.99,2.70,108,469,114,174
-0.01,0.99,0.04,3.36,0.37,-1.77,0.99,3.81,121,473,115,172
-0.03,1.00,0.05,4.46,0.67,-2.01,1.00,4.94,122,481,126,167
-0.02,0.97,0.06,3.23,0.98,-2.44,0.97,4.17,143,486,123,168
-0.01,0.97,0.06,2.62,0.85,-2.20,0.98,3.53,132,491,130,165
-0.02,0.99,0.05,-0.06,0.31,-2.20,0.99,2.22,147,497,134,163
-0.03,0.98,0.05,0.06,0.18,-3.05,0.98,3.06,139,505,139,146
-0.02,1.02,0.03,2.69,-0.92,-8.30,1.02,8.77,143,525,143,126
0.01,0.89,0.08,16.78,-0.61,-6.71,0.89,18.09,174,536,148,122
-0.01,0.98,0.07,1.89,-0.37,-2.14,0.99,2.88,180,534,155,119
-0.01,0.94,0.05,2.50,-0.61,-2.93,0.94,3.90,162,537,151,119
-0.01,1.01,0.08,5.25,-0.85,-3.36,1.01,6.29,176,544,158,115
-0.01,1.04,0.05,6.84,-2.99,-6.65,1.04,10.00,166,568,156,105
0.00,0.96,0.06,17.21,-3.72,-9.46,0.97,19.99,115,626,161,87
0.01,0.95,0.08,20.75,-2.20,-7.20,0.96,22.08,99,646,159,84
0.00,0.96,0.10,15.93,-0.92,-4.94,0.96,16.70,83,649,154,79
0.04,0.85,0.09,7.20,-1.71,-3.17,0.86,8.05,73,654,152,74
0.01,0.97,0.08,-2.44,0.31,2.32,0.97,3.38,73,646,146,76
-0.01,1.26,0.08,8.97,-4.52,-11.60,1.26,15.34,41,696,134,58
0.21,0.98,-0.04,53.89,0.61,-49.80,1.00,73.39,21,755,135,38
-0.05,1.56,0.09,27.22,12.51,-103.03,1.57,107.29,9,770,125,32
-0.11,1.71,0.12,25.39,19.96,-166.02,1.72,169.13,5,778,108,29
-0.07,1.67,0.04,43.03,26.37,-227.29,1.67,232.83,3,798,76,23
0.16,1.43,-0.06,80.38,25.94,-256.04,1.44,269.61,1,805,35,21
0.21,0.91,0.03,122.62,21.73,-190.00,0.93,227.18,1,758,11,26
0.20,-0.05,-0.46,86.61,4.94,-30.70,0.50,92.02,1,767,11,28
0.15,0.44,-0.19,38.39,-29.30,-1.65,0.50,48.32,1,787,13,28
-0.20,0.06,-0.15,9.09,-27.22,10.19,0.26,30.46,1,810,13,28
-0.34,0.01,-0.17,-6.29,-1.40,20.14,0.38,21.15,1,815,17,28
-0.41,0.10,-0.10,-31.25,20.20,32.78,0.44,49.59,1,825,14,28
-0.22,0.35,0.04,-35.28,29.91,37.35,0.42,59.45,1,839,18,26
0.11,0.55,0.10,-29.17,19.47,31.37,0.57,47.06,1,836,17,22
0.27,0.88,0.29,-41.20,-0.61,27.65,0.96,49.62,1,834,17,22
0.15,1.01,0.37,-7.39,-12.70,54.93,1.08,56.86,1,844,14,22
0.10,0.93,0.37,-5.19,-8.18,74.46,1.01,75.09,1,841,16,23
0.49,1.17,0.49,6.04,32.53,23.99,1.36,40.87,1,843,15,22
0.57,0.98,0.39,-7.87,49.80,-34.55,1.19,61.12,1,837,14,22
0.48,0.93,0.33,-6.35,46.69,-44.19,1.10,64.60,1,837,14,21
0.30,0.88,0.22,-9.46,44.98,-47.73,0.95,66.27,0,0,13,22
0.26,1.03,0.23,-20.51,61.34,-35.71,1.09,73.88,1,789,12,18
0.34,1.08,0.17,19.04,87.22,-17.94,1.14,91.06,1,831,13,19
0.56,0.79,-0.03,23.07,91.13,34.06,0.97,99.98,1,837,14,17
0.88,1.01,0.09,12.39,74.40,78.55,1.34,108.90,1,841,14,15
1.27,0.86,0.21,31.31,61.77,65.55,1.55,95.36,1,848,16,12
1.40,0.67,0.13,17.58,68.12,10.44,1.56,71.12,1,846,18,10
1.40,0.52,-0.24,28.81,42.18,23.38,1.51,56.17,1,847,19,11
1.16,0.38,-0.46,-0.12,-3.78,11.96,1.31,12.55,1,842,19,11
0.70,0.56,-0.29,-52.37,-38.15,-8.91,0.94,65.40,1,840,19,12
0.29,0.82,-0.12,-74.22,-50.60,-7.20,0.88,90.11,1,838,17,13
0.09,0.87,-0.14,-82.40,-52.67,5.62,0.89,97.96,1,836,19,14
0.27,0.85,-0.03,-100.71,-61.04,21.55,0.89,119.71,1,836,17,13
0.49,1.11,0.36,-101.26,-81.24,27.04,1.27,132.60,1,840,19,9
0.33,1.01,0.51,-44.43,-75.50,25.82,1.18,91.33,1,840,20,11
0.63,0.91,0.24,17.33,30.46,0.18,1.13,35.04,1,841,21,11
1.49,0.39,-0.05,76.29,65.37,-52.86,1.54,113.52,2,850,21,10
0.49,0.41,-0.20,68.97,5.86,62.07,0.67,92.97,2,864,42,6
0.23,1.73,0.04,-19.10,-22.34,100.34,1.75,104.56,3,890,100,10
0.21,1.61,-0.20,-21.00,-8.73,138.18,1.64,140.04,6,890,138,14
0.15,1.41,-0.10,-0.49,-6.77,97.90,1.43,98.14,7,889,145,20
0.17,1.01,-0.02,17.46,-0.37,51.70,1.03,54.57,9,862,157,22
0.10,1.20,0.03,16.78,-3.48,37.05,1.20,40.82,12,841,165,22
0.09,1.28,0.04,10.86,-2.44,9.09,1.28,14.38,16,823,169,21
0.13,1.03,0.04,9.89,1.04,-17.70,1.04,20.30,17,824,172,22
0.18,0.83,0.02,-3.72,0.55,-5.74,0.85,6.86,18,815,171,23
0.19,0.95,-0.04,-5.00,-0.12,5.74,0.97,7.61,20,807,176,22
0.15,0.97,0.02,3.91,0.00,12.51,0.98,13.11,25,797,176,20
0.15,0.96,0.02,4.27,0.31,15.26,0.97,15.85,30,786,182,19
0.13,1.03,0.02,0.43,1.04,15.44,1.03,15.48,37,780,180,19
0.12,1.07,-0.00,0.18,0.67,9.64,1.07,9.67,41,772,177,21
0.12,1.05,0.01,3.42,1.53,1.16,1.06,3.92,44,771,178,21
0.13,1.02,-0.01,7.45,2.20,-4.46,1.03,8.95,40,778,181,21
0.13,1.00,0.03,10.74,2.26,-7.69,1.01,13.40,35,790,184,22
0.15,1.01,0.01,11.90,3.11,-11.05,1.02,16.53,31,799,183,22
0.17,0.96,0.01,17.09,2.99,-11.78,0.98,20.97,24,815,180,22
0.16,0.92,0.04,16.05,1.59,-10.93,0.94,19.48,21,826,180,24
0.17,0.87,0.05,12.27,1.34,-4.82,0.89,13.25,20,830,180,22
0.16,1.01,0.03,10.74,0.98,-2.99,1.02,11.19,18,835,180,23
0.16,1.00,0.06,14.59,0.18,-9.03,1.01,17.16,18,846,180,23
0.16,0.93,0.08,10.25,0.98,-10.80,0.95,14.93,16,854,178,24
0.18,0.90,0.06,2.56,1.59,-6.59,0.92,7.25,17,856,180,25
0.20,0.95,0.01,5.49,0.00,-2.99,0.97,6.25,17,851,179,25
0.18,0.94,0.09,4.58,-1.04,5.19,0.96,7.00,20,842,177,26
0.17,0.95,0.07,2.20,-1.59,7.32,0.97,7.81,24,829,181,26
0.18,0.95,0.05,-2.62,-1.04,9.46,0.97,9.87,29,814,181,26
0.18,0.95,0.03,0.12,-0.67,11.78,0.97,11.80,34,804,182,27
0.16,0.95,0.05,4.03,0.12,11.66,0.96,12.33,37,797,177,26
0.13,0.94,0.13,1.46,0.37,16.42,0.96,16.49,42,788,177,28
0.15,0.93,0.05,-2.69,2.14,24.90,0.94,25.14,45,778,173,27
0.09,1.21,0.10,2.44,1.28,32.35,1.21,32.47,57,764,163,30
0.02,1.13,0.16,10.38,1.34,4.03,1.14,11.21,58,755,157,27
0.01,1.35,0.13,1.65,2.93,-20.26,1.35,20.54,38,782,151,30
0.13,1.26,-0.09,3.60,10.19,-66.47,1.27,67.34,18,834,149,30
0.26,0.94,-0.07,30.40,8.12,-63.72,0.98,71.06,9,848,146,31
0.18,1.24,0.16,36.13,-1.59,-54.38,1.26,65.31,7,845,139,28
0.03,1.72,0.28,21.30,-0.18,-93.69,1.74,96.08,5,848,122,23
-0.04,2.00,0.23,4.15,14.83,-172.18,2.02,172.87,4,860,107,14
0.14,2.23,-0.01,42.11,30.09,-255.92,2.23,261.10,3,851,62,16
0.53,1.88,0.07,80.69,27.22,-247.50,1.95,261.74,1,826,21,25
-1.10,-0.30,-0.80,83.74,4.70,29.54,1.39,88.92,1,803,13,24
-0.69,0.10,-0.50,17.03,30.03,14.77,0.86,37.55,1,809,13,26
-0.58,0.27,-0.18,-12.82,3.42,47.97,0.66,49.77,1,820,15,26
-0.50,0.08,-0.13,-10.25,-3.36,78.67,0.52,79.41,1,823,17,26
-0.51,0.18,0.01,-16.85,-8.91,102.17,0.54,103.93,1,826,17,26
-0.47,0.39,0.11,-13.12,-12.02,112.98,0.62,114.37,1,824,17,24
-0.28,0.46,0.09,-8.42,-21.06,127.50,0.55,129.50,1,828,18,23
-0.11,0.61,0.10,-13.67,-20.69,100.77,0.62,103.78,1,827,16,22
-0.12,0.95,0.05,-67.57,9.89,87.89,0.96,111.30,1,826,15,19
0.62,1.38,0.18,-52.80,32.65,65.92,1.52,90.55,1,828,18,17
0.61,1.76,0.23,25.45,29.24,102.72,1.88,109.79,1,829,18,17
1.19,1.38,0.12,47.91,15.62,78.86,1.83,93.59,1,831,18,15
1.11,0.69,-0.17,39.61,54.44,7.14,1.31,67.71,1,836,17,16
1.06,0.65,-0.22,-68.66,83.01,-29.91,1.26,111.80,1,820,19,14
1.07,1.15,0.06,-99.37,77.70,-35.46,1.57,131.03,1,819,17,12
1.05,1.02,0.03,-67.69,49.93,-43.09,1.46,94.50,1,818,19,11
0.88,0.77,-0.13,-65.37,31.92,-52.31,1.18,89.60,1,817,17,9
0.90,0.81,-0.12,-68.12,49.68,-47.36,1.21,96.70,1,814,16,5
1.05,0.67,-0.16,-45.72,54.81,-42.36,1.26,83.00,1,811,17,4
1.13,0.59,-0.10,-44.68,8.97,-37.41,1.29,58.96,1,803,18,5
0.88,0.77,-0.03,-53.16,-23.80,-47.97,1.17,75.46,1,801,17,4
0.79,1.03,0.04,-31.25,-21.00,-48.03,1.30,61.03,1,792,17,3
0.26,1.92,0.25,194.52,-49.93,104.31,1.95,226.30,3,842,50,3
0.06,1.47,-0.03,70.13,-13.92,200.01,1.47,212.41,11,819,105,13
-0.04,1.53,0.08,106.57,-5.62,132.39,1.53,170.04,23,788,136,16
0.11,1.01,0.14,76.48,0.73,48.89,1.03,90.77,33,774,149,25
0.15,0.85,0.09,32.71,-0.61,22.71,0.87,39.83,38,771,156,29
0.13,1.12,-0.04,10.25,-1.53,13.12,1.13,16.72,45,774,158,32
0.15,0.95,0.02,28.75,-4.94,0.67,0.96,29.18,53,765,165,29
0.11,0.71,0.17,14.16,-3.42,15.75,0.74,21.45,62,753,161,31
0.08,0.95,0.08,-8.54,-0.43,32.65,0.96,33.76,83,742,164,28
0.06,1.16,0.03,-13.12,1.40,26.31,1.16,29.43,97,742,164,26
0.07,1.16,0.02,-3.85,1.65,5.74,1.16,7.10,107,739,166,24
0.07,1.00,0.08,4.09,1.59,-10.07,1.01,10.98,108,743,168,25
0.10,0.99,0.04,0.18,1.22,-16.60,1.00,16.65,90,750,170,24
0.10,0.89,0.06,4.88,0.98,-13.37,0.90,14.26,84,756,170,25
0.11,0.98,0.05,4.39,1.22,-5.92,0.99,7.47,79,756,163,25
0.10,0.95,0.06,8.54,1.46,-1.89,0.96,8.87,75,761,169,26
0.11,0.99,0.07,10.01,1.34,1.10,1.00,10.16,68,768,166,24
0.09,1.03,0.08,13.06,1.16,1.34,1.04,13.18,62,775,167,23
0.09,0.98,0.10,15.99,1.28,0.79,0.99,16.06,52,777,166,26
0.09,1.04,0.13,20.45,0.00,1.16,1.05,20.48,45,781,166,26
0.08,1.12,0.08,17.40,-0.43,-11.84,1.12,21.05,43,787,159,27
0.14,0.92,0.04,19.23,-0.55,-21.24,0.93,28.65,39,791,164,25
0.19,0.65,0.10,13.92,-1.77,-4.03,0.68,14.60,43,785,167,23
0.10,1.05,0.13,3.05,-3.48,7.69,1.06,8.98,51,782,169,23
0.11,1.10,0.09,13.00,-2.38,-7.93,1.11,15.42,54,785,167,22
0.14,0.88,0.10,22.22,-1.40,-6.96,0.89,23.32,43,799,167,21
0.15,0.89,0.09,20.69,-2.32,3.17,0.91,21.06,37,808,161,23
0.08,1.17,0.19,18.55,-2.50,12.51,1.19,22.52,32,808,148,25
-0.02,1.80,0.27,19.35,3.42,-15.26,1.82,24.88,16,818,142,27
-0.09,2.10,0.22,33.14,14.40,-103.88,2.11,109.99,8,837,132,24
-0.16,2.14,0.10,54.20,20.63,-194.46,2.15,202.92,3,843,116,18
-0.25,1.84,0.12,78.80,19.84,-278.26,1.86,289.88,2,851,89,13
-0.25,1.37,0.10,107.60,23.01,-330.99,1.40,348.81,1,845,60,11
-0.04,0.88,0.05,133.54,26.06,-319.76,0.88,347.51,1,829,48,17
-0.64,0.08,-0.06,147.89,32.71,-260.31,0.65,301.17,1,825,31,31
-1.23,0.46,-0.26,-5.55,-10.62,36.74,1.34,38.65,0,0,9,28
-0.32,0.17,-0.20,0.79,-33.81,159.30,0.42,162.85,1,766,15,27
-0.29,0.42,-0.01,-33.81,-47.97,147.89,0.51,159.11,0,0,12,28
-0.12,0.51,-0.00,-35.64,-51.76,183.41,0.52,193.88,1,757,12,28
-0.09,0.65,0.09,-59.57,-44.13,193.97,0.66,207.65,0,0,12,24
0.25,0.95,0.26,-73.18,-6.04,172.85,1.02,187.80,1,761,13,25
0.72,0.96,0.31,-68.42,2.99,113.59,1.24,132.64,1,821,15,23
0.78,0.90,0.47,-99.85,-23.62,82.76,1.28,131.83,1,828,15,21
0.63,1.33,0.64,-127.93,18.43,2.93,1.60,129.28,1,823,14,18
0.71,1.24,0.52,-83.62,96.50,4.15,1.53,127.75,1,816,14,16
1.32,1.01,0.23,-54.99,138.73,20.02,1.67,150.57,1,810,15,14
1.54,0.76,0.06,-33.87,95.40,0.79,1.72,101.24,1,819,15,13
1.31,0.48,0.04,-60.73,16.72,12.88,1.40,64.29,1,817,15,11
0.98,0.69,0.25,-79.47,-21.97,31.80,1.23,88.37,1,810,16,10
0.92,0.58,0.11,-61.83,12.27,16.11,1.09,65.06,1,800,15,7
1.25,0.42,-0.20,-56.76,48.16,-4.15,1.34,74.55,1,792,16,5
1.45,0.60,-0.21,-73.73,27.16,-44.07,1.58,90.09,1,776,18,5
1.17,0.84,-0.14,-37.23,3.48,-68.97,1.44,78.45,2,773,15,6
-1.09,2.04,0.45,6.10,-43.09,-58.59,2.36,72.99,2,794,31,6
0.16,1.29,-0.37,81.67,-40.34,205.44,1.36,224.73,6,834,91,8
0.13,1.09,-0.10,92.16,-14.04,184.14,1.10,206.40,13,797,131,13
-0.03,1.32,0.34,60.97,-3.72,101.62,1.36,118.57,21,792,156,15
0.07,1.33,0.17,-4.33,5.31,59.39,1.34,59.78,29,781,167,18
0.15,1.12,-0.06,-3.54,2.93,31.31,1.14,31.65,34,785,171,17
0.11,1.14,-0.01,10.50,-0.92,13.67,1.14,17.26,40,781,176,19
0.13,0.89,0.00,17.58,-1.22,8.79,0.90,19.69,40,787,174,18
0.11,0.85,0.05,7.02,-0.61,21.18,0.86,22.32,43,780,171,19
0.09,0.92,0.04,2.81,0.06,35.95,0.93,36.06,49,779,177,19
0.05,1.14,0.01,22.22,3.72,41.87,1.14,47.55,68,763,171,21
0.01,1.15,0.08,17.58,0.98,34.30,1.15,38.56,86,734,171,27
-0.01,1.03,0.08,14.10,-1.40,12.76,1.03,19.07,120,718,176,31
-0.00,1.06,0.09,5.31,-3.30,-11.35,1.06,12.96,89,750,177,28
0.05,1.08,0.02,-6.29,-1.34,-30.15,1.09,30.83,55,793,177,24
0.09,0.96,-0.00,-0.24,4.27,-33.87,0.96,34.14,44,799,175,21
0.09,0.97,0.01,7.26,2.69,-32.35,0.97,33.26,34,809,175,20
0.11,0.89,0.06,9.46,1.65,-26.49,0.89,28.18,29,813,176,18
0.14,0.78,0.04,5.92,1.83,-11.96,0.79,13.47,28,815,172,19
0.13,0.87,0.06,1.65,0.55,1.10,0.88,2.06,28,813,174,19
0.12,0.94,0.04,2.87,-0.31,9.03,0.95,9.48,31,810,177,19
0.10,0.98,0.06,2.44,-0.12,11.90,0.99,12.15,33,811,178,14
0.08,1.04,0.09,1.40,-0.06,8.79,1.04,8.90,34,811,175,16
0.08,1.05,0.06,-6.47,1.22,4.03,1.05,7.72,34,814,177,18
0.11,1.05,0.01,-3.48,1.16,-0.55,1.05,3.71,35,814,177,16
0.09,1.03,0.10,1.46,0.67,-1.89,1.04,2.49,35,812,175,18
0.11,0.93,0.02,3.97,0.49,-5.80,0.93,7.04,36,813,171,17
0.09,1.03,0.04,6.96,-1.16,-3.72,1.04,7.98,37,815,174,17
0.17,0.76,-0.01,15.93,0.12,-1.22,0.78,15.98,34,830,174,19
0.08,0.97,0.06,11.35,-5.62,15.93,0.97,20.35,39,815,169,16
0.06,1.01,0.10,9.40,-2.69,13.79,1.01,16.91,40,810,167,16
0.10,1.02,0.05,10.86,-0.85,11.29,1.03,15.69,40,812,161,20
0.06,1.16,0.06,16.85,-0.49,10.44,1.17,19.82,39,817,148,20
-0.02,1.65,0.16,21.36,0.37,-10.62,1.66,23.86,23,827,139,21
-0.10,1.78,0.14,22.71,9.34,-128.72,1.79,131.04,12,837,137,18
-0.18,1.97,0.04,22.16,21.55,-227.11,1.97,229.20,6,846,126,13
-0.18,1.78,-0.09,50.48,17.46,-313.72,1.79,318.23,3,853,107,7
0.06,1.83,0.04,81.05,18.62,-357.42,1.83,366.97,2,826,55,10
-0.16,0.86,-0.18,76.60,8.06,-289.37,0.89,299.44,1,814,25,23
-1.96,0.08,-0.61,-4.15,-18.43,29.97,2.05,35.43,1,798,11,23
-0.77,-0.08,-0.20,-10.13,-3.85,73.36,0.80,74.16,1,813,14,22
-0.66,0.04,-0.16,-10.44,-24.66,120.30,0.68,123.24,1,819,12,25
-0.43,0.16,-0.14,-18.37,-37.78,148.25,0.48,154.09,1,818,13,24
-0.08,0.42,-0.14,-34.97,-58.90,141.66,0.45,157.35,1,827,16,24
-0.17,0.86,0.08,-63.84,-46.33,151.43,0.88,170.74,1,827,17,24
0.44,1.17,0.17,-79.71,-22.28,142.21,1.26,164.54,1,832,16,23
0.74,1.26,0.30,-74.40,-29.48,83.86,1.49,115.92,2,829,19,17
0.73,1.69,0.53,-46.33,-14.65,63.90,1.92,80.28,1,826,17,18
0.94,1.10,0.30,-17.09,-19.04,9.46,1.48,27.28,1,822,19,17
0.66,1.03,0.35,-53.04,-3.11,-12.27,1.27,54.53,1,816,15,15
0.74,1.09,0.36,-60.61,48.89,-19.23,1.36,80.21,1,817,15,13
0.99,0.92,0.17,-45.72,89.42,-31.25,1.36,105.17,1,814,15,12
1.22,0.82,0.00,-34.00,73.91,-45.41,1.47,93.17,1,811,16,12
1.08,0.64,0.03,-65.67,15.50,-37.60,1.25,77.25,1,816,15,8
0.89,0.87,0.32,-59.20,15.32,-27.65,1.29,67.11,1,816,12,7
0.96,0.82,0.25,-18.31,29.79,-27.83,1.29,44.69,1,815,15,5
1.04,0.83,0.20,9.46,36.87,-44.31,1.34,58.41,1,816,13,5
0.92,0.75,0.13,36.19,42.24,-66.10,1.19,86.39,1,817,15,6
0.83,0.57,-0.10,39.06,50.72,-80.57,1.01,102.90,1,828,20,5
1.32,0.54,-0.86,119.63,28.32,111.63,1.67,166.06,2,870,70,6
0.04,2.29,-0.10,-17.03,11.84,204.65,2.30,205.70,6,885,127,10
0.09,1.97,-0.04,25.94,5.37,144.41,1.97,146.82,11,834,146,16
-0.01,1.27,0.27,79.41,-4.88,72.94,1.30,107.93,15,804,162,17
0.02,0.88,0.26,13.61,-1.71,47.61,0.92,49.54,23,796,172,20
0.11,1.29,-0.08,-28.81,4.94,26.18,1.29,39.24,30,799,174,19
0.12,1.18,-0.12,-8.67,1.53,10.62,1.19,13.79,35,796,174,19
0.12,0.91,-0.03,7.14,-0.24,9.03,0.92,11.52,40,791,172,19
0.12,0.96,-0.05,9.58,0.43,25.09,0.97,26.86,50,785,175,21
0.06,1.08,-0.00,22.52,-1.71,25.88,1.08,34.35,63,769,171,21
0.03,1.04,0.04,21.97,-3.11,12.45,1.04,25.45,72,763,178,19
0.05,1.02,0.04,13.49,-1.34,0.18,1.02,13.56,66,767,172,21
0.07,1.00,-0.01,8.54,-0.85,-7.45,1.00,11.37,52,781,175,19
0.06,0.98,0.04,5.68,-1.95,-9.09,0.98,10.90,45,790,176,17
0.08,0.95,0.02,3.85,-0.12,-10.86,0.96,11.53,40,789,167,19
0.08,0.97,0.02,2.50,0.55,-11.47,0.98,11.76,38,790,176,18
0.09,0.91,0.03,2.26,0.98,-9.58,0.91,9.89,39,791,171,19
0.10,0.86,0.02,-1.53,1.22,-1.89,0.86,2.72,39,789,176,16
0.09,0.87,0.05,-5.80,0.98,8.48,0.88,10.32,42,786,175,18
0.06,1.16,-0.04,-6.90,0.18,18.49,1.16,19.74,49,776,171,16
0.04,1.08,0.04,3.60,-1.65,21.67,1.08,22.03,62,762,169,20
0.04,1.04,0.06,7.75,-1.10,13.61,1.04,15.70,73,754,173,18
0.02,1.00,0.06,3.48,-1.16,7.20,1.00,8.08,86,740,171,21
0.03,1.05,0.03,2.81,-0.49,3.05,1.06,4.18,85,737,172,21
0.05,0.97,0.07,10.25,-2.01,-1.77,0.98,10.60,105,728,166,22
0.00,1.06,0.09,4.21,-2.44,-7.02,1.07,8.54,98,732,171,19
0.06,1.04,0.03,0.92,-2.01,-24.84,1.04,24.94,77,764,175,19
0.08,0.97,0.02,6.04,-0.61,-23.50,0.98,24.27,61,784,171,17
0.08,0.96,0.05,8.97,0.06,-15.69,0.97,18.07,50,795,169,18
0.09,1.06,0.03,12.02,-1.89,-11.60,1.07,16.81,46,802,168,19
0.08,1.04,0.10,14.53,-2.14,-16.66,1.05,22.21,45,807,158,19
0.06,1.31,0.04,-0.67,2.14,-39.73,1.31,39.80,33,821,160,16
0.13,1.35,-0.04,10.50,11.23,-74.40,1.36,75.97,21,822,157,17
0.05,1.59,0.08,14.77,12.21,-109.80,1.59,111.46,13,839,150,15
0.01,1.67,0.07,11.96,12.94,-174.62,1.67,175.51,8,857,137,12
-0.01,1.46,0.09,14.34,17.76,-247.68,1.47,248.73,5,866,117,9
0.12,1.36,0.10,33.14,25.82,-289.55,1.37,292.58,3,848,77,7
0.38,1.16,0.08,35.64,31.80,-293.82,1.23,297.68,1,819,43,8
0.35,1.30,0.22,47.00,29.72,-250.12,1.36,256.23,1,830,28,21
-1.31,-0.52,-0.50,50.23,-19.78,92.35,1.49,106.97,1,809,10,21
-0.77,0.34,0.19,40.53,-52.67,103.82,0.86,123.27,1,815,13,22
-0.56,-0.05,-0.30,67.75,-15.56,129.03,0.64,146.56,1,819,14,24
-0.46,0.26,-0.18,16.78,-4.82,151.31,0.56,152.31,1,826,15,25
-0.00,0.55,-0.15,-2.14,2.38,155.76,0.57,155.79,1,827,13,23
0.07,0.76,0.01,-25.09,-12.15,131.10,0.76,134.03,1,827,14,23
0.24,1.00,0.09,-29.24,-5.74,148.93,1.03,151.88,1,828,13,23
0.48,1.15,0.07,-40.71,-3.54,139.16,1.25,145.04,1,829,15,21
0.78,1.43,0.20,-45.72,16.54,98.88,1.64,110.18,2,826,15,17
0.90,1.24,0.07,-33.81,30.88,24.96,1.53,52.16,2,819,14,14
0.77,1.10,0.08,-33.02,27.95,12.63,1.35,45.07,1,821,15,17
0.73,1.08,0.10,-36.19,40.53,4.39,1.31,54.51,1,825,13,14
0.80,1.03,0.06,-36.74,62.56,-5.19,1.30,72.74,1,820,15,12
0.95,1.08,0.10,-34.73,64.70,-13.67,1.44,74.69,1,824,14,14
0.98,0.88,0.05,-28.87,37.60,-7.75,1.32,48.03,1,828,13,11
0.85,0.95,0.14,-35.10,6.10,5.25,1.28,36.01,1,825,12,9
0.73,0.92,0.14,-15.81,-3.36,12.39,1.18,20.36,1,825,13,7
0.69,0.77,0.05,0.49,3.17,8.18,1.03,8.79,1,822,14,7
0.62,0.70,0.04,1.65,19.65,-6.53,0.93,20.78,1,823,15,7
0.65,0.67,-0.09,16.60,44.56,-11.90,0.94,49.02,1,826,14,6
0.79,0.62,-0.15,7.39,40.89,-25.39,1.02,48.70,1,825,14,6
0.67,0.66,-0.05,-4.21,30.27,-41.14,0.94,51.25,1,817,14,5
0.68,0.70,-0.13,-7.39,30.40,-49.68,0.98,58.71,1,821,15,6
0.77,0.71,-0.12,-13.12,11.84,-55.48,1.06,58.23,1,828,20,5
0.86,0.34,-0.50,69.15,-7.26,111.63,1.05,131.52,3,856,73,12
-0.13,2.50,-0.41,1.46,-2.20,244.75,2.54,244.77,8,848,122,12
0.08,1.60,0.05,67.99,1.28,138.49,1.60,154.28,12,808,140,16
-0.09,1.24,0.39,90.15,-5.49,76.05,1.31,118.07,20,787,149,23
0.01,0.93,0.23,24.35,-6.35,49.13,0.96,55.20,27,784,159,23
0.03,1.18,0.09,-21.79,-0.67,19.96,1.19,29.56,39,781,159,21
0.02,1.09,0.05,-20.08,2.75,3.11,1.09,20.51,57,769,165,24
0.06,1.03,-0.00,-24.54,2.08,-1.59,1.03,24.67,76,756,168,25
0.07,1.01,-0.05,-2.87,1.10,1.89,1.01,3.61,90,749,170,26
0.05,1.00,0.01,11.72,1.22,10.07,1.00,15.50,115,732,168,26
0.03,1.00,0.03,16.91,-0.49,12.02,1.00,20.75,131,710,169,32
0.01,0.97,0.06,11.60,-1.04,9.52,0.97,15.04,160,694,169,37
0.01,1.00,0.04,4.33,-0.73,0.37,1.00,4.41,155,690,170,35
0.02,0.98,0.04,0.18,-0.37,-4.03,0.98,4.05,155,699,172,35
0.03,0.99,0.04,-2.99,-0.73,-8.24,0.99,8.80,123,725,172,30
0.04,0.98,0.01,-4.21,0.43,-7.45,0.98,8.57,118,747,171,26
0.04,1.00,0.01,-1.53,1.22,-4.46,1.00,4.87,100,755,173,26
0.04,1.00,0.01,3.36,1.28,-4.52,1.00,5.77,101,763,173,23
0.05,0.97,0.03,4.76,1.34,-4.70,0.97,6.82,92,770,167,20
0.04,0.98,0.04,3.17,0.92,-4.15,0.98,5.30,78,774,173,19
0.05,1.00,0.02,0.79,0.61,-5.74,1.00,5.82,75,782,171,17
0.06,0.91,0.02,4.33,0.79,-5.62,0.91,7.14,65,786,166,19
0.06,0.93,0.00,3.05,0.49,3.11,0.93,4.39,67,784,170,19
0.05,1.03,0.03,8.73,-0.43,1.34,1.03,8.84,67,783,167,18
0.04,0.99,0.05,11.23,-0.92,-2.50,1.00,11.54,63,790,167,18
0.04,0.90,0.07,6.96,-0.31,-1.71,0.91,7.17,64,790,168,17
0.05,0.98,0.01,1.53,0.06,-0.06,0.98,1.53,62,789,169,18
0.05,1.09,0.03,5.19,-0.24,-3.60,1.09,6.32,58,797,168,18
0.04,1.00,0.07,6.23,0.43,-12.39,1.00,13.87,49,809,166,17
0.08,0.85,0.03,6.23,1.28,-5.07,0.85,8.13,47,815,168,17
0.08,1.00,0.09,12.21,0.00,10.74,1.01,16.26,48,811,165,18
0.00,1.14,0.12,13.67,-1.40,0.79,1.15,13.77,51,813,163,16
0.04,1.15,0.07,17.40,0.18,-13.67,1.16,22.13,41,822,160,19
-0.02,1.55,0.17,19.84,3.42,-32.10,1.56,37.89,28,831,153,21
-0.15,1.99,0.16,18.80,11.72,-102.66,2.01,105.02,13,857,139,16
-0.26,2.20,0.09,17.58,23.68,-219.97,2.22,221.94,6,856,130,11
-0.40,2.03,-0.10,42.79,23.07,-323.36,2.07,327.00,3,866,107,8
-0.06,2.15,-0.07,108.15,30.03,-373.05,2.16,389.57,1,839,46,9
-1.67,0.34,-0.30,186.10,13.37,-260.13,1.73,320.12,1,835,21,26
-1.04,-0.72,-0.76,29.24,22.64,22.46,1.48,43.27,1,814,13,25
-0.87,0.17,-0.18,7.69,46.88,77.70,0.91,91.07,1,819,11,25
-0.50,-0.07,-0.20,-6.90,37.05,115.78,0.54,121.76,1,820,13,26
-0.06,0.26,-0.22,-14.95,7.87,136.05,0.35,137.09,1,821,16,26
-0.16,0.87,0.06,-37.05,-20.75,143.86,0.89,150.00,1,822,15,24
0.24,1.00,-0.02,-35.64,-2.14,148.19,1.03,152.43,1,822,15,24
0.57,1.34,0.12,-46.51,4.33,146.67,1.47,153.93,1,819,14,21
0.83,1.45,0.25,-47.12,38.76,99.67,1.69,116.86,2,821,15,21
0.88,1.21,0.12,-28.38,77.94,39.12,1.50,91.71,1,820,14,18
0.81,1.28,0.19,-37.90,74.46,36.62,1.53,91.23,1,819,17,16
0.84,1.18,0.15,-24.17,50.72,14.83,1.46,58.11,1,817,14,15
0.68,1.10,0.08,-14.77,34.73,2.69,1.30,37.83,1,821,15,14
0.67,0.98,-0.03,-13.24,24.54,1.40,1.19,27.92,1,816,12,14
0.76,0.92,-0.09,-26.12,10.62,-0.73,1.20,28.21,1,818,13,12
0.73,0.82,-0.04,-41.02,-0.73,-2.93,1.10,41.13,1,817,15,12
0.75,0.90,0.05,-46.69,1.10,5.31,1.17,47.01,1,816,15,9
0.77,0.85,0.11,-31.01,14.95,1.95,1.15,34.48,1,818,16,8
0.76,0.82,0.15,-16.91,37.41,-3.23,1.13,41.18,1,818,14,6
0.78,0.71,0.13,1.71,55.05,-7.08,1.06,55.53,1,817,16,6
0.89,0.78,0.02,9.83,48.03,-27.71,1.19,56.32,1,815,13,6
0.81,0.60,-0.15,1.65,24.66,-44.43,1.01,50.84,1,812,13,6
0.65,0.96,-0.04,-23.38,22.16,-60.12,1.16,68.20,1,815,14,6
0.82,1.07,-0.05,29.36,25.63,-76.54,1.35,85.89,1,819,15,6
-1.57,1.47,0.33,83.92,-10.62,-58.84,2.17,103.04,1,843,40,4
0.48,0.61,-0.64,-25.09,-15.01,149.29,1.01,152.13,5,875,104,8
-0.00,1.35,-0.39,70.25,-9.77,147.95,1.41,164.07,13,836,134,11
0.17,1.11,-0.13,68.24,-2.32,79.77,1.13,105.00,23,803,157,13
0.11,0.99,0.10,30.64,-0.73,49.07,1.00,57.86,39,776,160,20
0.11,1.04,0.10,-29.60,2.38,22.46,1.05,37.23,69,752,169,23
0.13,1.12,-0.03,-23.74,2.14,4.64,1.13,24.29,110,735,173,23
0.15,1.02,-0.08,-10.99,0.18,-2.50,1.03,11.27,135,726,169,23
0.15,0.94,-0.06,2.14,0.18,1.04,0.95,2.38,161,729,172,22
0.14,1.00,-0.05,7.69,0.37,7.20,1.01,10.54,173,725,178,24
0.12,1.03,-0.02,13.79,-0.55,6.35,1.03,15.19,222,718,178,21
0.12,1.00,-0.01,13.06,-1.77,-0.85,1.00,13.21,177,718,178,23
0.13,0.98,0.00,9.16,-1.10,-4.70,0.99,10.35,167,725,176,20
0.13,0.96,-0.00,3.78,-0.37,-6.41,0.97,7.45,143,735,172,19
0.14,0.98,-0.03,2.44,-0.06,-6.47,0.99,6.92,133,744,173,14
0.14,0.95,-0.02,6.71,-0.06,-5.19,0.96,8.48,120,748,176,18
0.15,0.94,-0.01,7.57,0.00,-2.38,0.95,7.93,118,756,177,15
0.15,0.92,-0.01,6.10,0.43,1.40,0.94,6.28,111,756,176,16
0.15,0.97,-0.02,7.14,0.31,5.98,0.98,9.32,120,753,177,17
0.14,0.96,0.01,10.99,0.12,7.63,0.97,13.38,145,747,179,15
0.13,0.98,0.02,9.77,0.00,8.61,0.98,13.02,141,743,175,16
0.12,1.01,0.02,7.75,-0.31,6.84,1.01,10.34,152,735,178,15
0.12,1.00,0.03,9.03,-1.22,2.08,1.01,9.35,153,733,177,16
0.11,1.01,0.03,6.16,-0.98,-3.54,1.01,7.18,153,738,171,15
0.13,1.05,0.01,6.16,-1.53,-10.56,1.06,12.32,122,752,177,14
0.12,1.03,0.06,6.71,-1.28,-18.19,1.04,19.43,89,777,178,11
0.12,1.08,0.05,1.34,0.18,-27.53,1.09,27.56,60,808,176,12
0.13,1.10,0.03,0.67,2.32,-39.73,1.11,39.81,45,825,176,10
0.15,1.10,0.03,0.06,4.27,-55.48,1.11,55.65,33,849,173,9
0.17,1.16,0.02,0.06,7.20,-78.86,1.18,79.19,23,862,173,10
0.19,1.32,-0.02,0.67,6.96,-106.08,1.34,106.31,16,870,171,9
0.22,1.55,-0.06,14.10,4.58,-144.53,1.56,145.29,10,871,163,10
0.16,1.80,-0.04,26.12,3.91,-217.59,1.81,219.19,7,871,143,8
0.31,1.74,-0.10,69.40,15.14,-269.71,1.77,278.91,3,863,86,5
0.74,1.84,-0.01,35.34,8.18,-264.77,1.98,267.24,1,839,40,5
-0.44,0.30,-0.53,84.66,-17.76,-211.24,0.75,228.27,1,822,18,14
-0.45,0.85,-0.38,-3.66,-76.72,-26.31,1.04,81.19,1,816,13,13
-0.68,0.71,-0.09,-3.78,-89.54,24.35,0.99,92.87,1,814,12,13
-0.74,0.59,-0.06,20.51,-39.79,83.92,0.95,95.12,1,818,11,15
-0.58,0.45,-0.20,30.94,12.39,139.53,0.76,143.45,1,824,13,16
-0.35,0.43,-0.35,7.87,35.10,187.32,0.66,190.74,1,829,12,15
-0.03,0.81,-0.24,-27.89,21.06,219.48,0.84,222.25,1,832,13,17
0.32,0.83,-0.11,-50.96,-5.74,185.00,0.89,191.97,1,827,13,17
0.08,1.47,0.27,-80.51,22.22,164.55,1.50,184.53,1,831,15,13
0.39,1.48,0.14,-42.11,78.12,147.64,1.54,172.27,2,829,16,15
0.77,1.53,0.07,-38.27,106.69,142.33,1.72,181.95,2,828,18,14
1.18,1.44,0.07,-19.59,121.64,106.02,1.86,162.54,2,825,18,16
1.13,1.23,0.06,-9.16,125.79,60.85,1.68,140.04,2,821,19,13
0.99,1.11,0.01,6.23,138.98,33.14,1.48,143.01,2,820,17,11
1.13,0.98,-0.05,16.72,136.66,20.75,1.49,139.23,1,814,15,12
1.20,0.79,-0.10,39.37,115.66,27.65,1.44,125.27,2,816,17,10
1.27,0.63,-0.16,-0.18,81.30,4.94,1.43,81.45,2,812,17,11
1.10,0.67,-0.15,0.55,90.82,-21.61,1.30,93.36,2,811,17,8
1.85,0.06,0.24,76.84,84.23,27.22,1.87,117.22,4,800,32,13
0.06,1.06,-0.05,-25.45,-5.19,46.45,1.07,53.22,10,770,53,12
0.01,1.19,-0.02,-26.06,4.70,3.72,1.19,26.74,23,733,81,19
0.11,1.22,-0.20,-10.74,-2.26,-16.91,1.24,20.16,39,717,106,24
0.11,1.01,-0.05,38.09,-4.03,-24.35,1.01,45.39,52,713,125,24
0.08,0.85,0.13,32.78,-5.19,-16.85,0.86,37.21,67,718,135,26
0.09,0.86,0.09,-7.14,-2.99,-10.31,0.87,12.90,90,716,147,25
0.10,0.99,0.01,-21.18,-0.98,-7.63,1.00,22.53,120,712,155,22
0.11,0.96,0.01,-18.19,-1.40,-8.97,0.97,20.33,180,708,157,23
0.11,1.00,-0.03,-20.45,-0.24,-5.07,1.01,21.07,182,705,160,23
0.12,1.04,-0.06,-12.27,-0.55,-6.84,1.05,14.05,185,705,167,20
0.12,1.03,-0.04,-0.55,-0.55,-8.91,1.04,8.94,208,712,168,17
0.12,0.99,-0.02,4.58,-0.61,-9.34,0.99,10.42,168,723,170,16
0.12,1.01,-0.02,2.26,-0.55,-11.78,1.01,12.01,160,739,171,16
0.13,1.01,-0.01,0.37,-0.18,-16.17,1.01,16.18,121,759,171,16
0.14,1.02,-0.01,-5.43,-0.55,-22.52,1.03,23.17,93,781,173,16
0.16,0.98,-0.03,-7.39,0.98,-27.83,1.00,28.81,73,796,176,14
0.18,0.97,-0.05,-1.40,1.34,-28.75,0.99,28.81,55,808,177,12
0.20,0.91,-0.05,1.28,1.89,-25.02,0.94,25.13,44,814,176,13
0.21,0.93,-0.04,2.38,1.71,-19.71,0.96,19.93,44,817,176,10
0.22,0.92,-0.02,4.46,1.59,-14.16,0.95,14.93,43,816,177,11
0.23,0.94,-0.04,4.88,0.92,-9.77,0.97,10.96,43,816,176,10
0.23,1.02,-0.05,9.40,0.06,-8.24,1.05,12.50,46,817,178,10
0.22,1.03,-0.01,18.19,-1.46,-12.27,1.05,21.99,44,819,176,10
0.22,1.03,0.00,18.86,-1.71,-20.81,1.06,28.14,39,830,178,11
0.25,1.12,-0.03,16.36,-1.53,-43.27,1.15,46.29,32,846,175,10
0.20,1.33,0.02,20.26,-1.53,-72.27,1.35,75.07,23,862,174,11
0.20,1.36,0.02,23.86,-0.49,-116.15,1.38,118.58,18,860,171,10
0.20,1.62,0.01,16.36,0.37,-170.29,1.63,171.07,12,859,168,9
0.21,1.84,0.00,27.22,5.86,-235.60,1.86,237.24,8,864,153,8
0.45,1.96,-0.05,57.19,19.96,-298.95,2.01,305.02,3,868,82,6
0.85,1.92,0.05,44.98,22.71,-316.22,2.10,320.21,1,827,41,4
0.22,1.27,-0.15,75.44,8.24,-290.28,1.30,300.04,1,828,18,15
-1.03,0.11,-0.53,37.23,-23.62,-106.26,1.16,115.05,1,812,11,17
-0.54,0.64,-0.18,-33.14,-72.88,107.12,0.85,133.73,1,815,10,14
-0.56,0.70,0.06,-12.45,-63.29,123.84,0.89,139.63,1,819,10,14
-0.68,0.68,0.03,22.95,-29.48,159.00,0.96,163.33,1,822,12,15
-0.64,0.53,-0.20,28.81,3.97,204.59,0.85,206.65,1,819,13,16
-0.52,0.73,-0.26,-10.01,20.14,248.84,0.93,249.85,1,825,12,15
-0.19,1.01,-0.24,-41.02,22.77,263.67,1.05,267.81,1,822,13,18
0.22,1.23,-0.19,-67.02,12.63,249.15,1.27,258.31,1,819,13,15
0.21,1.95,0.23,-89.17,32.41,206.05,1.98,226.85,2,816,14,15
0.34,1.81,0.01,-25.63,109.01,193.24,1.84,223.34,2,817,15,14
1.12,1.82,-0.19,-31.62,185.67,147.71,2.14,239.35,2,806,14,12
2.36,1.83,-0.01,-21.73,201.54,95.64,2.99,224.14,2,780,16,9
2.29,0.77,-0.56,59.33,202.82,20.51,2.48,212.31,2,770,16,10
2.34,0.24,-0.87,27.10,208.13,-25.76,2.51,211.46,2,762,15,9
3.99,1.43,-0.06,-15.87,170.47,-69.15,4.24,184.65,4,781,26,6
1.07,-0.58,-1.41,37.11,24.05,20.69,1.86,48.82,19,730,57,15
-0.19,1.81,-0.09,10.50,-1.34,7.20,1.83,12.80,56,694,99,29
0.09,0.86,0.05,38.39,-0.73,-17.70,0.87,42.28,87,680,120,34
0.08,0.90,0.13,4.09,-3.72,-28.38,0.91,28.92,102,682,135,30
0.11,0.91,0.03,-8.97,-2.20,-8.42,0.92,12.50,126,685,145,28
0.09,0.94,0.03,-7.87,-0.43,-2.14,0.94,8.17,169,682,147,29
0.10,0.97,-0.01,-14.40,0.37,3.85,0.97,14.91,206,674,153,31
0.07,1.00,0.00,-11.78,1.89,7.75,1.01,14.23,247,660,151,32
0.08,1.04,-0.03,-6.65,0.55,7.14,1.05,9.78,344,651,161,33
0.07,1.00,-0.01,3.72,-0.06,4.76,1.00,6.04,275,648,156,36
0.06,1.01,0.00,5.92,-0.55,0.79,1.01,6.00,307,642,164,37
0.06,0.98,0.02,1.89,-1.53,-4.21,0.98,4.86,371,647,165,36
0.07,1.00,0.01,-5.92,-2.56,-10.93,1.00,12.69,291,669,165,28
0.09,1.00,-0.01,-9.89,-2.38,-17.70,1.01,20.41,251,694,166,25
0.10,0.99,-0.03,-7.75,-2.32,-21.24,1.00,22.73,205,711,164,20
0.11,0.99,-0.03,-5.43,-1.59,-20.26,0.99,21.04,212,725,168,19
0.12,0.99,-0.03,-2.75,-0.06,-18.62,1.00,18.82,182,737,169,15
0.14,0.96,-0.03,1.10,0.67,-16.48,0.97,16.53,150,746,165,15
0.14,0.96,-0.02,3.30,0.98,-12.39,0.97,12.86,149,755,169,13
0.14,0.94,-0.01,0.06,0.85,-9.89,0.95,9.92,134,761,171,13
0.15,0.98,-0.02,-3.72,1.53,-7.20,0.99,8.25,135,764,171,13
0.15,1.02,-0.02,-0.73,0.67,-9.52,1.03,9.57,124,768,167,11
0.16,1.01,-0.02,3.54,0.43,-15.14,1.02,15.55,113,772,169,10
0.16,1.07,-0.03,5.13,-0.98,-21.48,1.08,22.11,104,781,175,10
0.16,1.08,-0.01,7.51,-1.95,-32.23,1.09,33.15,83,791,175,10
0.18,1.11,-0.01,6.84,-1.95,-44.86,1.12,45.42,68,800,177,9
0.18,1.14,-0.00,5.43,-1.40,-61.28,1.16,61.54,56,818,180,10
0.18,1.20,0.03,4.27,1.28,-89.66,1.21,89.77,44,839,176,9
0.22,1.21,0.01,3.17,3.66,-118.65,1.23,118.75,32,852,179,8
0.20,1.32,0.06,-4.94,7.51,-154.85,1.34,155.11,22,859,169,8
0.24,1.49,0.06,-16.17,13.49,-204.04,1.51,205.12,16,851,154,9
0.39,1.60,0.00,-14.04,30.21,-271.67,1.65,273.70,7,864,102,7
0.53,1.38,-0.20,-35.40,46.69,-286.80,1.49,292.73,2,839,48,4
-0.34,0.56,-0.24,-75.74,0.73,-252.50,0.70,263.62,1,806,27,15
-0.84,1.05,-0.25,-56.34,-102.05,24.90,1.37,119.20,1,806,12,14
-0.83,0.86,0.06,-58.29,-202.03,123.17,1.20,243.69,1,803,12,14
-1.35,1.43,0.60,-10.13,-162.60,149.29,2.06,220.97,1,814,9,15
-1.00,0.74,-0.00,110.60,-31.25,191.22,1.24,223.10,1,816,13,13
-0.64,0.49,-0.36,47.79,29.24,226.50,0.88,233.33,1,810,11,16
-0.39,1.19,-0.14,-7.57,48.28,249.39,1.26,254.13,1,812,12,17
0.15,1.20,-0.29,5.92,46.14,233.83,1.24,238.41,1,807,14,15
0.29,1.43,-0.15,-26.98,39.12,185.67,1.47,191.65,2,802,14,13
0.31,1.63,-0.27,-10.62,77.39,188.78,1.68,204.31,2,801,14,12
0.75,1.57,-0.57,-24.29,148.50,135.80,1.84,202.69,2,793,16,11
1.55,1.63,-0.58,-7.87,211.36,77.45,2.32,225.25,2,785,12,12
2.12,0.79,-0.69,-7.93,181.03,37.66,2.36,185.08,3,772,12,7
1.89,1.13,-0.14,-45.96,147.28,12.21,2.21,154.76,2,763,14,5
2.06,0.58,-0.48,11.23,147.46,13.73,2.19,148.52,3,750,14,7
2.42,0.45,-0.65,-11.17,139.40,-61.58,2.54,152.81,5,741,19,8
2.14,-1.96,-1.47,178.83,78.43,-9.64,3.25,195.51,20,719,52,14
-0.31,1.33,0.04,14.65,-2.14,-0.98,1.37,14.84,62,681,82,26
-0.03,1.11,0.02,4.52,-2.14,-8.61,1.11,9.95,102,674,107,35
0.09,1.01,0.03,3.72,-3.30,-22.64,1.01,23.18,112,680,129,34
0.08,0.89,0.07,15.44,-2.62,-18.92,0.89,24.56,110,701,138,34
0.09,0.92,0.04,1.53,-2.69,-9.70,0.93,10.18,138,703,143,31
0.07,0.94,0.04,-7.93,-1.22,-1.59,0.94,8.18,199,694,149,32
0.08,0.97,0.00,-7.75,0.12,2.26,0.98,8.07,226,683,144,30
0.08,0.99,0.01,-3.17,1.04,9.95,0.99,10.49,239,667,152,36
0.05,1.00,0.02,-0.49,-1.16,11.60,1.00,11.66,307,649,156,40
0.05,1.04,-0.01,8.36,-2.01,5.68,1.04,10.31,352,636,156,42
0.04,1.00,0.03,12.15,-2.01,-1.22,1.00,12.37,348,631,160,41
0.05,0.96,0.04,4.82,-1.89,-3.05,0.96,6.01,469,631,159,42
0.05,1.00,0.01,-1.95,-1.34,-2.81,1.00,3.67,331,637,161,38
0.06,0.98,0.01,-0.61,-0.37,-2.81,0.98,2.90,309,649,163,35
0.06,0.98,0.02,1.53,0.43,-2.08,0.99,2.61,352,658,164,35
0.06,0.98,0.02,2.81,0.79,-1.46,0.99,3.26,296,662,166,32
0.06,0.97,0.02,5.49,1.59,0.43,0.97,5.73,294,663,163,31
0.06,0.98,0.03,7.51,1.34,1.28,0.99,7.73,312,661,161,33
0.06,0.96,0.04,5.68,0.67,2.50,0.96,6.24,354,656,164,32
0.05,0.99,0.03,3.85,0.12,0.85,0.99,3.94,377,654,159,34
0.06,0.99,0.03,2.75,0.18,-1.59,0.99,3.18,331,656,161,33
0.06,0.99,0.03,3.42,0.06,-2.99,1.00,4.54,296,667,160,30
0.05,1.01,0.04,0.92,0.12,-6.84,1.02,6.90,316,687,163,26
0.05,1.02,0.03,-2.01,-0.12,-13.43,1.02,13.58,271,713,161,20
0.07,1.04,0.02,-3.60,0.85,-18.49,1.04,18.86,194,736,168,17
0.08,1.03,0.03,-2.14,1.46,-22.64,1.03,22.79,153,763,170,15
0.08,1.08,0.02,-2.75,1.46,-30.58,1.08,30.74,92,790,164,13
0.09,1.09,0.05,-7.26,2.62,-47.49,1.09,48.11,66,808,170,11
0.06,1.33,0.09,-20.87,4.58,-75.20,1.33,78.17,48,826,168,9
0.05,1.62,-0.02,-29.66,7.20,-127.81,1.63,131.40,28,848,164,8
0.01,1.92,-0.10,-5.98,9.95,-199.28,1.92,199.62,12,861,162,9
0.05,2.14,-0.20,43.70,13.00,-278.32,2.15,282.03,6,872,135,7
0.25,2.14,-0.14,89.05,20.02,-323.49,2.16,336.12,2,852,60,3
0.12,1.75,-0.18,124.02,7.32,-280.21,1.76,306.52,1,825,25,12
-0.85,-0.07,-0.99,95.58,-19.71,-84.41,1.31,129.03,1,824,12,16
-0.42,0.73,-0.03,-36.62,-60.49,60.73,0.84,93.21,1,829,11,16
-0.39,0.67,0.12,19.78,-55.18,94.85,0.78,111.50,1,830,13,16
-0.36,0.45,0.04,28.32,-44.68,129.21,0.58,139.62,1,830,11,17
-0.23,0.35,-0.05,19.71,-41.26,157.53,0.42,164.03,1,832,11,18
-0.03,0.45,-0.05,-7.81,-48.65,164.73,0.45,171.94,1,827,13,18
0.11,0.61,0.05,-27.83,-41.63,151.06,0.62,159.14,1,829,11,17
0.17,0.76,0.14,-47.73,-5.25,123.23,0.79,132.25,1,828,12,19
0.39,0.94,0.16,-53.71,37.66,126.22,1.03,142.25,1,832,15,17
0.78,1.00,0.14,-53.41,66.35,93.57,1.28,126.53,1,832,13,16
0.85,0.97,0.14,-41.26,79.59,39.06,1.30,97.79,1,822,12,12
0.97,1.00,0.12,-39.73,85.02,20.26,1.40,96.01,1,824,12,13
1.09,0.90,0.01,-15.62,76.90,15.75,1.41,80.04,1,823,12,11
1.10,0.77,-0.07,-8.79,56.82,6.10,1.34,57.82,1,822,11,12
0.99,0.65,-0.15,-10.62,31.25,3.91,1.19,33.24,1,826,12,10
0.87,0.60,-0.16,-28.75,9.03,9.03,1.07,31.46,1,823,12,8
0.78,0.73,-0.05,-46.33,-2.14,17.76,1.07,49.66,1,824,12,9
0.77,0.78,-0.01,-41.02,-1.28,14.65,1.10,43.57,1,821,12,6
0.76,0.79,-0.01,-32.23,3.36,-3.97,1.09,32.64,1,822,13,6
0.73,0.74,-0.03,-27.40,8.97,-19.23,1.05,34.66,1,825,11,6
0.74,0.81,-0.02,-28.08,7.69,-36.25,1.10,46.50,1,825,13,7
0.62,0.87,-0.02,-26.55,-5.86,-48.34,1.07,55.46,1,824,13,6
0.41,1.01,0.04,-31.43,-13.61,-49.07,1.09,59.84,1,823,14,8
0.32,1.05,0.13,-25.82,-8.42,-52.98,1.10,59.53,1,822,14,7
0.29,0.99,0.11,-12.15,2.56,-54.69,1.04,56.08,1,825,15,8
0.18,1.67,0.95,-3.48,12.08,-57.01,1.93,58.38,1,831,23,5
0.63,-0.27,-0.54,133.48,19.47,129.64,0.87,187.09,4,857,67,10
-0.01,2.08,-0.09,24.78,11.35,162.90,2.08,165.17,9,848,111,10
0.15,1.74,-0.16,25.27,3.54,83.98,1.76,87.77,16,803,127,13
0.09,1.10,0.09,55.11,-4.94,35.28,1.11,65.62,21,787,138,20
0.09,0.88,0.11,11.17,-3.23,25.70,0.89,28.20,25,783,152,20
0.11,1.11,-0.04,-20.57,1.83,19.84,1.12,28.63,36,783,155,18
0.13,1.02,-0.08,-10.68,1.65,13.18,1.03,17.05,42,780,161,18
0.13,0.95,-0.09,-0.12,1.40,15.14,0.97,15.20,53,776,164,17
0.08,1.00,-0.03,9.52,0.18,18.43,1.00,20.75,68,766,167,17
0.06,1.07,0.00,5.55,-1.04,8.12,1.07,9.89,82,759,166,18
0.06,1.04,0.01,0.24,-0.79,-3.66,1.04,3.76,96,757,165,17
0.08,1.03,-0.03,-5.13,-0.24,-14.40,1.04,15.29,91,764,174,13
0.10,0.99,-0.04,-5.55,0.31,-20.63,1.00,21.37,82,780,169,15
0.12,0.99,-0.06,-9.46,1.59,-23.13,1.00,25.04,69,789,176,13
0.14,0.97,-0.07,-6.10,1.10,-21.36,0.99,22.24,61,796,174,13
0.15,0.93,-0.07,1.53,1.28,-17.76,0.95,17.87,57,800,176,14
0.16,0.94,-0.06,4.27,1.46,-12.70,0.95,13.47,55,802,172,12
0.16,0.95,-0.05,5.74,0.79,-8.54,0.96,10.32,53,801,170,13
0.14,0.96,-0.01,6.35,0.43,-6.71,0.97,9.25,50,802,171,14
0.16,0.94,-0.03,2.38,1.16,-2.93,0.95,3.95,49,803,172,12
0.16,1.05,-0.04,4.94,0.43,-1.34,1.06,5.14,49,802,165,14
0.15,1.04,-0.01,10.50,-0.18,-5.31,1.05,11.77,48,802,170,12
0.15,0.97,0.01,4.94,0.06,-7.26,0.99,8.79,49,802,174,14
0.18,0.89,-0.06,-2.32,0.31,-6.35,0.91,6.76,51,805,167,14
0.21,1.02,-0.00,4.03,1.34,2.44,1.04,4.90,53,802,175,13
0.12,1.26,-0.01,14.83,-4.88,-4.82,1.27,16.34,54,799,176,11
0.18,1.03,-0.03,19.78,-3.23,-26.06,1.04,32.87,49,811,175,13
0.19,0.99,-0.03,18.25,-4.76,-37.78,1.01,42.23,44,812,173,15
0.22,1.03,-0.05,13.61,-3.97,-50.78,1.05,52.72,41,817,172,15
0.23,1.01,-0.02,12.39,-1.34,-57.01,1.04,58.35,33,830,172,15
0.29,0.96,-0.02,15.32,0.73,-60.06,1.01,61.99,25,849,168,15
0.35,0.89,-0.00,18.74,2.56,-56.46,0.95,59.54,19,856,165,15
0.24,1.42,0.15,16.78,1.22,-56.76,1.44,59.20,13,862,156,15
0.04,1.82,0.31,-12.51,13.85,-127.69,1.85,129.04,10,855,151,10
0.16,1.79,0.14,-32.53,39.79,-238.40,1.81,243.88,6,864,128,7
0.47,1.58,-0.04,-20.26,57.31,-308.35,1.65,314.28,3,862,68,7
0.23,1.69,0.57,-21.06,78.80,-267.64,1.80,279.79,1,841,33,20
-0.94,0.18,-0.23,54.75,20.20,2.01,0.98,58.39,1,823,14,18
-1.30,0.57,0.26,70.92,-96.74,61.10,1.44,134.62,1,823,13,21
-0.88,0.11,-0.10,103.39,-73.55,135.86,0.89,185.90,1,820,14,20
-0.77,0.24,-0.10,61.10,-64.94,170.04,0.81,192.00,1,824,13,20
-0.31,0.35,-0.16,53.59,-38.57,164.43,0.50,177.19,1,830,15,22
0.15,0.89,-0.01,0.61,-16.72,142.27,0.90,143.25,1,833,12,19
0.61,1.00,-0.01,-14.65,19.65,75.32,1.17,79.21,1,836,9,18
0.66,1.02,-0.05,-16.78,25.82,17.94,1.22,35.64,1,831,12,18
0.66,1.09,-0.11,-17.82,31.56,20.08,1.28,41.43,1,837,12,15
0.88,1.27,-0.05,-28.20,67.69,13.67,1.54,74.59,1,834,10,13
1.27,1.04,-0.12,-7.14,99.85,4.82,1.65,100.22,1,838,12,11
1.57,0.79,-0.24,-9.58,80.08,22.40,1.78,83.70,1,836,12,11
1.66,0.73,-0.24,-44.01,-0.31,63.48,1.83,77.24,1,833,14,6
1.38,0.83,0.05,-65.00,-43.76,52.37,1.61,94.25,1,832,13,5
0.85,0.88,0.19,-41.50,-42.42,26.92,1.24,65.17,1,832,13,6
0.75,0.71,-0.02,-8.67,-11.54,31.25,1.04,34.42,1,830,12,7
0.93,0.71,-0.12,-17.94,-7.45,21.67,1.18,29.10,1,831,14,6
0.84,0.70,0.03,-32.65,-19.96,-22.09,1.09,44.19,1,829,14,5
0.53,0.99,0.32,-31.86,3.66,-50.48,1.16,59.80,1,830,12,6
0.61,0.78,0.14,21.00,54.26,-40.65,1.00,70.97,1,827,13,5
1.31,0.78,-0.12,45.84,81.30,-71.11,1.53,117.33,1,837,19,6
1.34,0.15,-0.66,-36.93,-17.33,187.56,1.50,191.95,3,863,75,8
-0.03,1.98,0.04,-13.49,-9.70,169.43,1.98,170.25,6,872,131,10
0.03,1.81,0.03,13.67,2.93,83.56,1.81,84.72,10,849,162,13
0.11,1.34,0.09,4.82,4.64,38.39,1.35,38.97,15,822,175,15
0.15,0.96,0.05,-12.82,4.09,24.84,0.97,28.25,20,810,174,16
0.19,1.13,-0.10,-9.70,5.55,30.64,1.15,32.62,29,791,184,17
0.12,1.17,0.02,6.29,2.26,33.26,1.18,33.93,40,785,180,17
0.12,1.04,-0.03,14.34,0.79,29.17,1.05,32.52,56,763,186,19
0.07,1.08,0.04,20.81,-0.79,30.03,1.08,36.55,72,750,187,17
0.05,1.06,0.05,10.62,-1.59,4.82,1.06,11.77,81,740,188,20
0.08,1.01,0.02,-0.61,-1.10,-9.22,1.01,9.30,77,750,188,19
0.10,1.01,-0.01,-3.72,-0.73,-15.93,1.01,16.38,59,768,187,20
0.10,1.00,0.01,-3.36,-1.22,-19.65,1.00,19.98,46,788,182,16
0.12,0.97,0.01,-5.00,0.79,-18.31,0.98,19.00,38,802,187,15
0.13,0.99,-0.01,-2.38,1.53,-16.17,1.00,16.42,35,812,181,16
0.14,0.97,-0.02,1.95,0.43,-15.50,0.98,15.63,32,819,188,15
0.15,0.99,-0.01,6.77,-0.79,-14.22,1.00,15.77,30,817,186,13
0.14,0.97,0.02,7.20,-1.28,-14.22,0.98,15.99,29,819,185,12
0.16,0.97,0.01,5.31,-0.79,-14.59,0.99,15.54,29,821,186,11
0.16,0.95,0.02,6.35,-0.24,-14.16,0.96,15.52,28,825,188,12
0.16,0.87,0.07,2.50,0.18,-11.23,0.89,11.51,28,826,188,14
0.19,0.90,-0.01,-6.77,1.71,-3.78,0.92,7.95,30,823,182,14
0.19,0.94,-0.03,-0.31,2.26,2.32,0.96,3.25,33,811,180,15
0.18,0.97,-0.01,4.27,0.18,3.91,0.98,5.79,38,805,180,16
0.17,0.96,0.03,6.29,-0.12,10.19,0.97,11.98,42,796,183,16
0.14,1.01,0.05,7.57,-1.46,12.76,1.02,14.90,46,792,184,15
0.16,0.92,0.06,1.40,1.10,15.01,0.94,15.12,52,784,184,18
0.17,0.94,-0.06,1.83,1.40,28.81,0.96,28.90,68,767,179,17
0.07,1.14,0.06,19.23,-3.05,27.83,1.14,33.96,80,758,178,21
0.08,1.03,0.10,20.57,-0.73,7.51,1.03,21.91,83,765,178,19
0.06,1.19,0.09,5.55,-0.06,-4.58,1.19,7.20,69,779,170,20
0.02,1.43,0.13,4.94,-1.46,-36.93,1.43,37.28,43,810,166,18
-0.11,2.18,0.18,-15.01,9.22,-113.95,2.19,115.31,20,846,166,14
-0.19,2.46,-0.02,-22.77,25.21,-242.92,2.47,245.28,9,855,152,11
-0.21,1.87,-0.21,10.93,24.66,-356.38,1.89,357.40,5,869,109,8
-0.03,1.87,0.13,43.70,28.75,-385.93,1.87,389.45,1,850,47,9
-0.54,1.14,0.12,140.38,42.30,-242.74,1.27,283.58,1,827,22,24
-0.88,0.23,0.09,-39.37,-37.96,101.14,0.91,114.98,1,812,11,21
-0.80,0.20,0.03,80.69,-11.90,105.35,0.83,133.23,1,815,11,21
-0.23,-0.12,-0.34,48.65,-4.76,131.29,0.43,140.09,1,819,14,23
-0.37,0.34,-0.05,36.25,-16.78,155.33,0.51,160.39,1,819,14,21
-0.02,0.31,-0.22,28.14,-21.91,163.76,0.38,167.60,1,823,14,24
0.15,0.81,0.00,-8.91,-21.91,151.12,0.82,152.96,1,827,15,22
0.45,0.90,0.01,-16.05,14.59,135.86,1.01,137.58,1,830,14,22
0.82,1.14,0.10,-30.52,17.76,111.57,1.41,117.03,2,833,13,22
0.90,1.13,0.19,-21.67,-14.16,70.98,1.46,75.56,2,835,15,16
0.66,1.27,0.26,-13.37,29.91,3.17,1.45,32.91,1,821,15,17
0.71,1.20,0.06,-17.46,85.21,0.00,1.39,86.97,1,822,13,15
0.93,1.10,-0.09,-3.30,88.44,-5.80,1.44,88.69,1,824,13,15
0.98,0.99,-0.13,-2.99,63.78,-11.35,1.40,64.85,1,820,12,14
0.94,0.83,-0.17,-13.12,32.65,-13.67,1.27,37.75,1,824,12,13
0.90,0.92,-0.05,-44.49,6.77,-12.51,1.28,46.71,1,823,12,12
0.78,0.96,0.10,-49.38,-13.43,-3.66,1.24,51.30,1,828,11,12
0.71,0.81,0.10,-37.11,-28.14,12.57,1.08,48.24,1,822,12,11
0.70,0.81,0.10,-41.69,-36.50,16.30,1.08,57.75,1,822,14,10
0.60,0.79,0.08,-29.54,-27.65,12.94,0.99,42.48,1,825,14,9
0.59,0.79,-0.00,-19.10,-3.42,9.58,0.99,21.64,1,824,12,8
0.69,0.74,-0.13,-17.52,10.13,-4.21,1.02,20.67,1,821,14,5
0.60,0.71,-0.13,-39.18,16.54,-18.49,0.94,46.38,1,822,12,7
0.53,0.69,-0.20,-48.16,36.13,-25.15,0.90,65.25,1,822,14,6
0.64,0.78,-0.17,-44.43,55.97,-31.07,1.02,77.92,1,809,15,6
0.85,0.62,-0.32,-39.06,58.35,-27.83,1.10,75.53,1,787,15,6
-0.58,2.88,1.21,-18.13,-12.21,-39.92,3.18,45.51,2,812,31,4
0.38,0.56,-0.52,102.42,-17.09,126.40,0.85,163.58,6,846,90,7
0.09,1.46,0.09,82.09,-17.82,131.77,1.46,156.27,14,815,132,11
0.21,0.83,0.06,42.54,2.38,57.13,0.85,71.27,23,788,153,13
0.09,0.94,0.11,3.78,3.11,44.92,0.95,45.19,29,789,158,16
0.13,1.05,-0.08,-9.09,6.71,34.12,1.06,35.94,38,787,168,15
0.10,1.15,-0.07,0.55,2.50,22.95,1.15,23.09,57,758,172,16
0.09,1.07,-0.01,8.12,-0.85,6.53,1.07,10.45,79,751,179,17
0.10,0.97,-0.01,7.39,-1.71,-2.50,0.98,7.98,91,743,177,17
0.10,1.05,-0.01,-0.06,-1.04,-4.21,1.06,4.34,100,742,174,15
0.11,1.01,-0.03,3.30,-1.89,-13.55,1.02,14.07,93,756,183,15
0.12,1.05,-0.03,2.93,-1.10,-22.22,1.05,22.44,68,776,180,12
0.16,1.04,-0.02,5.92,-0.06,-26.79,1.05,27.44,52,802,176,11
0.17,0.99,-0.03,8.30,-0.24,-30.15,1.00,31.27,43,812,183,11
0.17,0.96,-0.01,11.66,-0.85,-29.42,0.98,31.66,37,818,174,12
0.18,0.96,0.00,10.62,-0.43,-27.28,0.98,29.28,34,816,180,12
0.19,0.88,0.03,4.27,0.49,-28.81,0.91,29.13,33,818,180,13
0.21,0.92,0.02,-3.54,2.81,-24.05,0.94,24.47,30,823,178,12
0.23,0.95,0.00,-4.64,3.85,-21.18,0.98,22.02,26,830,177,13
0.30,0.66,-0.07,2.20,4.27,-11.41,0.73,12.38,27,827,172,12
0.25,0.78,-0.02,5.19,0.37,39.98,0.82,40.31,29,817,178,13
0.18,1.15,-0.03,19.65,-5.19,36.62,1.16,41.88,36,811,178,11
0.14,0.98,0.08,21.55,-4.33,25.02,1.00,33.30,39,807,178,11
0.23,0.77,-0.05,6.16,0.73,30.03,0.80,30.66,41,810,177,13
0.29,0.94,-0.17,16.05,-3.05,49.44,0.99,52.07,48,807,171,16
0.05,1.25,0.03,46.45,-13.92,45.65,1.25,66.60,67,777,173,14
0.09,1.01,0.15,44.31,-9.52,3.05,1.02,45.43,78,777,163,15
0.07,1.17,0.19,11.23,-4.39,-20.57,1.19,23.84,57,794,164,14
-0.25,2.41,0.34,-33.57,0.06,-84.41,2.45,90.84,28,841,159,12
-0.12,2.44,0.01,-29.24,29.36,-248.66,2.44,252.09,11,854,153,6
-0.33,2.05,-0.07,5.49,30.58,-371.03,2.07,372.33,6,861,124,6
0.10,1.59,0.05,22.83,43.03,-422.42,1.59,425.22,2,838,56,8
-0.61,0.50,0.31,-4.52,49.19,-340.94,0.85,344.50,1,804,23,30
-1.94,0.46,0.15,-2.99,15.81,93.32,2.00,94.70,1,802,9,20
-1.27,-0.27,0.04,94.91,-22.34,74.28,1.30,122.57,1,810,11,25
-0.94,0.01,-0.01,85.14,-36.19,155.58,0.94,181.01,1,822,12,23
-0.80,0.20,-0.06,78.67,-44.43,194.58,0.82,214.54,1,827,12,21
-0.06,0.59,-0.20,54.14,-36.87,201.54,0.63,211.91,1,834,14,20
0.41,1.00,-0.05,11.29,-46.69,133.85,1.08,142.21,1,837,14,21
0.65,1.32,0.12,-31.68,-3.48,86.00,1.48,91.71,1,835,13,20
0.87,1.07,-0.07,-17.40,29.91,19.35,1.38,39.64,1,831,12,19
0.72,1.22,0.02,-49.99,49.01,19.35,1.42,72.63,1,827,11,16
0.99,1.44,0.08,-35.22,98.02,19.23,1.75,105.92,1,829,10,15
1.50,1.16,-0.13,-10.31,127.81,7.57,1.89,128.45,1,828,11,11
1.77,0.79,-0.23,-19.17,95.58,19.35,1.96,99.39,1,831,11,8
1.78,0.81,-0.12,-32.17,25.02,41.14,1.96,57.91,1,828,12,7
1.46,0.51,-0.09,-30.21,-43.95,55.66,1.55,77.09,1,832,13,7
1.17,0.52,-0.12,-56.40,-84.29,35.28,1.29,107.38,1,829,15,5
0.83,0.77,0.10,-89.17,-51.57,-3.30,1.14,103.07,1,829,15,6
0.88,0.83,0.29,-51.64,6.96,-36.68,1.24,63.72,1,830,15,7
1.10,0.76,0.13,-0.43,40.53,-53.89,1.35,67.43,1,835,15,3
1.18,0.63,-0.09,14.71,25.82,-81.12,1.34,86.39,1,834,18,7
1.16,0.31,-0.78,108.58,4.46,168.03,1.43,200.11,3,874,77,6
-0.04,2.42,-0.08,14.22,-2.38,211.79,2.42,212.28,9,847,130,10
0.12,1.66,-0.09,41.50,-2.44,115.11,1.66,122.39,16,812,147,14
0.06,1.05,0.17,56.15,-1.77,52.19,1.06,76.68,23,799,159,18
0.09,0.88,0.17,-5.98,-0.55,29.60,0.90,30.21,31,800,163,18
0.12,1.24,-0.05,-19.78,2.14,5.92,1.25,20.75,41,794,173,14
0.11,1.05,-0.01,-6.77,0.43,-1.83,1.05,7.03,50,789,171,16
0.14,0.85,-0.04,7.32,0.12,4.94,0.86,8.84,51,791,171,16
0.11,0.99,0.01,15.99,0.43,24.90,0.99,29.60,62,777,174,18
0.08,1.07,0.00,22.03,0.37,30.27,1.08,37.44,85,757,177,18
0.05,1.03,0.06,29.85,-2.20,20.87,1.04,36.49,100,734,176,23
0.03,0.99,0.11,20.63,-2.75,4.64,1.00,21.32,110,729,170,24
0.04,0.98,0.08,6.71,-2.50,-8.91,0.98,11.43,87,748,175,22
0.06,0.99,0.06,-2.93,-0.24,-15.44,1.00,15.72,63,777,173,18
0.10,0.90,0.02,-5.31,1.95,-9.64,0.90,11.18,55,788,169,17
0.08,0.97,0.04,-5.13,2.38,-1.46,0.98,5.84,54,788,172,17
0.09,0.95,0.04,-1.53,2.14,-1.16,0.96,2.87,59,784,172,15
0.08,0.97,0.05,-3.72,2.44,3.36,0.98,5.58,61,782,169,14
0.08,1.03,0.02,-2.38,1.71,2.38,1.03,3.78,66,781,173,13
0.08,1.00,0.03,4.33,0.61,-1.28,1.01,4.56,58,786,167,15
0.07,1.00,0.05,4.21,-0.12,-4.33,1.00,6.04,57,791,174,16
0.08,0.97,0.06,0.79,-0.24,-9.09,0.97,9.13,50,802,174,14
0.11,0.89,0.01,-0.43,1.40,-2.08,0.90,2.54,47,807,168,15
0.10,0.95,0.02,7.32,0.18,2.56,0.96,7.76,48,804,169,16
0.10,0.92,0.02,10.25,-0.12,7.08,0.93,12.46,51,800,165,15
0.11,0.98,0.03,14.04,0.31,18.62,0.98,23.32,57,787,166,16
0.03,1.05,0.09,14.89,-3.05,13.37,1.06,20.24,70,773,165,17
0.07,1.01,0.02,5.74,-1.22,-4.88,1.01,7.63,72,774,164,17
0.08,0.95,0.07,12.88,-0.37,-1.95,0.96,13.03,67,778,163,20
0.09,1.00,0.05,12.94,-0.98,0.49,1.00,12.99,56,790,164,19
0.12,0.98,0.01,19.04,-1.59,1.77,0.98,19.19,50,798,159,20
0.06,1.06,0.08,30.88,-3.97,7.20,1.06,31.96,44,794,150,23
0.03,1.32,0.20,34.12,-3.66,-19.84,1.33,39.64,28,822,137,22
-0.10,1.67,0.22,34.91,8.00,-68.36,1.69,77.17,13,844,136,21
-0.07,1.77,0.15,36.87,21.67,-138.61,1.78,145.06,7,847,127,17
-0.21,1.85,0.13,33.39,24.35,-216.55,1.86,220.46,3,850,111,13
-0.16,1.70,0.00,51.57,21.73,-296.81,1.71,302.04,2,852,87,6
0.03,1.54,0.01,96.56,17.33,-335.27,1.54,349.32,1,830,48,4
0.23,1.48,0.02,133.30,12.94,-325.81,1.50,352.26,0,0,30,9
-1.18,-0.31,-0.25,163.94,3.05,-259.22,1.25,306.72,0,0,15,30
-1.65,-0.18,-0.51,-17.94,-50.29,136.29,1.74,146.38,1,738,10,24
-0.83,-0.06,-0.26,9.03,13.12,120.79,0.87,121.83,1,804,12,25
-0.46,0.22,-0.01,-18.80,-8.48,174.93,0.50,176.14,1,811,11,25
-0.21,0.37,0.01,-21.79,-31.86,178.71,0.42,182.83,1,826,14,26
-0.08,0.66,0.16,-43.76,-39.61,161.68,0.68,172.12,1,828,14,24
-0.08,1.01,0.19,-70.19,15.20,156.80,1.03,172.46,1,836,17,23
0.61,1.24,0.13,-86.06,52.31,144.17,1.38,175.86,1,826,16,22
1.00,1.38,0.21,-87.22,37.35,95.58,1.72,134.68,1,825,15,20
0.91,1.45,0.21,-62.38,14.28,48.58,1.72,80.35,1,819,16,17
0.79,1.26,0.14,-41.14,10.44,37.84,1.49,56.86,1,814,14,15
0.77,1.18,0.07,-48.34,51.33,20.75,1.41,73.50,1,805,13,13
0.92,1.07,-0.07,-38.94,81.97,5.13,1.41,90.89,1,803,14,14
1.03,0.96,-0.15,-48.16,76.05,-7.20,1.42,90.30,1,801,13,15
1.02,0.99,-0.09,-62.32,46.81,-11.60,1.42,78.80,1,804,12,11
0.93,0.91,0.00,-62.13,21.06,-6.04,1.30,65.88,1,811,11,10
0.86,0.88,0.08,-60.30,8.79,8.85,1.23,61.58,1,816,14,9
0.96,0.85,-0.00,-40.95,5.25,14.28,1.28,43.69,1,810,15,7
0.97,0.71,-0.12,-32.04,-7.75,1.40,1.20,33.00,1,810,15,7
0.90,0.64,-0.16,-36.93,-22.58,-6.16,1.12,43.72,1,812,15,7
0.75,0.70,-0.04,-49.80,-33.51,-37.66,1.02,70.86,1,816,15,7
0.50,0.85,0.14,-49.44,-18.80,-50.23,0.99,72.94,1,814,16,6
0.57,1.10,0.33,-16.11,-10.07,-59.27,1.28,62.24,1,818,15,8
0.36,0.68,0.21,12.08,-12.39,-76.17,0.79,78.11,1,821,15,9
0.49,1.56,0.48,78.55,-8.85,33.69,1.70,85.93,1,846,35,6
0.60,0.34,-0.72,19.65,19.71,162.66,0.99,165.02,6,838,91,10
-0.13,1.93,-0.28,81.42,7.02,203.49,1.95,219.29,16,802,118,11
0.19,1.93,-0.52,75.38,-6.35,103.39,2.01,128.11,24,796,140,17
0.06,0.98,0.15,102.23,-11.05,59.75,0.99,118.93,38,781,152,19
-0.00,0.97,0.28,22.52,-1.65,38.33,1.01,44.49,50,771,155,18
0.06,1.09,0.03,-6.77,1.16,26.37,1.09,27.25,65,764,166,18
0.07,1.08,-0.01,-1.28,1.10,9.34,1.09,9.49,87,758,164,17
0.07,1.00,-0.00,8.30,-0.43,0.92,1.00,8.36,97,747,164,18
0.06,0.96,0.03,8.97,-0.43,3.54,0.96,9.65,114,741,170,18
0.06,1.02,0.00,5.13,0.18,5.98,1.02,7.88,130,738,174,18
0.04,1.04,0.04,9.22,-0.55,3.85,1.04,10.00,124,734,174,17
0.05,1.01,0.04,6.23,0.37,-3.54,1.01,7.17,113,747,167,17
0.05,1.08,0.04,1.34,0.43,-11.05,1.08,11.14,92,764,168,15
0.06,1.01,0.02,5.07,2.20,-16.60,1.01,17.50,70,771,169,15
0.08,1.02,0.03,7.14,2.26,-16.24,1.02,17.88,52,781,173,16
0.09,1.00,0.04,10.80,2.14,-17.40,1.01,20.59,42,789,166,15
0.09,0.96,0.06,11.90,1.77,-17.70,0.97,21.40,38,796,171,14
0.12,0.89,0.04,11.29,1.71,-14.22,0.89,18.24,31,801,168,15
0.13,0.84,0.05,8.36,1.53,-9.03,0.86,12.40,29,803,170,13
0.13,0.94,0.04,5.74,0.43,0.24,0.95,5.76,30,801,166,14
0.10,1.02,0.09,9.70,-1.46,3.60,1.03,10.45,30,801,169,16
0.10,0.98,0.10,8.12,-0.55,-1.77,0.99,8.33,31,801,169,16
0.11,0.99,0.08,1.28,0.12,-6.84,1.00,6.96,32,805,169,15
0.15,1.00,-0.01,-2.08,-0.61,-4.46,1.01,4.95,32,806,167,15
0.14,0.82,0.08,10.99,-2.87,7.39,0.84,13.55,37,801,167,14
0.10,1.05,0.09,7.20,-4.58,19.23,1.06,21.03,43,799,165,14
0.10,1.04,0.08,15.62,-4.46,17.70,1.05,24.03,47,797,167,15
0.10,0.92,0.07,19.96,-5.25,21.30,0.93,29.66,52,793,166,16
0.09,0.88,0.05,18.98,-5.31,18.49,0.88,27.03,55,792,155,17
0.09,0.92,0.09,20.63,-5.98,19.53,0.93,29.03,60,789,153,20
-0.04,1.30,0.22,13.06,-4.03,13.79,1.32,19.42,57,789,141,20
-0.10,1.68,0.24,-4.03,6.41,-55.11,1.70,55.63,32,821,135,16
-0.25,2.27,0.15,-14.34,30.70,-179.99,2.28,183.15,12,850,130,12
-0.29,2.22,-0.02,0.85,35.71,-307.98,2.24,310.05,5,855,117,7
-0.33,1.83,-0.05,60.24,28.93,-388.92,1.86,394.62,2,850,75,5
0.17,1.03,-0.26,85.82,21.18,-386.84,1.07,396.81,1,819,33,6
-1.24,0.09,-0.21,60.36,-2.81,-289.06,1.26,295.31,1,819,22,22
-0.97,-0.65,-0.17,4.94,49.44,21.79,1.18,54.25,1,814,10,21
-0.62,0.19,-0.25,-14.83,46.14,97.05,0.69,108.48,1,814,11,21
-0.75,-0.04,-0.17,-10.68,34.24,112.12,0.77,117.72,1,818,12,20
-0.66,0.24,-0.08,-3.17,30.21,174.56,0.71,177.18,1,820,14,20
0.30,0.59,-0.18,-29.17,-2.81,178.59,0.69,180.98,1,822,15,19
0.05,1.19,0.17,-46.14,-28.44,172.91,1.21,181.21,1,823,13,19
0.60,1.27,0.01,-28.87,-23.93,174.38,1.41,178.36,2,817,15,17
0.95,1.37,0.02,-37.78,-11.66,150.33,1.67,155.44,2,810,14,16
1.16,1.57,0.04,-47.06,9.09,79.28,1.95,92.65,2,806,16,15
0.86,1.29,-0.07,-47.06,39.31,10.93,1.55,62.28,2,800,15,13
0.97,1.25,-0.11,-65.80,94.42,4.21,1.59,115.16,2,804,16,12
1.24,1.20,-0.07,-61.89,120.06,-14.28,1.73,135.82,2,802,14,7
1.35,1.15,0.05,-29.72,77.39,-35.03,1.77,90.00,1,807,15,6
1.12,0.81,-0.06,-3.60,25.09,-19.29,1.39,31.85,1,812,14,7
0.92,0.82,-0.11,-0.12,-15.08,1.77,1.24,15.18,1,816,15,7
0.83,0.64,-0.17,7.14,-39.37,20.39,1.06,44.90,1,816,14,6
1.04,0.66,-0.10,-14.53,-49.56,4.94,1.23,51.88,1,820,15,5
0.81,0.76,0.17,-21.85,-40.10,-37.17,1.13,58.88,1,822,15,4
0.70,0.75,0.20,5.31,-1.10,-36.80,1.04,37.20,1,822,16,4
0.83,0.76,0.02,39.49,26.49,-32.53,1.12,57.61,1,822,15,7
1.02,0.62,-0.24,31.37,24.96,-65.73,1.22,77.00,1,824,13,6
-2.71,1.27,0.55,70.13,12.51,112.06,3.04,132.79,2,856,49,2
0.22,2.18,0.07,14.16,-13.37,156.86,2.20,158.06,6,879,103,8
0.04,1.95,0.01,27.95,-5.49,138.98,1.95,141.87,12,834,130,13
0.07,1.33,0.10,62.99,-3.91,68.54,1.33,93.17,18,805,149,14
0.09,1.09,0.10,22.22,-2.14,32.35,1.10,39.30,24,789,157,17
0.09,1.23,0.06,-14.89,1.10,1.46,1.24,15.00,29,790,162,16
0.16,1.09,-0.03,-12.94,2.50,-21.42,1.11,25.15,33,791,168,18
0.15,0.90,0.00,-8.36,1.71,-24.11,0.92,25.57,33,794,165,15
0.21,0.71,-0.04,-5.13,1.71,-12.27,0.74,13.41,37,792,176,16
0.17,0.91,-0.02,-3.66,-0.12,13.98,0.93,14.45,40,791,174,14
0.15,1.09,-0.02,6.84,-0.73,11.96,1.10,13.80,44,788,176,14
0.14,1.04,0.01,10.74,0.06,6.65,1.05,12.64,46,789,180,13
0.14,1.04,0.00,10.13,0.61,2.08,1.05,10.36,46,797,176,16
0.14,1.03,0.00,12.63,0.43,-3.42,1.04,13.10,41,804,177,14
0.14,1.00,0.01,12.39,1.04,-7.32,1.01,14.43,35,810,171,13
0.15,0.93,0.02,9.89,1.95,-7.87,0.94,12.79,31,816,177,15
0.17,0.90,0.02,7.63,1.89,-1.89,0.92,8.09,29,819,175,15
0.16,1.03,0.02,8.18,0.61,1.34,1.05,8.31,29,820,169,12
0.18,0.95,-0.01,13.61,0.18,2.75,0.97,13.89,28,825,172,13
0.16,0.88,0.05,15.81,-1.53,13.67,0.89,20.96,28,821,172,15
0.16,0.90,-0.01,10.19,-1.95,13.31,0.92,16.87,30,817,173,15
0.14,0.88,0.05,10.01,-3.48,16.97,0.90,20.01,32,812,171,15
0.08,1.12,0.06,-2.44,-2.08,10.07,1.13,10.57,36,806,165,13
0.14,0.96,0.03,0.79,1.34,-2.08,0.97,2.60,38,807,171,12
0.17,0.87,-0.04,6.84,-0.61,-2.81,0.88,7.42,40,805,176,13
0.14,0.97,0.01,15.20,-3.54,0.43,0.98,15.61,42,803,169,14
0.11,0.84,0.09,19.59,-4.46,9.22,0.85,22.11,43,806,176,14
0.17,0.70,0.01,15.93,-4.09,30.64,0.72,34.77,46,806,169,15
0.12,0.96,0.05,25.63,-12.76,57.07,0.97,63.85,52,805,162,17
-0.12,0.66,0.15,23.01,-7.57,54.08,0.69,59.25,84,745,146,29
-0.05,1.32,0.08,-12.02,-1.16,3.17,1.32,12.49,103,732,142,35
-0.05,2.48,0.33,4.88,0.31,-60.42,2.50,60.62,42,814,143,22
-0.27,2.30,0.19,-3.11,23.32,-156.98,2.32,158.73,16,847,140,16
-0.29,2.03,0.03,7.69,33.08,-262.94,2.05,265.12,6,848,125,11
-0.25,1.98,-0.15,45.29,22.46,-345.09,2.00,348.78,3,857,97,7
0.19,1.41,-0.25,115.60,23.56,-373.84,1.45,392.01,1,832,39,9
-1.01,0.54,-0.20,134.34,6.71,-280.52,1.16,311.10,1,813,18,27
-1.51,-0.33,-0.30,26.00,-10.07,48.28,1.57,55.75,1,808,9,26
-0.90,-0.04,-0.30,12.45,20.32,103.45,0.95,106.16,1,817,12,24
-0.59,0.06,-0.18,-15.81,9.70,141.85,0.62,143.05,1,827,12,23
-0.10,0.45,-0.15,-14.95,-17.70,156.86,0.49,158.56,1,828,10,24
-0.05,0.72,0.04,-35.10,-60.85,159.73,0.72,174.49,1,825,13,22
0.04,1.14,0.18,-47.73,-38.64,156.86,1.16,168.45,1,829,13,22
0.46,1.18,0.09,-56.40,0.67,118.35,1.27,131.10,1,831,13,19
0.74,1.47,0.27,-61.46,10.25,76.42,1.67,98.60,2,829,15,17
0.83,1.17,0.08,-48.89,-3.97,34.91,1.44,60.21,1,821,14,15
0.74,1.50,0.32,-57.68,10.93,25.39,1.70,63.96,1,819,16,14
0.86,1.19,0.23,-40.65,68.66,9.28,1.49,80.33,1,818,13,13
1.13,1.06,0.09,-39.18,118.10,-1.40,1.55,124.44,1,815,14,12
1.42,0.98,-0.19,-21.85,112.55,-13.18,1.73,115.41,1,818,13,9
1.38,0.53,-0.30,-26.67,54.81,-14.10,1.51,62.56,1,818,13,10
1.19,0.56,-0.12,-67.08,0.85,-18.49,1.33,69.59,1,816,12,7
0.94,0.71,0.08,-76.66,-13.85,-16.85,1.18,79.70,1,815,12,6
0.88,0.83,0.10,-48.10,-0.37,-22.95,1.21,53.29,1,817,12,6
0.89,0.75,-0.05,-19.78,3.36,-27.71,1.17,34.21,1,820,14,7
0.93,0.78,-0.07,11.05,-31.37,-49.50,1.22,59.64,1,823,15,7
0.78,0.96,0.30,-15.32,-34.36,-70.62,1.27,80.01,1,831,15,4
0.68,0.37,-0.71,237.79,-1.34,127.87,1.05,270.00,2,876,64,9
-0.23,2.38,0.34,33.94,-4.21,221.74,2.42,224.36,6,874,107,12
-0.10,1.79,0.39,37.35,0.12,144.90,1.83,149.63,15,809,128,16
0.01,1.43,0.18,57.86,1.83,70.31,1.44,91.08,29,777,146,21
0.00,1.19,0.17,25.94,-4.39,32.41,1.20,41.74,39,771,152,22
0.08,1.13,0.06,7.57,-1.04,5.49,1.14,9.41,52,759,162,23
0.09,0.89,0.07,11.60,-1.59,1.95,0.90,11.87,71,754,160,23
0.09,0.89,0.04,-2.50,-0.55,13.73,0.90,13.97,97,742,167,24
0.06,1.01,0.05,-2.69,-1.28,22.09,1.02,22.29,126,735,171,22
0.05,1.04,0.04,3.66,-1.65,20.63,1.04,21.02,133,729,164,20
0.02,1.29,0.06,3.66,-0.92,16.66,1.29,17.08,175,715,171,24
0.01,0.98,0.06,8.00,-2.62,8.73,0.98,12.12,181,704,166,25
0.02,1.02,0.08,5.49,-1.46,-5.25,1.02,7.74,169,718,167,24
0.03,1.14,0.05,-0.92,2.01,-21.48,1.14,21.60,156,729,164,22
0.06,0.93,0.04,10.68,2.56,-28.44,0.93,30.49,109,743,169,21
0.09,0.91,0.04,10.62,2.01,-24.72,0.92,26.98,96,753,169,19
0.09,0.86,0.07,10.50,1.53,-11.84,0.86,15.90,78,763,171,19
0.10,0.93,0.07,7.57,0.55,-1.40,0.94,7.72,68,768,170,17
0.09,1.04,0.07,10.25,-0.12,2.62,1.04,10.59,60,779,163,17
0.08,0.95,0.11,16.85,-0.85,2.32,0.96,17.03,55,775,165,17
0.08,0.88,0.09,10.80,-0.24,5.07,0.89,11.93,50,777,160,17
0.09,0.91,0.07,6.29,0.00,5.55,0.92,8.39,50,773,161,19
0.09,0.98,0.08,7.02,-0.61,6.47,0.99,9.57,55,772,162,15
0.05,1.03,0.12,3.36,-1.10,3.11,1.04,4.71,59,773,162,19
0.09,0.98,0.06,4.70,0.24,-5.37,0.98,7.14,58,773,162,18
0.08,0.94,0.11,7.93,-1.46,-3.11,0.95,8.65,59,775,168,17
0.07,1.11,0.07,7.63,-1.77,-10.25,1.11,12.90,56,783,166,15
0.10,0.99,0.10,17.88,-0.73,-18.98,1.00,26.09,48,799,164,19
0.06,1.23,0.13,14.22,-0.37,-30.46,1.24,33.62,36,818,162,16
0.16,1.00,-0.02,29.30,1.46,-55.36,1.02,62.65,26,840,157,20
0.09,1.09,0.24,34.24,5.19,-53.10,1.12,63.40,16,846,147,17
-0.04,1.69,0.34,10.56,15.62,-84.90,1.72,86.97,8,855,144,14
-0.10,1.89,0.22,-9.64,29.30,-170.84,1.90,173.60,4,860,131,13
-0.08,1.85,0.01,14.95,37.29,-259.83,1.85,262.91,2,860,105,9
0.13,1.64,0.00,80.14,34.79,-305.42,1.64,317.67,1,849,56,11
-0.69,0.38,-0.29,152.89,43.46,-241.82,0.84,289.38,1,839,35,21
-1.77,-0.36,-0.69,26.12,-2.69,-32.17,1.93,41.52,1,816,9,24
-1.01,0.14,-0.19,-25.27,7.45,94.97,1.04,98.56,1,824,11,23
-0.65,0.13,-0.26,-13.92,11.17,108.28,0.71,109.74,1,824,8,23
-0.23,0.48,-0.05,-17.21,-14.53,143.19,0.54,144.95,1,829,12,21
-0.08,0.57,-0.00,-25.15,-53.04,154.24,0.58,165.03,1,828,11,22
-0.03,1.26,0.23,-45.29,-52.43,164.49,1.28,178.48,1,824,13,21
0.34,1.23,0.07,-32.78,-12.63,155.64,1.28,159.55,1,827,13,22
0.79,1.61,0.25,-47.24,76.78,64.76,1.81,111.00,2,827,15,17
0.87,1.09,0.00,-33.87,81.79,-7.45,1.39,88.84,1,821,14,17
0.78,1.38,0.13,-54.87,76.66,11.60,1.59,94.98,1,819,13,15
0.90,1.25,0.07,-21.55,86.18,19.59,1.55,90.97,1,819,14,11
0.98,0.95,-0.06,-25.70,86.06,5.86,1.36,90.00,1,818,14,12
1.04,1.03,-0.04,-48.16,68.85,-0.31,1.46,84.02,1,817,15,9
0.95,0.98,-0.03,-43.82,34.97,-1.71,1.37,56.09,1,816,13,8
0.74,0.81,-0.00,-38.82,5.37,23.86,1.10,45.88,1,814,12,8
0.60,0.87,0.10,-28.75,0.49,50.11,1.06,57.77,1,811,12,6
0.71,0.77,0.02,-16.05,19.17,33.69,1.05,41.95,1,819,13,5
0.81,0.73,0.18,-41.81,65.31,-12.33,1.10,78.52,1,814,16,4
0.90,0.86,0.23,-5.07,106.57,-25.02,1.26,109.58,1,814,15,2
1.26,0.52,-0.16,47.73,106.20,-25.82,1.38,119.26,1,816,15,3
1.52,0.58,-0.20,20.87,68.05,-74.28,1.64,102.88,1,817,15,2
-0.11,1.88,0.63,54.81,-7.69,-60.73,1.98,82.17,2,852,47,4
0.17,1.08,-0.61,-40.65,-6.35,169.01,1.25,173.94,8,854,114,10
-0.19,1.94,-0.02,121.28,-10.38,141.30,1.95,186.50,21,813,145,15
-0.02,1.38,0.28,90.15,-5.19,72.94,1.41,116.08,35,781,156,21
0.06,1.28,0.13,5.80,-0.79,22.22,1.29,22.97,69,749,166,24
0.10,1.18,-0.09,-35.10,-1.28,1.46,1.19,35.15,115,720,164,25
0.11,1.04,0.01,-17.21,-2.81,-21.55,1.04,27.72,133,720,177,23
0.15,0.96,-0.03,-18.55,-1.28,-24.60,0.97,30.84,101,733,176,19
0.19,0.89,-0.08,-11.84,-0.31,-17.88,0.91,21.45,101,744,175,18
0.17,0.98,-0.05,2.69,0.18,-7.87,1.00,8.32,100,752,181,16
0.16,0.99,-0.02,13.43,0.18,-4.03,1.00,14.02,97,763,179,16
0.16,0.98,0.01,15.38,-0.06,-4.88,0.99,16.14,72,777,178,15
0.16,0.97,0.01,9.28,0.73,-7.69,0.99,12.07,59,789,181,15
0.17,0.99,0.00,3.97,1.40,-9.64,1.01,10.52,50,796,174,14
0.18,0.99,-0.02,7.75,0.18,-14.71,1.00,16.63,45,806,179,13
0.18,0.96,0.01,6.47,-0.55,-16.24,0.98,17.49,39,814,179,11
0.20,0.95,0.01,3.30,0.43,-15.56,0.97,15.91,37,815,180,11
0.21,0.91,0.02,4.39,0.73,-10.62,0.93,11.52,36,821,182,12
0.21,0.96,0.01,4.52,0.55,-7.75,0.99,8.99,36,818,179,10
0.22,0.94,0.01,6.71,0.85,-4.46,0.96,8.10,36,818,184,10
0.21,0.96,0.03,5.68,0.92,-2.56,0.98,6.30,36,825,182,9
0.22,0.97,0.01,3.72,0.55,-3.05,0.99,4.85,34,833,185,11
0.21,0.98,0.03,5.00,1.10,-3.36,1.00,6.13,35,836,183,9
0.21,1.05,0.02,0.92,0.85,-13.24,1.07,13.30,34,844,181,9
0.21,1.08,0.03,0.79,0.98,-25.88,1.10,25.91,30,852,183,8
0.21,1.08,0.05,-0.24,2.14,-41.63,1.10,41.68,25,862,182,10
0.25,1.09,0.01,-3.30,5.37,-60.91,1.12,61.24,20,873,183,10
0.26,1.15,-0.01,-0.43,6.16,-77.21,1.18,77.46,15,881,183,9
0.32,1.21,-0.07,12.15,3.60,-99.12,1.26,99.93,11,882,173,10
0.32,1.31,-0.04,25.57,0.00,-125.98,1.35,128.55,8,878,174,9
0.26,1.43,0.02,32.96,-1.04,-164.61,1.45,167.88,6,875,164,8
0.37,1.25,0.11,44.13,2.38,-198.97,1.31,203.82,5,871,137,8
0.59,1.24,0.02,47.79,16.30,-224.18,1.37,229.80,2,867,81,7
1.10,1.24,-0.11,37.54,6.84,-213.32,1.66,216.70,1,829,46,4
0.32,0.47,-0.38,32.10,-16.72,-174.32,0.69,178.04,1,825,22,14
-0.42,0.53,-0.37,-23.13,-76.72,-23.07,0.77,83.39,1,820,13,14
-0.40,0.82,-0.05,-35.83,-112.67,71.72,0.92,138.28,1,824,11,14
-0.51,0.72,0.15,-11.96,-83.44,90.88,0.89,123.95,1,835,13,14
-0.58,0.75,0.16,6.47,-25.27,142.52,0.96,144.88,1,837,12,16
-0.21,0.56,-0.07,9.52,8.54,202.33,0.60,202.74,1,838,13,17
0.31,0.69,-0.13,-25.76,-13.06,209.59,0.77,211.57,1,837,12,17
0.49,0.97,0.15,-58.04,-68.05,161.74,1.10,184.83,1,834,15,15
0.18,1.09,0.33,-39.73,-37.23,140.62,1.15,150.80,1,839,14,15
0.32,1.16,0.23,-50.90,12.94,125.43,1.23,135.98,1,833,14,17
0.44,1.32,0.24,-48.46,54.38,119.87,1.41,140.27,1,830,17,17
0.65,1.25,0.16,-44.37,71.47,118.53,1.41,145.35,2,828,15,15
0.81,1.23,0.26,-37.84,70.80,103.27,1.49,130.80,1,828,17,15
0.83,1.14,0.30,-28.44,77.45,50.42,1.44,96.69,1,823,14,14
0.72,1.07,0.32,-23.19,96.13,5.74,1.33,99.06,1,820,14,14
0.76,1.06,0.26,-7.63,115.48,0.67,1.33,115.73,1,816,14,15
0.87,0.86,0.08,10.25,104.06,5.74,1.23,104.73,1,814,14,12
0.91,0.90,0.11,25.09,80.20,18.25,1.28,85.99,1,811,13,9
0.87,0.78,0.08,37.17,67.44,5.49,1.17,77.20,1,812,14,12
0.88,0.76,0.04,40.59,73.97,-10.93,1.16,85.08,1,809,14,11
0.81,0.71,0.07,22.22,72.81,-23.86,1.08,79.78,2,831,31,14
0.56,0.52,-0.46,-14.10,54.69,53.16,0.89,77.56,3,813,42,9
-0.03,1.51,-0.05,-58.59,7.02,39.37,1.51,70.94,5,824,62,9
0.19,1.26,-0.17,-34.30,0.85,6.04,1.28,34.84,10,790,84,13
0.10,1.25,-0.15,11.84,-1.83,7.51,1.26,14.14,14,773,99,17
0.11,1.05,0.01,44.31,-4.33,-4.21,1.06,44.72,18,769,118,19
0.08,0.91,0.15,25.39,-3.91,-7.02,0.93,26.63,21,768,121,19
0.11,0.93,0.08,-1.59,-0.49,-6.41,0.94,6.62,25,763,135,20
0.13,0.96,0.02,-9.22,0.49,-6.16,0.97,11.10,28,763,138,19
0.13,0.96,0.02,-7.81,0.85,-4.15,0.97,8.89,33,764,144,19
0.14,0.95,0.01,-4.46,0.85,-1.28,0.96,4.71,38,760,143,18
0.15,0.93,0.03,-0.06,0.00,5.92,0.94,5.92,50,750,152,18
0.11,1.02,0.04,-0.49,-2.32,10.68,1.02,10.94,73,740,154,20
0.09,1.00,0.06,-7.39,-2.20,5.19,1.01,9.29,108,732,157,20
0.11,1.01,0.00,-8.36,-0.79,-3.05,1.01,8.94,134,731,163,19
0.12,0.98,0.02,-2.56,-0.49,-3.91,0.99,4.70,139,727,166,20
0.11,1.02,0.02,-1.10,-0.18,-5.37,1.03,5.49,141,730,167,18
0.12,1.01,0.02,1.59,-0.18,-9.40,1.02,9.53,129,740,171,16
0.13,0.95,0.03,2.87,0.67,-10.56,0.96,10.96,119,755,172,17
0.14,0.93,0.01,-0.98,1.53,-7.81,0.94,8.02,100,764,175,15
0.14,0.97,0.01,-0.79,2.50,-3.97,0.98,4.76,96,772,170,16
0.13,0.97,0.01,0.98,2.38,-3.60,0.98,4.43,81,779,175,15
0.14,0.95,0.01,0.31,2.32,-3.05,0.96,3.85,78,782,177,14
0.14,0.97,0.00,-2.56,2.08,-2.20,0.98,3.96,77,785,175,15
0.15,0.95,0.01,-0.98,1.95,-1.71,0.97,2.77,75,785,173,15
0.14,0.97,0.01,0.37,1.65,-0.61,0.98,1.80,70,787,176,15
0.14,0.97,0.01,0.37,1.10,-0.55,0.98,1.28,71,785,176,13
0.15,0.95,0.00,0.12,1.34,1.65,0.96,2.13,73,782,173,14
0.13,1.00,0.00,2.08,0.79,2.62,1.01,3.44,78,781,174,11
0.13,1.00,0.01,4.82,0.92,0.00,1.01,4.91,77,782,173,12
0.14,1.01,0.02,4.64,0.85,-2.56,1.02,5.37,65,793,171,12
0.14,1.03,0.01,4.21,1.16,-6.96,1.04,8.22,52,810,169,10
0.13,1.13,-0.00,5.98,-0.24,-20.02,1.13,20.90,38,825,169,11
0.12,1.17,0.01,16.48,0.92,-36.38,1.18,39.95,24,847,167,9
0.11,1.26,0.07,21.24,3.66,-61.46,1.26,65.13,13,868,158,9
0.16,1.36,-0.02,28.44,5.25,-89.05,1.37,93.63,7,866,152,10
0.20,1.31,-0.04,58.04,6.41,-110.47,1.32,124.96,4,878,137,7
0.22,1.35,0.00,76.78,3.85,-126.83,1.36,148.31,2,857,108,7
0.31,1.34,-0.03,97.47,2.69,-137.27,1.38,168.38,1,842,62,8
0.41,0.96,0.03,123.35,-4.21,-125.43,1.05,175.97,1,843,32,11
-0.98,-0.22,-0.45,114.14,7.51,-35.52,1.10,119.77,1,834,19,13
-0.75,0.48,-0.30,-15.99,67.99,32.35,0.94,76.98,1,828,18,15
-0.46,0.91,-0.18,-5.37,104.49,74.22,1.04,128.28,1,824,17,14
0.06,0.76,-0.14,-12.33,61.52,102.36,0.77,120.06,1,822,19,15
