-,-,-
0.15,1.00,-0.03,6.71,-1.10,-10.93,1.01,12.87,54,749,132,10
0.15,1.01,-0.04,5.92,-0.55,-14.59,1.02,15.75,45,760,128,9
0.16,1.03,-0.06,9.58,0.67,-17.88,1.04,20.30,34,773,123,8
0.18,0.96,-0.03,17.40,1.10,-18.43,0.98,25.37,25,784,122,8
0.18,0.98,0.01,17.15,2.08,-20.14,1.00,26.54,19,791,119,9
0.20,0.96,-0.01,16.78,3.42,-18.80,0.98,25.43,15,795,110,9
0.20,1.02,0.00,16.91,1.89,-21.42,1.04,27.36,13,799,108,7
0.23,1.02,-0.03,24.72,0.67,-25.02,1.04,35.18,10,805,103,5
0.21,1.08,0.05,28.69,-0.55,-27.83,1.10,39.97,7,807,108,8
0.25,1.07,0.01,32.17,-1.83,-34.79,1.10,47.42,5,807,109,7
0.23,1.22,0.06,37.78,-4.33,-45.53,1.24,59.32,3,817,100,7
0.24,1.25,0.07,45.35,-2.14,-71.72,1.27,84.88,3,816,82,5
0.37,1.34,-0.00,61.40,-3.23,-91.80,1.39,110.49,2,829,57,7
0.46,1.17,-0.06,88.50,-8.12,-100.10,1.26,133.86,1,825,37,8
0.51,1.02,-0.10,93.32,-20.51,-90.88,1.15,131.87,1,825,21,9
-0.34,0.38,-0.44,49.13,-36.87,-36.74,0.68,71.58,1,816,14,13
-0.69,0.62,-0.29,-16.85,-0.85,0.24,0.97,16.87,1,829,14,13
-0.49,0.70,-0.28,-44.19,40.10,38.21,0.90,70.86,1,818,14,13
-0.40,0.84,-0.12,-61.28,37.48,67.08,0.94,98.28,1,818,18,13
-0.34,0.88,0.01,-60.85,22.34,90.88,0.95,111.63,1,814,17,14
-0.30,1.03,0.17,-58.17,7.57,111.15,1.09,125.67,1,814,15,13
-0.18,1.01,0.23,-57.07,12.02,108.22,1.05,122.93,1,815,15,14
0.03,1.24,0.40,-62.87,29.60,93.38,1.31,116.40,1,817,17,12
0.36,1.35,0.43,-34.00,45.90,73.18,1.46,92.83,1,821,19,11
0.56,1.30,0.46,-10.99,41.63,49.26,1.48,65.42,1,823,20,10
0.82,1.11,0.42,20.14,30.46,61.40,1.44,71.44,2,831,16,10
1.08,0.98,0.25,17.58,18.68,59.20,1.49,64.52,2,831,17,11
1.24,0.87,0.10,25.70,14.65,30.15,1.52,42.24,2,833,18,11
1.78,0.57,-0.09,8.24,16.05,-21.97,1.87,28.43,2,850,30,12
2.64,0.69,-0.02,19.47,17.52,1.16,2.73,26.22,5,803,54,15
-0.24,2.00,0.10,-3.60,-0.24,42.05,2.02,42.21,11,793,68,13
0.10,0.99,0.07,-2.14,-0.06,-20.02,0.99,20.13,22,754,94,17
0.07,1.00,0.05,-1.65,-1.28,-17.52,1.00,17.64,33,736,111,20
0.08,0.96,0.03,-9.34,-1.89,-16.30,0.97,18.88,47,732,127,21
0.11,0.94,-0.02,-8.30,0.37,-11.05,0.94,13.82,61,727,133,21
0.11,0.93,0.01,-6.96,1.59,0.24,0.93,7.14,77,723,141,22
0.10,0.99,-0.02,-10.86,2.08,4.33,1.00,11.88,110,720,143,22
0.09,0.96,0.00,-10.80,2.32,4.94,0.96,12.10,135,711,150,24
0.10,1.00,-0.06,-11.05,1.77,4.88,1.01,12.21,169,707,153,22
0.09,0.99,-0.06,-6.65,1.77,4.27,0.99,8.10,203,698,157,24
0.09,0.98,-0.02,-0.92,1.34,3.42,0.98,3.78,244,690,158,22
0.08,1.01,-0.03,-2.93,-0.43,0.06,1.02,2.96,246,683,159,21
0.08,1.03,-0.05,-0.98,-1.83,-5.13,1.04,5.53,299,683,163,20
0.09,1.01,-0.04,3.36,-2.32,-10.44,1.02,11.21,384,689,165,20
0.09,1.01,-0.02,5.25,-2.81,-13.98,1.01,15.19,258,699,162,16
0.10,0.97,-0.01,5.07,-2.87,-16.05,0.98,17.08,288,718,168,14
0.11,0.99,-0.03,2.56,-2.75,-16.78,1.00,17.20,291,730,166,14
0.13,0.97,-0.04,5.55,-1.95,-15.32,0.98,16.41,200,745,167,13
0.13,0.94,-0.02,6.35,-0.37,-7.75,0.95,10.03,186,752,163,11
0.14,0.94,-0.02,10.19,0.55,-2.38,0.95,10.48,170,758,170,10
0.14,0.96,-0.00,9.89,0.73,1.53,0.97,10.03,154,757,163,10
0.13,0.98,0.01,9.46,0.73,2.99,0.98,9.95,170,757,169,11
0.13,0.96,0.01,6.35,0.37,2.99,0.97,7.03,180,760,170,8
0.12,1.00,-0.01,4.33,0.24,2.38,1.01,4.95,160,761,165,10
0.13,0.99,-0.02,8.24,-0.67,-0.67,1.00,8.29,160,766,167,11
0.13,0.99,0.01,11.11,-0.98,-2.32,1.00,11.39,137,773,167,9
0.12,1.01,0.02,8.48,-1.89,-6.84,1.02,11.06,135,778,172,9
0.12,1.02,0.03,3.85,-2.38,-17.46,1.03,18.03,132,783,171,8
0.15,1.07,-0.00,6.77,-3.17,-27.77,1.08,28.76,107,799,174,8
0.14,1.12,0.04,12.27,-3.23,-41.63,1.13,43.52,75,812,169,8
0.15,1.23,0.04,12.82,-2.56,-62.87,1.24,64.21,59,824,169,8
0.15,1.37,-0.01,16.60,-2.32,-98.33,1.38,99.75,38,850,174,8
0.13,1.44,0.02,19.59,0.49,-137.27,1.45,138.66,23,861,170,7
0.20,1.64,-0.06,15.20,0.49,-184.20,1.65,184.83,14,858,155,8
0.48,1.82,-0.21,12.88,-1.65,-248.54,1.90,248.87,7,872,101,6
0.79,1.40,-0.60,-40.47,-16.42,-275.02,1.71,278.47,2,842,37,3
-0.20,0.86,-0.40,-23.07,-109.13,-124.08,0.97,166.85,2,827,10,8
-0.19,1.07,-0.33,-73.18,-153.56,-41.81,1.13,175.17,2,818,12,8
-0.42,0.98,-0.06,-53.59,-86.55,-5.31,1.07,101.93,2,815,14,9
-0.08,0.65,-0.12,-39.49,-20.81,26.67,0.67,52.00,2,826,15,11
-0.09,0.70,0.03,-49.50,-16.36,61.89,0.70,80.92,2,824,12,11
-0.18,0.69,0.16,-43.95,-21.97,100.77,0.73,112.11,2,827,14,11
-0.12,0.77,0.28,-46.63,-9.95,126.16,0.82,134.87,1,830,16,13
-0.14,0.74,0.23,-44.98,10.93,128.42,0.78,136.51,2,825,13,11
-0.00,0.89,0.20,-47.00,31.13,147.89,0.91,158.27,2,827,13,12
0.21,0.85,0.06,-52.92,24.54,142.82,0.88,154.27,2,822,16,15
0.39,1.09,0.16,-47.18,1.65,147.64,1.17,155.01,2,816,15,13
0.40,1.15,0.18,-32.84,-23.86,129.58,1.23,135.79,2,814,14,11
0.32,1.06,0.16,-21.61,-36.80,128.85,1.12,135.73,2,816,14,13
0.32,1.06,0.14,-17.70,-32.35,128.11,1.12,133.31,2,818,14,13
0.32,1.01,0.12,-20.69,-20.69,124.51,1.06,127.90,2,821,14,12
0.55,1.09,0.13,-23.32,-2.87,103.64,1.23,106.27,2,822,14,13
0.59,1.09,0.15,-14.65,5.37,75.13,1.25,76.74,2,824,14,13
0.64,1.07,0.21,6.84,13.00,46.26,1.26,48.54,2,831,14,14
0.68,0.99,0.24,33.69,10.38,22.03,1.22,41.57,2,836,16,13
0.73,0.92,0.31,33.94,-3.05,5.80,1.22,34.56,1,840,13,13
0.59,0.82,0.28,51.51,-5.80,-16.24,1.05,54.32,1,840,13,13
0.57,0.87,0.31,32.29,11.96,-27.16,1.09,43.86,1,840,14,15
0.83,0.94,0.26,68.12,22.22,-58.47,1.28,92.48,1,845,14,17
0.66,0.53,0.09,51.09,-3.23,-77.88,0.85,93.20,1,846,13,20
0.46,0.46,-0.05,-38.51,29.97,31.62,0.65,58.15,5,755,22,32
-0.24,1.24,0.19,51.76,1.16,43.21,1.28,67.44,12,673,28,34
-0.16,1.23,0.10,10.01,1.22,-31.31,1.25,32.89,16,676,39,36
0.02,1.03,-0.01,30.94,2.99,-59.33,1.03,66.98,16,704,47,37
0.15,0.70,0.09,45.53,-0.92,-25.15,0.72,52.02,25,681,56,42
0.12,0.88,0.17,38.33,-2.99,1.40,0.90,38.47,47,658,77,49
0.01,0.86,0.25,17.94,-5.25,9.09,0.90,20.79,86,619,93,53
0.03,0.87,0.14,-10.07,-1.40,15.26,0.88,18.34,169,603,102,57
0.05,0.98,0.07,-15.93,-1.71,27.59,0.99,31.90,263,584,108,62
-0.02,1.09,0.13,-4.58,-5.98,27.89,1.10,28.89,289,571,113,63
-0.02,1.05,0.11,-2.14,-6.16,12.21,1.06,13.84,361,558,115,65
-0.01,1.04,0.09,2.62,-5.07,4.15,1.04,7.06,339,557,114,68
-0.01,0.95,0.12,6.96,-3.72,4.58,0.96,9.12,299,555,121,67
-0.02,1.01,0.11,8.42,-2.99,6.47,1.02,11.03,468,554,122,67
-0.02,1.00,0.12,9.58,-2.69,2.93,1.00,10.37,301,553,122,68
-0.03,0.98,0.13,5.92,-2.14,-1.28,0.99,6.42,518,552,120,66
-0.02,0.97,0.12,3.60,-1.53,-2.14,0.98,4.46,322,553,123,66
-0.01,0.98,0.12,5.49,-1.46,-1.59,0.99,5.90,370,555,120,64
-0.02,0.98,0.14,10.68,-1.89,0.24,0.99,10.85,401,557,121,62
-0.02,0.96,0.15,13.18,-2.01,-0.06,0.97,13.34,322,559,121,62
-0.02,0.97,0.14,10.99,-1.53,1.77,0.98,11.23,343,561,119,63
-0.02,0.97,0.16,9.46,-1.40,3.05,0.98,10.04,284,562,114,61
-0.03,0.98,0.16,5.19,-0.61,1.16,1.00,5.35,468,563,112,60
-0.04,0.96,0.17,2.44,0.12,-1.22,0.97,2.73,318,565,112,57
-0.02,0.96,0.16,2.14,0.67,-2.01,0.97,3.01,365,567,107,56
-0.03,0.96,0.17,1.71,1.28,-2.20,0.98,3.06,320,568,108,55
-0.02,0.92,0.17,1.40,1.28,-3.60,0.93,4.07,368,572,115,51
-0.02,0.99,0.15,-3.42,0.61,-2.56,1.00,4.32,282,571,115,47
-0.02,0.98,0.15,-1.95,0.43,-4.15,0.99,4.61,429,572,120,42
-0.03,0.99,0.16,-4.03,-0.37,-5.92,1.01,7.17,345,574,125,40
-0.03,1.01,0.15,-7.20,-0.92,-15.99,1.02,17.56,347,583,125,37
-0.02,1.00,0.14,-16.11,-0.79,-27.22,1.01,31.64,442,605,132,30
-0.01,1.05,0.15,-22.83,-1.89,-39.43,1.06,45.60,314,624,136,27
0.01,1.06,0.12,-24.29,-0.49,-56.34,1.07,61.35,388,667,144,22
0.06,1.16,0.10,-19.90,1.83,-75.62,1.17,78.22,185,715,147,14
0.01,1.49,0.09,-18.62,6.23,-110.35,1.50,112.08,78,779,155,11
-0.01,1.55,0.07,2.62,14.10,-153.44,1.55,154.11,27,816,153,9
0.06,1.37,0.07,17.27,21.00,-199.34,1.37,201.19,12,865,148,9
0.10,1.45,0.04,14.77,21.97,-232.97,1.45,234.47,5,870,114,8
0.69,1.75,-0.06,21.36,27.10,-249.08,1.88,251.46,2,851,51,3
1.36,1.89,-0.06,-2.38,-17.27,-201.05,2.33,201.80,1,838,25,8
2.01,0.78,-0.68,34.85,-59.51,-137.27,2.27,153.62,1,817,10,15
1.42,0.96,-0.68,-55.79,-140.75,-62.68,1.85,163.86,1,821,11,13
0.83,1.30,-0.20,-135.68,-167.30,-40.34,1.55,219.15,1,819,10,12
-0.01,2.13,0.67,-127.99,-130.62,-50.84,2.23,189.81,1,831,12,15
-0.41,0.99,0.36,40.47,-39.18,-18.13,1.13,59.17,1,834,11,15
-0.24,0.23,-0.05,7.39,-18.98,42.30,0.34,46.95,1,831,13,15
-0.53,0.44,0.31,-43.95,-39.98,67.57,0.76,89.97,1,832,12,16
-0.84,0.25,0.38,-35.89,-11.60,102.48,0.95,109.20,1,832,10,17
-0.72,0.14,0.33,-64.88,52.25,108.28,0.80,136.61,1,829,13,18
-0.64,0.29,0.33,-71.90,76.60,129.94,0.78,167.10,1,820,13,19
-0.38,0.44,0.34,-72.39,70.01,158.81,0.67,188.05,1,812,13,18
-0.23,0.57,0.38,-42.97,48.28,172.85,0.72,184.54,1,789,11,18
-0.05,0.67,0.38,-21.24,13.12,184.51,0.77,186.19,2,777,14,17
0.17,0.84,0.43,6.84,-19.10,185.12,0.96,186.23,2,755,14,17
0.26,0.84,0.28,22.64,-34.55,162.11,0.92,167.29,2,750,15,19
0.35,1.05,0.24,25.09,-13.06,122.25,1.13,125.48,2,759,15,21
0.89,1.13,0.11,14.10,34.48,101.38,1.45,108.01,2,771,15,20
1.48,1.43,0.20,16.36,46.45,44.37,2.06,66.29,2,779,14,18
1.43,1.28,0.04,44.43,34.67,-33.14,1.92,65.38,2,793,12,18
3.78,0.77,-0.62,44.62,49.62,-65.67,3.91,93.63,2,762,17,22
0.68,0.60,-0.42,54.44,58.65,8.97,1.00,80.53,8,685,23,23
-0.12,1.24,0.07,5.62,5.13,23.13,1.25,24.35,18,674,31,25
0.08,0.99,-0.03,47.42,-1.34,-24.66,0.99,53.47,43,643,63,37
0.06,0.74,0.25,46.69,-4.27,-0.55,0.78,46.89,91,625,84,44
0.03,0.95,0.14,-13.85,-5.31,17.70,0.96,23.10,192,602,97,49
0.01,1.09,0.10,-12.02,-3.72,7.87,1.10,14.85,236,590,104,53
0.05,0.98,0.09,4.39,-1.77,-2.50,0.99,5.36,288,591,116,54
0.05,0.95,0.10,3.17,-1.22,11.23,0.95,11.73,275,578,121,58
0.03,0.99,0.11,14.71,-1.34,18.92,1.00,24.00,314,569,123,62
-0.01,1.04,0.14,15.38,-1.59,8.12,1.05,17.46,277,559,125,63
0.01,1.00,0.12,5.62,0.31,-3.54,1.01,6.64,386,561,124,60
0.02,0.99,0.14,4.21,0.79,-9.03,1.00,10.00,316,565,124,59
0.03,0.96,0.13,-0.61,0.06,-13.31,0.97,13.32,361,576,129,50
0.03,0.97,0.14,-3.72,-0.49,-11.47,0.98,12.07,337,583,135,49
0.03,0.98,0.13,-6.71,-0.49,-14.04,0.99,15.57,316,599,136,42
0.05,0.93,0.12,-6.10,-0.85,-15.26,0.94,16.46,322,622,135,39
0.05,1.01,0.10,-8.97,-0.92,-15.08,1.02,17.57,254,640,141,33
0.07,0.95,0.11,-5.80,-0.61,-16.54,0.96,17.54,234,655,144,29
0.07,1.00,0.11,-4.46,0.61,-12.88,1.00,13.64,248,665,146,26
0.08,0.95,0.10,-5.25,0.12,-12.76,0.96,13.79,248,675,143,26
0.09,0.97,0.08,-4.21,1.71,-6.47,0.98,7.91,226,676,150,24
0.09,0.97,0.10,0.12,1.71,-2.56,0.98,3.08,217,676,148,24
0.09,0.94,0.11,4.03,2.20,-0.31,0.95,4.60,276,673,150,23
0.09,0.97,0.10,5.31,1.83,1.53,0.98,5.82,276,670,150,27
0.08,0.96,0.12,4.27,1.95,2.69,0.97,5.41,291,668,150,27
0.08,0.97,0.11,3.72,1.59,2.38,0.98,4.70,274,663,145,26
0.07,0.97,0.13,2.75,1.40,2.50,0.98,3.97,251,661,149,27
0.07,0.97,0.12,1.22,0.85,-0.67,0.98,1.63,279,658,149,26
0.08,0.97,0.11,-1.40,0.00,-3.11,0.98,3.41,295,660,150,27
0.08,0.99,0.11,-3.23,-0.12,-5.37,1.00,6.27,295,676,147,22
0.08,1.00,0.11,-5.55,-1.10,-9.40,1.01,10.97,265,687,148,19
0.08,1.02,0.10,-6.47,-1.16,-17.40,1.03,18.60,233,699,151,14
0.10,1.00,0.09,-3.54,-0.61,-26.92,1.01,27.16,208,718,158,14
0.08,1.09,0.12,-8.85,1.53,-38.94,1.10,39.96,154,739,161,12
0.12,1.07,0.12,-10.25,3.78,-53.77,1.08,54.87,108,763,164,12
0.13,1.27,0.06,-19.29,7.39,-71.78,1.28,74.69,67,793,164,10
0.14,1.31,0.05,-5.98,10.01,-102.11,1.32,102.78,35,824,170,11
0.20,1.26,0.02,8.48,10.99,-136.72,1.28,137.42,19,863,168,10
0.13,1.31,0.11,9.77,7.93,-180.05,1.32,180.49,12,889,169,11
0.18,1.35,0.13,4.88,13.43,-219.79,1.37,220.25,8,885,154,10
0.52,1.46,0.28,-0.12,32.78,-252.81,1.57,254.92,5,881,91,4
1.21,0.60,-0.34,10.19,56.58,-224.18,1.39,231.44,2,859,47,2
1.60,0.73,-0.48,20.26,-1.53,-112.61,1.82,114.43,1,842,20,7
2.05,0.64,-0.93,-12.76,-64.88,-104.55,2.34,123.71,1,826,11,10
1.62,1.07,-0.50,-67.99,-128.42,-22.03,2.00,146.97,0,0,10,9
0.84,1.27,-0.08,-122.07,-149.35,17.15,1.52,193.65,0,0,10,10
0.15,1.88,0.60,-135.86,-117.98,13.49,1.98,180.45,1,778,12,8
-0.34,1.46,0.66,4.70,-40.10,-13.67,1.63,42.63,1,816,12,13
-0.38,0.35,0.09,63.60,-5.74,41.26,0.52,76.03,1,818,14,13
-0.59,0.48,0.26,15.14,-36.25,105.77,0.81,112.83,1,822,13,15
-0.83,0.39,0.38,35.28,-31.74,144.35,0.99,151.95,1,822,13,16
-0.86,0.03,0.16,23.68,13.67,166.50,0.87,168.73,1,824,14,17
-0.78,0.08,0.03,-8.48,53.59,166.14,0.79,174.77,1,820,14,19
-0.54,0.18,-0.04,-40.83,60.12,191.28,0.57,204.62,1,817,11,18
-0.27,0.55,0.12,-39.98,44.98,200.62,0.62,209.45,1,794,12,18
-0.03,0.63,0.08,-18.01,13.85,192.75,0.64,194.08,2,788,12,17
0.17,0.85,0.19,-10.50,-17.76,183.96,0.89,185.11,2,786,12,18
0.41,0.93,0.12,-0.49,-1.04,141.17,1.02,141.18,2,784,13,19
1.19,1.29,0.23,-22.09,12.27,103.39,1.77,106.44,2,790,13,16
1.81,1.68,0.53,28.69,20.20,8.06,2.52,36.00,2,815,14,16
1.59,1.06,0.29,58.47,24.54,-80.69,1.94,102.62,1,826,12,16
2.76,1.69,-0.03,-111.57,59.27,-80.81,3.23,149.97,2,812,17,20
0.29,0.88,0.27,-108.03,5.49,28.87,0.97,111.96,4,742,27,22
0.37,0.89,-0.44,-18.68,28.20,6.84,1.06,34.51,8,730,42,20
0.20,0.97,-0.20,0.61,1.34,-26.12,1.01,26.16,20,693,76,26
0.22,0.63,0.11,27.83,-0.43,7.14,0.67,28.74,42,667,98,27
0.08,1.18,0.11,-1.95,0.55,35.83,1.19,35.89,98,643,112,31
0.01,1.29,0.06,12.15,-6.04,-2.08,1.29,13.72,171,629,131,33
0.12,0.87,0.12,20.45,-4.03,-33.87,0.89,39.77,141,648,143,30
0.17,0.83,0.07,0.85,-0.61,-7.20,0.85,7.28,158,656,151,29
0.12,0.97,0.12,-1.53,-0.06,0.55,0.98,1.62,194,649,155,30
0.12,1.03,0.05,-13.67,-1.04,-5.55,1.03,14.79,295,650,153,29
0.14,0.99,0.05,-5.55,-0.98,-8.97,1.00,10.60,318,652,164,30
0.13,1.00,0.06,-3.78,-0.18,-7.14,1.01,8.08,221,657,164,29
0.14,0.96,0.06,0.55,0.18,-8.91,0.97,8.93,324,666,165,25
0.15,0.91,0.07,-1.10,0.12,-7.02,0.93,7.11,212,672,169,27
0.15,0.97,0.06,-3.66,0.06,-3.60,0.98,5.14,257,674,165,23
0.15,0.98,0.06,-2.38,0.06,-3.78,0.99,4.47,204,679,166,22
0.15,0.97,0.05,-1.89,0.18,-3.36,0.98,3.86,204,680,167,24
0.14,0.98,0.06,-0.73,0.73,-3.05,0.99,3.22,237,684,166,20
0.16,0.96,0.04,1.34,0.92,-2.26,0.98,2.78,225,688,168,20
0.15,0.94,0.07,7.14,1.28,0.85,0.96,7.31,224,689,161,21
0.15,0.96,0.06,5.80,1.16,2.44,0.97,6.40,225,683,165,21
0.15,0.96,0.07,7.63,0.73,3.66,0.97,8.49,245,685,166,20
0.14,1.01,0.06,4.46,0.43,2.08,1.02,4.93,246,682,167,20
0.14,0.96,0.08,5.25,0.43,-0.37,0.97,5.28,224,681,166,19
0.14,1.01,0.06,0.79,0.49,-1.65,1.02,1.89,238,686,164,17
0.14,0.99,0.07,0.12,0.00,-5.37,1.01,5.37,225,698,161,18
0.15,0.95,0.10,-2.56,0.12,-7.02,0.97,7.47,178,704,167,15
0.15,1.01,0.07,-2.81,-0.18,-13.00,1.02,13.30,173,714,171,15
0.16,1.00,0.06,-3.72,-0.55,-18.19,1.01,18.57,163,722,165,11
0.16,0.99,0.08,-2.99,-0.85,-22.22,1.01,22.43,146,739,175,13
0.18,1.08,0.05,-2.87,-0.92,-31.98,1.10,32.12,105,754,177,11
0.17,1.20,0.05,3.36,0.79,-43.88,1.21,44.02,75,775,178,10
0.17,1.22,0.09,10.19,2.01,-70.37,1.23,71.14,41,817,177,11
0.19,1.26,0.05,7.32,2.56,-107.12,1.28,107.40,17,850,174,11
0.18,1.37,0.11,2.44,12.02,-143.74,1.39,144.26,10,884,164,9
0.20,1.41,0.10,5.49,20.32,-199.04,1.43,200.15,6,882,145,8
0.54,1.32,0.00,13.37,33.14,-227.66,1.42,230.45,3,879,75,5
1.62,0.69,-0.66,-37.84,12.76,-218.75,1.88,222.37,1,855,41,3
1.83,0.73,-0.40,-82.09,-33.26,-172.85,2.01,194.22,1,840,17,3
1.77,1.14,-0.43,-59.20,-62.81,-123.35,2.15,150.55,1,824,12,6
1.50,1.19,-0.31,-53.34,-92.04,-58.04,1.94,121.19,1,818,9,5
1.05,1.28,-0.03,-62.81,-117.13,-24.41,1.66,135.13,0,0,11,7
0.54,1.40,0.26,-35.71,-130.80,-16.11,1.53,136.54,1,789,10,7
-0.08,1.01,0.36,14.47,-106.51,-24.84,1.08,110.32,1,833,12,10
-0.37,0.56,0.25,35.52,-42.24,-0.37,0.71,55.19,1,843,10,12
-0.64,0.37,0.22,29.48,-6.77,43.15,0.77,52.70,1,843,11,15
-0.52,0.29,0.14,30.33,21.30,99.24,0.61,105.94,1,837,12,16
-0.41,0.28,0.02,19.47,40.95,131.96,0.50,139.53,1,832,13,16
-0.35,0.22,-0.06,7.57,44.74,152.53,0.42,159.13,1,835,13,17
-0.41,0.30,-0.08,-12.63,46.81,170.17,0.52,176.94,1,831,13,18
-0.23,0.44,-0.09,-28.87,50.35,195.74,0.51,204.16,1,831,13,18
0.03,0.62,-0.11,-39.37,44.92,185.42,0.63,194.81,1,833,12,17
0.20,0.78,-0.11,-36.80,14.04,191.89,0.81,195.90,1,825,13,16
0.50,0.87,-0.08,-33.75,-16.85,169.19,1.01,173.34,1,822,11,18
0.44,0.85,-0.04,-40.53,-19.17,134.40,0.96,141.68,2,810,8,18
0.77,1.15,0.12,-36.74,13.73,105.96,1.39,112.98,2,812,13,18
1.16,1.23,0.22,-34.85,9.95,73.61,1.71,82.05,2,807,12,17
1.07,0.98,0.20,-19.35,3.48,28.26,1.47,34.42,2,805,12,17
0.90,1.18,0.36,-11.84,28.69,-9.83,1.53,32.55,1,824,10,16
1.07,0.81,0.21,19.04,51.09,-44.43,1.36,70.33,2,825,12,16
2.94,3.37,0.53,17.27,24.23,-72.69,4.51,78.55,2,816,24,19
-0.03,1.95,0.86,54.81,-8.18,13.79,2.13,57.11,5,721,33,20
-0.37,1.45,0.28,-7.69,0.92,12.70,1.52,14.87,7,693,39,20
0.13,1.06,-0.06,-12.76,2.26,-19.17,1.07,23.13,12,683,62,25
0.22,0.74,0.02,26.92,0.43,-4.58,0.78,27.31,19,663,84,29
0.15,0.74,0.11,20.26,0.18,33.14,0.76,38.85,40,628,96,35
0.04,1.34,0.13,-0.61,-5.68,55.66,1.34,55.96,112,593,107,41
-0.04,1.22,0.06,-3.36,-7.39,10.74,1.23,13.46,212,564,120,51
0.03,0.96,0.12,-12.57,-2.81,-10.93,0.97,16.89,239,569,131,46
0.09,0.96,0.03,-31.80,-1.71,-13.18,0.96,34.47,313,584,134,44
0.11,0.98,-0.01,-17.33,0.24,-3.48,0.99,17.68,347,587,139,44
0.07,1.07,-0.00,1.59,0.55,0.18,1.07,1.69,288,586,149,44
0.09,0.98,0.03,11.90,-0.31,-0.31,0.98,11.91,334,584,150,46
0.09,0.96,0.04,25.15,-0.31,6.53,0.97,25.98,361,582,148,50
0.06,0.97,0.07,24.84,-0.61,13.92,0.97,28.48,293,567,145,61
0.05,0.98,0.09,15.93,-1.22,13.73,0.98,21.07,358,553,147,70
0.04,0.98,0.09,7.32,-1.40,8.00,0.98,10.93,334,543,148,77
0.05,0.98,0.08,4.82,-1.22,4.58,0.99,6.76,361,540,148,79
0.05,0.97,0.09,5.37,-1.04,3.97,0.97,6.76,505,536,147,82
0.05,0.97,0.08,4.39,-1.04,4.39,0.98,6.30,386,534,142,83
0.05,0.98,0.08,5.98,-0.49,8.97,0.98,10.79,332,536,143,89
0.03,0.99,0.10,8.85,-0.85,9.22,1.00,12.81,352,529,140,95
0.03,0.97,0.10,5.80,-0.85,7.14,0.97,9.24,306,524,136,96
0.01,0.98,0.10,3.97,-0.98,5.13,0.98,6.56,408,521,135,98
0.03,0.97,0.10,3.36,-0.55,2.01,0.98,3.95,304,520,130,99
0.02,0.98,0.10,1.53,-0.37,2.44,0.98,2.90,347,516,130,96
0.01,0.99,0.09,3.91,0.00,0.92,1.00,4.01,322,518,131,99
0.03,0.98,0.10,5.25,0.55,0.37,0.98,5.29,324,516,131,98
0.01,0.99,0.10,3.85,0.24,0.18,1.00,3.86,445,517,134,99
0.02,0.97,0.11,2.69,0.37,-1.65,0.98,3.17,352,517,134,94
0.02,0.99,0.12,-0.43,-0.37,-3.11,0.99,3.16,356,518,135,90
0.02,1.01,0.09,-3.36,-1.53,-11.60,1.02,12.17,356,524,135,80
0.01,1.04,0.11,-1.40,-2.44,-19.29,1.05,19.49,314,541,146,58
0.04,0.98,0.13,4.70,-4.21,-29.48,0.98,30.15,432,574,153,38
-0.02,1.09,0.22,-6.90,-5.74,-34.18,1.11,35.34,432,633,154,23
0.03,1.30,0.06,-15.14,-9.16,-75.50,1.30,77.55,209,697,167,16
-0.00,1.42,0.12,5.43,-2.69,-126.77,1.43,126.91,54,785,169,10
0.07,1.72,0.01,-0.37,-2.44,-177.92,1.72,177.93,15,863,164,9
0.10,1.30,-0.03,54.38,19.78,-236.27,1.30,243.25,7,881,154,9
0.30,1.79,-0.06,48.95,19.47,-278.26,1.82,283.20,4,881,112,7
1.34,1.08,-0.72,5.55,-6.77,-282.04,1.86,282.18,1,853,52,3
1.96,1.42,0.14,-34.97,-65.06,-253.78,2.43,264.32,1,841,23,3
2.45,0.47,-0.12,45.41,-51.82,-209.05,2.50,220.11,1,819,11,11
2.06,0.86,-0.47,-32.41,-87.52,-138.18,2.28,166.75,0,0,10,13
1.20,1.36,0.08,-99.79,-130.43,-115.17,1.82,200.59,1,775,9,13
-0.22,1.44,0.50,-91.19,-141.97,-30.88,1.54,171.53,0,0,12,14
-0.88,1.28,0.49,-22.34,-86.18,89.36,1.63,126.14,1,779,10,14
-0.90,0.40,0.17,24.72,-31.86,91.13,1.00,99.65,1,816,10,15
-1.31,0.24,0.23,-20.26,26.06,111.33,1.35,116.12,1,824,12,17
-1.15,-0.06,0.04,-28.69,67.20,165.28,1.15,180.71,1,827,12,17
-0.92,0.07,0.10,-83.07,70.01,185.91,0.92,215.33,1,823,11,18
-0.67,0.35,0.21,-84.66,78.49,207.70,0.78,237.63,1,812,13,18
-0.32,0.47,0.15,-79.65,70.37,210.75,0.58,236.04,1,802,12,19
0.10,0.82,0.37,-68.24,28.02,224.61,0.90,236.41,1,795,11,17
0.45,0.80,0.49,-31.43,-21.42,188.42,1.04,192.22,1,786,12,15
0.48,1.01,0.52,-3.23,-41.81,128.91,1.24,135.56,1,790,11,18
0.89,1.23,0.47,19.23,-40.04,108.09,1.59,116.86,1,791,12,17
1.61,1.23,0.54,21.12,7.63,34.48,2.10,41.15,1,804,14,16
1.61,0.81,0.28,39.18,28.20,-43.64,1.82,65.08,1,817,11,17
1.09,0.54,0.04,4.94,43.64,-67.20,1.21,80.28,1,814,10,16
3.93,2.36,0.66,-25.27,116.09,-77.03,4.63,141.59,1,840,32,17
0.63,0.34,-1.42,-9.64,47.24,55.48,1.59,73.50,4,717,47,19
0.01,1.49,-0.34,-28.63,6.10,59.08,1.52,65.93,13,658,63,18
0.14,1.08,-0.10,25.82,1.16,-11.35,1.09,28.23,27,652,88,23
0.16,0.49,0.23,23.99,0.00,-0.92,0.57,24.00,52,642,108,26
0.10,1.12,-0.02,-41.44,-1.95,22.71,1.12,47.30,106,635,122,28
0.06,1.34,-0.06,7.26,-2.87,-12.51,1.35,14.75,186,633,133,28
0.13,0.87,0.08,9.34,-4.03,-30.64,0.88,32.28,176,648,142,26
0.16,0.84,0.02,1.04,-2.08,-20.20,0.86,20.34,142,662,152,24
0.16,0.92,0.02,0.18,0.12,-2.81,0.94,2.82,166,670,157,23
0.15,1.01,0.02,4.52,0.67,2.14,1.02,5.04,196,666,164,25
0.16,0.90,0.03,14.59,1.16,4.76,0.91,15.39,206,665,165,27
0.15,0.96,0.03,16.05,1.95,18.49,0.97,24.57,288,651,163,30
0.10,1.01,0.09,22.52,0.61,16.48,1.02,27.91,291,640,163,32
0.11,0.98,0.09,17.52,-0.73,10.13,0.99,20.25,306,632,167,36
0.09,0.98,0.10,2.99,-0.73,3.91,0.99,4.97,328,625,167,35
0.11,0.96,0.08,-3.30,-0.37,-2.01,0.97,3.88,308,622,167,35
0.11,0.98,0.08,-6.96,-0.12,-2.81,0.99,7.50,304,624,161,32
0.11,1.01,0.07,-7.26,-0.37,-6.65,1.02,9.86,328,629,167,29
0.12,1.00,0.06,-8.18,-1.46,-12.76,1.01,15.22,349,649,167,25
0.14,0.95,0.04,-3.17,-0.61,-12.08,0.96,12.51,277,660,170,25
0.15,0.94,0.03,2.20,0.73,-5.80,0.95,6.24,264,668,166,24
0.14,0.95,0.05,8.54,1.77,0.98,0.97,8.78,330,663,163,23
0.13,0.98,0.07,8.54,1.40,2.44,0.99,9.00,312,660,166,23
0.13,0.97,0.07,4.52,0.85,1.22,0.98,4.76,262,663,167,22
0.12,0.98,0.08,3.42,0.49,-1.40,0.99,3.73,260,664,164,22
0.13,0.98,0.07,1.46,0.37,-2.56,0.99,2.98,249,674,166,20
0.13,0.96,0.07,0.67,-0.12,-5.74,0.98,5.78,293,678,163,19
0.14,0.96,0.07,-0.55,0.18,-5.74,0.98,5.77,296,683,163,18
0.14,0.95,0.08,0.98,0.61,-2.87,0.96,3.09,249,684,166,16
0.14,0.97,0.07,1.46,0.31,-3.11,0.98,3.45,358,686,171,15
0.15,0.91,0.09,3.30,0.92,-2.26,0.93,4.10,232,683,170,14
0.15,0.96,0.07,3.30,1.10,1.46,0.97,3.77,282,679,172,15
0.13,0.95,0.08,1.34,0.49,-0.61,0.97,1.55,256,680,170,16
0.12,1.06,0.07,-2.87,0.18,-5.92,1.07,6.58,318,692,176,15
0.12,1.07,0.09,-4.94,-0.49,-17.94,1.08,18.62,235,708,178,12
0.11,1.17,0.09,-10.31,-0.31,-38.02,1.18,39.40,176,738,171,10
0.13,1.17,0.09,-8.97,1.83,-62.62,1.18,63.29,98,775,180,10
0.17,1.31,0.02,-4.46,2.38,-97.90,1.32,98.03,41,820,181,10
0.06,1.41,0.13,-0.67,1.04,-146.85,1.42,146.86,20,859,179,9
0.15,1.28,0.17,-5.31,15.38,-196.72,1.29,197.39,13,873,175,9
0.18,1.27,0.16,-22.64,26.43,-239.75,1.30,242.26,10,876,159,8
0.47,1.23,0.22,-37.05,62.93,-265.75,1.33,275.60,6,873,96,6
1.20,1.16,-0.14,-11.23,68.91,-189.33,1.67,201.79,2,849,48,4
2.56,0.14,-1.27,53.04,-12.88,-129.27,2.86,140.32,1,829,15,3
2.13,0.78,-0.80,-77.88,-188.17,-91.92,2.41,223.43,1,821,9,3
1.15,1.59,-0.16,-67.81,-231.63,-1.22,1.97,241.35,1,817,10,6
0.27,1.74,0.29,-34.61,-158.14,48.52,1.78,169.00,1,818,9,8
0.11,1.56,0.35,2.44,-43.33,45.78,1.60,63.08,1,828,12,9
-0.12,0.85,0.09,44.07,6.59,18.86,0.86,48.38,1,839,11,12
-0.11,0.62,0.11,24.17,-31.25,78.61,0.64,87.98,1,837,14,12
-0.48,0.33,0.22,29.72,-67.63,95.64,0.62,120.85,1,839,13,15
-0.73,0.04,0.19,11.29,-34.73,102.97,0.76,109.25,1,840,12,17
-0.76,-0.02,0.13,-18.31,19.53,116.76,0.77,119.79,1,839,12,17
-0.57,0.18,0.10,-52.67,62.38,149.78,0.61,170.59,1,832,11,16
-0.20,0.31,0.06,-64.76,64.33,165.47,0.37,188.97,1,820,11,17
-0.04,0.63,0.21,-50.66,36.74,173.10,0.67,184.06,1,814,13,16
0.24,0.57,0.17,-24.23,-2.08,169.68,0.64,171.41,1,816,13,17
0.12,0.68,0.28,-23.13,-16.97,150.15,0.75,152.86,1,807,13,17
0.67,0.91,0.25,-16.72,5.25,120.24,1.16,121.51,2,806,13,16
1.03,1.02,0.31,-12.39,7.26,73.85,1.48,75.24,2,795,15,16
1.28,1.29,0.48,35.58,-27.10,22.22,1.87,49.94,2,801,16,15
1.04,0.45,0.24,62.26,-38.70,12.57,1.16,74.37,2,822,13,16
1.04,1.16,0.62,-7.87,6.29,26.31,1.68,28.17,2,816,15,16
1.17,0.57,0.02,7.75,77.33,-16.85,1.30,79.52,2,797,12,15
0.92,0.79,-0.26,-49.13,108.03,-70.86,1.24,138.23,2,783,10,16
0.07,2.34,-0.11,-234.07,9.03,87.46,2.35,250.04,5,668,39,21
0.12,1.43,-0.31,2.32,11.66,34.97,1.46,36.94,13,641,61,21
0.10,1.25,-0.02,74.83,-2.14,-20.51,1.26,77.62,19,644,91,25
0.08,0.64,0.25,59.08,-7.20,-29.54,0.69,66.45,22,662,110,29
0.14,0.72,0.14,-31.13,2.26,2.50,0.75,31.31,35,656,127,30
0.12,1.13,0.03,-41.02,0.98,16.66,1.13,44.28,76,652,142,32
0.09,1.05,0.08,-16.72,-1.10,-3.11,1.06,17.05,125,652,154,36
0.14,0.91,0.05,-20.57,0.37,-3.72,0.92,20.91,133,655,161,34
0.14,0.98,0.00,-7.69,1.53,7.51,0.99,10.85,171,654,164,36
0.10,1.00,0.05,-0.98,0.61,10.93,1.00,10.99,210,646,166,37
0.12,1.01,0.02,1.53,-0.18,8.30,1.02,8.44,243,635,166,41
0.11,1.00,0.03,13.79,-0.79,11.17,1.00,17.77,322,624,161,44
0.07,0.96,0.10,20.87,-2.50,9.77,0.97,23.18,286,611,163,48
0.07,1.00,0.07,6.23,-1.34,4.21,1.01,7.64,349,597,165,51
0.08,0.98,0.07,2.26,-0.67,0.73,0.99,2.47,256,596,164,50
0.08,0.97,0.07,-1.04,-0.85,-3.85,0.98,4.07,434,597,167,49
0.09,0.96,0.07,-4.88,-0.98,-3.42,0.96,6.04,289,600,164,43
0.09,0.99,0.04,-4.21,-0.43,-2.81,1.00,5.08,326,599,167,40
0.09,1.00,0.05,2.69,0.12,-2.14,1.00,3.43,274,600,160,39
0.09,0.94,0.07,6.23,0.49,-2.32,0.95,6.66,260,603,162,37
0.11,0.96,0.04,7.75,1.22,1.71,0.97,8.03,440,602,166,41
0.08,1.00,0.08,9.95,0.43,4.70,1.01,11.01,408,601,163,41
0.09,0.95,0.07,5.19,0.55,4.88,0.96,7.15,272,599,158,43
0.07,0.99,0.08,3.54,-0.37,-0.67,1.00,3.62,288,595,163,43
0.08,0.97,0.08,-0.49,0.00,-2.69,0.98,2.73,328,597,163,42
0.09,0.97,0.07,-0.12,0.43,-2.32,0.97,2.36,403,602,164,40
0.10,0.92,0.07,3.54,1.89,1.59,0.93,4.32,379,597,164,39
0.08,1.00,0.07,2.99,1.77,6.84,1.01,7.67,354,595,163,44
0.07,1.00,0.08,5.43,0.55,2.14,1.01,5.86,328,591,157,44
0.08,0.98,0.07,2.62,0.92,1.83,0.98,3.33,354,589,163,46
0.07,0.99,0.08,2.38,0.73,1.65,1.00,2.99,330,586,164,46
0.07,0.97,0.09,-0.06,-0.24,-2.32,0.98,2.33,442,589,159,45
0.07,0.99,0.08,1.28,-0.37,-3.66,0.99,3.90,291,591,164,39
0.09,0.95,0.08,1.89,-0.18,-3.91,0.96,4.34,354,595,167,39
0.09,0.97,0.08,0.43,1.10,-0.12,0.97,1.19,332,599,165,37
0.07,0.98,0.09,0.98,1.22,1.53,0.99,2.18,310,598,167,37
0.07,0.98,0.10,-3.30,0.37,-0.31,0.99,3.33,352,602,167,35
0.07,1.00,0.09,-8.36,-1.53,-7.08,1.01,11.06,295,628,166,27
0.05,1.10,0.11,-14.95,-4.33,-19.35,1.11,24.83,358,667,163,23
0.07,1.14,0.09,-20.39,-6.10,-37.05,1.14,42.72,213,701,171,18
0.05,1.26,0.05,-10.25,-4.21,-70.37,1.26,71.24,105,753,167,12
0.14,1.25,0.03,13.92,1.04,-106.57,1.26,107.48,44,811,177,10
0.02,1.51,0.14,8.85,1.34,-148.01,1.52,148.28,16,866,167,8
0.11,1.39,0.10,9.22,15.08,-183.65,1.40,184.50,9,885,161,9
0.26,1.54,0.03,13.67,23.01,-223.45,1.56,225.05,6,881,141,6
0.58,1.52,-0.14,31.31,30.88,-244.93,1.63,248.85,2,860,62,4
2.00,1.36,-0.59,-34.06,0.49,-257.69,2.49,259.93,1,838,34,4
1.94,0.91,-0.24,-44.43,-36.07,-221.56,2.16,228.83,1,825,8,8
1.73,1.00,-0.48,-5.00,-83.68,-128.97,2.05,153.82,1,816,11,8
1.34,1.20,-0.16,-71.72,-126.65,-29.91,1.81,148.58,1,817,10,6
0.46,1.64,0.47,-66.04,-138.00,-17.15,1.77,153.95,0,0,10,9
-0.39,1.36,0.59,35.95,-96.01,3.66,1.53,102.58,1,804,11,11
-0.52,0.38,0.12,76.90,-48.28,62.07,0.66,109.99,1,832,14,13
-0.78,0.39,0.24,40.04,-33.75,113.22,0.91,124.74,1,835,13,14
-0.76,-0.02,0.11,37.05,-1.40,130.49,0.77,135.66,1,833,13,15
-0.81,-0.02,0.10,-10.31,24.90,128.36,0.82,131.16,1,830,13,16
-0.76,0.15,0.11,-23.13,59.08,149.11,0.78,162.05,1,828,12,17
-0.57,0.05,-0.09,-36.56,73.06,171.20,0.58,189.70,1,826,14,17
-0.36,0.38,-0.02,-55.54,58.17,185.85,0.52,202.51,1,823,12,19
-0.03,0.60,0.01,-47.12,25.09,202.27,0.61,209.20,1,813,12,19
0.22,0.83,0.16,-41.44,-8.97,198.36,0.87,202.85,1,794,14,18
0.60,0.98,0.14,-31.74,-7.32,162.60,1.16,165.83,1,777,12,19
0.90,1.24,0.16,-26.73,22.09,119.02,1.54,123.97,2,771,13,18
1.41,1.26,0.20,-16.24,34.36,95.64,1.90,102.92,2,769,14,17
1.88,1.27,0.16,-3.42,36.74,7.63,2.27,37.68,2,775,15,15
1.68,1.11,0.15,12.51,23.38,-62.01,2.02,67.44,1,803,14,16
1.10,0.65,0.03,5.80,23.38,-116.27,1.27,118.74,1,827,25,14
0.63,0.89,-0.03,-18.74,36.68,57.19,1.09,70.48,5,724,44,21
-0.09,1.56,-0.08,-4.46,1.34,32.10,1.57,32.44,13,663,63,25
0.11,1.06,0.05,37.48,-0.85,-10.62,1.07,38.96,40,629,93,35
0.11,0.78,0.16,16.78,-3.30,-14.34,0.80,22.32,61,626,107,37
0.13,0.91,0.07,-19.71,-0.18,4.46,0.93,20.21,90,632,119,38
0.09,1.07,0.02,-18.86,-1.10,5.07,1.07,19.56,170,622,124,42
0.10,1.00,0.03,-15.32,-1.40,-0.31,1.01,15.39,180,614,136,43
0.12,0.97,0.00,-6.10,-1.34,-2.08,0.98,6.59,280,609,140,44
0.11,0.95,0.04,-5.86,-0.43,3.48,0.96,6.83,286,598,150,47
0.09,1.06,-0.00,-9.89,-1.65,-3.36,1.06,10.57,332,590,151,48
0.12,0.98,-0.00,-4.03,-0.55,-3.48,0.99,5.35,384,591,156,47
0.12,0.99,-0.01,8.36,0.85,-1.65,1.00,8.57,362,592,158,45
0.11,0.96,0.03,13.12,0.79,1.40,0.97,13.22,318,588,156,49
0.10,0.99,0.02,8.42,0.00,2.08,0.99,8.67,340,585,160,47
0.10,0.98,0.04,3.85,-0.49,-1.59,0.98,4.19,423,582,163,50
0.11,0.97,0.02,-1.40,-0.37,-4.15,0.98,4.40,550,583,161,43
0.11,0.97,0.04,-4.76,-0.61,-4.27,0.97,6.43,302,586,162,38
0.10,1.01,0.03,-9.58,-1.71,-7.81,1.01,12.48,323,594,161,35
0.12,0.97,0.02,-11.78,-1.77,-10.62,0.97,15.96,305,603,161,29
0.13,1.00,-0.02,-10.68,-1.10,-8.97,1.01,13.99,325,619,158,25
0.14,0.99,-0.03,1.34,0.43,-6.53,1.00,6.68,325,623,162,27
0.14,0.96,0.00,11.47,1.28,-2.32,0.97,11.78,291,625,162,25
0.14,0.96,0.01,12.45,1.40,-0.61,0.97,12.54,327,619,160,27
0.13,0.96,0.02,11.54,1.34,0.79,0.97,11.64,327,619,162,25
0.13,0.98,0.03,8.97,1.10,0.92,0.99,9.09,402,616,159,24
0.13,0.97,0.03,6.29,0.98,0.12,0.98,6.36,327,616,163,26
0.14,0.96,0.02,5.86,1.34,1.16,0.98,6.12,307,614,163,26
0.13,0.97,0.03,5.68,0.98,3.54,0.98,6.76,329,610,161,26
0.13,1.00,0.02,3.78,0.92,3.36,1.01,5.14,352,608,162,26
0.11,0.99,0.04,5.37,0.31,1.10,1.00,5.49,350,604,162,28
0.11,0.99,0.04,2.75,-0.79,-3.23,1.00,4.32,377,608,162,27
0.13,0.99,0.03,-2.26,-1.04,-5.31,1.00,5.86,472,614,163,26
0.14,0.99,0.02,-0.24,-1.10,-7.75,1.00,7.83,402,639,165,19
0.13,1.01,0.03,0.00,-1.77,-12.45,1.02,12.58,294,658,167,18
0.12,1.07,0.02,3.72,-2.26,-21.85,1.08,22.28,258,689,172,12
0.13,1.15,0.01,4.15,-2.99,-34.79,1.15,35.16,148,737,173,9
0.17,1.07,0.04,10.01,0.18,-75.93,1.08,76.58,51,811,171,8
0.11,1.01,-0.01,29.85,5.55,-108.70,1.01,112.86,29,836,175,9
0.14,1.28,0.07,10.31,10.68,-153.32,1.29,154.04,15,867,172,9
0.18,1.21,0.16,-2.99,18.01,-188.42,1.24,189.30,9,875,159,5
0.37,1.33,0.18,-16.66,36.07,-216.74,1.40,220.35,5,877,101,5
0.61,1.25,-0.02,-33.57,45.29,-219.06,1.39,226.19,2,852,52,3
1.31,0.91,-0.50,-56.21,20.94,-170.04,1.67,180.31,1,831,25,3
1.97,0.65,-0.66,-91.19,-20.63,-124.27,2.18,155.51,1,804,8,7
1.52,1.26,-0.37,-98.39,-78.00,-95.21,2.01,157.58,1,807,10,3
1.43,1.52,-0.14,-50.72,-93.87,-51.09,2.09,118.30,1,818,10,6
1.08,1.29,0.01,7.81,-123.17,-60.00,1.69,137.23,1,816,10,8
0.53,1.05,0.13,4.94,-127.56,-61.58,1.18,141.74,1,817,8,8
0.07,1.02,0.35,18.86,-99.37,-37.84,1.09,107.99,1,824,10,10
-0.22,0.60,0.27,47.79,-48.16,-16.48,0.69,69.82,1,828,11,10
-0.36,0.29,0.16,37.66,-15.08,53.04,0.50,66.77,1,829,13,13
-0.32,0.36,0.19,27.22,-0.92,94.24,0.52,98.10,1,829,13,14
-0.37,0.28,0.14,25.15,6.96,128.66,0.49,131.28,1,830,12,17
-0.23,0.23,0.05,14.83,7.14,150.27,0.33,151.17,1,829,13,15
-0.23,0.22,0.03,-0.18,1.04,146.67,0.32,146.67,1,828,14,15
-0.33,0.33,0.04,-24.17,-0.79,170.59,0.47,172.30,1,824,11,17
-0.12,0.42,-0.04,-23.13,5.80,182.80,0.44,184.35,1,817,9,17
0.03,0.68,-0.02,-42.11,-0.18,172.24,0.68,177.32,1,811,12,17
0.32,0.67,-0.09,-35.95,-9.89,166.44,0.74,170.57,2,794,12,17
0.42,0.96,0.06,-57.92,-22.28,136.72,1.05,150.14,2,780,15,14
0.65,1.10,0.09,-28.99,-11.84,117.37,1.28,121.48,2,767,15,16
0.63,0.96,-0.00,-29.85,4.33,87.52,1.15,92.57,2,772,16,14
0.81,1.07,0.06,-23.19,20.94,66.47,1.35,73.44,2,780,16,15
0.83,0.99,0.08,-10.19,16.85,36.07,1.29,41.10,2,785,17,13
0.92,1.00,0.11,3.97,7.87,24.11,1.36,25.67,2,794,15,13
0.95,1.00,0.27,-16.11,9.95,-4.64,1.40,19.50,2,800,13,15
1.56,3.59,1.02,17.40,33.33,-57.31,4.05,68.54,3,831,35,17
-0.17,1.01,-0.32,14.83,-26.37,-10.44,1.07,32.00,7,733,51,21
-0.00,1.19,0.08,-36.68,3.05,-3.30,1.19,36.96,11,725,66,22
0.11,1.09,-0.08,13.43,-0.98,-33.39,1.10,36.00,13,737,96,19
0.13,0.96,0.14,39.49,-2.44,-19.84,0.98,44.26,17,736,116,22
0.08,0.96,0.23,8.00,0.18,-3.85,0.99,8.87,28,722,138,25
0.12,1.00,0.08,-28.20,2.44,-2.56,1.01,28.42,43,712,145,27
0.13,1.02,0.03,-16.30,1.59,-2.62,1.03,16.58,64,701,153,33
0.12,0.96,0.06,-13.61,0.79,-1.04,0.97,13.67,99,690,156,36
0.12,1.02,0.04,-10.74,0.37,-2.20,1.03,10.97,107,690,163,36
0.13,0.98,0.02,-3.66,-0.31,-4.64,0.99,5.92,129,695,162,35
0.13,0.99,0.03,3.85,-0.61,-3.91,1.00,5.52,131,700,168,33
0.14,0.95,0.03,4.27,0.06,-1.04,0.96,4.40,138,696,167,32
0.13,0.99,0.05,5.19,0.92,0.67,1.00,5.31,138,690,167,38
0.13,0.96,0.05,7.51,0.31,-0.79,0.97,7.56,138,686,166,37
0.13,0.97,0.06,4.76,0.67,0.79,0.98,4.87,155,683,168,35
0.13,0.97,0.05,1.28,0.49,0.67,0.98,1.53,154,680,164,39
0.12,0.99,0.05,0.12,0.18,-1.22,1.00,1.24,149,679,165,38
0.13,0.97,0.04,0.67,0.43,-1.71,0.98,1.89,146,685,165,36
0.13,0.97,0.04,2.01,0.98,0.55,0.98,2.30,160,688,166,34
0.13,0.97,0.05,2.75,1.34,2.08,0.98,3.70,160,685,167,35
0.13,0.97,0.05,2.87,1.22,2.62,0.98,4.08,151,680,164,37
0.12,0.98,0.05,3.30,1.28,2.75,0.99,4.48,155,676,164,40
0.12,0.97,0.06,5.25,0.67,1.83,0.98,5.60,171,673,167,39
0.12,0.99,0.05,1.95,1.28,1.28,1.00,2.66,165,668,166,46
0.12,0.95,0.06,2.62,0.67,0.18,0.96,2.72,190,667,166,43
0.12,0.98,0.06,0.24,0.79,0.92,0.98,1.24,184,663,165,45
0.12,0.99,0.05,0.98,1.16,0.85,0.99,1.74,224,662,166,44
0.12,0.97,0.06,3.17,0.55,0.92,0.98,3.35,233,661,166,46
0.12,0.97,0.06,3.05,0.06,0.49,0.98,3.09,213,657,165,46
0.12,0.98,0.06,1.65,0.31,1.10,0.99,2.00,216,655,164,45
0.11,0.98,0.06,3.85,-0.31,-0.24,0.99,3.87,208,655,166,45
0.12,0.97,0.07,4.15,-0.55,-1.16,0.98,4.34,217,661,167,46
0.11,1.00,0.07,1.83,-0.67,-2.01,1.01,2.80,186,678,163,37
0.11,1.02,0.07,2.38,-1.16,-4.46,1.03,5.18,131,721,160,25
0.16,1.07,0.04,-0.12,-0.85,-13.12,1.08,13.15,68,783,163,10
0.09,1.17,-0.01,17.46,-5.92,-67.93,1.18,70.39,39,822,163,9
0.04,1.53,0.06,17.40,1.89,-123.47,1.53,124.71,22,843,159,7
-0.03,1.75,0.04,21.36,5.13,-190.92,1.75,192.18,11,854,162,7
-0.07,1.77,0.08,24.05,9.09,-262.27,1.77,263.53,6,859,148,6
0.14,1.86,0.16,31.07,26.31,-327.09,1.87,329.61,3,864,71,4
0.81,0.99,-0.13,23.74,27.16,-332.28,1.29,334.23,1,814,39,4
-0.16,0.37,-0.25,2.14,-9.77,-278.20,0.48,278.38,1,809,19,17
-0.65,0.25,-0.66,-35.89,-166.02,39.67,0.96,174.42,1,804,10,16
-0.69,0.46,-0.18,-112.67,-232.97,112.37,0.85,282.13,1,809,9,15
-0.85,0.67,0.26,-89.72,-188.60,112.43,1.11,237.19,1,822,8,16
-0.74,0.42,0.03,-36.13,-100.95,139.28,0.86,175.77,1,825,11,16
-0.58,0.36,-0.19,-86.12,-52.73,185.24,0.70,210.98,1,829,13,15
-0.28,1.00,0.16,-153.20,-49.74,188.11,1.05,247.65,1,823,15,16
-0.15,1.24,0.79,-161.13,-29.60,143.74,1.47,217.95,2,823,14,15
-0.02,1.78,1.02,-109.07,45.72,137.33,2.05,181.23,2,816,15,15
0.80,1.39,0.62,-68.18,50.42,146.30,1.72,169.10,2,801,16,15
0.84,1.59,0.87,-58.65,6.41,133.18,1.99,145.66,2,803,16,13
1.35,1.50,0.82,3.91,-6.29,102.17,2.18,102.44,2,803,18,11
1.26,1.29,0.30,43.52,-10.50,63.54,1.83,77.72,2,812,18,11
1.36,0.53,-0.35,44.13,13.73,-5.31,1.50,46.52,2,811,15,12
1.36,0.34,-0.43,-19.41,25.94,-44.43,1.47,54.99,2,808,18,11
3.94,2.22,0.68,-81.42,27.40,-79.22,4.57,116.86,2,826,29,9
0.48,0.26,0.28,51.33,-17.52,22.16,0.62,58.59,8,762,50,11
-0.25,1.45,0.05,15.01,-2.99,56.34,1.47,58.38,24,719,72,13
0.08,1.09,0.03,-6.10,-3.60,-14.83,1.09,16.44,52,703,102,18
0.04,1.04,0.03,-0.73,-2.14,-25.76,1.04,25.86,76,702,122,20
0.08,0.99,-0.01,-7.32,-2.20,-23.44,0.99,24.65,93,707,130,20
0.12,0.88,0.01,-5.43,0.37,-13.12,0.89,14.21,110,719,144,19
0.11,0.97,-0.02,-9.58,1.46,1.95,0.98,9.89,148,717,152,18
0.09,0.98,-0.01,-6.41,2.50,7.87,0.99,10.46,202,707,156,21
0.09,1.02,-0.03,-8.48,2.75,11.54,1.03,14.58,233,698,159,21
0.08,1.03,-0.03,3.42,1.53,9.58,1.04,10.29,222,684,156,23
0.07,1.02,-0.02,9.70,-0.43,5.13,1.03,10.98,253,675,165,24
0.06,0.99,0.02,11.78,-1.28,0.24,0.99,11.85,284,668,163,25
0.06,1.00,0.02,2.56,-2.08,-7.51,1.00,8.20,283,675,168,22
0.08,1.01,0.00,0.98,-2.81,-12.76,1.01,13.10,271,696,169,15
0.09,1.02,-0.01,0.61,-3.17,-16.91,1.02,17.21,247,720,162,14
0.10,1.01,0.00,3.05,-1.83,-20.26,1.01,20.57,195,735,169,10
0.11,1.02,0.00,2.44,-1.28,-23.01,1.03,23.17,178,756,167,10
0.13,0.95,0.01,6.16,-0.24,-23.19,0.96,24.00,118,773,167,9
0.14,0.95,0.01,5.00,0.55,-18.62,0.96,19.28,96,784,169,7
0.15,0.94,0.00,5.43,0.98,-13.37,0.96,14.46,80,796,172,10
0.15,0.98,-0.00,7.08,0.85,-9.58,0.99,11.94,70,801,169,9
0.16,0.98,0.02,9.64,0.12,-9.58,1.00,13.60,67,806,175,8
0.15,0.93,0.04,8.12,0.00,-9.34,0.95,12.37,62,812,168,9
0.17,1.08,0.00,8.36,-0.55,-10.99,1.09,13.82,59,816,175,9
0.16,1.08,0.02,18.74,-1.71,-20.45,1.09,27.79,57,819,177,9
0.14,1.15,0.09,17.58,-1.65,-36.99,1.16,40.98,51,834,178,8
0.16,1.29,0.06,12.15,0.12,-63.72,1.30,64.87,41,848,174,9
0.16,1.53,-0.01,11.35,3.97,-106.08,1.54,106.76,24,866,173,7
0.19,1.70,-0.08,21.12,-0.55,-166.20,1.72,167.54,16,862,168,8
0.26,1.76,-0.18,14.65,-14.83,-246.15,1.79,247.04,9,868,151,7
0.38,2.09,-0.06,-9.22,-22.16,-328.55,2.13,329.43,3,875,67,4
0.75,1.83,-0.13,-37.23,-50.66,-294.19,1.98,300.83,1,832,32,3
-0.78,0.44,-0.80,-24.41,-117.31,-157.65,1.20,198.02,1,809,13,9
-0.82,0.70,-0.41,-92.10,-191.96,-4.39,1.15,212.95,1,821,11,9
-0.77,0.59,-0.05,-82.21,-170.10,35.40,0.97,192.22,1,817,10,7
-0.82,0.50,0.05,-57.80,-117.80,78.61,0.96,152.96,1,824,12,9
-0.74,0.46,-0.06,-53.83,-61.71,123.54,0.87,148.21,1,825,12,7
-0.63,0.55,-0.10,-79.71,-33.39,169.01,0.84,189.82,1,825,11,10
-0.49,0.82,0.04,-115.11,-33.51,204.04,0.96,236.66,1,819,12,10
-0.33,1.15,0.33,-140.38,-31.98,218.99,1.25,262.08,1,822,13,9
-0.01,1.52,0.58,-123.66,2.38,194.09,1.62,230.15,1,823,11,9
0.14,1.66,0.57,-98.51,40.95,151.61,1.76,185.39,1,821,14,7
0.48,1.84,0.52,-86.00,63.60,169.62,1.98,200.53,2,816,15,7
1.52,1.81,0.53,-63.90,76.42,126.46,2.42,160.99,2,810,17,5
1.89,1.56,0.46,-43.27,66.28,39.86,2.50,88.63,2,805,18,4
2.06,1.05,0.07,38.64,79.04,3.72,2.31,88.06,2,806,14,3
2.10,0.09,-0.43,23.13,67.32,-46.14,2.15,84.83,2,802,13,5
1.90,0.69,1.17,119.63,43.58,-24.29,2.34,129.62,7,746,27,12
0.05,1.25,0.47,105.77,-14.83,48.03,1.34,117.11,26,662,50,20
-0.10,0.71,0.07,-1.89,-5.19,-26.00,0.72,26.58,79,631,87,41
-0.01,0.97,0.09,-22.16,-4.33,-16.17,0.98,27.77,122,632,110,36
0.12,1.02,-0.05,-24.23,-4.03,-41.38,1.03,48.12,137,653,121,28
0.10,0.94,-0.02,-10.13,-1.59,-20.63,0.94,23.04,167,663,135,24
0.08,0.98,0.01,-3.54,-1.22,-11.60,0.98,12.19,229,664,143,24
0.09,0.92,0.01,-12.15,-0.24,-8.54,0.93,14.85,270,666,147,25
0.10,0.99,-0.04,-14.89,1.10,-1.95,1.00,15.06,273,663,152,24
0.10,1.00,-0.04,-4.15,1.10,1.10,1.00,4.43,433,659,158,24
0.08,1.03,-0.03,3.36,1.53,2.99,1.03,4.75,331,654,159,26
0.08,1.01,-0.02,13.49,-0.12,-2.38,1.01,13.70,438,650,159,25
0.08,0.98,0.00,6.35,-0.49,-4.46,0.99,7.77,333,652,162,21
0.09,1.00,-0.01,2.69,-0.24,-5.25,1.00,5.90,440,658,162,20
0.09,1.00,-0.01,4.15,-0.61,-8.85,1.01,9.79,384,672,164,16
0.09,0.99,-0.00,3.11,-1.16,-10.50,0.99,11.01,301,687,167,13
0.11,0.97,-0.00,2.93,-0.92,-11.11,0.97,11.52,320,696,166,14
0.11,0.99,-0.01,1.40,-0.61,-10.50,1.00,10.61,336,710,166,9
0.12,0.97,-0.00,3.42,-0.37,-9.40,0.97,10.01,274,713,164,9
0.12,0.95,0.01,2.44,0.24,-5.62,0.96,6.13,318,717,165,9
0.12,0.95,0.01,-1.59,1.10,-3.11,0.96,3.66,247,717,167,10
0.12,0.98,-0.00,-1.59,0.49,-4.39,0.98,4.70,274,720,165,8
0.13,1.01,-0.03,0.00,-0.06,-5.98,1.02,5.98,264,724,166,8
0.13,1.00,-0.02,7.20,-1.46,-11.84,1.01,13.94,222,730,168,11
0.14,1.01,-0.01,8.36,-2.01,-16.17,1.02,18.32,280,739,164,8
0.14,1.04,-0.01,8.06,-2.26,-21.61,1.05,23.17,204,749,166,10
0.17,1.07,-0.00,7.57,-3.30,-32.17,1.08,33.21,155,762,175,11
0.14,1.13,0.04,4.39,-3.72,-48.40,1.14,48.74,120,780,175,10
0.11,1.20,0.07,-1.89,-2.01,-70.62,1.21,70.67,93,799,175,10
0.10,1.31,0.06,-6.84,-0.37,-118.47,1.32,118.67,72,816,175,9
0.26,1.29,-0.06,-10.01,1.89,-167.97,1.32,168.28,48,836,168,9
0.39,1.40,-0.18,-35.71,-4.27,-223.88,1.46,226.75,32,850,163,9
0.47,1.81,-0.13,-79.96,-9.16,-286.87,1.87,297.94,17,864,109,7
0.60,1.59,-0.26,-96.98,2.44,-319.27,1.72,333.69,5,860,47,4
0.61,1.36,-0.37,-160.89,-40.83,-311.22,1.53,352.72,2,806,30,2
0.12,1.32,-0.30,-194.03,-91.92,-264.53,1.36,340.69,1,775,12,11
-0.66,0.90,-0.19,-94.12,-167.11,-29.79,1.13,194.09,1,779,9,12
-0.80,0.60,-0.16,-89.66,-203.74,149.41,1.02,268.09,1,780,10,9
-0.75,0.75,0.22,-92.16,-166.87,193.36,1.08,271.53,1,779,9,7
-0.73,0.78,0.32,10.13,-98.33,199.04,1.12,222.23,1,786,11,9
-0.56,0.44,-0.06,12.45,-50.90,236.57,0.71,242.31,2,779,10,11
-0.59,0.77,0.08,-63.29,-38.21,260.62,0.97,270.90,2,790,9,12
-0.33,1.29,0.29,-83.74,-30.21,262.88,1.36,277.54,2,792,13,11
0.01,1.38,0.33,-70.19,-27.47,251.10,1.42,262.17,2,783,14,12
0.29,1.66,0.48,-75.50,0.67,199.95,1.76,213.73,3,782,12,10
0.76,1.97,0.50,-76.84,65.00,178.04,2.17,204.52,3,778,12,9
2.44,1.56,0.10,-53.77,82.76,109.01,2.90,147.05,3,757,11,7
3.54,2.03,-0.03,-68.42,68.91,0.79,4.08,97.11,4,724,9,9
3.16,0.60,0.27,142.70,46.26,-29.36,3.23,152.86,12,694,24,14
0.15,0.15,0.87,102.54,-30.88,-14.28,0.90,108.04,38,676,65,20
-0.01,0.68,0.23,7.69,-2.08,-14.34,0.72,16.41,87,652,97,36
0.05,1.13,0.02,-27.16,-4.33,-7.87,1.13,28.61,181,636,124,39
0.09,0.95,0.06,-8.06,-4.15,-24.72,0.95,26.33,221,647,141,33
0.08,0.92,0.03,-12.94,-1.04,-8.06,0.92,15.28,310,653,149,32
0.09,0.93,0.04,-14.95,1.46,2.14,0.93,15.18,302,645,153,32
0.08,1.05,-0.03,-15.81,2.32,8.54,1.05,18.12,321,634,155,35
0.07,1.01,-0.00,4.39,1.04,5.74,1.02,7.30,350,620,159,36
0.06,1.01,0.03,11.11,-0.85,3.91,1.01,11.81,375,611,162,39
0.05,0.99,0.04,8.36,-2.62,-4.27,0.99,9.75,352,610,160,38
0.06,0.98,0.03,1.65,-2.56,-8.36,0.98,8.90,629,622,158,32
0.08,0.98,0.02,-0.49,-1.89,-9.28,0.99,9.48,404,642,162,24
0.08,0.97,0.02,1.83,-0.49,-7.81,0.97,8.04,331,655,160,22
0.08,0.98,0.03,4.52,0.12,-4.39,0.98,6.30,333,665,158,24
0.08,0.97,0.03,6.53,0.06,-2.32,0.97,6.93,266,666,162,20
0.08,0.96,0.04,7.08,0.18,0.67,0.97,7.11,331,664,158,21
0.08,0.97,0.05,6.41,0.43,2.62,0.97,6.94,354,662,161,18
0.08,0.96,0.05,2.87,1.04,3.42,0.97,4.58,278,660,163,21
0.08,0.99,0.03,-0.79,0.61,4.39,0.99,4.51,404,656,156,21
0.07,0.99,0.04,-0.98,-0.37,3.30,0.99,3.46,333,653,159,21
0.07,1.00,0.03,-0.24,-1.65,-0.43,1.00,1.72,440,654,163,17
0.07,0.99,0.04,1.77,-2.08,-2.56,0.99,3.74,440,665,163,17
0.06,1.02,0.03,0.67,-2.44,-6.53,1.02,7.00,384,679,161,9
0.06,1.04,0.04,2.75,-3.11,-17.58,1.04,18.06,286,702,165,9
0.06,1.12,0.06,-1.95,-3.30,-32.59,1.12,32.82,277,730,165,11
0.06,1.26,0.06,-9.46,-1.95,-71.47,1.27,72.12,140,766,164,10
0.06,1.43,0.04,-9.09,-1.77,-111.08,1.44,111.47,87,795,165,10
0.07,1.64,-0.10,-5.00,-2.81,-174.38,1.65,174.47,51,819,159,10
0.34,1.76,-0.34,-41.02,-12.88,-269.71,1.82,273.12,24,850,149,9
0.22,2.66,0.06,-76.48,-12.27,-359.31,2.66,367.57,7,862,71,4
0.87,2.21,-0.40,-32.17,2.75,-345.95,2.41,347.45,2,790,24,3
-0.29,0.81,-0.79,-13.85,-74.28,-209.17,1.17,222.40,1,763,8,2
0.08,0.66,-0.28,-83.98,-136.41,36.25,0.72,164.25,2,776,12,2
-0.35,1.41,0.58,-72.20,-105.10,93.08,1.56,157.87,1,798,13,4
-0.13,0.56,0.11,39.18,-21.36,171.14,0.59,176.87,2,785,13,8
0.18,0.18,-0.04,-16.66,-29.79,179.20,0.25,182.42,2,776,12,8
-0.19,0.34,0.39,-14.40,-38.39,155.27,0.55,160.60,2,776,12,8
-0.30,0.10,0.31,-5.37,-33.33,160.58,0.44,164.09,2,775,10,9
-0.35,0.34,0.41,-18.74,-24.29,184.81,0.64,187.34,2,770,13,9
-0.11,0.39,0.32,-16.91,-16.30,180.66,0.52,182.18,2,756,10,11
0.36,0.69,0.31,-19.96,-30.33,164.61,0.83,168.57,2,755,14,10
0.48,0.83,0.38,-2.81,-34.42,118.96,1.03,123.87,2,760,12,10
0.79,1.10,0.38,0.12,-38.51,108.09,1.40,114.75,3,773,11,9
0.96,1.05,0.37,21.18,-26.12,71.78,1.47,79.27,3,784,13,7
1.26,1.15,0.39,23.25,32.17,-12.63,1.75,41.65,2,797,11,9
1.30,0.63,0.04,40.10,65.00,-79.16,1.45,110.00,2,807,11,7
1.07,0.45,-0.18,-13.43,81.42,-86.73,1.17,119.72,1,816,10,7
1.12,0.53,-0.30,-47.85,102.84,-99.12,1.28,150.64,2,832,26,8
0.86,-0.53,1.05,36.62,52.55,109.92,1.45,127.22,11,668,51,22
-0.28,1.72,0.08,51.88,-2.62,34.24,1.75,62.22,28,632,78,27
0.10,0.96,0.19,54.63,-6.35,-44.56,0.98,70.78,33,650,96,29
0.15,0.64,0.19,10.86,-7.81,-45.78,0.69,47.69,30,669,111,28
0.20,0.80,0.14,-19.35,-0.61,-7.87,0.83,20.90,57,667,136,29
0.09,1.11,0.11,-35.52,-0.73,-24.54,1.12,43.18,84,678,145,25
0.24,0.82,0.02,-35.83,5.13,-12.57,0.85,38.31,101,678,159,25
0.19,1.07,-0.01,-21.18,7.08,11.78,1.08,25.25,166,669,167,28
0.14,0.99,0.06,-7.26,1.77,6.53,1.01,9.93,226,658,171,31
0.16,1.00,0.03,-14.95,1.53,0.85,1.02,15.06,228,658,171,30
0.17,0.98,-0.00,-9.58,1.40,-2.56,1.00,10.02,262,657,169,31
0.17,0.99,0.00,-1.89,1.46,-0.61,1.00,2.47,260,661,168,31
0.16,0.99,0.01,1.83,1.28,0.73,1.00,2.35,230,664,174,30
0.16,0.97,0.03,5.62,1.53,1.40,0.98,5.99,210,665,168,32
0.16,0.97,0.03,0.12,0.79,-1.40,0.99,1.62,228,667,174,28
0.16,0.96,0.03,-1.34,0.61,-2.32,0.97,2.75,194,669,172,28
0.16,0.98,0.02,-3.48,0.37,-3.78,0.99,5.15,229,669,173,30
0.17,0.97,0.01,-1.22,0.12,-5.37,0.99,5.51,222,675,172,27
0.18,0.98,0.00,1.95,0.00,-5.13,1.00,5.49,212,682,172,25
0.17,0.96,0.01,8.85,-0.06,-2.93,0.97,9.32,205,684,167,23
0.18,0.96,0.00,10.99,0.24,0.92,0.97,11.03,242,678,172,23
0.17,0.96,0.03,15.81,0.18,2.50,0.98,16.01,242,675,169,22
0.17,0.97,0.03,12.45,0.31,3.42,0.98,12.92,251,671,166,22
0.16,0.98,0.04,11.84,0.37,2.75,0.99,12.16,240,667,173,21
0.16,0.95,0.06,7.32,0.00,0.55,0.97,7.34,220,663,174,24
0.16,0.97,0.06,3.72,0.31,0.85,0.98,3.83,276,662,171,23
0.16,0.96,0.06,0.98,0.24,-1.10,0.98,1.49,251,661,171,22
0.16,0.96,0.06,0.00,0.31,-2.38,0.98,2.40,312,663,176,22
0.16,0.99,0.06,-4.09,-0.12,-3.17,1.01,5.18,296,662,174,19
0.16,1.00,0.06,-3.60,-0.92,-8.00,1.01,8.82,299,675,175,15
0.18,0.99,0.03,-1.34,-1.71,-13.98,1.01,14.15,258,698,176,16
0.17,1.04,0.04,-0.61,-2.08,-18.74,1.05,18.86,196,720,176,13
0.19,0.98,0.05,-13.37,-1.77,-29.79,1.00,32.69,129,749,176,10
0.20,1.09,0.05,-6.90,-0.92,-43.33,1.11,43.89,77,793,180,9
0.21,1.24,0.07,-7.39,3.54,-67.75,1.25,68.24,50,822,177,11
0.19,1.23,0.07,-3.48,6.84,-97.66,1.24,97.96,33,842,181,9
0.21,1.32,0.03,-6.29,9.16,-130.49,1.34,130.96,20,872,174,10
0.22,1.28,0.10,-4.46,12.02,-169.13,1.31,169.61,15,884,164,8
0.31,1.24,0.11,-8.00,22.09,-207.64,1.28,208.97,11,891,135,8
0.58,1.10,0.12,-27.65,39.18,-239.07,1.25,243.84,5,890,77,5
1.08,0.71,-0.26,-48.89,50.23,-210.27,1.32,221.64,2,860,45,4
1.44,0.54,-0.63,-54.26,-7.93,-107.60,1.66,120.77,2,830,22,6
2.48,0.90,-0.33,-82.89,-73.85,-84.78,2.66,139.68,1,829,10,8
1.65,1.12,-0.32,-46.08,-119.57,-65.98,2.02,144.13,1,819,11,7
1.22,1.15,-0.18,-41.44,-118.84,-37.17,1.69,131.23,1,809,10,12
0.80,1.15,0.12,-50.54,-111.63,-27.34,1.40,125.55,1,813,11,11
0.27,1.32,0.43,-14.71,-101.68,-16.05,1.41,103.99,1,822,10,12
-0.09,0.71,0.30,53.65,-82.40,-3.23,0.77,98.38,1,828,9,14
-0.33,0.29,0.21,43.58,-70.50,25.63,0.48,86.75,1,833,11,12
-0.59,0.36,0.33,26.73,-48.71,66.22,0.76,86.44,1,830,11,15
-0.67,0.33,0.30,30.64,-11.41,148.50,0.80,152.06,1,829,13,14
-0.47,0.22,0.10,10.25,22.22,187.81,0.52,189.39,1,818,13,16
-0.25,0.41,0.13,-16.54,25.57,193.05,0.50,195.44,1,803,12,15
-0.19,0.45,0.12,-16.97,19.65,193.24,0.51,194.97,1,793,14,18
0.02,0.90,0.25,1.28,-0.06,209.05,0.93,209.05,2,790,12,18
0.53,0.48,0.02,45.65,-61.34,194.46,0.71,208.95,2,765,14,17
0.10,0.64,0.26,16.85,-119.69,161.38,0.70,201.62,2,752,11,17
0.17,0.72,0.28,4.21,-95.03,147.52,0.80,175.53,3,741,14,18
0.33,0.88,0.37,-28.69,-29.48,118.35,1.01,125.29,3,727,12,19
0.63,1.09,0.45,-47.55,37.05,86.18,1.33,105.17,3,724,13,17
0.86,1.10,0.39,-49.19,56.34,70.80,1.46,102.99,4,711,13,17
1.13,1.17,0.37,-23.44,39.31,40.71,1.67,61.25,4,703,14,15
0.92,0.90,0.17,-12.57,33.63,-7.26,1.30,36.63,4,696,11,17
0.87,0.79,-0.09,-23.56,78.12,-82.52,1.18,116.05,3,692,10,18
2.07,0.10,-0.75,-19.65,103.15,-126.16,2.20,164.14,5,703,21,19
0.27,1.64,-0.05,-51.45,25.27,40.16,1.67,69.99,14,664,40,21
-0.07,1.43,0.02,11.66,-0.43,37.05,1.44,38.84,35,638,59,28
0.09,1.13,0.07,46.39,-3.36,-7.20,1.14,47.06,66,636,86,32
0.10,0.73,0.23,40.59,-5.98,-10.86,0.77,42.44,103,629,104,37
0.13,0.88,0.09,-20.32,-5.98,12.70,0.90,24.70,208,603,115,47
0.06,1.05,0.09,-12.82,-6.10,1.95,1.06,14.33,320,589,125,47
0.10,0.94,0.09,-17.40,-2.62,-3.78,0.95,17.99,284,585,133,48
0.11,1.00,0.05,-11.41,-1.40,1.59,1.01,11.61,272,583,139,48
0.08,1.01,0.07,-5.13,-1.22,6.16,1.02,8.11,363,576,141,51
0.09,0.98,0.07,-0.12,-0.12,3.66,0.98,3.67,361,571,143,54
0.08,0.99,0.07,2.99,0.18,4.15,1.00,5.12,391,565,143,56
0.08,0.99,0.07,6.41,0.18,5.00,1.00,8.13,368,561,143,60
0.07,0.99,0.09,7.51,-0.18,4.39,0.99,8.70,365,558,138,61
0.08,0.98,0.08,4.82,-0.73,1.22,0.98,5.03,515,555,144,63
0.07,0.99,0.08,2.69,-1.28,-1.83,0.99,3.49,320,555,142,61
0.09,0.94,0.08,0.31,-0.67,-1.59,0.95,1.75,652,553,141,60
0.08,0.98,0.08,0.31,-0.98,0.49,0.99,1.13,471,557,145,59
0.08,0.96,0.08,-0.85,-0.79,-2.14,0.97,2.43,343,557,146,58
0.08,0.98,0.07,-1.53,-0.61,-0.12,0.99,1.65,343,557,146,57
0.08,0.98,0.07,-0.18,0.18,0.49,0.99,0.55,370,556,146,56
0.07,1.00,0.07,0.85,0.61,0.43,1.00,1.13,474,555,142,55
0.07,0.99,0.08,2.14,0.43,-2.56,0.99,3.36,370,554,144,56
0.08,0.98,0.08,3.91,0.12,-2.69,0.99,4.74,434,556,147,52
0.07,0.99,0.09,2.87,-0.12,-3.48,1.00,4.51,377,556,146,47
0.08,0.99,0.07,1.46,-0.18,-6.35,1.00,6.52,442,562,143,43
0.09,0.97,0.09,2.99,-0.31,-6.59,0.98,7.24,374,568,149,37
0.09,0.99,0.08,1.40,-0.18,-6.04,1.00,6.21,349,577,152,35
0.09,0.96,0.10,1.04,0.06,-6.29,0.97,6.37,411,590,152,31
0.09,0.97,0.09,-1.34,-0.12,-7.63,0.98,7.75,411,602,151,30
0.09,0.97,0.10,-2.75,0.00,-8.67,0.98,9.09,332,617,155,24
0.09,0.99,0.09,-4.94,0.12,-10.62,1.00,11.72,356,638,157,21
0.10,1.05,0.07,-5.07,0.00,-22.64,1.06,23.20,416,655,155,16
0.10,1.02,0.08,-11.23,2.08,-30.15,1.03,32.24,364,675,164,14
0.12,1.15,0.04,-17.76,2.38,-42.11,1.16,45.77,247,701,172,10
0.12,1.24,0.04,-12.39,5.31,-64.39,1.24,65.79,194,742,171,9
0.16,1.24,0.04,0.49,9.58,-93.63,1.25,94.12,75,779,177,9
0.18,1.25,0.10,5.07,5.55,-128.11,1.27,128.33,34,834,179,9
0.14,1.40,0.07,-1.16,4.76,-167.24,1.41,167.31,17,877,176,10
0.22,1.46,0.08,-3.17,12.39,-204.22,1.47,204.62,12,886,169,7
0.34,1.47,0.17,-4.88,23.74,-240.66,1.52,241.88,9,881,141,8
0.79,1.15,-0.01,16.97,39.25,-207.95,1.39,212.30,3,879,63,4
1.65,1.10,-0.44,55.85,-9.83,-92.35,2.03,108.37,2,856,32,3
2.05,0.28,-0.89,68.30,-72.51,-91.19,2.25,135.05,1,826,11,2
1.61,0.87,-0.31,-26.98,-132.57,-57.80,1.85,147.12,1,825,9,4
1.21,1.54,-0.00,-17.70,-132.63,26.31,1.96,136.37,1,821,8,7
0.54,1.55,0.16,-14.04,-96.92,59.20,1.65,114.44,0,0,10,8
0.04,1.58,0.33,-22.03,-28.08,17.46,1.61,39.73,1,794,11,8
-0.34,0.68,0.09,15.14,12.88,10.86,0.77,22.65,1,822,12,11
-0.57,0.44,0.12,-45.17,-5.92,79.90,0.73,91.97,1,819,12,12
-0.87,0.65,0.51,-32.78,-3.66,108.28,1.20,113.19,1,812,12,12
-0.84,0.04,0.20,-8.30,15.81,113.95,0.87,115.34,1,798,12,14
-0.94,0.18,0.26,-49.38,27.77,153.56,0.99,163.68,1,783,12,15
-0.69,0.26,0.27,-49.93,48.28,167.24,0.78,181.08,1,767,12,14
-0.38,0.42,0.26,-50.35,37.17,177.55,0.62,188.26,2,754,12,15
-0.15,0.61,0.33,-33.45,8.06,187.81,0.71,190.93,2,743,11,16
0.28,0.75,0.28,-24.96,-10.80,172.42,0.85,174.56,2,725,13,15
0.38,1.23,0.40,-21.73,-7.63,122.56,1.35,124.70,3,724,14,16
0.79,1.09,0.13,4.15,16.85,126.22,1.35,127.41,3,725,12,17
1.29,1.29,0.08,3.85,63.78,68.85,1.83,93.93,3,732,14,17
1.92,1.11,0.04,29.24,57.68,-23.25,2.22,68.72,3,761,15,14
1.83,1.04,0.38,57.50,32.84,-125.37,2.14,141.78,2,787,13,15
1.41,-0.73,-0.57,125.18,16.66,-60.12,1.69,139.87,7,674,38,29
-0.14,1.20,0.18,-14.53,-2.99,68.73,1.23,70.31,12,652,35,24
0.03,1.28,0.00,-8.48,-5.55,5.00,1.28,11.31,33,637,60,39
0.05,0.83,0.22,31.49,-4.33,-1.83,0.86,31.84,81,607,86,46
0.09,0.97,0.12,-20.75,-3.05,-4.33,0.98,21.42,138,587,105,47
0.06,1.06,0.07,-16.05,-1.95,-8.36,1.07,18.20,200,584,119,46
0.10,0.91,0.08,-19.78,-0.31,-15.75,0.92,25.28,219,587,133,37
0.14,0.99,-0.02,-21.48,1.46,-8.24,1.00,23.06,320,588,142,39
0.13,0.97,0.02,4.52,3.30,4.82,0.98,7.38,408,589,148,41
0.09,1.02,0.04,10.07,0.73,8.54,1.02,13.23,332,571,146,46
0.11,0.94,0.06,12.33,0.06,9.34,0.95,15.47,337,560,150,51
0.08,1.02,0.05,11.11,-1.04,15.08,1.02,18.75,339,547,152,62
0.07,0.99,0.07,12.76,-1.77,13.18,1.00,18.43,339,536,150,71
0.05,0.98,0.09,8.97,-2.20,8.97,0.99,12.88,314,529,147,74
0.06,0.99,0.07,2.56,-1.95,3.30,0.99,4.61,361,531,143,72
0.07,0.97,0.08,2.56,-1.46,0.92,0.97,3.09,363,529,148,72
0.06,0.98,0.07,-0.43,-0.92,-0.67,0.99,1.21,418,529,143,76
0.07,0.98,0.07,-0.24,-0.55,-1.71,0.99,1.81,361,530,144,69
0.06,0.99,0.07,1.59,0.00,-1.28,0.99,2.04,424,533,146,69
0.06,1.00,0.07,2.14,0.06,-2.20,1.00,3.07,512,533,142,69
0.07,0.97,0.08,2.81,0.12,-2.32,0.97,3.64,341,533,148,63
0.07,0.99,0.08,3.78,0.55,-1.28,0.99,4.03,468,535,149,64
0.07,0.99,0.08,3.30,0.31,-2.08,1.00,3.91,468,534,145,60
0.07,0.97,0.09,4.39,0.06,-4.09,0.98,6.00,341,539,145,58
0.07,0.99,0.08,3.05,-0.49,-6.90,1.00,7.56,434,543,149,50
0.08,0.94,0.09,1.65,-0.31,-6.77,0.95,6.98,468,549,152,41
0.08,0.97,0.09,1.40,-0.06,-5.86,0.98,6.03,471,556,150,39
0.09,0.96,0.09,0.49,-0.49,-6.71,0.97,6.75,347,568,154,33
0.09,0.98,0.08,-4.27,-0.92,-7.02,0.99,8.27,324,579,157,30
0.09,1.00,0.07,-6.10,-1.89,-10.38,1.01,12.19,403,600,154,25
0.09,1.00,0.07,-6.41,-2.81,-15.62,1.01,17.12,381,626,162,23
0.09,1.04,0.08,-7.08,-2.75,-19.90,1.05,21.30,314,648,163,19
0.10,1.07,0.07,-5.43,-2.01,-30.46,1.08,31.00,416,673,171,13
0.10,1.19,0.06,-5.98,-0.55,-49.32,1.20,49.68,235,702,175,12
0.10,1.27,0.06,4.39,1.16,-80.44,1.28,80.57,117,751,177,8
0.16,1.21,0.08,16.48,-0.06,-123.66,1.23,124.75,49,807,177,8
0.05,1.70,0.15,0.49,6.59,-164.79,1.71,164.93,21,861,174,10
0.17,1.39,0.10,-0.67,15.93,-203.80,1.41,204.42,13,876,163,6
0.39,1.51,0.15,-5.62,25.70,-241.46,1.57,242.88,8,880,117,6
1.14,0.85,-0.63,-27.83,28.93,-252.20,1.55,255.37,3,859,48,4
1.86,1.48,-0.49,-88.20,-39.43,-192.81,2.42,215.66,1,825,21,2
2.01,1.13,-0.34,-58.78,-89.60,-138.67,2.33,175.25,1,812,10,6
1.56,1.13,-0.27,-37.11,-103.94,-60.36,1.95,125.80,1,814,8,7
0.99,1.32,0.06,-61.77,-103.27,0.12,1.65,120.33,1,815,9,7
0.17,1.51,0.47,-68.05,-90.82,43.40,1.59,121.50,1,820,10,7
-0.33,1.15,0.53,-2.26,-62.07,33.45,1.31,70.55,1,817,11,10
-0.51,0.48,0.29,35.71,-44.19,58.11,0.75,81.26,1,820,10,10
-0.91,0.38,0.38,20.26,-30.94,93.75,1.06,100.78,1,816,12,10
-0.84,0.11,0.33,29.17,3.11,122.92,0.91,126.38,1,811,12,11
-0.85,0.05,0.28,6.35,36.87,129.94,0.89,135.22,1,809,11,13
-0.63,0.09,0.23,-7.75,53.22,169.43,0.68,177.77,1,799,12,12
-0.47,0.30,0.27,-21.61,53.65,167.97,0.62,177.65,2,781,12,13
-0.18,0.30,0.15,-18.49,20.94,206.12,0.38,208.00,2,762,13,15
0.25,0.72,0.38,-32.53,-2.69,156.25,0.86,159.62,3,733,13,14
0.82,1.37,0.54,-25.82,-35.95,118.16,1.69,126.18,3,723,13,14
0.91,0.86,0.21,46.81,-74.89,102.05,1.27,134.96,3,725,13,13
0.48,1.26,0.31,15.20,-61.04,84.23,1.38,105.12,4,730,15,12
1.08,0.90,-0.09,38.02,25.21,92.16,1.41,102.84,4,730,14,14
1.20,0.99,-0.14,13.67,89.97,35.22,1.57,97.58,4,740,13,14
1.24,0.76,-0.38,11.41,139.53,-47.42,1.51,147.81,3,762,15,14
0.93,0.30,-0.64,-24.54,152.40,-113.46,1.17,191.58,2,782,26,16
1.48,-1.89,0.58,-145.20,-9.70,28.99,2.47,148.39,7,702,50,16
-0.14,2.01,0.15,-94.36,0.98,38.39,2.02,101.88,15,679,64,15
0.16,1.44,-0.08,18.68,-0.61,-17.46,1.45,25.57,29,674,96,22
0.13,0.64,0.23,54.26,-3.36,-25.21,0.70,59.92,34,688,118,22
0.16,0.66,0.19,-8.42,0.43,5.13,0.71,9.87,56,682,132,24
0.12,1.15,0.04,-38.02,0.12,8.06,1.16,38.87,94,674,144,24
0.15,0.98,0.04,-15.99,0.24,-7.45,1.00,17.64,133,674,151,25
0.15,0.86,0.07,-16.97,1.04,-2.87,0.87,17.24,169,673,155,26
0.16,0.97,0.04,-31.01,1.77,4.70,0.98,31.41,204,668,156,25
0.14,1.11,-0.03,-13.12,0.24,0.18,1.12,13.13,238,669,163,27
0.15,1.00,-0.01,2.50,0.43,0.92,1.01,2.70,241,672,161,27
0.15,0.95,0.00,15.20,1.04,6.41,0.96,16.53,293,677,167,27
0.15,0.95,0.02,23.44,1.71,18.01,0.96,29.60,264,668,165,27
0.11,1.02,0.07,25.51,-0.73,20.02,1.03,32.44,264,653,162,33
0.11,0.99,0.06,18.31,-1.89,14.16,1.00,23.22,372,638,161,35
0.10,0.95,0.07,16.05,-0.85,13.61,0.96,21.06,271,625,156,38
0.09,0.97,0.08,10.19,-1.40,12.21,0.98,15.96,286,613,151,41
0.08,0.97,0.08,4.33,-1.65,4.03,0.98,6.14,343,602,156,39
0.09,0.98,0.07,-2.81,-1.16,-1.71,0.98,3.49,301,600,153,39
0.10,0.98,0.06,0.55,-0.92,-1.65,0.99,1.96,303,598,150,39
0.09,0.98,0.07,6.35,-0.73,-0.12,0.99,6.39,326,597,155,40
0.10,0.96,0.08,10.19,-0.79,1.53,0.97,10.34,372,600,149,39
0.10,0.95,0.08,11.23,-1.10,6.90,0.96,13.22,352,592,149,43
0.07,1.01,0.08,11.84,-1.77,7.39,1.02,14.07,372,583,149,45
0.07,0.98,0.10,7.45,-1.40,2.38,0.99,7.94,349,575,155,45
0.07,0.97,0.10,3.17,-0.37,-0.55,0.98,3.24,434,575,153,44
0.08,0.97,0.09,0.79,-0.06,-2.01,0.98,2.17,372,574,153,42
0.08,0.98,0.09,0.24,0.37,-1.22,0.99,1.30,434,576,156,43
0.08,0.99,0.09,2.56,0.24,-0.49,1.00,2.62,437,576,156,42
0.08,0.97,0.10,2.50,0.49,-0.18,0.97,2.56,328,576,156,44
0.08,0.97,0.10,2.26,0.73,-0.49,0.98,2.42,328,575,152,41
0.08,0.97,0.09,1.59,0.73,-1.22,0.97,2.13,531,576,156,41
0.09,0.97,0.09,1.28,0.85,0.00,0.97,1.54,328,577,156,40
0.08,0.99,0.10,0.31,0.43,0.79,0.99,0.95,445,578,155,39
0.07,0.97,0.11,-0.79,0.18,-1.71,0.98,1.89,377,580,151,37
0.07,1.02,0.09,-4.39,-1.04,-6.71,1.02,8.09,445,595,158,29
0.08,0.96,0.10,-11.17,-3.78,-15.75,0.97,19.67,448,625,159,25
0.06,1.15,0.09,-24.17,-5.74,-31.62,1.15,40.21,284,668,164,18
0.07,1.24,0.09,-21.73,-4.15,-54.26,1.24,58.60,236,712,162,12
0.05,1.35,0.09,-8.54,1.40,-85.45,1.35,85.89,109,767,168,8
0.15,1.25,0.02,15.62,1.77,-122.25,1.26,123.26,44,817,174,8
0.02,1.71,0.10,5.49,1.34,-160.28,1.72,160.38,14,867,166,9
0.16,1.52,0.07,10.56,17.88,-193.18,1.53,194.29,8,882,160,9
0.37,1.73,-0.00,26.73,23.93,-230.47,1.77,233.24,4,882,95,6
1.04,1.12,-0.45,42.11,26.79,-239.93,1.59,245.07,1,850,45,6
1.22,0.92,-0.69,-42.48,-55.18,-146.24,1.68,161.97,1,822,16,9
1.57,0.92,-0.48,-82.46,-88.32,-114.75,1.88,166.63,1,823,8,11
1.50,1.42,-0.08,-95.58,-111.82,-64.51,2.07,160.63,0,0,9,10
1.09,1.50,0.23,-71.84,-115.11,-75.93,1.87,155.49,1,785,9,7
0.51,1.35,0.43,-34.24,-94.73,-85.21,1.50,131.93,1,815,7,11
-0.05,1.15,0.54,15.50,-58.78,-25.33,1.27,65.85,1,826,10,13
-0.02,0.54,0.24,51.94,-43.70,37.05,0.59,77.33,1,833,12,13
-0.32,0.38,0.29,20.08,-52.06,44.01,0.58,71.07,1,833,14,13
-0.60,0.32,0.32,30.15,-39.79,84.47,0.75,98.12,1,835,13,16
-0.54,0.01,0.07,24.41,7.14,119.75,0.55,122.42,1,834,13,16
-0.56,0.15,0.06,-30.40,32.65,133.48,0.58,140.74,1,836,12,16
-0.46,0.16,-0.02,-44.92,59.27,155.82,0.48,172.66,1,832,11,18
-0.26,0.35,-0.00,-70.80,62.74,179.87,0.43,203.23,1,827,12,18
0.03,0.59,0.03,-68.66,52.19,178.77,0.59,198.49,1,811,10,18
0.41,0.95,0.26,-63.35,20.39,163.82,1.07,176.82,2,779,13,19
0.51,0.94,0.29,-16.91,-23.19,142.64,1.11,145.50,2,763,11,18
0.41,1.02,0.33,8.61,-55.73,131.71,1.15,143.28,2,758,14,19
0.43,0.94,0.21,18.68,-39.18,111.57,1.06,119.72,2,766,12,20
0.29,0.96,0.07,6.53,4.58,93.75,1.01,94.09,2,766,14,19
0.79,1.21,0.04,-37.23,66.10,61.46,1.45,97.64,2,761,14,18
1.08,1.22,0.09,-27.83,75.07,24.05,1.63,83.60,2,755,14,17
1.26,1.28,0.21,4.58,44.49,-9.22,1.81,45.67,2,761,13,16
0.88,1.04,0.15,68.18,-0.24,-58.96,1.37,90.14,2,780,10,16
2.27,1.36,0.30,67.99,9.95,-97.41,2.66,119.21,2,815,29,21
0.03,0.93,-0.26,49.99,-8.36,12.39,0.97,52.17,4,690,33,21
-0.02,0.99,0.23,28.87,2.62,12.02,1.02,31.38,6,631,52,26
0.12,1.16,0.10,37.05,-1.59,-19.41,1.17,41.85,8,624,69,29
0.08,0.60,0.32,41.50,-2.14,-22.22,0.68,47.12,9,624,86,28
0.12,0.71,0.20,-47.85,2.08,-12.39,0.74,49.47,13,644,110,30
0.16,1.10,0.08,-40.83,4.21,-8.97,1.12,42.02,17,655,126,30
0.17,0.85,0.13,-25.45,6.23,-5.49,0.88,26.77,28,651,137,32
0.13,0.90,0.15,-46.33,7.63,11.78,0.92,48.40,54,642,151,36
0.12,1.10,0.02,-64.76,4.39,9.77,1.11,65.64,110,643,160,41
0.12,1.14,-0.01,-46.75,0.37,-5.19,1.14,47.04,126,645,164,41
0.15,1.03,-0.00,-27.16,-0.92,-13.61,1.04,30.39,124,662,167,36
0.16,0.98,0.00,-5.74,0.12,-8.97,0.99,10.65,125,676,168,37
0.17,0.94,-0.02,6.71,0.49,-1.59,0.95,6.92,136,681,169,34
0.14,0.97,0.03,14.71,3.78,15.81,0.98,21.92,124,677,162,38
0.13,0.98,0.05,19.35,2.08,9.52,0.99,21.66,157,668,164,39
0.12,0.99,0.05,19.53,1.77,9.52,1.00,21.80,141,657,157,42
0.10,0.95,0.10,18.80,-0.12,7.51,0.96,20.24,148,644,162,44
0.10,0.97,0.08,10.74,-1.04,4.03,0.98,11.52,163,634,158,48
0.11,0.98,0.07,7.26,-0.67,3.23,0.99,7.98,179,628,160,49
0.12,0.96,0.08,8.79,-0.55,2.93,0.97,9.28,167,624,160,51
0.11,0.98,0.08,5.68,-0.43,4.33,0.99,7.15,193,617,154,52
0.11,0.93,0.09,5.00,0.12,5.25,0.95,7.25,187,610,158,55
0.10,1.00,0.08,3.23,0.00,8.36,1.01,8.97,208,599,154,62
0.10,0.95,0.09,6.65,0.06,3.23,0.96,7.40,208,594,153,65
0.09,1.00,0.08,2.44,0.12,3.78,1.01,4.51,177,589,149,67
0.09,0.98,0.09,5.31,-0.12,-0.06,0.99,5.31,210,589,151,68
0.09,1.00,0.08,2.93,-0.43,-2.75,1.00,4.04,240,592,150,63
0.10,0.97,0.09,4.58,-0.31,-4.88,0.98,6.70,209,598,157,55
0.09,1.00,0.10,4.21,-0.79,-6.04,1.01,7.41,195,609,161,46
0.09,1.04,0.08,5.37,-2.38,-12.51,1.05,13.82,152,646,156,38
0.10,1.01,0.10,7.75,-4.15,-19.84,1.02,21.70,97,704,163,25
0.09,1.08,0.10,3.23,-7.45,-41.44,1.08,42.23,44,774,160,19
0.09,1.48,0.14,-3.97,-3.54,-74.52,1.49,74.71,20,835,166,10
0.15,1.28,0.01,26.86,9.28,-118.65,1.29,122.01,10,861,162,10
0.12,1.41,0.07,32.10,9.70,-159.91,1.42,163.39,6,873,158,7
0.16,1.41,0.03,38.51,9.16,-198.43,1.42,202.34,4,882,140,8
0.60,1.49,-0.06,40.65,10.19,-228.82,1.60,232.63,2,868,72,3
1.35,1.16,-0.78,-1.34,-17.64,-216.86,1.94,217.58,1,835,30,5
1.76,0.86,-0.08,-31.74,-67.02,-183.41,1.96,197.83,1,826,12,11
1.63,0.59,-0.47,-4.58,-69.82,-132.75,1.80,150.06,1,826,9,15
1.49,1.27,-0.20,-86.36,-116.27,-42.18,1.97,150.85,1,822,7,14
0.69,1.60,0.33,-80.32,-147.46,-52.31,1.77,175.88,1,829,9,14
-0.10,1.43,0.57,-19.04,-133.00,-61.95,1.55,147.95,1,830,10,13
-0.52,0.82,0.41,31.13,-78.98,-14.53,1.05,86.13,1,834,10,15
-0.52,0.60,0.35,30.70,-37.96,43.52,0.87,65.40,1,834,11,17
-0.64,0.28,0.35,23.07,-1.53,51.45,0.78,56.41,1,836,11,17
-0.69,0.16,0.35,-5.86,35.34,68.18,0.79,77.01,1,835,13,17
-0.66,0.19,0.32,-29.72,60.18,97.29,0.76,118.20,1,835,12,19
-0.45,0.23,0.26,-44.62,69.64,130.31,0.57,154.34,1,833,13,17
-0.35,0.38,0.25,-54.99,56.58,146.48,0.58,166.38,1,832,12,20
-0.26,0.46,0.11,-51.03,37.05,170.59,0.54,181.87,1,827,11,18
-0.03,0.75,0.12,-48.28,13.85,181.82,0.76,188.63,1,815,9,19
0.10,0.74,0.07,-25.33,-14.95,169.62,0.75,172.15,2,799,10,19
0.15,1.03,0.09,-8.61,-38.02,158.69,1.04,163.41,2,783,9,17
0.30,1.01,0.06,-17.33,-20.94,141.60,1.06,144.19,2,776,12,18
0.80,0.82,-0.03,-38.45,34.61,108.70,1.15,120.39,2,776,12,18
0.81,1.06,-0.01,-50.35,55.11,87.46,1.33,114.99,2,772,12,17
1.15,1.19,-0.10,-73.12,79.47,38.64,1.65,114.69,2,756,10,17
1.12,1.24,0.10,-76.90,76.54,-47.24,1.67,118.34,2,758,11,15
1.17,1.08,0.24,26.37,68.24,-53.77,1.61,90.79,2,775,12,15
2.33,1.39,0.37,80.02,30.70,-101.87,2.74,133.13,2,814,21,19
0.03,0.81,0.30,83.68,19.71,20.51,0.87,88.38,5,735,43,26
-0.14,1.34,0.18,22.40,-5.62,12.39,1.36,26.21,9,680,61,28
0.17,1.06,0.04,22.09,-3.97,-26.12,1.08,34.44,12,670,85,35
0.11,0.84,0.16,33.20,-3.17,-19.78,0.86,38.78,15,665,103,37
0.14,0.63,0.18,10.38,0.61,-10.44,0.67,14.73,19,658,117,39
0.13,1.05,0.11,-27.40,3.78,8.91,1.07,29.06,29,637,135,42
0.13,1.10,0.04,-22.58,1.95,-4.76,1.11,23.16,37,646,141,44
0.15,0.94,0.08,-14.53,3.36,2.20,0.96,15.07,40,646,148,41
0.14,0.98,0.06,-12.33,3.97,8.54,0.99,15.52,48,641,148,48
0.12,1.01,0.07,-15.99,3.72,7.87,1.01,18.21,60,624,153,53
0.13,1.03,0.03,-13.98,2.50,2.32,1.04,14.39,75,623,156,51
0.12,1.00,0.06,-3.85,1.34,-0.18,1.01,4.08,70,626,157,53
0.13,0.97,0.04,-4.27,1.22,-2.32,0.97,5.01,69,634,155,51
0.14,1.01,0.02,-1.34,1.40,-0.18,1.02,1.95,64,639,159,52
0.14,0.98,0.03,7.45,2.44,2.75,0.99,8.30,66,631,154,53
0.13,1.01,0.04,14.71,2.20,8.30,1.02,17.03,72,623,151,60
0.12,0.97,0.06,21.97,-0.18,10.86,0.98,24.51,79,615,152,66
0.10,0.97,0.09,21.67,-0.61,16.72,0.98,27.38,85,597,154,75
0.08,0.98,0.10,7.20,0.37,9.28,0.99,11.75,92,584,156,85
0.09,0.96,0.10,3.17,0.79,0.67,0.97,3.34,113,578,153,83
0.11,0.97,0.09,-0.85,0.79,-0.31,0.98,1.21,111,576,152,84
0.10,0.98,0.10,-0.92,0.12,-1.71,0.99,1.94,112,576,158,78
0.10,0.97,0.09,-3.42,-0.31,-2.62,0.98,4.32,118,581,152,77
0.10,0.98,0.09,-3.91,-0.92,-3.78,0.99,5.52,116,584,153,74
0.11,0.98,0.07,-3.91,-1.40,-4.76,0.99,6.32,112,595,154,65
0.12,0.99,0.07,3.66,1.46,0.24,1.00,3.95,117,596,153,66
0.11,0.97,0.09,8.97,1.40,1.40,0.98,9.19,128,589,161,65
0.11,0.98,0.09,6.77,1.16,1.89,0.99,7.13,123,590,161,72
0.11,0.96,0.09,9.83,0.98,3.48,0.97,10.47,144,589,153,74
0.10,0.97,0.10,5.74,0.92,4.39,0.98,7.28,119,584,149,77
0.11,0.98,0.09,4.15,1.22,3.91,0.99,5.83,119,582,156,81
0.09,0.95,0.11,7.93,1.40,3.85,0.96,8.93,115,577,153,85
0.09,0.98,0.10,6.29,0.92,3.66,0.99,7.33,110,569,152,83
0.10,0.96,0.11,8.73,0.79,3.54,0.97,9.45,98,565,145,91
0.08,0.98,0.12,6.10,0.61,2.14,0.99,6.50,98,558,148,90
0.08,0.96,0.13,7.08,0.61,-1.40,0.98,7.24,84,561,142,94
0.07,1.02,0.12,8.54,-0.37,-5.68,1.03,10.26,72,574,148,81
0.07,1.13,0.10,12.70,-3.17,-17.82,1.14,22.11,38,630,145,58
0.06,1.24,0.08,27.40,-6.96,-42.11,1.24,50.73,15,722,148,33
0.16,1.26,0.08,29.24,-7.51,-69.82,1.27,76.07,7,815,149,23
-0.08,1.66,0.23,4.94,4.15,-98.39,1.68,98.60,4,850,148,20
0.02,1.41,0.20,10.68,10.74,-138.12,1.43,138.95,3,860,137,17
0.08,1.37,0.15,18.62,12.39,-174.13,1.38,175.56,2,863,124,12
0.24,1.31,0.12,39.31,12.70,-206.05,1.33,210.15,1,854,82,10
0.68,0.86,0.11,35.28,11.47,-202.03,1.10,205.40,1,835,46,15
1.10,0.59,-0.33,-15.01,-8.06,-161.56,1.29,162.46,1,830,25,17
1.68,0.72,-0.35,-62.99,-55.11,-87.77,1.86,121.28,1,825,13,16
1.52,0.56,-0.33,-73.43,-120.97,-83.31,1.65,164.21,0,0,11,16
1.35,0.93,0.05,-84.66,-157.41,-47.36,1.64,184.90,1,791,8,15
1.03,1.08,0.27,-53.28,-170.65,-47.85,1.52,185.07,0,0,11,16
0.64,0.98,0.38,-31.74,-168.82,-44.92,1.23,177.56,1,810,7,19
0.38,1.11,0.51,1.89,-163.27,-5.31,1.28,163.37,1,842,12,17
0.01,0.67,0.30,23.93,-129.94,-27.95,0.73,135.05,1,848,12,21
-0.41,0.78,0.44,32.17,-94.30,48.46,0.98,110.80,1,849,12,22
-0.39,0.08,0.17,33.75,-51.21,29.91,0.44,68.23,1,848,11,21
-0.61,0.18,0.24,-19.41,-12.15,12.51,0.68,26.09,1,850,12,22
-0.66,0.14,0.15,-46.14,15.38,41.81,0.69,64.14,1,850,14,20
-0.59,0.19,0.12,-77.64,28.44,71.78,0.63,109.49,1,842,12,20
-0.45,0.28,0.09,-96.74,44.13,70.37,0.54,127.51,1,840,12,21
-0.32,0.43,0.08,-115.54,31.19,86.49,0.54,147.66,1,831,12,20
-0.12,0.65,0.20,-108.83,7.26,103.64,0.69,150.45,1,819,9,19
0.00,0.80,0.33,-78.67,-24.41,111.76,0.86,138.83,1,806,12,18
0.13,0.84,0.36,-67.87,-28.99,101.75,0.92,125.69,1,798,13,16
0.46,0.71,0.21,-76.90,-19.65,83.25,0.87,115.03,2,791,14,18
0.98,1.30,0.44,-70.31,13.06,47.30,1.69,85.74,2,779,14,17
1.08,0.87,0.05,-52.73,53.16,-32.53,1.39,81.64,2,779,13,16
1.40,1.24,0.16,-49.19,80.57,-9.77,1.88,94.90,2,765,15,13
3.59,1.04,0.52,-32.04,107.73,-86.12,3.78,141.59,3,754,45,12
0.25,-0.72,0.26,23.25,-6.65,139.16,0.80,141.25,8,741,79,9
0.01,1.23,-0.24,48.71,14.40,87.77,1.25,101.41,25,687,107,20
0.12,1.38,0.09,23.32,0.73,31.92,1.39,39.54,47,656,123,31
0.11,0.94,0.15,21.18,-0.73,0.12,0.96,21.19,50,650,128,33
0.15,0.91,0.10,-3.91,0.12,-3.72,0.93,5.40,50,652,134,34
0.15,0.96,0.07,-9.28,0.79,-1.53,0.98,9.44,56,650,132,38
