-,-,-
1.39,1.39,0.69,-26.43,-58.53,105.53,2.09,123.54,1,822,14,21
1.93,1.23,0.67,104.43,-34.55,27.53,2.38,113.39,2,805,15,29
1.78,0.17,0.59,73.24,-10.68,-36.87,1.88,82.69,2,745,12,42
0.46,1.27,0.40,50.78,102.11,-104.13,1.41,154.43,2,582,10,82
0.02,0.89,0.11,-5.00,-4.27,-87.77,0.90,88.01,5,488,14,126
0.14,1.27,0.03,32.10,38.94,-31.13,1.28,59.30,16,493,28,143
-0.02,1.08,0.01,0.61,0.98,-13.79,1.08,13.84,43,492,48,151
0.01,0.96,0.06,11.11,-1.04,-4.09,0.96,11.88,81,465,62,153
0.00,0.97,0.06,7.93,-1.83,-2.08,0.97,8.40,133,450,73,159
-0.01,1.02,0.04,9.95,-2.20,-0.61,1.02,10.21,174,445,78,165
-0.01,0.97,0.08,14.95,-1.71,-0.37,0.97,15.06,184,440,83,164
-0.01,0.97,0.08,8.48,-1.22,-0.98,0.98,8.63,195,438,84,171
-0.01,0.97,0.08,4.27,-0.98,-0.85,0.97,4.47,187,438,84,171
-0.01,0.97,0.08,-0.43,-0.49,0.00,0.98,0.65,208,440,81,170
-0.01,0.98,0.08,-2.32,-0.31,0.49,0.99,2.39,187,442,80,166
-0.01,0.98,0.07,-2.14,0.31,0.73,0.98,2.28,218,444,77,165
-0.01,0.96,0.08,-1.71,-0.06,-0.85,0.97,1.91,200,446,78,169
-0.02,0.98,0.07,-0.43,0.37,-0.92,0.98,1.07,200,450,79,166
-0.01,0.98,0.07,-0.37,0.00,-0.98,0.98,1.04,210,454,83,165
-0.02,0.98,0.06,-0.12,-0.24,-0.55,0.98,0.61,166,457,86,165
-0.01,0.98,0.07,0.12,-0.67,0.00,0.98,0.68,225,460,79,167
-0.02,0.98,0.06,0.98,-1.16,-0.49,0.99,1.59,206,462,79,158
-0.02,0.99,0.06,2.26,-0.55,-0.37,0.99,2.35,246,466,82,161
-0.02,0.99,0.06,5.00,-0.12,-1.10,0.99,5.13,201,468,83,162
-0.02,0.98,0.07,5.98,0.37,-1.89,0.98,6.28,290,470,93,164
-0.02,0.99,0.07,4.70,0.92,-2.32,0.99,5.32,342,473,97,161
-0.01,0.98,0.07,6.23,1.89,-3.48,0.99,7.38,250,478,102,152
-0.01,0.99,0.08,4.39,1.77,-4.21,0.99,6.34,290,486,112,152
-0.02,0.98,0.08,3.48,1.28,-5.74,0.99,6.83,340,495,122,136
-0.01,0.99,0.09,2.69,1.40,-8.36,0.99,8.89,328,510,133,123
0.03,0.97,0.07,-2.87,-0.12,-12.15,0.97,12.48,322,540,143,82
-0.02,1.29,0.04,-5.19,-3.48,-23.93,1.29,24.73,332,606,148,40
-0.01,1.03,0.17,7.57,-6.71,-40.16,1.04,41.42,236,699,154,21
-0.06,1.70,0.20,-15.56,-3.97,-97.53,1.72,98.85,86,782,158,14
-0.04,1.54,0.13,3.66,5.98,-165.77,1.54,165.92,34,811,159,12
-0.00,1.44,0.08,-6.71,16.66,-214.97,1.44,215.72,15,846,157,9
0.13,1.73,0.05,-0.55,33.14,-253.17,1.73,255.33,7,857,130,9
0.98,1.69,-0.50,23.93,42.66,-269.10,2.02,273.51,2,845,51,6
1.56,1.98,-0.31,-43.27,-24.41,-194.82,2.53,201.06,1,807,14,15
1.84,1.54,-0.77,37.48,-75.87,-111.08,2.52,139.64,1,821,11,20
1.56,1.08,-0.64,1.83,-146.12,-48.03,2.00,153.82,1,822,9,19
0.33,1.66,0.23,-104.55,-181.27,-38.02,1.71,212.69,1,817,10,18
-0.78,1.56,0.66,-20.26,-93.69,-20.69,1.87,98.06,1,828,9,20
-0.71,0.29,0.16,10.93,-10.68,22.34,0.78,27.06,1,826,10,22
-0.89,0.28,0.45,-18.13,-32.29,48.95,1.03,61.38,1,821,10,25
-1.01,0.06,0.40,20.02,-24.35,62.68,1.09,70.16,1,816,11,24
-1.02,-0.05,0.21,16.30,-1.04,114.20,1.04,115.36,1,815,10,28
-0.74,-0.11,0.03,2.69,26.12,141.24,0.74,143.66,1,814,11,26
-0.56,0.08,-0.03,-18.43,33.26,165.89,0.56,170.20,1,811,10,24
-0.36,0.50,0.04,-33.75,30.70,196.17,0.62,201.40,1,799,8,27
0.13,0.59,-0.04,-29.97,24.66,202.58,0.61,206.26,1,786,9,26
0.36,0.84,0.09,-34.18,-9.70,179.08,0.92,182.57,2,769,8,24
0.21,1.11,0.03,-9.28,-8.18,139.89,1.13,140.44,2,766,10,23
0.58,1.05,-0.05,-27.04,14.83,125.61,1.20,129.34,2,760,11,25
1.28,0.94,0.03,-52.98,52.00,90.64,1.59,117.16,2,748,10,25
1.44,1.63,0.41,-44.31,42.18,37.35,2.21,71.68,2,745,10,22
1.39,1.11,0.25,24.17,1.10,-22.95,1.80,33.35,2,761,10,21
0.79,0.84,0.13,10.50,-18.80,-47.79,1.15,52.42,2,767,11,21
1.85,0.62,-0.25,19.10,38.70,-143.25,1.96,149.61,4,609,14,56
-0.09,1.17,0.10,4.88,-8.85,19.29,1.18,21.78,6,598,17,53
-0.05,1.04,0.03,7.32,6.16,-12.02,1.04,15.37,9,604,18,57
0.02,0.99,-0.06,73.55,4.58,-16.30,0.99,75.47,18,587,42,73
0.05,0.70,0.27,43.40,-0.18,11.96,0.75,45.02,32,563,61,93
0.02,1.06,0.12,-8.42,-1.46,25.63,1.07,27.02,71,522,76,115
-0.02,1.07,0.12,-0.85,-3.91,5.74,1.08,6.99,142,493,90,123
0.05,0.93,0.14,0.79,-1.16,-7.51,0.94,7.64,240,487,104,118
0.05,0.96,0.12,-5.49,-0.92,2.38,0.97,6.06,218,481,111,124
0.03,0.92,0.14,-6.71,-1.04,8.36,0.93,10.77,308,477,115,122
0.02,1.00,0.10,-14.04,-1.71,11.60,1.01,18.29,313,471,114,125
0.01,1.03,0.09,-7.32,-1.53,6.47,1.03,9.89,317,471,116,125
0.01,1.00,0.09,-4.03,-0.37,3.48,1.01,5.34,347,472,120,131
0.03,1.00,0.10,-0.37,0.67,-3.17,1.00,3.26,381,472,123,129
0.00,1.00,0.10,-3.17,0.37,-7.45,1.00,8.10,349,477,125,125
0.03,0.98,0.10,-3.42,-0.37,-13.24,0.98,13.68,305,488,132,115
0.03,0.98,0.09,-4.15,-0.73,-9.95,0.99,10.80,364,497,131,110
0.04,0.98,0.09,-1.28,-0.67,-8.79,0.98,8.91,433,504,138,98
0.04,0.97,0.09,0.37,-0.31,-6.04,0.97,6.06,317,510,138,93
0.03,0.98,0.09,3.66,-0.24,-3.78,0.98,5.27,483,513,139,88
0.04,0.95,0.10,4.70,-0.06,-4.64,0.95,6.60,483,516,139,84
0.04,0.98,0.09,2.93,0.55,-1.89,0.99,3.53,345,517,141,81
0.04,1.00,0.09,3.30,-0.67,-5.07,1.00,6.08,699,520,140,76
0.05,0.98,0.10,0.18,-0.85,-5.98,0.98,6.04,405,527,141,70
0.05,0.97,0.09,2.62,-1.46,-8.12,0.98,8.66,416,532,144,60
0.06,0.94,0.11,2.69,-1.04,-7.57,0.94,8.10,352,541,145,54
0.06,0.95,0.10,2.56,0.00,-3.42,0.95,4.27,334,544,148,54
0.06,0.98,0.09,3.97,0.31,-2.08,0.98,4.49,459,543,148,58
0.07,0.96,0.09,4.64,1.65,1.53,0.97,5.15,416,539,142,60
0.05,1.00,0.10,5.74,1.89,2.38,1.00,6.49,424,534,145,67
0.05,0.96,0.12,4.70,0.73,-0.79,0.97,4.82,388,534,150,69
0.06,1.00,0.11,1.40,-0.37,-2.87,1.01,3.21,424,533,153,63
0.05,0.98,0.13,-1.04,-1.59,-5.55,0.98,5.87,361,541,149,54
0.05,1.02,0.10,-4.03,-3.23,-13.67,1.02,14.62,365,572,154,42
0.06,1.05,0.10,-9.70,-2.44,-23.99,1.06,25.99,468,622,151,33
0.09,1.20,0.01,-0.24,-4.03,-42.30,1.21,42.49,256,679,160,25
0.04,1.34,0.08,12.63,-3.54,-73.24,1.34,74.41,132,736,161,25
0.08,1.22,0.14,22.64,2.99,-101.32,1.23,103.86,41,790,165,18
0.12,1.26,0.14,10.50,7.87,-137.88,1.27,138.50,13,837,163,16
0.08,1.50,0.20,-4.88,20.08,-184.45,1.51,185.60,6,864,155,13
0.22,1.41,0.17,8.00,29.30,-206.85,1.43,209.07,4,871,114,10
0.60,1.36,0.00,22.40,34.55,-216.25,1.49,220.13,1,860,59,10
1.22,1.23,-0.65,12.08,3.66,-184.94,1.85,185.37,1,829,31,13
1.75,1.13,-0.29,-52.12,-34.97,-119.14,2.10,134.66,1,808,11,16
1.76,0.82,-0.40,-25.70,-76.29,-59.69,1.98,100.22,1,814,11,17
1.48,1.43,-0.03,-74.83,-126.46,4.94,2.06,147.03,1,807,11,19
0.75,1.69,0.40,-63.29,-158.20,5.74,1.89,170.49,1,816,12,19
-0.10,1.61,0.64,35.52,-121.64,7.02,1.73,126.92,1,818,14,19
-0.38,0.69,0.23,83.07,-69.82,46.33,0.82,117.99,1,820,12,23
-0.59,0.42,0.14,50.78,-57.86,64.94,0.74,100.72,1,823,10,26
-1.02,0.17,0.15,29.30,-14.10,88.56,1.05,94.34,1,820,14,25
-1.03,-0.09,-0.10,-13.55,54.99,91.00,1.03,107.19,1,811,13,27
-0.86,0.15,-0.04,-65.80,93.57,134.09,0.87,176.25,1,795,14,28
-0.58,0.35,-0.00,-80.08,102.36,140.56,0.68,191.44,1,768,12,28
-0.38,0.50,0.03,-65.06,74.40,163.88,0.63,191.38,2,727,13,26
-0.17,0.71,0.10,-42.60,29.60,180.54,0.74,187.85,2,734,14,28
0.05,0.66,0.03,-18.19,-12.94,181.21,0.67,182.58,2,723,13,27
0.11,0.83,0.05,-23.74,-35.16,164.31,0.84,169.69,2,691,11,28
0.52,1.04,0.10,-13.00,-13.31,113.40,1.17,114.92,2,692,16,26
1.12,1.19,0.28,-33.02,13.92,94.42,1.66,100.99,3,700,15,25
1.04,1.15,0.31,-23.44,5.80,54.75,1.58,59.84,3,706,17,26
1.38,1.24,0.27,-18.43,14.65,10.56,1.87,25.80,3,719,13,24
1.33,1.35,0.39,-0.92,23.56,-62.26,1.93,66.57,2,728,15,25
1.65,0.26,-0.34,84.72,5.80,-91.19,1.71,124.60,6,629,19,39
0.06,0.97,0.10,48.58,-3.91,2.08,0.98,48.78,7,615,23,38
-0.16,0.67,0.20,10.01,-1.59,-2.75,0.72,10.50,10,602,30,42
0.08,0.85,0.14,-5.00,11.23,-24.11,0.86,27.06,24,567,54,70
-0.04,1.15,0.08,29.72,1.71,9.58,1.15,31.28,48,519,70,94
-0.00,1.02,0.12,-17.58,0.00,13.18,1.03,21.97,92,482,81,105
0.00,1.13,0.05,-9.34,-1.28,-3.54,1.13,10.07,153,468,89,111
0.03,0.90,0.14,0.37,-0.55,-6.35,0.91,6.38,167,469,106,112
0.02,0.95,0.12,-13.31,-0.55,-0.98,0.96,13.35,283,475,111,110
0.02,0.99,0.09,-23.86,-0.85,0.12,1.00,23.88,386,482,122,105
0.02,1.03,0.06,-15.01,-1.16,-2.50,1.03,15.27,296,491,128,103
0.02,1.01,0.07,-7.75,-0.18,-2.38,1.01,8.11,300,497,136,98
0.02,1.01,0.07,-1.10,0.31,-2.69,1.01,2.92,305,500,136,97
0.02,1.00,0.07,4.15,0.18,-4.70,1.00,6.27,307,506,136,93
0.02,0.97,0.09,7.14,0.98,-2.08,0.97,7.50,361,507,139,91
0.03,0.97,0.08,4.27,0.79,-2.32,0.97,4.93,427,508,139,88
0.03,0.96,0.09,2.69,0.79,-2.26,0.97,3.60,389,514,135,89
0.03,0.97,0.08,-1.22,0.73,-2.44,0.98,2.83,424,512,139,87
0.03,0.97,0.08,-0.79,0.55,-2.56,0.98,2.74,430,518,139,82
0.03,0.99,0.07,-0.55,0.43,-2.56,0.99,2.66,394,520,141,80
0.03,0.98,0.08,0.49,0.37,-2.44,0.98,2.52,340,523,140,74
0.04,0.97,0.08,1.65,0.31,-1.71,0.98,2.39,433,523,137,76
0.04,0.98,0.08,2.75,0.43,-1.53,0.98,3.17,483,523,140,76
0.03,1.00,0.07,0.85,0.06,-1.77,1.00,1.97,298,523,141,74
0.03,0.97,0.08,3.54,0.06,-2.93,0.98,4.60,442,525,141,70
0.04,0.97,0.09,2.81,0.06,-2.50,0.97,3.76,405,528,143,65
0.04,0.98,0.08,1.83,0.00,-2.93,0.99,3.45,445,525,137,62
0.05,0.95,0.08,1.28,0.43,-0.85,0.96,1.60,349,527,145,62
0.03,1.02,0.07,0.98,0.43,-0.37,1.02,1.13,381,526,142,60
0.04,0.96,0.09,3.66,0.37,-1.34,0.96,3.92,349,529,143,62
0.04,1.00,0.08,2.50,0.55,-0.18,1.01,2.57,328,527,143,64
0.03,1.01,0.09,5.31,-0.37,-5.31,1.01,7.52,308,533,145,55
0.04,1.08,0.07,4.58,-1.46,-10.80,1.08,11.82,332,555,141,41
0.04,1.09,0.08,10.86,-4.15,-23.38,1.10,26.11,388,604,142,30
-0.05,1.42,0.20,3.97,-10.38,-52.55,1.44,53.71,197,670,149,28
0.04,1.24,0.12,-1.22,-12.76,-93.81,1.25,94.68,64,739,151,21
0.06,1.24,0.14,-5.80,-13.12,-134.58,1.25,135.35,14,806,144,17
-0.02,1.58,0.21,-12.27,12.39,-153.20,1.59,154.19,6,844,139,15
0.16,1.47,0.10,0.24,27.04,-179.50,1.49,181.53,3,863,94,14
0.45,1.50,0.13,33.81,36.93,-185.73,1.57,192.36,1,826,48,13
0.80,1.29,0.00,56.52,25.63,-116.46,1.51,131.96,1,808,21,18
1.86,0.95,-0.52,59.20,-49.38,-31.92,2.15,83.44,1,804,11,21
1.36,0.90,-0.39,-54.69,-163.02,-0.06,1.67,171.95,1,801,9,20
0.65,1.77,0.37,-78.12,-176.21,-24.60,1.92,194.31,1,806,9,17
0.21,1.56,0.52,31.56,-107.24,19.65,1.65,113.50,1,817,12,20
0.61,0.96,0.21,71.17,-65.00,5.74,1.16,96.56,1,818,11,21
0.28,0.85,0.26,55.30,-72.45,-46.39,0.94,102.27,1,821,14,22
-0.08,0.68,0.30,52.43,-58.84,-62.13,0.75,100.36,1,823,12,23
-0.31,0.35,0.21,37.48,-17.52,-52.43,0.51,66.78,1,821,11,24
-0.19,0.39,0.24,11.66,29.91,-17.27,0.49,36.45,1,822,11,23
0.00,0.48,0.30,-10.80,50.29,-11.47,0.56,52.70,1,826,13,24
0.18,0.49,0.33,-3.30,33.14,25.70,0.61,42.07,1,825,12,26
0.05,0.47,0.35,4.21,16.24,27.59,0.58,32.29,1,821,13,25
-0.02,0.39,0.26,15.08,11.41,50.66,0.47,54.07,1,820,11,28
0.06,0.34,0.18,11.96,-2.75,55.18,0.39,56.52,1,822,12,28
-0.15,0.45,0.21,11.41,-26.31,67.63,0.52,73.46,1,823,12,29
-0.18,0.38,0.14,14.77,-35.03,88.20,0.44,96.04,1,820,13,28
-0.18,0.44,0.11,4.33,-38.21,102.36,0.48,109.34,1,816,14,29
-0.15,0.50,0.08,-11.47,-16.78,112.98,0.53,114.79,1,811,13,29
-0.19,0.60,0.05,-51.70,-3.30,122.38,0.63,132.89,1,795,11,28
0.01,0.86,0.15,-88.26,11.84,125.43,0.87,153.82,1,771,12,28
0.12,1.15,0.28,-94.18,21.73,117.86,1.19,152.42,2,744,12,25
0.23,1.32,0.36,-76.35,23.80,115.48,1.39,140.47,2,728,9,23
0.47,1.34,0.43,-39.00,10.01,109.86,1.48,117.01,2,709,10,26
0.25,1.23,0.40,-10.62,-20.39,83.80,1.32,86.90,2,718,11,23
0.11,1.01,0.22,-7.02,-11.17,68.91,1.04,70.16,2,712,11,23
0.18,1.21,0.24,-33.69,10.01,56.03,1.25,66.14,2,718,10,25
0.27,1.17,0.23,-32.35,20.20,58.35,1.23,69.71,2,700,10,24
0.19,1.01,0.14,-27.77,33.26,39.00,1.04,58.30,2,692,11,26
0.13,0.74,-0.02,-42.42,59.51,14.77,0.75,74.56,2,697,11,26
0.23,1.08,0.18,-69.15,61.83,-15.01,1.12,93.97,2,709,9,24
0.08,1.01,0.15,-35.22,37.60,-20.20,1.02,55.34,2,713,9,24
0.08,0.94,0.03,-15.81,24.96,-18.13,0.94,34.67,2,718,11,21
0.11,0.66,-0.14,-20.94,36.68,-43.70,0.69,60.78,1,714,10,20
0.16,0.66,-0.07,-59.75,52.00,-94.73,0.69,123.48,1,718,10,23
-0.15,0.90,0.04,-96.44,60.61,-95.95,0.92,148.93,1,718,9,22
0.39,1.20,0.05,-72.51,76.48,-6.29,1.26,105.57,2,704,9,23
0.75,0.88,-0.12,-35.77,30.82,-28.38,1.16,55.09,2,684,10,22
0.94,4.00,2.21,-58.29,30.15,-83.98,4.66,106.58,3,631,13,25
0.21,-0.08,0.84,144.04,-2.44,8.48,0.87,144.31,9,570,33,49
-0.01,0.29,0.21,80.75,-3.11,-14.22,0.36,82.05,12,555,48,76
0.05,1.09,0.02,-4.52,3.72,-8.00,1.10,9.91,12,586,60,79
0.08,0.97,0.04,9.64,3.36,-10.01,0.97,14.30,15,598,72,89
0.09,0.94,0.07,10.50,3.66,-5.07,0.94,12.22,24,576,86,108
0.07,0.94,0.08,2.87,4.64,-1.46,0.95,5.65,36,558,97,126
0.08,0.98,0.07,-3.05,6.10,-1.10,0.98,6.91,64,538,109,143
0.08,0.97,0.08,-4.39,3.36,-1.28,0.98,5.68,96,526,120,151
0.08,1.00,0.04,-3.30,1.83,-1.40,1.01,4.02,124,519,122,151
0.08,1.00,0.04,1.71,1.71,-1.22,1.00,2.71,137,515,126,160
0.08,0.98,0.06,5.00,1.77,-0.85,0.99,5.38,146,508,126,155
0.08,0.97,0.07,4.21,1.65,0.18,0.98,4.53,170,505,124,162
0.08,0.96,0.07,3.85,0.92,1.53,0.97,4.24,207,501,126,161
0.08,0.97,0.07,-0.85,0.37,1.40,0.98,1.68,157,497,120,163
0.08,0.95,0.08,-3.66,-0.67,0.67,0.95,3.78,190,495,117,166
0.08,0.97,0.06,-12.70,-2.20,-1.22,0.97,12.94,222,494,118,163
0.08,0.98,0.05,-13.24,-2.75,-0.24,0.99,13.53,254,493,112,164
0.07,1.00,0.02,-13.43,-2.56,-0.55,1.00,13.68,336,495,113,157
0.07,0.99,0.02,-6.16,-1.04,-0.06,1.00,6.25,276,496,108,157
0.07,0.99,0.02,-2.20,0.12,-0.12,0.99,2.20,298,495,106,161
0.07,0.99,0.02,1.04,0.24,-0.12,0.99,1.07,276,491,106,162
0.08,0.97,0.04,2.32,0.06,-0.06,0.98,2.32,320,494,107,163
0.07,0.98,0.03,1.04,-0.49,-1.28,0.99,1.72,397,496,109,157
0.07,0.98,0.03,1.83,-0.85,-1.04,0.99,2.27,322,497,108,161
0.07,0.98,0.03,2.50,-0.55,-0.85,0.98,2.70,300,495,109,163
0.08,0.98,0.03,2.50,-0.43,-1.40,0.98,2.90,347,496,115,157
0.07,0.98,0.02,3.48,-0.49,-1.71,0.99,3.91,445,499,112,161
0.08,0.99,0.02,6.90,0.12,-1.28,1.00,7.02,381,500,117,159
0.08,0.96,0.04,8.30,0.73,-0.55,0.97,8.35,288,502,121,161
0.08,0.97,0.05,4.21,0.61,-0.98,0.97,4.37,308,503,120,160
0.07,0.99,0.04,2.08,0.18,-1.10,0.99,2.36,413,505,126,159
0.07,0.98,0.04,5.19,0.24,-1.83,0.99,5.51,334,508,128,154
0.08,0.97,0.05,4.88,-0.12,-2.69,0.98,5.57,393,511,132,150
0.08,0.98,0.05,3.48,-0.18,-3.60,0.99,5.01,437,518,137,143
0.08,0.99,0.06,1.28,-0.49,-5.80,0.99,5.96,528,532,139,123
0.09,0.98,0.05,-1.59,-1.10,-7.93,0.99,8.17,448,554,143,91
0.08,1.02,0.04,-5.31,-0.73,-9.28,1.02,10.71,364,595,146,45
0.09,1.07,0.03,-10.50,-1.04,-16.30,1.08,19.41,327,675,156,22
0.06,1.77,-0.03,-46.14,-1.89,-61.40,1.77,76.83,165,748,158,17
0.03,1.47,0.06,-13.73,0.55,-116.58,1.47,117.38,62,785,159,13
0.08,1.33,0.07,-9.77,8.54,-149.90,1.33,150.46,27,800,142,13
0.17,1.28,0.05,-13.06,20.75,-167.36,1.29,169.15,13,805,114,9
0.76,1.13,-0.37,-10.44,35.16,-162.35,1.41,166.44,4,796,47,4
1.64,1.26,-0.00,14.28,23.07,-178.77,2.07,180.82,1,768,22,7
2.31,1.06,-0.60,53.77,16.42,-171.94,2.61,180.89,1,792,12,13
1.86,1.13,-0.83,-18.80,-65.73,-148.93,2.33,163.87,1,799,12,16
1.20,1.32,-0.47,-104.49,-140.62,-150.94,1.85,231.25,1,803,10,13
0.58,1.60,-0.01,-127.01,-166.02,-183.53,1.70,278.17,1,811,12,13
-0.18,1.57,0.34,-66.35,-131.53,-179.81,1.61,232.45,1,812,11,18
-0.43,1.12,0.38,14.53,-70.07,-112.30,1.26,133.17,1,820,13,19
-0.35,0.68,0.25,51.57,-22.09,-23.32,0.80,60.76,1,821,12,18
-0.18,0.46,0.19,40.22,-13.49,29.72,0.53,51.80,1,827,13,19
-0.23,0.50,0.30,45.10,-15.20,53.28,0.63,71.45,1,831,12,20
-0.39,0.58,0.22,45.29,-2.38,117.98,0.73,126.40,1,835,13,22
-0.23,0.27,-0.08,60.06,6.04,173.95,0.36,184.13,1,831,14,22
-0.08,0.23,-0.20,7.02,0.06,180.85,0.32,180.98,1,806,12,22
-0.28,0.54,-0.08,-23.56,7.08,160.89,0.61,162.76,1,783,12,23
-0.13,0.52,-0.20,-23.62,15.44,198.49,0.57,200.48,1,762,13,24
0.11,0.69,-0.09,-42.91,3.05,189.09,0.70,193.92,2,751,12,23
0.05,0.81,0.02,-33.08,-15.38,171.33,0.82,175.17,2,743,13,24
0.17,0.85,0.08,-22.28,-41.32,180.18,0.87,186.19,2,731,12,24
0.20,1.02,0.22,-24.41,-46.57,162.54,1.06,170.83,2,721,15,28
0.43,1.16,0.38,-31.25,-33.57,136.29,1.30,143.80,3,711,15,24
0.46,1.22,0.42,-20.20,-23.07,97.47,1.37,102.18,3,709,15,24
0.50,1.30,0.46,-8.36,-21.67,94.73,1.47,97.53,3,703,15,24
0.50,1.14,0.33,6.29,-1.89,72.39,1.28,72.68,3,706,16,26
0.61,1.08,0.21,-3.66,24.48,43.15,1.26,49.74,3,712,14,24
0.61,0.88,-0.05,-13.06,49.74,-3.97,1.08,51.58,3,719,7,24
0.36,1.05,-0.12,-27.34,66.22,-7.69,1.12,72.06,3,727,11,23
0.66,0.79,-0.29,-30.58,55.66,1.59,1.06,63.53,3,720,11,22
0.49,0.78,-0.10,-39.49,21.85,-32.78,0.93,55.78,3,692,12,28
0.70,1.33,0.06,-3.42,24.29,-66.96,1.50,71.31,5,574,13,50
-0.00,0.79,0.18,3.30,2.26,-3.66,0.81,5.42,6,563,13,52
-0.03,1.04,-0.00,-11.54,-1.77,-11.47,1.04,16.37,7,571,15,51
0.05,0.95,0.03,21.85,1.95,-3.23,0.95,22.17,10,539,25,62
0.04,0.83,0.14,36.32,1.83,3.85,0.84,36.56,19,507,37,83
0.02,0.72,0.19,-1.04,0.49,15.69,0.74,15.73,35,475,48,107
-0.03,1.23,0.02,-15.81,-4.82,5.68,1.23,17.47,82,439,66,126
0.02,0.96,0.10,6.71,-4.58,-9.03,0.97,12.15,126,426,81,134
0.04,0.96,0.10,-4.70,-4.39,-4.09,0.97,7.62,236,428,97,138
0.03,0.99,0.08,-5.62,-4.09,0.24,0.99,6.95,231,429,103,141
0.02,0.98,0.08,-8.24,-3.97,2.62,0.98,9.51,277,436,103,145
0.01,1.01,0.05,-7.32,-2.87,2.32,1.01,8.20,283,441,106,147
0.02,1.00,0.06,-1.46,-1.22,1.22,1.00,2.26,310,442,111,144
0.01,0.99,0.06,-0.49,-0.67,1.89,0.99,2.07,370,444,111,152
0.01,0.99,0.06,0.24,-0.37,1.04,0.99,1.13,342,447,111,152
0.01,0.99,0.06,1.77,-0.37,0.00,0.99,1.81,376,446,107,151
0.01,0.98,0.07,1.95,-0.31,-0.55,0.98,2.05,322,449,108,153
0.01,0.97,0.07,0.06,-0.43,-0.24,0.97,0.50,280,450,108,149
0.01,0.96,0.07,-2.62,-0.12,0.67,0.97,2.71,418,452,113,148
0.01,0.98,0.05,-2.87,-0.12,0.31,0.99,2.89,326,453,108,147
0.01,0.97,0.06,-1.04,0.37,1.71,0.98,2.03,305,454,111,152
0.01,0.99,0.06,1.04,0.61,2.32,0.99,2.61,284,452,110,151
0.01,0.98,0.06,1.04,0.67,3.11,0.98,3.35,508,448,106,147
0.00,0.98,0.05,0.55,0.61,1.83,0.99,2.01,263,447,107,149
0.01,0.99,0.05,1.28,0.31,0.92,0.99,1.60,508,449,101,152
0.00,0.98,0.06,2.38,0.37,0.37,0.98,2.44,454,448,103,155
0.00,0.99,0.05,2.32,0.18,-0.85,1.00,2.48,354,451,106,152
0.01,0.98,0.03,3.30,0.49,-0.92,0.98,3.46,326,452,105,152
0.01,0.98,0.06,4.09,0.43,-0.85,0.98,4.20,512,450,105,154
0.00,0.98,0.07,1.16,0.18,0.18,0.98,1.19,307,451,108,155
0.01,0.98,0.07,0.49,-0.18,0.31,0.98,0.60,356,452,108,150
0.00,0.98,0.06,-0.61,-0.49,0.98,0.98,1.25,352,454,105,155
0.01,0.98,0.06,0.61,-0.12,0.79,0.98,1.01,386,453,103,155
0.00,0.99,0.06,0.00,-0.73,1.46,1.00,1.64,329,455,102,150
-0.00,0.99,0.05,3.54,-0.06,1.59,0.99,3.88,389,454,97,155
-0.00,0.98,0.06,7.45,0.73,0.12,0.98,7.48,302,454,99,157
0.00,0.98,0.07,6.71,1.34,-0.92,0.98,6.91,392,458,105,153
-0.01,0.99,0.07,4.21,0.79,-1.89,0.99,4.68,384,458,102,155
0.00,0.98,0.08,6.35,0.92,-3.36,0.98,7.24,333,461,107,149
-0.02,1.01,0.07,4.39,0.43,-5.68,1.01,7.19,533,467,117,140
0.00,0.99,0.08,6.53,0.37,-12.94,0.99,14.50,347,481,131,126
0.02,1.02,0.07,6.10,-0.31,-17.15,1.02,18.21,386,504,134,96
0.01,1.01,0.10,12.08,-1.04,-27.65,1.01,30.19,277,544,145,53
0.02,0.99,0.16,15.81,-3.36,-44.56,1.00,47.40,320,622,150,31
0.02,1.09,0.13,5.49,-7.87,-69.15,1.10,69.82,111,717,152,22
0.11,1.11,0.08,-5.74,3.60,-120.18,1.11,120.37,30,803,159,16
0.13,1.02,-0.01,13.06,16.30,-134.83,1.02,136.43,14,820,154,16
0.13,1.31,0.07,7.39,21.36,-167.97,1.32,169.48,7,841,139,13
0.35,1.52,0.00,14.16,30.03,-189.64,1.56,192.52,3,851,80,9
1.02,1.13,-0.54,25.82,18.13,-184.94,1.62,187.61,1,812,35,13
1.65,1.33,-0.00,-8.12,-30.21,-172.61,2.12,175.42,1,806,15,15
1.70,0.94,-0.45,13.49,-64.70,-176.51,2.00,188.48,1,797,10,18
1.40,1.03,-0.35,-37.17,-100.16,-116.58,1.77,158.13,0,0,10,18
1.03,1.42,0.00,-95.03,-117.86,-104.13,1.75,183.75,1,771,10,17
0.54,1.83,0.61,-22.52,-89.60,-140.93,2.00,168.51,1,820,11,18
-0.09,0.69,0.29,58.96,-42.79,-129.39,0.75,148.49,1,825,10,20
-0.22,0.54,0.21,17.21,-29.48,-6.16,0.62,34.69,1,832,10,21
-0.23,0.62,0.36,18.19,-30.82,20.75,0.75,41.37,1,832,13,18
-0.48,0.33,0.30,32.71,-11.47,30.76,0.66,46.35,1,830,13,20
-0.60,0.31,0.19,17.52,17.94,85.63,0.70,89.23,1,827,11,23
-0.46,0.28,0.05,1.59,43.76,137.94,0.54,144.72,1,823,12,20
-0.32,0.47,0.00,-25.82,54.75,156.19,0.57,167.51,1,808,12,22
-0.13,0.56,-0.05,-13.92,55.79,166.08,0.58,175.75,1,776,10,21
-0.01,0.53,-0.19,-15.50,32.47,169.80,0.56,173.57,1,756,12,24
0.11,0.78,-0.11,-22.83,5.37,183.04,0.80,184.54,1,743,10,24
0.17,0.77,-0.13,-19.04,-8.18,169.80,0.80,171.06,1,738,11,24
0.20,0.84,-0.09,-24.05,-17.40,162.11,0.87,164.80,2,731,10,24
0.42,0.94,0.06,-27.53,-19.71,150.88,1.03,154.63,2,731,10,20
0.43,1.05,0.02,-25.33,-38.27,140.75,1.13,148.04,2,726,11,24
0.50,1.14,0.12,-37.05,-34.24,112.24,1.25,123.06,2,728,10,25
0.54,1.05,0.17,-37.66,-27.34,85.39,1.20,97.25,2,728,13,23
0.53,1.11,0.25,-27.40,-11.60,72.69,1.26,78.55,2,736,10,22
0.72,1.02,0.12,-31.86,2.69,36.56,1.26,48.57,2,737,11,24
0.61,1.07,0.09,-16.17,-0.73,9.77,1.24,18.91,2,745,12,20
0.65,1.00,-0.01,-15.87,2.01,-11.11,1.19,19.48,2,750,12,22
0.25,0.73,-0.01,-28.26,-8.42,-20.02,0.77,35.64,2,761,10,22
0.15,0.85,0.18,-41.38,-4.03,-14.40,0.88,44.00,2,766,12,22
0.94,4.00,2.91,-53.77,21.61,-64.09,5.03,86.40,3,671,12,31
0.57,0.03,0.15,98.75,19.90,-81.91,0.59,129.84,6,553,23,68
-0.02,0.69,0.22,15.38,0.79,2.62,0.73,15.62,7,546,27,72
0.02,0.99,0.02,-29.17,0.79,-0.55,0.99,29.19,9,546,32,77
-0.00,1.10,-0.01,11.05,2.20,-5.62,1.10,12.59,15,516,45,92
0.05,0.95,0.08,31.07,2.26,-7.26,0.95,31.98,24,490,60,106
0.03,0.95,0.08,21.55,1.40,-2.93,0.96,21.79,36,481,79,120
0.01,0.96,0.11,5.80,-0.06,-2.75,0.96,6.42,58,468,94,135
0.03,1.03,0.07,-5.19,-1.10,-2.26,1.04,5.76,92,471,104,140
0.05,0.92,0.13,-6.96,-0.79,-2.75,0.93,7.52,131,472,115,150
0.03,1.00,0.06,-12.39,-1.95,-1.59,1.01,12.64,180,474,121,151
0.04,0.96,0.02,-8.79,-2.08,0.37,0.96,9.04,227,475,125,149
0.03,1.00,0.05,-7.39,-0.61,-0.06,1.00,7.41,272,478,129,148
0.03,1.01,0.04,-2.14,0.49,-0.12,1.01,2.19,317,479,130,151
0.03,0.99,0.06,2.75,0.98,-0.31,0.99,2.93,400,479,133,151
0.02,0.99,0.06,2.87,0.98,-0.37,0.99,3.05,264,483,129,152
0.03,0.98,0.06,3.11,0.49,-1.46,0.98,3.47,304,482,131,153
0.03,0.97,0.07,1.22,0.43,-0.98,0.97,1.62,349,485,132,150
0.03,0.90,0.04,0.31,-0.43,-0.43,0.90,0.68,410,488,137,146
0.02,0.99,0.06,-1.53,-0.12,-1.71,0.99,2.29,354,489,130,150
0.03,0.97,0.05,-3.42,-0.37,-2.56,0.97,4.29,421,492,138,146
0.03,1.04,0.06,-0.67,-0.31,-1.95,1.04,2.09,293,496,136,145
0.03,0.98,0.05,-0.24,0.31,-1.46,0.98,1.52,393,499,136,143
0.03,0.98,0.05,1.40,0.85,-0.55,0.99,1.73,339,499,137,136
0.03,0.98,0.05,0.67,0.98,0.12,0.98,1.19,297,499,139,143
0.03,0.98,0.05,0.61,0.79,0.00,0.98,1.00,518,498,135,144
0.03,0.99,0.05,0.24,0.61,0.12,0.99,0.67,429,499,138,144
0.03,0.98,0.05,1.65,0.67,-0.43,0.98,1.83,368,499,137,139
0.04,0.90,0.03,3.85,0.37,0.98,0.91,3.98,398,497,134,148
0.03,0.98,0.06,2.75,0.67,-0.67,0.98,2.91,396,496,135,139
0.03,0.98,0.05,2.01,0.55,-0.85,0.98,2.26,432,499,136,141
0.02,0.99,0.05,1.77,0.37,-0.79,0.99,1.97,434,498,137,142
0.04,0.95,0.05,0.73,0.92,0.55,0.95,1.29,432,499,132,146
0.03,0.99,0.05,1.34,0.73,1.10,1.00,1.88,341,497,131,145
0.03,0.97,0.06,3.91,0.73,-0.49,0.97,4.00,401,499,134,146
0.03,0.97,0.06,3.97,1.10,-0.49,0.97,4.15,368,497,135,147
0.03,0.98,0.07,2.38,1.04,-0.31,0.99,2.61,286,499,134,145
0.01,1.00,0.05,2.62,-0.31,-2.26,1.00,3.48,347,502,140,142
0.02,0.99,0.07,3.72,-0.92,-4.15,0.99,5.65,440,506,143,131
0.02,1.00,0.06,0.85,-0.98,-6.04,1.00,6.18,352,515,144,109
0.04,0.99,0.08,2.26,-0.92,-7.63,0.99,8.01,358,526,142,91
0.06,0.96,0.06,6.04,-2.38,-14.77,0.96,16.14,338,543,150,55
0.03,1.06,0.07,4.64,-3.97,-25.82,1.06,26.53,390,584,153,40
0.05,0.97,0.11,7.20,-3.72,-33.75,0.98,34.71,291,659,158,25
0.06,1.15,0.09,-2.20,-3.17,-50.17,1.15,50.32,128,735,162,22
0.10,1.20,0.13,-7.20,-0.79,-71.72,1.21,72.08,50,795,158,17
0.10,1.13,0.05,10.31,9.95,-97.05,1.13,98.10,26,816,159,15
0.11,1.24,0.08,2.26,14.53,-123.05,1.25,123.92,15,832,159,12
0.15,1.22,0.08,4.39,17.21,-146.36,1.23,147.44,9,849,148,11
0.27,1.19,0.07,6.59,22.03,-165.22,1.22,166.82,5,857,103,10
0.41,1.30,0.10,5.86,26.06,-164.25,1.37,166.40,2,851,51,10
0.95,1.28,-0.17,-18.13,5.00,-134.22,1.61,135.53,1,817,25,12
2.08,0.69,-0.37,21.79,-15.08,-122.07,2.22,124.91,1,807,13,16
1.90,0.96,-0.58,-28.99,-93.44,-138.85,2.21,169.86,1,807,11,19
1.49,1.44,-0.14,-60.30,-145.81,-103.21,2.08,188.55,1,817,11,19
0.95,1.36,0.17,-44.43,-157.65,-109.01,1.67,196.75,1,814,9,17
0.36,1.53,0.48,-20.63,-126.95,-91.13,1.64,157.63,1,820,10,20
-0.04,1.16,0.37,41.20,-72.75,-32.59,1.21,89.74,1,831,12,20
-0.07,0.83,0.23,44.80,-49.93,30.94,0.86,73.87,1,835,14,21
-0.49,0.68,0.29,32.17,-49.19,87.77,0.88,105.63,1,836,11,21
-0.73,0.44,0.21,36.44,-2.81,132.14,0.88,137.10,1,822,14,22
-0.61,0.41,0.10,0.37,42.79,127.26,0.74,134.26,1,789,15,24
-0.49,0.29,-0.02,-6.41,57.31,131.35,0.57,143.45,1,770,13,24
-0.41,0.46,0.05,-28.38,41.26,136.66,0.62,145.54,2,759,13,24
-0.21,0.50,0.04,1.53,10.99,156.86,0.54,157.25,2,754,14,25
-0.01,0.52,0.06,8.97,-49.13,170.47,0.52,177.64,2,751,13,26
-0.16,0.47,0.00,15.56,-78.00,166.87,0.50,184.86,2,742,15,26
0.04,0.63,0.07,-0.98,-84.17,173.22,0.64,192.59,2,741,13,26
0.09,0.69,0.12,-19.53,-74.28,149.96,0.71,168.49,2,737,13,26
0.42,0.97,0.31,-53.96,-42.72,114.99,1.10,134.01,2,729,14,26
0.45,0.90,0.27,-56.52,-18.62,97.11,1.04,113.89,3,724,16,26
0.74,1.14,0.50,-82.46,9.28,64.64,1.45,105.18,3,714,13,24
0.91,1.00,0.40,-66.04,34.30,23.93,1.41,78.17,3,703,15,22
0.55,1.06,0.38,-65.92,47.00,-22.03,1.25,83.90,3,696,12,24
0.45,0.95,0.26,-42.11,67.38,-21.24,1.08,82.25,3,694,13,24
0.31,0.88,0.14,-33.02,60.00,-13.85,0.94,69.87,3,687,12,21
0.40,0.87,-0.02,-31.07,74.71,-32.65,0.96,87.25,3,660,11,20
1.22,4.00,0.01,44.13,120.24,-79.22,4.18,150.60,6,529,15,62
-0.30,1.35,-0.05,20.20,-9.22,13.43,1.38,25.95,8,539,16,64
-0.05,0.97,0.02,26.67,-2.44,-26.61,0.97,37.76,6,557,16,52
0.09,0.75,0.15,41.75,0.92,-12.51,0.77,43.59,7,582,25,59
0.05,0.81,0.16,16.48,6.10,7.32,0.83,19.04,14,533,38,85
0.01,0.89,0.12,-19.78,3.42,19.29,0.90,27.83,26,491,45,107
0.00,1.18,0.01,-5.74,0.43,-0.24,1.18,5.76,49,473,62,115
0.04,0.95,0.10,8.48,-0.24,-10.07,0.95,13.17,62,470,74,127
0.02,0.98,0.09,-8.48,-0.06,-2.69,0.99,8.90,109,439,91,133
0.03,1.00,0.07,-9.95,-1.16,-2.87,1.01,10.42,162,432,103,138
0.03,1.00,0.06,-9.83,-1.04,-2.20,1.00,10.12,207,432,110,142
0.03,1.00,0.05,-4.64,-0.31,-0.31,1.00,4.66,294,435,115,147
0.03,1.01,0.05,-0.73,0.12,1.28,1.01,1.48,294,438,119,146
0.02,0.98,0.07,4.76,0.61,2.87,0.99,5.59,260,436,119,151
0.02,0.99,0.06,4.39,1.10,3.11,0.99,5.50,262,436,118,147
0.02,0.98,0.07,2.81,1.04,2.50,0.98,3.90,244,433,117,150
0.02,0.98,0.07,1.10,0.85,1.53,0.98,2.07,260,433,112,156
0.02,0.97,0.07,-1.04,0.67,-1.71,0.97,2.11,281,434,113,155
0.03,0.99,0.06,-3.72,-0.24,-2.20,0.99,4.33,268,438,117,151
0.02,0.99,0.06,-0.73,-0.61,-1.89,0.99,2.12,268,439,115,155
0.02,0.99,0.06,0.92,-0.31,-1.22,0.99,1.56,288,441,116,151
0.03,0.99,0.06,2.56,0.06,-0.31,0.99,2.58,290,443,116,152
0.02,0.98,0.06,3.91,0.37,1.16,0.98,4.09,308,443,119,152
0.02,0.98,0.06,3.60,0.49,1.71,0.98,4.02,252,443,115,153
0.02,0.98,0.07,2.14,0.73,1.16,0.98,2.54,234,441,112,152
0.02,0.98,0.07,1.53,0.73,-0.79,0.98,1.87,360,440,112,153
0.02,0.98,0.06,2.69,0.79,-1.65,0.98,3.25,292,445,114,152
0.01,0.99,0.07,2.44,0.43,-2.62,0.99,3.61,313,448,121,150
0.03,0.97,0.07,3.36,0.24,-3.23,0.98,4.67,320,452,124,148
0.03,0.98,0.07,3.30,0.37,-2.69,0.99,4.27,347,456,127,147
0.03,0.97,0.07,2.50,0.43,-1.34,0.97,2.87,326,457,126,142
0.02,0.99,0.07,0.12,0.49,-0.85,0.99,0.99,288,459,122,147
0.03,0.98,0.07,0.67,-0.06,-2.01,0.98,2.12,519,462,128,146
0.03,0.98,0.07,1.34,0.06,-1.65,0.98,2.13,681,462,130,145
0.03,0.99,0.07,2.69,0.31,-0.31,0.99,2.72,272,464,129,141
0.02,0.99,0.07,2.69,0.31,-0.67,1.00,2.78,294,467,125,143
0.03,0.97,0.07,4.39,0.37,-2.08,0.98,4.87,369,469,132,144
0.03,0.99,0.07,2.56,0.18,-2.01,0.99,3.27,483,473,132,139
0.02,0.98,0.08,2.99,-0.24,-3.17,0.98,4.37,317,477,135,132
0.02,1.00,0.08,0.18,-1.40,-6.96,1.00,7.10,345,488,140,116
0.04,1.02,0.07,0.37,-2.26,-11.11,1.02,11.34,332,511,143,88
0.02,1.18,0.05,4.39,-4.94,-21.12,1.18,22.13,312,552,145,58
0.00,1.12,0.15,23.44,-12.33,-41.32,1.13,49.08,200,641,149,36
0.04,1.15,0.03,19.78,-15.32,-61.28,1.15,66.19,81,728,155,26
0.05,1.26,0.16,16.66,-7.93,-97.41,1.27,99.14,26,796,155,21
0.08,1.18,0.13,10.56,10.86,-138.98,1.19,139.80,10,829,155,16
0.13,1.36,0.13,3.66,20.75,-151.86,1.37,153.31,5,837,138,16
0.49,1.23,0.04,19.17,27.77,-155.52,1.32,159.14,3,847,74,13
1.66,1.04,-0.31,5.31,3.17,-105.47,1.99,105.65,2,819,28,15
2.40,0.25,-0.22,21.00,-125.98,-26.55,2.42,130.44,1,821,12,23
2.15,2.68,0.99,-29.66,-372.07,133.30,3.57,396.34,1,814,13,22
1.09,1.20,0.33,234.19,-423.95,65.98,1.65,488.81,1,808,12,23
0.08,1.93,0.64,192.20,-250.67,-35.16,2.03,317.83,1,824,11,25
0.00,1.35,0.33,190.25,-43.46,-82.58,1.38,211.90,1,831,14,27
0.11,1.27,0.36,146.91,6.41,-113.83,1.33,185.96,1,832,13,28
-0.26,0.90,0.30,123.66,-6.53,-128.42,0.99,178.40,0,0,14,28
-0.50,0.62,0.20,104.06,39.79,-121.95,0.83,165.18,1,791,14,28
-0.41,0.49,0.25,58.78,47.12,-94.97,0.68,121.22,1,830,14,32
-0.19,0.42,0.24,47.00,58.29,-88.81,0.52,116.16,1,828,13,32
-0.37,0.22,0.23,23.99,58.17,-97.35,0.49,115.91,0,0,13,33
-0.33,0.28,0.21,3.23,80.99,-70.37,0.48,107.34,1,768,15,34
-0.48,0.11,0.13,-18.25,79.47,-21.12,0.51,84.23,1,823,13,33
-0.71,0.05,-0.03,-53.89,105.29,49.38,0.71,128.17,1,830,15,31
-0.58,-0.10,-0.33,-113.22,125.37,116.39,0.67,205.14,1,833,12,29
-0.57,0.22,-0.23,-206.67,119.81,133.48,0.65,273.65,1,831,11,27
-0.48,0.99,0.10,-227.97,120.36,163.94,1.11,305.50,1,812,11,26
-0.04,1.09,0.19,-170.47,106.63,168.70,1.11,262.47,1,761,9,23
-0.01,1.45,0.40,-117.86,49.74,185.12,1.50,225.02,2,720,11,23
0.16,1.19,0.25,-41.75,9.16,192.32,1.22,197.01,2,689,9,24
0.17,1.47,0.40,-38.39,-20.51,202.03,1.54,206.66,2,663,11,27
0.27,1.35,0.28,-15.93,-9.70,181.40,1.41,182.35,2,654,10,25
0.25,1.33,0.25,-17.03,2.08,156.98,1.38,157.92,2,662,10,24
0.41,1.46,0.30,-15.93,5.92,132.45,1.55,133.53,2,672,11,26
0.48,1.40,0.28,-3.48,2.08,116.39,1.51,116.46,2,673,11,23
0.55,1.10,0.20,-0.92,12.02,79.53,1.25,80.44,2,680,12,25
0.58,0.99,0.20,5.31,35.16,33.63,1.17,48.94,2,699,11,22
0.54,0.83,0.15,8.79,43.88,-17.88,1.00,48.20,2,738,11,21
0.41,0.82,0.13,-4.21,45.84,-46.81,0.92,65.65,1,762,11,24
0.33,0.92,0.19,-17.21,41.50,-12.27,0.99,46.58,1,762,10,20
0.57,0.85,0.07,-5.07,35.89,-11.96,1.02,38.17,1,751,10,18
0.62,1.00,0.26,-157.53,79.04,-102.54,1.20,203.91,5,616,18,44
0.01,0.80,-0.08,29.54,-2.56,31.62,0.81,43.35,5,612,16,37
-0.16,1.06,0.09,36.13,-4.33,-0.73,1.07,36.40,5,598,17,38
-0.03,0.92,0.09,24.66,3.42,-7.45,0.92,25.98,6,597,18,41
-0.01,0.93,0.11,20.69,2.20,-0.61,0.94,20.82,12,588,23,48
-0.02,0.78,0.15,10.80,0.92,16.54,0.79,19.78,22,558,23,60
-0.07,0.98,0.09,-13.61,-0.61,28.26,0.98,31.37,48,555,26,70
-0.12,1.20,0.04,5.86,-1.40,18.43,1.21,19.39,92,529,31,80
-0.08,0.88,0.11,23.56,0.79,-1.16,0.89,23.60,142,512,38,86
-0.04,0.91,0.12,18.07,-1.46,12.94,0.91,22.27,193,493,41,90
-0.09,0.96,0.13,5.31,-4.76,23.74,0.97,24.79,254,482,50,94
-0.15,1.05,0.13,-7.69,-3.36,17.09,1.07,19.04,280,476,56,100
-0.10,0.96,0.11,-5.62,-0.73,3.66,0.97,6.74,359,476,65,99
-0.11,0.97,0.10,-11.41,-0.06,7.14,0.98,13.46,430,475,68,99
-0.11,1.00,0.08,-10.25,-0.24,9.03,1.00,13.67,400,472,65,98
-0.12,1.03,0.08,-4.58,-0.43,4.88,1.04,6.71,315,471,66,99
-0.12,1.01,0.08,-3.91,-0.18,-1.04,1.02,4.05,473,472,67,98
-0.13,1.00,0.08,-1.04,0.12,-2.01,1.01,2.27,366,472,65,98
-0.11,0.95,0.09,1.83,0.55,-3.36,0.96,3.86,483,475,70,96
-0.12,0.99,0.08,6.59,-0.24,-0.24,1.00,6.60,400,476,71,96
-0.12,0.96,0.09,10.68,-0.18,0.06,0.97,10.68,294,476,71,93
-0.13,0.97,0.11,10.86,-0.31,3.05,0.99,11.29,400,478,68,98
-0.13,0.96,0.11,7.87,0.06,-1.04,0.97,7.94,400,479,70,95
-0.11,0.96,0.10,5.92,-0.18,-1.53,0.97,6.12,405,478,76,95
-0.12,0.97,0.11,3.36,-0.49,-0.49,0.98,3.43,345,478,77,95
-0.13,1.00,0.10,3.11,-0.12,-0.73,1.01,3.20,345,479,80,93
-0.12,0.97,0.11,3.91,0.00,-2.32,0.98,4.54,376,480,79,92
-0.12,0.96,0.11,6.90,0.18,-2.62,0.97,7.38,376,482,84,88
-0.12,0.97,0.11,5.74,0.24,-0.67,0.99,5.78,371,481,83,90
-0.11,0.98,0.11,7.75,1.59,-3.05,0.99,8.48,342,483,85,86
-0.12,0.96,0.13,5.55,0.85,-2.81,0.97,6.28,324,484,87,88
-0.11,0.98,0.11,2.50,0.92,-2.75,0.99,3.83,345,487,85,87
-0.10,0.96,0.12,7.75,0.98,-2.08,0.97,8.08,374,488,84,85
-0.12,0.99,0.12,7.26,0.85,-2.20,1.01,7.64,371,490,87,86
-0.10,0.95,0.13,9.03,1.34,-2.87,0.96,9.57,345,491,86,83
-0.11,0.98,0.13,5.80,0.73,-2.38,0.99,6.31,374,493,84,81
-0.10,0.96,0.14,5.25,0.85,-1.59,0.98,5.55,450,495,87,81
-0.11,0.97,0.14,4.94,0.49,-0.12,0.99,4.97,376,494,84,76
-0.11,0.97,0.15,6.53,0.67,-1.46,0.98,6.73,439,496,84,77
-0.12,0.98,0.15,5.31,0.85,-3.72,0.99,6.54,450,496,83,75
-0.12,0.99,0.15,1.40,0.67,-9.64,1.01,9.77,381,500,87,72
-0.11,1.00,0.15,-0.67,0.92,-17.76,1.02,17.80,354,508,93,65
-0.11,1.02,0.16,-1.16,0.98,-28.50,1.04,28.54,354,525,99,59
-0.08,1.03,0.15,-4.88,0.55,-38.82,1.04,39.13,312,565,104,51
-0.10,1.11,0.14,-1.83,-2.08,-55.24,1.12,55.31,266,624,115,36
-0.04,1.16,0.14,11.54,-3.97,-80.26,1.17,81.18,119,721,125,19
-0.15,1.83,0.17,11.47,2.20,-119.14,1.85,119.71,38,783,126,17
-0.07,1.51,0.13,33.33,18.49,-175.23,1.51,179.33,12,832,130,15
-0.07,1.29,0.18,38.57,22.16,-212.28,1.31,216.89,6,866,123,14
0.10,1.49,0.00,50.48,24.29,-243.29,1.49,249.65,3,864,86,10
0.69,1.86,0.02,52.00,18.01,-244.81,1.99,250.92,1,867,44,10
1.30,0.49,-0.74,49.13,-26.79,-177.43,1.58,186.05,1,832,19,19
1.64,1.26,-0.14,-78.00,-116.21,-71.96,2.07,157.38,1,828,9,19
1.19,1.16,-0.17,-72.81,-150.21,-2.26,1.67,166.94,1,820,8,17
0.70,1.43,0.12,-84.84,-122.07,-31.25,1.60,151.91,1,815,11,17
0.14,1.35,0.24,-31.25,-61.71,-44.25,1.38,82.11,1,815,11,16
-0.09,0.83,0.06,-10.99,-2.08,-15.69,0.84,19.26,1,809,10,17
-0.27,0.74,0.16,-15.69,-25.39,-3.97,0.80,30.11,1,809,13,20
-0.56,0.29,0.06,-2.20,-45.23,-10.56,0.64,46.50,1,813,12,21
-0.93,0.33,0.14,-23.44,-47.36,14.95,1.00,54.92,1,814,10,19
-0.93,0.10,0.07,-28.08,-20.20,46.88,0.94,58.26,1,815,12,20
-0.94,0.25,0.11,-62.19,1.59,68.18,0.98,92.30,1,814,13,21
-0.85,0.36,0.11,-71.35,20.20,100.46,0.93,124.87,1,816,12,20
-0.65,0.48,0.13,-78.74,23.86,130.49,0.82,154.26,1,817,11,21
-0.59,0.84,0.26,-87.71,11.60,151.67,1.06,175.59,1,818,14,21
-0.41,0.93,0.29,-68.79,-3.54,163.33,1.05,177.26,1,820,14,19
-0.37,1.29,0.45,-77.21,-30.15,163.70,1.41,183.49,1,822,13,21
-0.27,1.44,0.52,-62.32,-37.17,170.65,1.56,185.44,1,825,15,20
-0.08,1.65,0.58,-48.89,-46.26,158.39,1.75,172.10,2,827,16,19
-0.02,1.85,0.63,-14.40,-48.16,126.22,1.96,135.86,2,829,17,19
0.22,1.66,0.52,42.48,-51.82,116.88,1.75,134.73,2,832,17,18
0.16,1.00,0.21,26.92,-54.38,106.02,1.03,122.15,2,834,17,20
-0.04,1.64,0.62,-66.47,-25.27,144.47,1.76,161.02,2,837,17,19
0.35,1.30,0.51,-24.35,56.95,147.83,1.44,160.28,2,836,18,21
1.06,1.54,0.32,-16.85,84.35,128.17,1.89,154.36,1,836,16,17
1.95,0.67,0.02,3.66,10.62,70.62,2.07,71.51,2,832,16,18
0.45,1.00,0.71,-72.39,-18.43,-133.97,1.31,153.39,1,836,15,38
-0.53,0.93,-0.41,-2.93,-80.44,-165.04,1.14,183.62,1,643,13,89
-0.42,1.13,-0.34,9.40,-8.54,-200.13,1.25,200.54,1,667,15,115
-0.04,1.18,0.11,37.48,33.75,-189.58,1.18,196.17,2,616,19,131
0.18,1.39,0.12,20.87,34.79,-148.19,1.41,153.65,4,546,24,150
0.04,1.05,0.01,13.92,38.09,-56.27,1.05,69.36,7,495,26,157
0.08,0.98,0.07,7.20,29.66,-42.05,0.98,51.96,11,470,29,154
0.03,1.00,0.02,-5.37,7.81,-25.02,1.00,26.76,17,429,30,151
0.06,1.07,-0.06,12.63,-1.59,-11.41,1.08,17.10,33,425,35,151
0.02,0.99,0.02,21.61,-2.14,-5.80,0.99,22.47,54,446,43,156
0.02,0.99,0.02,24.72,-1.71,-4.58,0.99,25.20,74,452,60,161
0.03,0.96,0.06,23.68,-0.61,-3.85,0.96,24.00,88,449,76,165
0.03,0.97,0.06,14.47,0.43,-2.69,0.97,14.72,115,446,88,165
0.03,0.98,0.06,10.99,0.31,-1.89,0.99,11.15,131,443,94,164
0.03,0.98,0.07,9.40,0.43,-0.55,0.98,9.43,139,444,98,164
0.03,0.98,0.07,8.06,0.85,0.67,0.98,8.13,143,442,97,170
0.03,0.98,0.08,5.62,1.10,1.16,0.98,5.84,134,440,91,167
0.02,0.98,0.08,4.33,1.71,0.12,0.98,4.66,132,441,92,168
0.01,0.98,0.08,4.52,1.65,-0.61,0.98,4.85,116,444,88,164
0.02,0.98,0.07,5.49,1.22,-0.61,0.99,5.66,100,446,92,160
0.02,0.99,0.08,5.92,0.73,-0.31,0.99,5.97,122,447,91,155
0.02,0.97,0.09,6.29,0.98,-0.79,0.98,6.41,119,450,93,156
0.03,0.96,0.09,3.97,0.92,-0.79,0.97,4.15,122,450,95,161
0.03,0.98,0.09,0.31,0.61,-0.37,0.98,0.77,141,456,97,158
0.03,0.97,0.09,-1.22,0.43,0.79,0.98,1.52,138,457,93,160
0.02,0.98,0.08,-3.42,-0.24,1.16,0.98,3.62,153,460,91,160
0.02,0.98,0.08,-2.93,-0.55,-0.43,0.99,3.01,179,466,89,153
0.02,0.98,0.08,-3.91,-0.18,-2.26,0.98,4.52,192,474,93,152
0.01,1.01,0.07,-5.80,-0.55,-5.80,1.01,8.22,234,488,99,143
0.00,1.00,0.08,-2.62,-1.95,-12.76,1.00,13.17,227,518,111,111
0.04,1.61,-0.14,14.83,-7.02,-29.60,1.62,33.85,103,640,120,52
0.12,1.44,-0.28,58.04,-30.70,-85.63,1.47,107.91,35,771,127,22
0.38,2.26,-0.75,17.40,-45.41,-224.00,2.41,229.22,13,800,130,19
0.10,2.64,-0.80,10.99,-111.33,-311.77,2.76,331.23,4,834,84,13
-0.29,3.27,-0.41,124.57,-130.62,-347.90,3.31,391.94,1,829,32,16
-0.42,1.23,-0.96,249.88,-151.49,-259.34,1.61,390.70,1,832,16,27
-1.61,-0.31,-1.27,-49.80,-76.48,-79.77,2.08,121.21,1,830,13,24
-0.72,0.83,-0.13,-137.82,9.95,-6.41,1.11,138.32,1,832,13,25
-0.26,0.39,-0.21,-104.06,20.32,32.78,0.52,110.98,1,831,13,26
-0.46,0.54,0.02,-135.19,-30.09,59.33,0.71,150.67,1,834,15,25
-0.99,0.81,0.49,-146.24,-55.79,102.91,1.37,187.32,1,832,14,26
-1.04,0.99,0.84,-138.79,-39.73,156.86,1.66,213.18,1,838,14,25
-0.80,1.09,0.99,-122.38,-21.24,174.68,1.67,214.34,1,835,16,26
-0.59,1.32,1.03,-97.11,-33.75,183.17,1.78,210.05,1,836,16,27
-0.37,1.33,0.77,-67.44,-50.90,195.68,1.59,213.14,1,839,15,25
-0.16,1.81,0.75,-84.84,-46.94,186.52,1.97,210.22,1,845,18,24
0.06,1.94,0.80,-49.93,-29.05,177.86,2.10,187.00,1,841,17,24
0.34,2.10,0.93,-34.30,0.18,148.99,2.32,152.88,1,841,21,24
0.88,1.08,0.61,32.04,29.66,129.27,1.53,136.45,1,844,18,25
1.22,1.79,1.06,-56.27,19.10,159.48,2.41,170.20,1,840,20,23
3.68,0.70,-0.31,88.93,-0.18,155.46,3.76,179.09,1,837,16,30
3.23,1.06,0.48,12.70,-38.45,-101.99,3.43,109.73,1,761,16,59
-0.50,1.36,-0.37,14.65,-68.91,-219.79,1.50,230.80,1,672,14,107
0.03,1.38,-0.09,48.77,42.79,-165.53,1.38,177.79,2,604,19,142
-0.06,1.01,-0.02,42.72,41.69,-67.87,1.01,90.39,3,516,25,148
0.14,0.94,0.17,32.53,43.52,-56.88,0.96,78.66,8,461,25,153
0.08,0.99,0.11,-2.69,-3.78,-12.94,1.00,13.75,25,458,44,158
0.02,1.01,0.04,-2.20,-2.75,-4.82,1.01,5.97,43,455,60,156
0.01,1.02,0.01,2.01,-1.83,-3.42,1.02,4.37,57,451,73,157
0.01,0.99,0.03,10.80,-0.24,-2.81,0.99,11.16,81,444,84,161
0.02,0.98,0.05,12.27,-0.37,-2.38,0.99,12.50,98,443,95,161
0.02,0.97,0.06,9.89,-0.43,-1.34,0.97,9.99,122,443,101,168
0.02,0.98,0.06,5.98,-0.18,-0.31,0.98,5.99,128,445,106,165
0.02,0.99,0.06,4.88,-0.43,0.61,0.99,4.94,164,446,105,171
0.01,0.98,0.06,5.07,-0.79,1.10,0.98,5.24,181,447,103,172
0.01,0.98,0.07,4.09,-0.55,0.85,0.98,4.21,140,448,106,171
0.01,0.98,0.07,3.23,-0.24,-0.18,0.98,3.25,145,448,104,168
0.01,0.98,0.06,3.17,-0.12,-1.04,0.98,3.34,149,456,106,166
0.01,0.98,0.06,3.30,-0.49,-1.65,0.98,3.72,179,461,110,162
0.01,0.98,0.07,3.05,-0.31,-1.89,0.98,3.60,209,465,112,164
0.01,0.98,0.07,2.26,-0.79,-2.01,0.98,3.13,194,472,114,160
0.02,0.97,0.07,2.93,-0.55,-2.01,0.98,3.60,200,473,116,157
0.02,0.97,0.08,1.46,-1.28,-1.71,0.98,2.59,239,479,122,161
0.02,0.97,0.08,-0.49,-1.46,-1.40,0.98,2.09,313,483,120,160
0.01,0.98,0.07,-2.01,-1.59,-1.71,0.98,3.08,268,489,128,156
0.01,0.98,0.07,-1.89,-1.46,-1.77,0.99,2.98,330,493,130,150
0.02,1.01,0.05,0.49,-1.22,-2.87,1.01,3.16,295,499,136,142
0.01,1.00,0.05,7.08,-2.01,-7.08,1.00,10.21,347,515,140,117
0.03,0.97,0.08,5.00,-2.75,-10.38,0.97,11.84,354,553,141,85
-0.05,1.27,0.06,4.46,-4.15,-19.96,1.27,20.87,316,620,148,44
-0.00,1.11,-0.00,15.08,-27.53,-56.40,1.11,64.54,178,709,151,23
-0.03,1.92,0.05,15.62,-22.16,-138.18,1.92,140.82,53,787,157,20
-0.12,1.82,0.12,13.67,-6.23,-217.22,1.83,217.74,22,811,150,15
-0.05,2.07,-0.08,-18.49,-5.98,-307.31,2.07,307.93,10,841,141,11
-0.16,2.72,0.09,-11.78,-5.68,-390.14,2.73,390.36,4,863,72,4
0.57,2.12,-0.38,86.85,6.53,-384.22,2.23,393.96,1,818,28,15
-0.84,0.05,-1.08,62.93,-68.05,-251.28,1.37,267.83,1,807,11,22
-1.10,0.68,-0.71,-80.57,-201.97,-7.57,1.48,217.57,1,809,11,20
-0.98,0.64,-0.09,-73.00,-205.02,48.03,1.18,222.86,1,807,11,22
-0.98,0.27,-0.08,-46.88,-134.03,88.75,1.02,167.45,1,812,12,22
-0.97,0.45,-0.02,-95.52,-42.30,131.96,1.07,168.30,1,815,11,20
-0.69,0.73,0.02,-114.99,-14.53,184.69,1.00,218.05,1,825,11,23
-0.48,1.03,0.16,-126.16,-36.62,220.40,1.15,256.58,1,827,11,21
-0.43,1.38,0.52,-140.26,-73.55,243.29,1.53,290.29,1,833,13,22
-0.09,1.63,0.67,-130.62,-79.10,223.27,1.77,270.49,1,833,12,21
0.03,1.96,0.93,-135.01,-63.29,178.53,2.17,232.61,1,831,14,23
0.54,2.17,1.14,-112.49,-55.05,197.57,2.50,233.92,2,831,15,19
1.08,1.92,1.00,-63.29,-50.05,182.31,2.42,199.37,2,827,14,19
1.69,1.55,0.91,-56.21,-34.85,169.92,2.47,182.34,2,826,12,19
1.82,1.03,0.63,67.81,36.01,73.36,2.18,106.19,2,825,14,25
2.26,0.52,0.81,74.71,65.31,-37.17,2.46,105.96,2,737,9,39
0.28,0.93,0.40,26.49,113.83,-152.59,1.05,192.20,2,567,11,82
0.17,0.97,0.25,47.18,17.46,-161.74,1.01,169.39,2,531,15,122
0.05,1.20,0.03,0.00,41.69,-85.94,1.20,95.51,5,491,19,141
0.16,1.00,0.09,22.95,28.87,-46.69,1.01,59.50,15,453,25,145
0.02,0.99,0.02,16.60,0.06,-8.97,0.99,18.87,32,469,41,143
-0.00,1.01,0.02,14.22,-2.44,-6.59,1.01,15.86,61,467,63,148
0.02,0.96,0.05,16.72,-0.37,-2.50,0.96,16.91,78,459,74,151
0.02,0.97,0.06,9.40,-0.49,-1.59,0.97,9.54,137,452,84,160
0.01,0.99,0.06,8.42,-1.04,-2.14,0.99,8.75,165,451,96,161
0.01,0.98,0.07,7.20,-0.85,-1.89,0.98,7.50,176,450,98,169
0.01,0.98,0.07,3.30,-0.24,-1.40,0.98,3.59,163,451,108,162
0.01,0.99,0.07,1.22,-0.31,-0.85,0.99,1.52,187,453,108,171
0.01,0.98,0.07,0.49,0.06,-0.31,0.99,0.58,198,454,110,165
0.01,0.98,0.07,0.00,-0.12,0.18,0.98,0.22,211,455,111,166
0.01,0.98,0.06,-0.18,0.12,0.18,0.98,0.29,250,458,110,160
0.01,0.98,0.07,-0.79,0.12,0.18,0.98,0.82,252,459,109,157
0.01,0.98,0.06,-0.67,0.24,0.12,0.98,0.72,204,461,105,163
0.01,0.98,0.06,-1.28,-0.12,0.31,0.98,1.32,256,464,109,159
0.01,0.98,0.06,-0.85,-0.24,-0.31,0.98,0.94,229,467,108,159
0.01,0.97,0.06,-1.53,-0.61,-0.61,0.98,1.75,263,470,108,156
0.01,0.98,0.06,-2.56,-1.59,-0.18,0.98,3.02,248,469,105,158
0.00,0.99,0.06,-2.62,-1.89,-0.37,0.99,3.26,288,471,105,155
0.00,0.98,0.06,-2.44,-1.89,-0.92,0.98,3.22,394,472,105,161
0.00,0.99,0.05,-2.69,-1.65,-1.28,0.99,3.40,442,475,115,154
0.00,0.99,0.04,-1.53,-1.04,-1.89,0.99,2.64,306,481,116,156
0.00,1.00,0.04,0.67,-0.06,-3.48,1.00,3.54,361,490,125,145
-0.01,0.99,0.06,3.17,-0.12,-6.16,0.99,6.93,339,503,128,127
0.00,0.99,0.07,4.88,-2.32,-10.80,1.00,12.08,324,520,136,97
0.02,1.00,0.04,-2.62,-4.76,-15.81,1.00,16.72,381,564,139,55
0.07,1.10,-0.07,7.26,-8.73,-32.96,1.11,34.86,304,648,143,28
-0.08,1.84,0.12,-8.36,-16.60,-77.64,1.85,79.83,141,736,148,18
-0.22,2.06,0.19,-4.82,-8.54,-159.79,2.08,160.09,45,793,145,13
-0.17,1.92,0.06,-7.20,11.29,-250.92,1.93,251.27,18,824,146,10
-0.05,2.26,0.04,-24.17,17.76,-336.43,2.26,337.76,6,845,86,6
0.48,2.27,-0.21,23.32,32.23,-341.98,2.33,344.29,1,804,28,12
0.37,0.69,-0.65,46.75,-49.38,-141.97,1.01,157.41,1,791,9,19
0.16,1.18,-0.21,-69.89,-147.09,18.13,1.21,163.86,1,803,10,18
-0.17,1.15,0.23,7.32,-115.72,68.24,1.19,134.54,1,815,11,20
0.19,0.22,-0.20,30.21,-74.28,114.69,0.35,139.94,1,817,13,20
0.11,0.49,0.13,-13.31,-88.62,119.08,0.52,149.03,1,816,14,23
-0.06,0.20,0.11,2.69,-92.53,108.89,0.24,142.92,1,820,11,22
-0.33,0.22,0.21,-20.75,-73.24,121.15,0.45,143.09,1,821,13,25
-0.33,0.27,0.22,-46.94,-40.59,143.01,0.48,155.89,1,810,12,26
-0.05,0.37,0.24,-64.94,-18.37,145.81,0.44,160.67,1,793,11,27
0.04,0.59,0.32,-58.59,-16.85,143.86,0.67,156.25,2,789,10,27
0.18,0.71,0.37,-49.32,-39.00,140.38,0.82,153.82,2,779,11,25
0.17,0.81,0.42,-35.03,-55.48,128.42,0.93,144.21,2,775,10,25
0.35,0.92,0.37,-32.71,-40.22,98.51,1.05,111.32,2,771,9,25
0.46,0.95,0.40,-41.32,-20.14,80.69,1.13,92.86,2,759,11,24
0.53,1.02,0.45,-43.76,9.40,54.14,1.23,70.25,2,758,13,23
0.73,1.00,0.39,-31.19,44.80,23.56,1.30,59.45,2,773,15,23
0.92,1.21,0.42,-9.89,49.38,-10.25,1.58,51.39,2,784,13,20
0.91,0.98,0.24,19.47,8.73,-29.17,1.36,36.14,2,806,13,23
0.43,0.98,0.17,17.52,9.28,-52.49,1.08,56.11,2,816,13,21
0.47,0.75,0.00,24.78,18.37,-29.30,0.89,42.54,2,826,14,22
0.43,1.23,0.00,-84.84,39.12,-149.90,1.30,176.63,4,584,14,75
0.09,1.24,0.08,55.91,14.22,-27.89,1.24,64.08,5,519,16,89
0.06,0.82,0.08,17.46,-1.10,-18.43,0.83,25.41,6,543,24,87
0.03,1.09,-0.03,14.10,3.11,-7.75,1.09,16.39,10,521,44,102
0.08,0.83,0.16,33.51,3.17,-2.87,0.85,33.78,20,483,67,124
0.08,0.99,0.09,-14.95,-1.95,-1.46,1.00,15.15,41,462,85,141
0.07,0.99,0.07,-10.80,-5.62,-3.36,1.00,12.63,86,465,98,148
0.07,1.00,0.05,-6.16,-4.58,-2.01,1.00,7.94,123,465,104,151
0.06,0.96,0.07,-9.09,-3.42,0.43,0.96,9.72,142,464,107,151
0.07,0.99,0.04,-12.21,-3.05,-0.98,0.99,12.62,208,467,110,154
0.06,0.98,0.05,-10.01,-2.32,-1.46,0.99,10.38,250,467,109,151
0.07,1.01,0.02,-9.34,-1.59,-2.26,1.01,9.74,228,472,115,153
0.06,1.01,0.02,0.43,0.06,-2.44,1.01,2.48,364,476,121,148
0.07,0.99,0.04,4.94,0.24,-2.81,0.99,5.69,266,478,121,150
0.07,0.99,0.04,5.43,0.12,-3.05,0.99,6.23,326,485,130,149
0.07,0.97,0.05,5.13,0.00,-3.54,0.98,6.23,413,489,132,144
0.07,0.97,0.05,3.05,0.06,-2.99,0.98,4.27,384,492,136,143
0.07,0.98,0.05,0.85,0.37,-2.26,0.98,2.44,462,499,140,139
0.08,0.98,0.04,0.98,0.31,-2.44,0.99,2.65,337,503,141,134
0.08,0.98,0.05,0.79,0.55,-2.20,0.99,2.40,322,508,143,133
0.08,0.98,0.04,2.14,0.92,-2.14,0.99,3.16,370,512,143,125
0.09,0.97,0.05,2.93,0.55,-2.38,0.97,3.81,521,516,139,122
0.08,0.98,0.04,2.20,0.92,-1.40,0.98,2.76,398,517,143,115
0.08,0.99,0.04,3.42,0.92,-0.92,0.99,3.65,345,517,139,117
0.08,0.97,0.05,3.91,0.98,-0.37,0.97,4.04,347,519,143,114
0.08,0.98,0.05,2.44,1.40,1.10,0.98,3.02,304,516,143,119
0.08,0.98,0.05,2.38,1.65,2.44,0.98,3.79,401,515,144,120
0.08,0.97,0.06,2.44,1.10,1.77,0.98,3.21,374,512,141,126
0.08,0.99,0.05,2.81,0.79,0.73,0.99,3.01,474,514,142,129
0.07,0.98,0.05,3.42,0.43,-0.49,0.99,3.48,326,512,144,131
0.07,0.98,0.05,2.26,0.43,-0.73,0.98,2.41,352,512,147,125
0.07,0.98,0.06,3.05,0.18,-1.95,0.99,3.63,326,512,143,126
0.07,0.99,0.06,3.30,-0.98,-5.37,0.99,6.38,332,521,150,113
0.07,1.02,0.04,2.99,-3.11,-12.70,1.02,13.41,386,535,155,83
0.07,1.00,0.07,1.04,-5.07,-20.32,1.01,20.97,302,571,156,48
0.11,1.07,0.06,7.32,-7.32,-37.60,1.08,39.00,237,660,164,28
0.23,1.13,-0.27,5.19,-8.30,-57.19,1.19,58.02,75,765,162,19
0.02,1.31,-0.02,19.59,3.54,-111.63,1.31,113.39,28,817,168,17
0.03,1.31,0.16,14.89,13.49,-158.57,1.32,159.84,14,829,160,14
0.13,1.33,0.14,1.65,23.50,-186.16,1.35,187.64,7,854,142,11
0.49,1.49,-0.01,-5.19,38.09,-204.77,1.57,208.35,3,852,71,7
1.71,1.57,-0.08,-36.68,27.22,-209.66,2.32,214.57,1,832,26,12
2.04,0.97,-0.41,7.93,20.75,-164.06,2.30,165.56,1,814,14,17
1.92,1.01,-0.73,-37.78,-88.99,-91.80,2.28,133.32,1,813,14,17
1.16,1.48,-0.26,-117.25,-154.36,-83.13,1.90,210.91,1,807,13,16
0.45,1.74,0.19,-108.40,-176.33,-86.12,1.81,224.19,1,817,13,16
-0.42,1.63,0.58,-26.12,-142.94,-40.65,1.78,150.89,1,827,12,18
-0.43,0.79,0.26,62.56,-73.43,-9.95,0.94,96.97,1,833,13,20
-0.58,0.49,0.20,45.84,-43.95,15.93,0.79,65.47,1,834,16,23
-0.68,0.48,0.25,48.40,-21.06,59.63,0.87,79.64,1,835,14,22
-0.69,0.22,0.09,42.91,4.27,85.63,0.73,95.88,1,831,11,24
-0.59,0.27,0.04,15.01,16.72,119.38,0.65,121.48,1,831,13,24
-0.45,0.23,-0.04,-2.08,28.93,132.08,0.51,135.23,1,826,12,25
-0.39,0.37,-0.08,-17.03,27.04,146.00,0.54,149.45,1,807,15,26
-0.26,0.57,-0.04,-24.17,19.41,177.00,0.63,179.70,1,808,12,24
-0.06,0.58,-0.08,-23.68,-2.50,182.13,0.59,183.68,2,794,12,25
-0.02,0.74,-0.04,-26.18,-28.75,182.19,0.74,186.29,2,786,11,24
0.26,0.86,0.01,-35.64,-44.56,177.49,0.90,186.44,2,765,13,25
0.31,1.07,0.17,-43.76,-23.93,134.70,1.13,143.64,2,754,13,24
0.46,1.06,0.11,-49.38,10.80,111.51,1.16,122.43,2,752,15,24
0.89,1.24,0.26,-57.80,22.03,100.16,1.55,117.72,3,743,14,24
0.97,1.14,0.32,-47.06,33.81,54.63,1.53,79.64,3,740,13,25
1.08,1.15,0.34,-28.38,46.81,2.08,1.62,54.78,3,745,13,24
0.84,0.98,0.26,-8.36,59.51,-59.69,1.32,84.70,2,761,14,20
0.62,0.85,0.14,5.68,59.88,-65.25,1.06,88.74,2,777,11,21
2.55,4.00,0.38,-22.89,67.75,-75.87,4.76,104.26,3,648,12,40
0.10,1.38,0.33,-57.13,-4.70,62.68,1.42,84.94,10,563,36,80
-0.04,1.16,0.02,10.07,1.40,4.58,1.16,11.15,14,523,51,95
0.09,0.85,0.10,41.08,4.52,-14.71,0.86,43.86,22,512,75,112
0.09,0.88,0.13,11.17,1.46,-5.68,0.89,12.61,46,499,102,121
0.07,0.97,0.07,-14.10,-3.23,-1.28,0.97,14.52,80,483,110,130
0.05,1.03,0.04,-11.66,-5.31,-1.16,1.03,12.86,129,483,125,130
0.07,0.96,0.07,-5.80,-3.78,-2.38,0.96,7.32,206,491,133,133
0.06,1.00,0.04,-7.08,-2.50,-1.10,1.00,7.59,294,493,139,134
0.07,0.98,0.05,-4.27,-1.53,-0.98,0.99,4.64,282,495,141,131
0.06,1.00,0.04,-1.89,-0.73,-0.55,1.00,2.10,266,493,142,134
0.06,0.99,0.03,0.06,-0.06,-1.34,0.99,1.35,243,498,144,132
0.06,0.98,0.05,3.17,0.79,-0.79,0.98,3.37,243,497,142,134
0.07,0.98,0.05,2.75,0.67,-1.28,0.98,3.10,288,495,143,135
0.07,0.97,0.05,-0.61,0.00,-2.44,0.97,2.52,289,499,143,131
0.07,0.98,0.04,-2.62,-0.73,-3.05,0.98,4.09,275,504,139,130
0.07,0.98,0.04,-1.40,-0.31,-2.32,0.98,2.73,314,508,144,123
0.07,0.98,0.04,0.55,-0.18,-1.95,0.99,2.04,297,512,146,122
0.07,0.97,0.04,3.72,0.43,-1.77,0.97,4.14,236,514,144,119
0.07,0.98,0.04,3.60,1.04,-0.37,0.99,3.77,295,516,144,115
0.07,0.97,0.05,4.58,1.22,-0.79,0.98,4.80,391,516,148,116
0.07,0.97,0.05,3.85,1.46,0.18,0.98,4.12,282,516,145,118
0.07,0.97,0.05,3.60,1.22,0.00,0.97,3.80,266,516,146,116
0.07,0.97,0.05,2.81,0.85,1.28,0.98,3.20,297,514,144,122
0.06,0.99,0.05,2.44,0.73,1.77,0.99,3.10,391,514,141,126
0.07,0.98,0.05,3.36,0.43,0.49,0.98,3.42,280,511,140,129
0.07,0.99,0.05,2.32,0.61,0.43,0.99,2.44,363,513,146,127
0.06,0.98,0.05,2.38,0.61,0.37,0.98,2.48,396,509,146,132
0.06,0.98,0.05,2.01,0.37,-0.12,0.98,2.05,282,508,142,130
0.06,0.98,0.05,2.56,0.31,-1.28,0.99,2.88,304,513,145,123
0.06,0.98,0.06,2.32,-0.12,-2.38,0.98,3.33,434,513,146,125
0.06,0.99,0.05,2.44,-0.61,-3.91,0.99,4.65,480,520,150,115
0.06,0.99,0.05,3.11,-1.65,-8.00,1.00,8.74,293,528,152,97
0.07,0.98,0.09,-0.79,-3.11,-12.57,0.99,12.98,450,541,155,65
0.06,1.02,0.06,-10.19,-6.35,-20.75,1.03,23.98,458,567,156,45
0.05,0.97,0.05,-11.29,-10.99,-36.38,0.97,39.64,291,641,164,28
0.10,1.10,0.03,-8.30,-2.81,-60.12,1.10,60.75,181,729,160,19
-0.05,2.56,0.31,-51.33,8.54,-102.54,2.58,114.99,51,804,169,12
0.07,1.63,0.09,-8.85,6.59,-139.04,1.63,139.48,23,823,166,11
0.09,1.36,0.08,9.34,13.37,-179.57,1.37,180.30,11,853,156,9
0.28,1.39,0.01,11.90,26.43,-199.16,1.42,201.26,6,870,113,6
0.60,1.49,-0.15,25.57,33.20,-185.42,1.62,190.10,2,842,40,9
1.72,0.93,-0.08,23.74,3.91,-160.77,1.95,162.56,1,831,22,14
1.88,0.89,-0.48,22.22,-24.35,-131.65,2.13,135.72,1,831,12,18
1.70,1.28,-0.30,-24.11,-74.71,-84.17,2.15,115.09,1,828,11,15
1.16,1.55,-0.00,-43.88,-112.92,-115.91,1.93,167.66,1,830,10,15
0.38,1.38,0.25,-29.05,-113.46,-141.66,1.45,183.81,1,834,12,15
-0.27,1.32,0.47,17.70,-72.94,-77.39,1.43,107.81,1,844,10,19
-0.31,0.80,0.25,69.40,-29.24,11.35,0.90,76.15,1,849,12,17
-0.30,0.36,0.10,57.13,-19.71,32.78,0.48,68.75,1,848,11,21
-0.54,0.45,0.24,31.56,-15.56,93.51,0.75,99.91,1,847,10,22
-0.52,0.08,-0.00,34.85,16.11,139.40,0.52,144.60,1,846,12,23
-0.40,0.29,-0.00,-17.40,34.61,174.13,0.49,178.39,1,838,10,23
-0.16,0.27,-0.09,-24.72,54.63,166.20,0.33,176.68,1,801,11,23
-0.27,0.38,-0.14,-49.68,49.07,166.26,0.49,180.33,2,768,13,25
0.04,0.66,-0.07,-60.97,36.68,193.73,0.67,206.38,2,756,10,24
0.27,0.73,-0.04,-30.21,10.86,164.43,0.78,167.53,2,735,13,27
0.21,0.71,0.04,-10.74,-38.57,164.49,0.74,169.29,3,726,13,25
0.21,0.76,0.10,-3.36,-65.31,160.40,0.79,173.22,3,719,12,24
0.21,0.81,0.08,-9.70,-58.11,129.33,0.84,142.12,3,713,13,27
0.43,0.96,0.14,-31.74,-21.61,94.97,1.07,102.44,3,715,15,27
0.65,1.14,0.30,-40.77,-9.77,87.10,1.34,96.66,3,714,11,26
0.78,1.14,0.38,-25.82,-10.07,65.98,1.43,71.56,3,715,14,27
0.77,0.97,0.33,-21.18,-6.16,26.86,1.28,34.75,3,712,14,25
0.65,0.81,0.26,-35.46,5.37,-16.11,1.07,39.32,3,709,10,24
0.30,1.44,0.49,-36.32,25.82,-27.16,1.55,52.18,3,720,9,24
0.62,0.89,0.13,20.51,28.38,-37.48,1.10,51.29,3,744,10,24
-0.01,3.57,0.47,-65.25,47.97,-101.50,3.60,129.85,5,574,12,51
0.06,0.86,0.07,50.48,9.95,9.34,0.86,52.29,8,534,14,67
0.01,0.83,0.05,20.57,-1.71,-10.68,0.83,23.24,11,528,27,79
0.10,0.92,0.10,33.45,2.56,-12.45,0.93,35.78,28,492,60,103
0.08,0.84,0.16,4.15,-1.77,-5.19,0.86,6.88,53,474,83,124
0.05,1.05,0.03,-17.09,-6.35,-5.55,1.05,19.06,106,473,102,129
0.06,0.98,0.06,-8.54,-5.62,-6.23,0.99,11.97,148,471,116,130
0.05,1.00,0.04,-8.79,-3.60,-3.05,1.00,9.98,245,477,123,129
0.05,0.99,0.05,-7.63,-2.38,-2.50,0.99,8.37,271,485,131,130
0.06,1.00,0.04,-8.97,-1.77,-2.50,1.00,9.48,320,492,137,123
0.06,0.99,0.04,-4.15,-1.22,-2.38,0.99,4.94,286,498,136,129
0.05,0.99,0.04,-2.38,-0.55,-2.08,0.99,3.21,310,502,143,126
0.06,0.99,0.03,-1.89,-0.18,-2.44,0.99,3.09,391,503,143,125
0.06,0.98,0.04,0.98,0.31,-2.20,0.98,2.42,339,507,144,122
0.06,0.98,0.04,0.85,0.24,-2.08,0.98,2.26,280,510,146,118
0.06,0.98,0.04,0.00,0.49,-1.34,0.98,1.43,365,512,144,116
0.07,0.98,0.04,-1.04,0.37,-0.98,0.98,1.47,518,511,142,116
0.06,0.99,0.03,-0.24,0.79,-0.24,0.99,0.87,434,511,143,112
0.06,0.99,0.03,0.49,1.22,0.55,0.99,1.42,471,511,142,116
0.06,0.99,0.03,2.62,1.46,1.65,0.99,3.43,432,510,142,115
0.06,0.97,0.04,4.03,1.40,1.71,0.97,4.60,343,508,137,120
0.06,0.98,0.04,3.72,1.04,1.59,0.98,4.18,398,508,139,121
0.06,0.97,0.04,3.85,0.98,1.34,0.98,4.19,471,507,142,125
0.06,0.97,0.05,4.27,0.73,1.83,0.97,4.71,426,503,139,125
0.06,0.97,0.05,3.48,0.24,2.20,0.98,4.12,301,500,139,138
0.05,1.00,0.04,1.95,-0.06,3.23,1.00,3.78,426,497,131,141
0.04,0.98,0.05,2.93,-0.24,1.46,0.98,3.28,365,495,131,142
0.05,0.98,0.04,1.65,0.00,0.18,0.98,1.66,426,496,137,137
0.05,0.98,0.05,1.53,0.18,0.55,0.98,1.63,297,494,134,142
0.05,0.98,0.04,1.83,0.00,0.55,0.99,1.91,363,493,133,137
0.04,0.99,0.04,2.08,0.18,-0.55,1.00,2.15,341,495,133,142
0.05,0.98,0.05,2.20,0.49,-1.53,0.98,2.72,432,495,136,142
0.05,0.97,0.05,1.22,0.24,-1.95,0.97,2.32,303,496,138,135
0.04,1.01,0.04,0.79,-0.18,-2.81,1.01,2.92,403,500,138,132
0.05,0.99,0.05,3.78,-0.06,-6.10,0.99,7.18,406,505,141,116
0.06,0.98,0.05,0.73,-1.34,-7.57,0.98,7.72,381,512,143,98
0.05,0.98,0.06,-2.50,-2.50,-11.17,0.98,11.72,388,521,152,65
0.05,1.02,0.05,-10.80,-2.69,-15.62,1.02,19.18,388,537,154,43
0.05,1.08,0.04,-18.01,-7.14,-31.31,1.08,36.82,428,584,158,29
0.04,1.16,0.02,-3.17,-4.15,-56.58,1.16,56.82,311,665,160,21
0.14,1.20,-0.02,-5.00,7.20,-88.07,1.21,88.51,118,760,162,13
0.04,1.91,0.13,-29.17,5.92,-127.20,1.92,130.63,42,807,166,9
0.04,1.39,0.09,-13.55,11.47,-158.20,1.40,159.20,24,825,165,8
0.14,1.48,0.06,-9.58,22.22,-201.84,1.48,203.29,11,863,141,7
0.53,1.50,-0.15,4.39,37.90,-219.97,1.60,223.26,4,858,68,5
1.70,1.44,-0.15,-2.38,36.56,-193.85,2.23,197.28,1,831,27,9
1.99,0.97,-0.30,20.75,14.95,-134.28,2.24,136.69,1,812,12,16
1.90,0.93,-0.57,20.02,-76.72,-57.43,2.19,97.91,1,820,12,18
1.29,1.32,-0.23,-63.90,-133.54,-63.84,1.86,161.23,1,815,8,15
0.54,1.72,0.37,-64.94,-137.21,-93.14,1.84,178.10,1,823,10,15
-0.17,1.45,0.51,26.73,-86.85,-78.37,1.55,120.00,1,832,11,17
-0.31,0.66,0.15,64.39,-38.70,-6.77,0.75,75.43,1,830,14,20
-0.41,0.60,0.23,43.52,-42.05,42.85,0.77,74.15,1,824,13,22
-0.53,0.37,0.22,67.57,-40.53,73.06,0.68,107.45,1,813,14,21
-0.75,0.25,0.13,47.49,-22.64,91.00,0.80,105.12,1,787,14,25
-0.71,0.15,-0.01,33.69,11.17,128.60,0.73,133.41,2,771,11,22
-0.62,0.16,-0.13,-10.99,48.77,141.11,0.65,149.71,2,757,12,23
-0.41,0.36,-0.17,-26.61,56.21,158.87,0.58,170.61,2,735,11,23
-0.18,0.52,-0.18,-32.47,37.35,174.74,0.58,181.62,2,733,12,23
0.03,0.65,-0.15,-25.88,-0.85,181.58,0.67,183.42,2,727,15,25
0.09,0.67,-0.10,-25.76,-32.47,175.96,0.68,180.78,3,715,15,21
0.19,0.89,0.01,-33.51,-39.43,163.76,0.91,171.74,3,697,13,24
0.51,1.01,0.08,-42.79,-25.63,136.11,1.14,144.96,3,691,14,24
0.67,1.12,0.18,-44.98,-11.23,108.95,1.31,118.40,4,689,15,24
0.88,1.24,0.28,-40.59,-13.79,91.80,1.55,101.31,4,689,12,23
1.00,1.22,0.31,-27.22,-5.13,35.28,1.61,44.85,4,693,15,23
0.91,1.04,0.30,-21.00,9.58,-23.56,1.41,32.98,3,718,14,23
0.84,0.95,0.29,4.39,23.44,-47.61,1.31,53.25,3,748,13,20
0.65,0.64,0.13,9.77,10.25,-69.76,0.92,71.19,3,771,14,20
0.39,-0.81,0.31,146.67,8.24,-57.43,0.95,157.73,9,611,37,57
-0.15,1.27,0.26,-22.03,3.66,49.80,1.30,54.58,10,536,35,65
0.04,1.10,-0.02,-7.57,-0.73,-0.43,1.10,7.62,13,528,43,79
0.07,1.02,0.06,33.51,5.74,1.53,1.02,34.03,20,498,61,101
0.04,0.86,0.13,18.07,1.34,-1.71,0.87,18.20,33,478,79,119
0.04,0.97,0.08,-10.25,-1.71,-1.10,0.98,10.45,58,463,94,126
0.04,0.99,0.07,-4.76,-4.15,-5.07,1.00,8.10,96,464,102,134
0.05,0.98,0.06,-4.64,-3.72,-4.46,0.99,7.43,126,469,114,136
0.04,0.97,0.07,-5.86,-3.11,-2.56,0.98,7.11,183,476,122,131
0.05,0.98,0.06,-7.93,-2.75,-2.38,0.99,8.73,202,482,130,133
0.04,0.99,0.05,-5.19,-1.77,-1.71,1.00,5.74,274,488,132,134
0.05,1.00,0.04,-2.14,-0.98,-2.26,1.00,3.26,315,492,136,133
0.05,0.99,0.05,1.22,0.43,-1.46,0.99,1.95,342,497,137,127
0.05,0.99,0.05,1.95,0.92,-0.98,0.99,2.37,302,499,140,130
0.05,0.98,0.05,1.04,0.73,-1.77,0.98,2.18,268,501,138,129
0.05,0.98,0.06,-1.40,0.06,-2.20,0.99,2.61,310,505,143,124
0.06,0.98,0.05,-1.28,0.18,-2.26,0.99,2.60,289,510,146,119
0.05,0.98,0.05,0.79,0.43,-1.10,0.98,1.42,312,510,145,121
0.05,0.98,0.05,0.67,0.67,-0.79,0.99,1.24,316,511,145,119
0.05,0.99,0.05,1.77,1.10,0.31,0.99,2.11,261,510,145,122
0.05,0.98,0.05,2.50,1.22,0.49,0.98,2.83,314,511,143,120
0.05,0.97,0.05,3.11,1.28,1.10,0.98,3.54,330,509,144,118
0.05,0.98,0.06,2.99,1.10,1.22,0.98,3.41,334,505,141,122
0.05,0.98,0.05,2.38,0.85,1.28,0.98,2.84,416,505,139,127
0.05,0.98,0.05,1.28,0.43,1.53,0.99,2.04,272,503,139,129
0.04,0.98,0.06,2.50,0.37,1.22,0.98,2.81,310,502,133,134
0.04,0.98,0.06,1.16,0.24,1.46,0.98,1.88,288,502,137,136
0.04,0.98,0.06,1.40,0.06,1.22,0.99,1.86,291,499,134,138
0.05,0.97,0.06,2.69,0.24,0.49,0.98,2.74,289,498,133,137
0.05,0.98,0.06,3.11,0.31,0.67,0.98,3.20,334,498,134,138
0.04,0.98,0.06,1.77,-0.06,1.40,0.98,2.26,413,496,129,136
0.03,1.00,0.05,2.62,0.12,-0.43,1.00,2.66,289,498,135,136
0.03,0.99,0.06,3.72,0.24,-2.69,1.00,4.60,314,500,138,134
0.04,0.98,0.06,3.11,-1.10,-5.68,0.99,6.57,320,507,141,127
0.03,1.03,0.07,5.74,-2.99,-14.53,1.04,15.90,434,527,148,104
0.00,1.28,0.04,3.60,-6.29,-32.17,1.28,32.97,262,572,157,49
0.05,0.98,0.16,14.34,-11.84,-58.72,1.00,61.59,178,683,163,24
0.17,1.26,-0.12,-10.99,-4.76,-91.98,1.28,92.76,45,796,168,13
0.08,0.89,-0.07,38.94,7.14,-141.85,0.90,147.27,20,821,168,9
0.05,1.32,0.03,16.17,14.89,-187.56,1.32,188.85,10,856,158,7
0.15,1.48,0.05,16.66,22.28,-221.25,1.49,222.99,5,876,136,7
0.67,1.89,-0.27,39.00,28.69,-236.76,2.02,241.65,2,849,54,7
2.20,1.09,-0.27,-27.34,-38.94,-199.65,2.47,205.24,1,824,22,12
2.04,0.50,-0.38,33.87,-57.62,-172.61,2.14,185.10,1,821,12,15
1.82,1.02,-0.40,-28.69,-86.79,-106.57,2.12,140.40,1,821,13,13
1.23,1.33,-0.01,-89.66,-99.18,-129.33,1.81,186.02,1,823,12,15
0.47,1.63,0.47,-62.26,-100.28,-115.17,1.77,164.91,1,829,10,16
-0.12,1.19,0.46,36.13,-73.43,-71.17,1.29,108.45,1,831,12,16
-0.29,0.61,0.24,54.38,-47.55,-7.69,0.72,72.64,1,836,13,20
-0.51,0.61,0.41,32.90,-37.41,43.33,0.89,66.03,1,838,13,19
-0.69,0.36,0.37,47.55,0.00,77.94,0.86,91.30,1,842,12,19
-0.65,0.15,0.21,23.01,48.40,129.03,0.69,139.72,1,841,12,22
-0.50,-0.06,-0.00,-0.43,53.16,133.73,0.50,143.91,1,838,12,23
-0.51,0.12,-0.01,-28.69,50.96,155.03,0.53,165.69,1,835,12,23
-0.47,0.16,-0.11,-40.83,54.69,157.04,0.51,171.23,1,827,15,23
-0.34,0.41,-0.11,-53.16,42.60,179.75,0.54,192.23,1,796,13,24
-0.19,0.50,-0.13,-46.14,21.36,185.67,0.55,192.51,2,777,12,24
-0.01,0.65,-0.14,-41.50,-5.68,190.61,0.66,195.16,2,745,9,23
0.11,0.90,-0.02,-41.50,-29.30,178.65,0.91,185.73,2,732,12,24
0.46,1.09,-0.05,-43.88,-26.55,158.39,1.19,166.48,2,721,12,23
0.72,1.29,0.05,-38.45,-25.02,111.57,1.48,120.64,3,720,13,24
0.86,1.49,0.23,-46.45,-31.68,101.14,1.73,115.71,3,726,14,22
0.89,1.31,0.20,-21.12,-34.42,62.26,1.59,74.21,3,725,15,23
0.91,1.17,0.25,-26.86,-13.43,21.97,1.50,37.21,3,729,14,24
0.91,1.37,0.45,-5.25,1.65,-27.10,1.70,27.65,3,767,13,23
0.78,0.50,0.08,23.32,-24.05,-19.10,0.93,38.56,2,773,13,22
0.94,-2.12,-0.95,81.24,0.18,-91.61,2.51,122.44,6,592,16,47
0.10,0.90,0.33,84.72,22.34,-0.43,0.96,87.61,9,568,18,55
0.02,1.03,0.06,-13.73,-4.33,-7.57,1.03,16.27,14,566,32,60
0.05,1.08,-0.02,50.90,2.32,-6.35,1.08,51.35,21,536,57,87
0.05,0.75,0.21,20.69,0.79,0.67,0.78,20.72,34,500,82,107
0.06,1.06,0.06,-24.90,-1.53,8.79,1.07,26.45,68,465,97,115
0.03,1.04,0.05,-7.63,-3.54,-0.85,1.04,8.45,117,445,107,125
0.04,1.00,0.07,-3.11,-2.50,-2.08,1.00,4.50,135,440,113,126
0.05,0.98,0.07,-0.43,-1.16,-0.18,0.98,1.25,182,444,122,134
0.04,0.96,0.08,0.24,-0.61,2.75,0.97,2.82,184,437,127,138
0.04,1.00,0.07,-1.34,-0.43,3.11,1.00,3.42,203,432,129,136
0.04,0.99,0.07,0.79,0.18,0.55,0.99,0.98,181,427,129,141
0.04,0.99,0.07,1.53,0.67,0.55,0.99,1.76,205,429,126,140
0.04,0.97,0.08,-0.43,0.12,-0.61,0.97,0.75,330,430,129,140
0.04,0.97,0.08,-2.50,-0.98,-0.67,0.98,2.77,222,433,133,135
0.04,0.98,0.07,-3.66,-1.71,-0.67,0.98,4.10,239,437,131,139
0.04,0.98,0.06,-2.38,-2.26,0.31,0.99,3.30,317,440,130,135
0.03,1.00,0.06,-0.37,-1.77,1.77,1.00,2.53,227,440,127,143
0.03,0.99,0.06,4.33,-0.37,2.01,0.99,4.79,260,440,126,138
0.03,0.98,0.07,4.76,0.18,2.56,0.98,5.41,317,438,120,138
0.03,0.97,0.07,4.52,0.85,2.20,0.98,5.09,273,438,119,146
0.03,0.97,0.07,3.85,0.55,1.04,0.98,4.02,290,435,121,144
0.03,0.98,0.07,1.65,0.43,-0.12,0.99,1.71,201,439,120,147
0.03,0.98,0.07,1.71,0.55,-0.61,0.98,1.90,258,439,122,142
0.03,0.98,0.07,1.40,0.24,-1.16,0.98,1.84,232,443,122,144
0.03,0.97,0.08,1.59,0.18,-1.04,0.97,1.90,220,443,125,146
0.03,0.98,0.08,1.46,0.12,-0.79,0.98,1.67,252,446,121,148
0.03,0.97,0.08,0.73,-0.06,-1.28,0.98,1.48,252,446,121,142
0.03,0.98,0.07,0.98,0.00,-1.46,0.98,1.76,362,450,123,144
0.03,0.98,0.07,2.01,0.12,-1.95,0.98,2.81,317,452,131,144
0.03,0.98,0.07,1.77,0.43,-2.26,0.99,2.90,259,455,131,142
0.03,0.98,0.07,2.81,0.31,-2.14,0.99,3.54,344,456,133,141
0.03,0.98,0.07,2.32,0.00,-2.81,0.99,3.64,347,462,136,134
0.03,1.00,0.07,2.56,-0.31,-5.00,1.00,5.63,386,466,138,132
0.03,1.00,0.08,2.99,-0.67,-7.75,1.00,8.34,430,478,141,118
0.04,1.02,0.08,6.90,-1.34,-11.60,1.02,13.56,280,497,144,88
0.05,1.06,0.08,8.00,-2.62,-20.69,1.06,22.34,268,530,153,60
0.04,1.07,0.11,17.58,-4.94,-36.44,1.08,40.76,289,603,157,32
0.04,1.17,0.16,16.30,-10.93,-58.96,1.18,62.14,89,702,159,20
0.11,1.28,-0.01,9.16,-2.50,-121.89,1.29,122.26,22,807,157,14
0.11,0.79,0.06,40.16,17.15,-147.64,0.80,153.97,11,827,162,11
0.12,1.25,0.15,-4.46,24.60,-179.63,1.26,181.36,6,860,150,9
0.33,1.58,0.06,-0.92,33.87,-208.19,1.62,210.93,3,868,89,8
1.18,0.99,-0.53,16.11,28.44,-194.82,1.64,197.55,1,824,39,10
2.13,1.12,-0.03,-12.76,-28.50,-154.85,2.41,157.96,1,812,13,16
1.86,1.16,-0.35,5.62,-115.17,-118.65,2.22,165.45,1,816,12,16
1.41,1.18,-0.27,-45.96,-151.31,-77.58,1.86,176.14,0,0,11,17
0.78,1.75,0.22,-84.17,-136.35,-119.75,1.93,200.04,1,787,9,16
-0.06,1.70,0.53,-7.45,-42.30,-105.35,1.78,113.76,1,826,11,15
-0.20,0.76,0.10,62.87,-0.98,-28.69,0.79,69.11,1,832,12,17
-0.31,0.42,0.07,27.28,-20.94,6.47,0.52,34.99,1,831,13,18
-0.68,0.57,0.33,19.29,-28.99,56.09,0.95,66.02,1,834,11,19
-0.69,0.23,0.16,39.37,4.21,89.66,0.74,98.01,1,831,12,21
-0.55,0.07,0.01,2.38,28.99,117.74,0.56,121.28,1,830,12,21
-0.50,0.32,0.09,-23.50,47.79,122.38,0.60,133.46,1,833,12,23
-0.27,0.39,-0.01,-15.56,60.18,135.07,0.48,148.69,1,830,13,23
-0.13,0.52,-0.02,-23.19,42.60,147.16,0.53,154.94,1,821,12,24
-0.06,0.61,-0.08,-14.28,25.27,158.08,0.62,160.72,1,818,10,24
0.17,0.64,-0.17,-19.71,-1.71,165.89,0.68,167.07,1,815,13,23
0.37,0.78,-0.06,-37.35,-25.27,151.98,0.87,158.53,1,800,12,24
0.41,0.87,0.01,-36.93,-31.19,123.35,0.96,132.48,2,788,12,23
0.41,0.89,0.02,-33.33,-28.26,105.04,0.98,113.77,2,791,12,24
0.57,0.99,0.13,-39.49,-30.76,112.98,1.15,123.57,2,787,14,24
0.57,1.00,0.19,-39.67,-29.85,90.70,1.17,103.40,2,783,14,24
0.58,1.05,0.24,-38.51,-12.63,68.54,1.22,79.63,2,784,13,22
0.75,0.95,0.19,-45.17,23.38,19.59,1.23,54.50,2,779,13,20
0.68,1.25,0.34,-35.52,34.61,15.20,1.47,51.87,2,794,13,20
0.83,1.03,0.19,14.83,16.54,-28.56,1.34,36.19,2,811,15,22
0.52,0.72,0.09,25.27,-3.72,-45.96,0.90,52.58,2,816,13,21
1.19,-2.81,-0.75,181.88,8.12,-43.88,3.14,187.28,5,606,19,53
0.06,0.49,0.40,63.72,4.64,23.68,0.63,68.14,7,570,23,62
0.02,1.20,0.02,-33.08,-1.71,-11.29,1.20,35.00,6,593,25,52
0.09,0.98,0.02,7.02,1.40,-12.76,0.99,14.63,6,609,33,52
0.07,0.91,0.12,26.31,2.08,-3.11,0.92,26.57,9,578,39,63
0.07,0.74,0.16,8.18,3.60,5.37,0.76,10.43,13,555,47,78
0.10,0.78,0.18,-22.03,5.19,23.93,0.80,32.94,30,494,58,111
-0.02,1.17,0.03,-17.94,-6.29,9.16,1.17,21.10,64,438,64,124
0.05,0.96,0.08,-1.10,-4.33,-6.04,0.97,7.52,94,418,79,135
0.04,0.98,0.06,-5.80,-5.31,-2.08,0.99,8.13,195,417,89,139
0.04,0.97,0.07,-5.00,-4.82,-0.24,0.98,6.95,220,416,96,144
0.03,1.00,0.04,-9.28,-5.49,0.85,1.01,10.82,325,420,99,144
0.03,1.01,0.04,-4.88,-3.66,1.34,1.01,6.25,233,422,106,151
0.02,1.01,0.04,-0.79,-1.89,0.55,1.01,2.12,341,424,106,152
0.03,0.99,0.05,2.44,-0.73,-0.24,0.99,2.56,315,424,109,146
0.03,0.98,0.06,3.48,0.24,-1.65,0.98,3.86,240,426,113,147
0.03,0.98,0.06,-0.98,0.61,-1.46,0.98,1.86,299,429,117,150
0.03,0.98,0.05,-2.75,0.55,-2.32,0.98,3.64,384,433,116,148
0.03,0.99,0.05,-4.52,-0.18,-6.23,0.99,7.69,392,441,118,140
0.04,0.98,0.05,-2.62,-0.06,-5.68,0.98,6.25,296,452,127,136
0.04,0.99,0.04,-2.44,-0.37,-7.45,0.99,7.84,326,467,132,125
0.05,1.00,0.04,1.04,0.31,-5.62,1.00,5.72,427,478,131,118
0.05,0.98,0.04,6.59,0.43,-6.47,0.98,9.25,369,486,139,107
0.06,0.97,0.05,8.54,1.40,-2.99,0.97,9.16,442,491,141,102
0.05,0.97,0.06,9.03,2.14,0.12,0.97,9.28,320,491,138,109
0.05,0.97,0.06,9.46,2.50,3.42,0.97,10.37,439,491,141,115
0.05,0.97,0.06,5.19,2.38,6.10,0.98,8.36,317,479,140,120
0.05,0.97,0.07,3.78,1.83,8.42,0.97,9.41,418,467,133,133
0.02,1.00,0.06,2.87,0.85,7.20,1.01,7.80,407,456,126,142
0.04,0.98,0.06,5.07,1.04,1.77,0.99,5.47,296,455,126,141
0.03,0.97,0.07,4.33,1.10,1.65,0.98,4.76,296,451,121,146
0.03,0.98,0.07,1.65,0.98,0.98,0.99,2.15,339,450,117,146
0.03,0.99,0.07,1.46,0.92,-0.06,0.99,1.73,278,450,117,145
0.03,0.97,0.07,2.38,0.73,-1.34,0.98,2.83,378,452,123,145
0.03,0.98,0.07,1.10,0.67,-0.79,0.99,1.51,300,453,122,144
0.03,0.98,0.07,1.46,0.61,-1.77,0.98,2.38,410,455,125,139
0.03,0.98,0.07,1.77,0.67,-1.89,0.99,2.68,457,459,125,144
0.04,0.98,0.07,2.50,0.79,-1.95,0.98,3.27,329,459,125,143
0.04,0.98,0.07,2.75,0.79,-1.46,0.98,3.21,389,462,126,141
0.03,0.99,0.07,1.34,0.98,-1.65,0.99,2.34,392,465,132,139
0.03,0.98,0.07,1.59,0.49,-2.44,0.98,2.95,473,467,133,137
0.04,0.98,0.07,0.85,0.37,-2.44,0.99,2.61,436,472,137,134
0.03,0.99,0.07,0.98,0.12,-3.48,0.99,3.62,402,477,139,129
0.04,0.98,0.08,1.28,-0.24,-4.88,0.98,5.05,544,480,135,119
0.05,0.96,0.08,2.01,-0.49,-7.51,0.97,7.79,379,492,143,99
0.05,0.99,0.07,-1.22,-1.28,-10.31,0.99,10.47,384,502,143,73
0.05,1.01,0.06,-3.11,-2.93,-16.24,1.01,16.79,388,524,146,51
0.05,1.02,0.08,-1.77,-3.17,-22.46,1.03,22.75,279,556,145,34
0.08,0.99,0.10,-3.17,-2.93,-29.72,1.00,30.04,322,606,152,27
0.08,1.04,0.07,-3.66,-3.11,-37.48,1.04,37.78,224,669,155,21
0.10,1.04,0.04,2.08,0.37,-50.17,1.05,50.22,106,725,155,17
0.11,1.08,-0.00,5.00,-2.44,-61.71,1.09,61.96,52,775,160,13
0.21,1.15,-0.02,-15.26,2.38,-82.46,1.17,83.89,22,813,158,11
0.19,1.04,0.05,22.89,8.36,-95.28,1.05,98.34,14,819,160,11
0.22,1.07,0.07,17.58,10.56,-108.95,1.09,110.86,10,847,154,11
0.29,1.02,0.05,18.07,12.82,-124.15,1.06,126.11,6,876,151,11
0.35,1.02,0.06,20.39,12.63,-134.77,1.08,136.88,4,883,129,11
0.38,1.02,0.10,24.72,12.70,-138.79,1.09,141.55,3,883,96,10
0.52,0.75,0.09,22.95,13.98,-141.17,0.91,143.71,2,868,72,13
0.62,0.62,0.06,5.92,13.85,-133.18,0.88,134.03,1,853,49,16
0.83,0.74,0.04,-26.00,6.90,-113.65,1.11,116.79,1,847,36,17
0.88,0.50,-0.13,-9.83,-8.79,-59.69,1.02,61.13,1,831,25,19
1.53,0.38,-0.44,-71.96,-37.11,-29.85,1.64,86.29,1,835,20,19
1.99,0.63,0.05,-102.54,-64.45,-29.48,2.09,124.65,1,818,12,17
