X,Y,Z
93.32,-24.34,163.76
93.15,-23.98,163.82
92.97,-23.63,163.88
92.79,-23.29,163.93
92.60,-22.98,163.98
92.45,-22.68,164.02
92.31,-22.39,164.05
92.17,-22.09,164.08
92.07,-21.82,164.11
91.99,-21.57,164.14
91.95,-21.34,164.16
91.96,-21.16,164.17
92.01,-20.99,164.17
92.09,-20.85,164.16
92.17,-20.75,164.15
92.25,-20.68,164.15
92.32,-20.64,164.15
92.38,-20.63,164.16
92.46,-20.65,164.15
92.53,-20.71,164.15
92.62,-20.78,164.15
92.71,-20.88,164.14
92.80,-20.97,164.13
92.89,-21.05,164.12
92.98,-21.13,164.11
93.07,-21.18,164.09
93.15,-21.19,164.08
93.23,-21.18,164.07
93.28,-21.13,164.07
93.31,-21.05,164.07
93.35,-20.98,164.08
93.38,-20.88,164.08
93.43,-20.76,164.08
93.50,-20.63,164.08
93.58,-20.48,164.07
93.68,-20.31,164.06
93.79,-20.14,164.05
93.90,-19.96,164.04
93.99,-19.79,164.03
94.07,-19.63,164.03
94.15,-19.48,164.04
94.23,-19.32,164.04
94.30,-19.16,164.04
94.37,-19.00,164.05
94.44,-18.83,164.06
94.52,-18.67,164.08
94.60,-18.50,164.10
94.69,-18.33,164.12
94.77,-18.15,164.14
94.84,-17.96,164.16
94.86,-17.76,164.17
94.85,-17.54,164.20
94.83,-17.29,164.24
94.78,-17.00,164.28
94.76,-16.66,164.32
94.74,-16.29,164.38
94.73,-15.87,164.44
94.77,-15.38,164.48
94.84,-14.83,164.50
94.96,-14.22,164.50
95.08,-13.55,164.48
95.23,-12.82,164.44
95.37,-12.04,164.39
95.51,-11.19,164.33
95.70,-10.26,164.27
95.93,-9.22,164.20
96.26,-8.07,164.12
96.66,-6.82,163.99
97.13,-5.47,163.83
97.65,-4.03,163.63
98.17,-2.51,163.40
98.63,-0.93,163.17
98.96,0.68,162.90
99.23,2.30,162.57
99.52,3.96,162.19
99.83,5.68,161.78
100.03,7.44,161.32
100.09,9.19,160.78
100.06,10.83,160.13
100.05,12.35,159.42
100.06,13.77,158.69
100.01,15.10,157.91
99.78,16.31,157.04
99.31,17.37,156.04
98.85,18.31,155.05
98.59,19.44,154.17
98.15,20.21,153.47
97.50,20.52,152.96
96.75,20.50,152.61
95.91,20.23,152.40
95.07,19.73,152.30
94.37,19.10,152.33
93.83,18.46,152.48
93.44,17.84,152.70
93.17,17.29,152.98
93.00,16.75,153.35
92.86,16.15,153.80
92.69,15.45,154.30
92.47,14.63,154.84
92.18,13.69,155.44
91.82,12.62,156.07
91.38,11.44,156.75
90.89,10.14,157.47
90.40,8.77,158.23
89.94,7.36,159.02
89.53,5.93,159.84
89.16,4.50,160.68
88.83,3.05,161.54
88.50,1.58,162.39
88.14,0.09,163.22
87.72,-1.44,164.04
87.24,-3.00,164.85
86.72,-4.57,165.67
86.20,-6.16,166.53
85.69,-7.72,167.43
85.22,-9.25,168.37
84.79,-10.73,169.37
84.44,-12.10,170.40
84.15,-13.37,171.48
83.87,-14.52,172.56
83.59,-15.57,173.64
83.28,-16.52,174.72
82.92,-17.39,175.79
82.54,-18.21,176.86
82.16,-19.04,177.94
81.84,-19.88,179.02
81.57,-20.73,180.08
81.34,-21.58,181.10
81.15,-22.39,182.07
80.96,-23.15,182.95
80.75,-23.88,183.74
80.51,-24.58,184.45
80.26,-25.29,185.07
79.98,-25.98,185.62
79.67,-26.61,186.10
79.31,-27.10,186.50
78.91,-27.40,186.81
78.46,-27.54,187.02
78.01,-27.54,187.15
77.61,-27.44,187.18
77.31,-27.27,187.11
77.15,-27.01,186.93
77.07,-26.67,186.60
76.96,-26.62,186.06
77.09,-26.81,185.25
77.55,-26.84,184.65
78.95,-27.08,184.68
80.52,-27.46,184.91
81.53,-27.93,184.88
82.64,-28.15,184.70
83.81,-28.08,184.49
84.73,-27.97,184.31
85.41,-27.93,184.21
85.71,-27.92,184.18
85.86,-27.92,184.18
85.86,-27.91,184.20
85.90,-27.91,184.20
86.05,-27.91,184.17
86.29,-27.93,184.13
86.58,-27.96,184.07
86.88,-27.97,184.00
87.15,-27.98,183.94
87.39,-27.99,183.89
87.60,-27.98,183.83
87.77,-27.95,183.78
87.91,-27.87,183.72
88.02,-27.76,183.66
88.09,-27.62,183.61
88.13,-27.46,183.56
88.17,-27.29,183.51
88.21,-27.11,183.45
88.26,-26.91,183.39
88.32,-26.71,183.32
88.39,-26.52,183.26
88.45,-26.34,183.19
88.52,-26.16,183.12
88.58,-25.99,183.05
88.65,-25.82,182.98
88.72,-25.65,182.91
88.78,-25.49,182.84
88.83,-25.33,182.77
88.86,-25.17,182.71
88.90,-25.01,182.64
88.96,-24.83,182.58
89.05,-24.66,182.53
89.13,-24.47,182.46
89.25,-24.29,182.38
89.36,-24.12,182.30
89.49,-23.96,182.21
89.63,-23.80,182.13
89.79,-23.66,182.04
89.96,-23.54,181.96
90.14,-23.44,181.87
90.33,-23.35,181.78
90.53,-23.28,181.69
90.74,-23.22,181.60
90.96,-23.18,181.51
91.19,-23.14,181.42
91.42,-23.10,181.32
91.65,-23.07,181.23
91.86,-23.05,181.14
92.04,-23.06,181.06
92.19,-23.09,180.99
92.33,-23.16,180.93
92.47,-23.25,180.87
92.61,-23.36,180.81
92.75,-23.45,180.75
92.91,-23.52,180.68
93.09,-23.54,180.61
93.26,-23.53,180.54
93.38,-23.50,180.48
93.48,-23.44,180.43
93.53,-23.33,180.39
93.55,-23.19,180.36
93.54,-23.02,180.34
93.51,-22.81,180.32
93.44,-22.59,180.31
93.36,-22.35,180.29
93.26,-22.11,180.28
93.15,-21.87,180.25
93.02,-21.62,180.23
92.89,-21.36,180.20
92.77,-21.09,180.16
92.64,-20.82,180.12
92.48,-20.55,180.09
92.36,-20.27,180.04
92.22,-19.99,180.00
92.07,-19.71,179.97
91.92,-19.45,179.93
91.77,-19.21,179.90
91.62,-18.99,179.86
91.49,-18.78,179.82
91.36,-18.60,179.78
91.27,-18.44,179.74
91.18,-18.29,179.69
91.11,-18.16,179.64
91.06,-18.02,179.59
91.02,-17.90,179.54
90.99,-17.77,179.48
90.98,-17.64,179.42
90.97,-17.52,179.37
90.95,-17.40,179.31
90.95,-17.28,179.25
90.95,-17.16,179.20
90.96,-17.04,179.14
90.98,-16.94,179.08
91.00,-16.83,179.01
91.03,-16.73,178.94
91.07,-16.62,178.87
91.12,-16.51,178.79
91.16,-16.39,178.71
91.21,-16.27,178.63
91.26,-16.15,178.55
91.31,-16.03,178.46
91.35,-15.90,178.39
91.40,-15.77,178.31
91.45,-15.65,178.23
91.50,-15.53,178.16
91.54,-15.42,178.08
91.58,-15.32,178.00
91.61,-15.22,177.93
91.63,-15.14,177.86
91.63,-15.06,177.78
91.64,-14.99,177.71
91.65,-14.93,177.65
91.66,-14.88,177.58
91.68,-14.85,177.51
91.71,-14.81,177.44
91.76,-14.79,177.37
91.81,-14.76,177.29
91.88,-14.74,177.20
91.95,-14.72,177.12
92.01,-14.69,177.03
92.08,-14.68,176.94
92.14,-14.67,176.86
92.20,-14.68,176.78
92.26,-14.69,176.70
92.33,-14.71,176.62
92.39,-14.72,176.53
92.44,-14.74,176.45
92.49,-14.75,176.37
92.52,-14.76,176.28
92.55,-14.78,176.21
92.56,-14.80,176.13
92.58,-14.82,176.05
92.58,-14.85,175.98
92.59,-14.87,175.91
92.59,-14.88,175.85
92.60,-14.90,175.78
92.60,-14.91,175.71
92.61,-14.92,175.64
92.62,-14.93,175.58
92.63,-14.94,175.51
92.65,-14.95,175.44
92.67,-14.96,175.37
92.69,-14.97,175.30
92.71,-14.98,175.23
92.72,-14.99,175.16
92.73,-14.99,175.09
92.74,-15.00,175.02
92.74,-15.01,174.95
92.74,-15.02,174.89
