X,Y,Z
95.54,-31.42,163.31
95.30,-31.55,163.38
95.03,-31.68,163.46
94.78,-31.82,163.54
94.59,-31.96,163.61
94.47,-32.10,163.66
94.42,-32.23,163.69
94.44,-32.34,163.69
94.53,-32.42,163.66
94.66,-32.45,163.61
94.82,-32.43,163.56
94.94,-32.37,163.53
95.02,-32.28,163.52
95.03,-32.18,163.53
94.98,-32.07,163.56
94.91,-31.97,163.59
94.81,-31.86,163.63
94.72,-31.75,163.66
94.66,-31.64,163.68
94.64,-31.54,163.69
94.62,-31.45,163.70
94.54,-31.36,163.74
94.39,-31.32,163.81
94.23,-31.34,163.90
94.05,-31.42,164.00
93.90,-31.57,164.09
93.82,-31.76,164.17
93.81,-31.96,164.22
93.88,-32.18,164.22
94.05,-32.39,164.19
94.30,-32.59,164.12
94.61,-32.77,164.04
94.97,-32.94,163.95
95.34,-33.09,163.86
95.71,-33.21,163.77
96.07,-33.30,163.68
96.40,-33.37,163.60
96.70,-33.40,163.53
96.96,-33.41,163.48
97.18,-33.38,163.44
97.38,-33.33,163.40
97.57,-33.24,163.37
97.78,-33.14,163.34
98.02,-33.01,163.30
98.26,-32.87,163.25
98.50,-32.70,163.21
98.72,-32.53,163.19
98.92,-32.34,163.17
99.09,-32.15,163.16
99.25,-31.95,163.16
99.43,-31.75,163.17
99.64,-31.56,163.17
99.96,-31.41,163.12
100.21,-31.24,163.10
100.46,-31.06,163.06
100.69,-30.90,163.04
100.87,-30.75,163.02
101.01,-30.59,163.03
101.08,-30.43,163.05
101.10,-30.25,163.09
101.08,-30.06,163.14
101.02,-29.85,163.21
100.92,-29.63,163.29
100.79,-29.38,163.39
100.62,-29.11,163.51
100.45,-28.80,163.62
100.30,-28.45,163.74
100.16,-28.07,163.85
100.04,-27.65,163.95
99.95,-27.21,164.05
99.88,-26.73,164.15
99.81,-26.20,164.24
99.75,-25.64,164.34
99.70,-25.03,164.43
99.65,-24.38,164.53
99.59,-23.71,164.64
99.53,-22.98,164.75
99.47,-22.22,164.86
99.42,-21.41,164.96
99.39,-20.53,165.06
99.41,-19.58,165.14
99.47,-18.55,165.20
99.57,-17.39,165.21
99.76,-16.13,165.21
99.97,-14.77,165.19
100.18,-13.24,165.20
100.51,-11.66,165.19
100.85,-9.98,165.23
101.19,-8.25,165.29
101.54,-6.53,165.35
101.89,-4.86,165.41
102.25,-3.22,165.43
102.65,-1.56,165.39
103.03,0.11,165.30
103.39,1.76,165.13
103.76,3.34,164.87
104.15,4.84,164.55
104.53,6.28,164.20
104.90,7.68,163.81
105.23,9.08,163.39
105.48,10.47,162.89
105.59,11.84,162.26
105.67,13.15,161.53
106.00,14.46,160.87
106.23,15.39,160.23
105.99,15.68,159.57
105.52,15.51,158.94
104.80,14.95,158.34
103.89,14.21,157.77
102.83,13.37,157.24
101.62,12.48,156.75
100.37,11.57,156.41
99.15,10.68,156.19
97.97,9.83,156.12
96.83,9.01,156.18
95.74,8.18,156.37
94.72,7.32,156.69
93.76,6.40,157.14
92.89,5.43,157.70
92.13,4.40,158.37
91.45,3.31,159.13
90.84,2.17,159.96
90.31,0.98,160.82
89.85,-0.27,161.70
89.46,-1.58,162.59
89.09,-2.91,163.45
88.67,-4.29,164.30
88.19,-5.72,165.09
87.66,-7.19,165.85
87.12,-8.67,166.56
86.60,-10.12,167.23
86.08,-11.51,167.93
85.59,-12.84,168.66
85.15,-14.10,169.46
84.78,-15.27,170.39
84.56,-16.37,171.48
84.46,-17.37,172.75
84.36,-18.27,174.20
84.16,-19.09,175.78
83.80,-19.90,177.43
83.29,-20.72,179.06
82.72,-21.55,180.61
82.18,-22.38,182.00
81.69,-23.20,183.20
81.26,-24.03,184.20
80.84,-24.88,184.98
80.40,-25.77,185.60
79.93,-26.63,186.11
79.45,-27.40,186.57
78.97,-28.02,187.03
78.48,-28.50,187.53
78.02,-28.84,188.09
77.63,-29.04,188.67
77.31,-29.10,189.20
77.02,-29.03,189.60
76.71,-28.88,189.86
76.37,-28.71,190.00
76.06,-28.55,189.98
75.95,-28.74,189.67
76.32,-28.97,189.02
76.97,-29.27,188.05
77.90,-29.54,187.31
79.38,-29.88,187.14
80.70,-30.43,187.23
81.78,-30.96,187.27
82.61,-31.10,187.17
83.16,-30.92,187.05
83.53,-30.86,187.03
83.71,-30.96,187.07
83.77,-31.15,187.14
83.82,-31.28,187.18
83.81,-31.36,187.20
83.91,-31.43,187.20
84.12,-31.53,187.19
84.33,-31.64,187.17
84.54,-31.74,187.16
84.72,-31.84,187.14
84.91,-31.91,187.11
85.08,-31.94,187.07
85.22,-31.93,187.03
85.31,-31.87,186.98
85.36,-31.76,186.93
85.39,-31.60,186.87
85.42,-31.40,186.80
85.44,-31.19,186.72
85.46,-30.96,186.65
85.49,-30.75,186.57
85.53,-30.57,186.49
85.58,-30.41,186.42
85.63,-30.28,186.35
85.69,-30.16,186.28
85.75,-30.04,186.21
85.81,-29.93,186.15
85.86,-29.81,186.08
85.90,-29.69,186.01
85.94,-29.58,185.95
85.97,-29.46,185.88
86.01,-29.34,185.81
86.06,-29.21,185.73
86.11,-29.07,185.66
86.18,-28.92,185.57
86.26,-28.76,185.48
86.36,-28.60,185.40
86.48,-28.42,185.31
86.62,-28.25,185.22
86.78,-28.07,185.11
86.96,-27.89,185.00
87.16,-27.70,184.88
87.37,-27.51,184.77
87.59,-27.32,184.66
87.81,-27.14,184.55
88.02,-26.97,184.45
88.22,-26.81,184.35
88.42,-26.66,184.25
88.61,-26.51,184.16
88.80,-26.36,184.06
89.00,-26.22,183.97
89.18,-26.09,183.88
89.33,-25.97,183.80
89.45,-25.87,183.73
89.54,-25.77,183.66
89.61,-25.67,183.61
89.69,-25.55,183.55
89.78,-25.41,183.49
89.90,-25.22,183.41
90.05,-25.01,183.33
90.19,-24.75,183.24
90.32,-24.47,183.15
90.45,-24.15,183.06
90.55,-23.81,182.97
90.60,-23.46,182.88
90.63,-23.12,182.80
90.63,-22.77,182.73
90.62,-22.43,182.66
90.58,-22.09,182.59
90.56,-21.78,182.52
90.52,-21.47,182.45
90.48,-21.18,182.38
90.45,-20.92,182.30
90.43,-20.67,182.23
90.42,-20.45,182.15
90.43,-20.25,182.07
90.44,-20.06,181.99
90.47,-19.90,181.91
90.50,-19.75,181.83
90.54,-19.63,181.75
90.59,-19.52,181.67
90.64,-19.44,181.59
90.69,-19.36,181.51
90.75,-19.30,181.43
90.81,-19.25,181.35
90.86,-19.20,181.27
90.91,-19.15,181.19
90.96,-19.10,181.11
91.00,-19.06,181.03
91.04,-19.02,180.96
91.08,-18.97,180.88
91.11,-18.93,180.81
91.15,-18.88,180.73
91.18,-18.84,180.66
91.22,-18.78,180.58
91.26,-18.73,180.50
91.30,-18.67,180.41
91.34,-18.60,180.33
91.39,-18.54,180.24
91.44,-18.47,180.16
91.50,-18.39,180.07
91.56,-18.32,179.97
91.62,-18.24,179.87
91.65,-18.15,179.77
91.67,-18.07,179.68
91.65,-17.99,179.60
91.63,-17.91,179.52
91.58,-17.84,179.44
91.53,-17.77,179.37
91.46,-17.71,179.31
91.38,-17.65,179.25
91.30,-17.60,179.19
91.22,-17.55,179.14
91.15,-17.51,179.09
91.08,-17.47,179.04
91.01,-17.43,178.99
90.95,-17.38,178.94
90.90,-17.34,178.89
90.85,-17.29,178.83
90.80,-17.24,178.78
90.76,-17.19,178.73
90.71,-17.14,178.69
90.67,-17.09,178.65
90.63,-17.04,178.60
90.59,-16.99,178.56
90.55,-16.93,178.52
90.53,-16.88,178.47
90.51,-16.83,178.43
90.49,-16.78,178.38
90.48,-16.73,178.34
90.48,-16.68,178.29
90.49,-16.64,178.24
90.50,-16.59,178.18
90.51,-16.55,178.12
90.51,-16.51,178.06
90.51,-16.48,178.01
90.50,-16.46,177.96
90.48,-16.43,177.92
90.47,-16.41,177.88
90.47,-16.39,177.84
90.47,-16.36,177.80
90.47,-16.34,177.76
90.48,-16.33,177.71
90.49,-16.31,177.67
90.50,-16.30,177.62
90.51,-16.29,177.58
90.53,-16.28,177.53
90.54,-16.28,177.49
