X,Y,Z
95.34,-35.33,163.88
94.97,-35.46,164.05
94.64,-35.62,164.21
94.34,-35.79,164.35
94.08,-35.98,164.49
93.86,-36.18,164.60
93.67,-36.37,164.70
93.52,-36.56,164.78
93.42,-36.75,164.85
93.37,-36.94,164.90
93.36,-37.10,164.93
93.38,-37.24,164.94
93.42,-37.34,164.95
93.47,-37.41,164.94
93.53,-37.44,164.93
93.58,-37.41,164.93
93.65,-37.34,164.91
93.71,-37.23,164.89
93.76,-37.07,164.88
93.81,-36.87,164.86
93.85,-36.62,164.85
93.88,-36.34,164.83
93.92,-36.01,164.82
93.97,-35.65,164.79
94.04,-35.25,164.76
94.16,-34.84,164.71
94.28,-34.35,164.66
94.45,-33.87,164.57
94.55,-33.32,164.53
94.71,-32.77,164.46
94.84,-32.17,164.41
94.97,-31.56,164.37
95.15,-31.03,164.31
95.31,-30.45,164.25
95.52,-29.86,164.18
95.78,-29.25,164.09
96.08,-28.62,163.97
96.43,-27.97,163.81
96.81,-27.28,163.63
97.21,-26.57,163.43
97.60,-25.84,163.22
97.94,-25.06,163.05
98.24,-24.05,162.84
98.57,-23.09,162.65
98.81,-22.00,162.49
98.95,-20.74,162.37
99.09,-19.36,162.30
99.32,-17.96,162.29
99.64,-16.54,162.30
100.05,-15.10,162.32
100.59,-13.60,162.31
101.18,-12.04,162.25
101.81,-10.41,162.12
102.56,-8.70,161.93
103.36,-6.96,161.67
104.20,-5.21,161.35
105.03,-3.49,161.03
105.77,-1.80,160.74
106.38,-0.13,160.47
106.79,1.44,160.19
106.96,2.82,159.81
106.88,4.01,159.20
106.85,5.39,158.53
106.67,6.88,157.82
105.91,7.97,157.05
104.88,8.72,156.28
103.72,9.11,155.57
102.56,9.18,154.98
101.46,8.93,154.54
100.46,8.44,154.28
99.56,7.78,154.18
98.80,6.98,154.25
98.17,6.10,154.47
97.64,5.17,154.82
97.17,4.26,155.24
96.74,3.32,155.72
96.22,2.34,156.22
95.59,1.34,156.71
94.83,0.31,157.19
93.95,-0.74,157.65
92.95,-1.87,158.06
91.73,-3.15,158.46
90.44,-4.49,158.92
89.11,-5.89,159.44
87.78,-7.31,160.05
86.49,-8.72,160.77
85.27,-10.11,161.60
84.13,-11.44,162.54
83.08,-12.69,163.58
82.11,-13.86,164.70
81.22,-14.96,165.88
80.43,-16.01,167.13
79.76,-17.03,168.42
79.22,-18.04,169.74
78.76,-19.05,171.08
78.30,-20.09,172.43
77.79,-21.16,173.78
77.24,-22.21,175.12
76.66,-23.23,176.42
76.10,-24.17,177.69
75.56,-25.04,178.91
75.07,-25.83,180.10
74.61,-26.56,181.28
74.17,-27.23,182.44
73.72,-27.83,183.59
73.28,-28.38,184.75
72.84,-28.88,185.89
72.40,-29.34,187.03
71.97,-29.80,188.18
71.56,-30.28,189.32
71.17,-30.77,190.43
70.81,-31.23,191.46
70.49,-31.62,192.36
70.21,-31.94,193.11
69.99,-32.22,193.73
69.85,-32.48,194.25
69.77,-32.75,194.71
69.71,-33.01,195.10
69.65,-33.17,195.41
69.51,-33.16,195.60
69.20,-32.96,195.71
68.65,-32.63,195.80
67.86,-32.24,195.86
66.93,-31.94,195.69
66.30,-32.17,195.25
66.63,-32.51,194.63
67.72,-32.93,194.39
69.39,-33.28,194.53
70.99,-33.81,194.83
72.47,-34.44,194.95
73.79,-34.79,194.81
75.01,-34.72,194.48
75.77,-34.64,194.29
76.17,-34.63,194.24
76.35,-34.73,194.30
76.39,-34.84,194.38
76.37,-34.90,194.44
76.45,-34.96,194.46
76.61,-35.03,194.46
76.82,-35.12,194.46
77.06,-35.21,194.45
77.31,-35.30,194.43
77.57,-35.37,194.40
77.82,-35.43,194.36
78.04,-35.48,194.32
78.25,-35.49,194.27
78.43,-35.47,194.20
78.59,-35.40,194.13
78.72,-35.31,194.05
78.81,-35.18,193.96
78.87,-35.03,193.88
78.91,-34.86,193.79
78.96,-34.67,193.68
79.04,-34.46,193.56
79.14,-34.24,193.44
79.25,-34.03,193.30
79.36,-33.81,193.17
79.48,-33.58,193.03
79.60,-33.36,192.89
79.71,-33.12,192.75
79.82,-32.88,192.60
79.96,-32.63,192.45
80.10,-32.36,192.30
80.25,-32.09,192.14
80.38,-31.81,191.98
80.52,-31.52,191.82
80.67,-31.23,191.66
80.84,-30.93,191.49
81.02,-30.64,191.33
81.20,-30.34,191.16
81.38,-30.05,190.99
81.56,-29.77,190.82
81.72,-29.49,190.67
81.87,-29.23,190.51
82.03,-28.98,190.36
82.19,-28.75,190.22
82.34,-28.54,190.09
82.49,-28.36,189.96
82.64,-28.21,189.85
82.78,-28.10,189.75
82.92,-27.99,189.67
83.08,-27.89,189.58
83.27,-27.78,189.48
83.48,-27.66,189.39
83.70,-27.53,189.28
83.94,-27.37,189.17
84.16,-27.19,189.06
84.38,-26.98,188.95
84.57,-26.75,188.83
84.70,-26.48,188.72
84.82,-26.20,188.61
84.90,-25.90,188.50
84.95,-25.60,188.40
84.98,-25.29,188.30
85.00,-24.99,188.21
85.02,-24.69,188.11
85.04,-24.41,188.02
85.04,-24.14,187.93
85.05,-23.90,187.85
85.07,-23.68,187.77
85.09,-23.48,187.69
85.11,-23.30,187.61
85.15,-23.14,187.52
85.20,-23.00,187.44
85.26,-22.88,187.35
85.32,-22.77,187.27
85.39,-22.68,187.19
85.47,-22.61,187.10
85.54,-22.54,187.02
85.60,-22.50,186.94
85.65,-22.46,186.86
85.69,-22.44,186.80
85.71,-22.42,186.74
85.72,-22.41,186.69
85.71,-22.40,186.64
85.70,-22.40,186.59
85.69,-22.39,186.54
85.67,-22.37,186.49
85.64,-22.36,186.45
85.59,-22.34,186.41
85.53,-22.31,186.37
85.48,-22.29,186.34
85.45,-22.28,186.31
85.46,-22.26,186.27
85.49,-22.24,186.22
85.55,-22.22,186.15
85.62,-22.19,186.08
85.70,-22.15,186.00
85.78,-22.11,185.92
85.85,-22.05,185.84
85.90,-21.99,185.76
85.93,-21.91,185.69
85.94,-21.82,185.62
85.95,-21.73,185.56
85.96,-21.64,185.50
85.97,-21.54,185.44
85.99,-21.44,185.38
86.01,-21.33,185.32
86.05,-21.22,185.25
86.08,-21.10,185.19
86.14,-20.97,185.12
86.21,-20.84,185.05
86.32,-20.70,184.97
86.46,-20.55,184.89
86.62,-20.38,184.78
86.81,-20.20,184.66
86.98,-20.01,184.54
87.14,-19.80,184.42
87.29,-19.59,184.30
87.42,-19.37,184.20
87.55,-19.15,184.09
87.66,-18.93,183.99
87.78,-18.72,183.89
87.88,-18.51,183.79
87.97,-18.30,183.69
88.05,-18.12,183.60
88.11,-17.94,183.51
88.16,-17.78,183.42
88.19,-17.64,183.35
88.23,-17.51,183.28
88.26,-17.40,183.21
88.30,-17.31,183.15
88.34,-17.23,183.09
88.38,-17.18,183.02
88.41,-17.13,182.96
88.43,-17.11,182.91
88.44,-17.09,182.86
88.45,-17.08,182.82
88.45,-17.09,182.79
88.46,-17.12,182.76
88.48,-17.16,182.73
