X,Y,Z
88.54,6.75,161.86
88.61,6.77,161.81
88.66,6.81,161.77
88.71,6.84,161.74
88.74,6.86,161.72
88.75,6.88,161.71
88.76,6.87,161.71
88.75,6.84,161.72
88.74,6.79,161.74
88.72,6.71,161.76
88.69,6.58,161.79
88.67,6.41,161.82
88.65,6.20,161.83
88.65,5.97,161.84
88.66,5.73,161.83
88.68,5.48,161.82
88.70,5.20,161.79
88.71,4.90,161.77
88.71,4.57,161.75
88.71,4.19,161.75
88.69,3.76,161.75
88.64,3.28,161.75
88.58,2.76,161.75
88.53,2.26,161.73
88.53,1.81,161.69
88.56,1.41,161.64
88.60,1.05,161.60
88.66,0.74,161.56
88.70,0.48,161.53
88.75,0.29,161.50
88.82,0.17,161.48
88.90,0.12,161.46
88.98,0.15,161.44
89.07,0.25,161.42
89.16,0.45,161.38
89.26,0.74,161.34
89.39,1.13,161.29
89.51,1.63,161.22
89.67,2.22,161.15
89.83,2.94,161.07
90.02,3.77,160.99
90.22,4.73,160.91
90.40,5.83,160.82
90.57,7.06,160.74
90.77,8.43,160.67
90.96,9.96,160.62
91.13,11.66,160.58
91.29,13.50,160.57
91.39,15.42,160.58
91.34,17.39,160.59
91.19,19.32,160.62
90.84,21.16,160.64
90.14,22.84,160.55
89.10,24.36,160.31
87.84,25.71,159.96
86.48,26.97,159.48
85.05,28.13,158.88
83.67,29.12,158.18
82.40,30.06,157.48
81.43,30.61,157.08
80.90,30.60,157.16
80.96,30.04,157.81
81.51,29.20,158.97
82.32,28.13,160.48
83.08,27.02,162.08
83.63,25.97,163.57
83.97,25.01,164.84
84.05,24.08,165.89
83.93,23.17,166.75
83.70,22.18,167.45
83.45,21.07,167.98
83.22,19.80,168.38
83.03,18.38,168.68
82.91,16.85,168.93
82.85,15.24,169.16
82.83,13.57,169.38
82.87,11.87,169.58
82.96,10.19,169.80
83.11,8.54,170.03
83.31,6.93,170.30
83.57,5.35,170.62
83.86,3.78,170.98
84.18,2.22,171.38
84.51,0.67,171.81
84.85,-0.82,172.27
85.17,-2.21,172.78
85.41,-3.48,173.34
85.53,-4.65,173.96
85.53,-5.71,174.62
85.48,-6.65,175.32
85.44,-7.46,176.02
85.46,-8.12,176.72
85.56,-8.66,177.40
85.78,-9.10,178.02
86.11,-9.44,178.56
86.52,-9.70,179.02
86.94,-9.87,179.38
87.35,-9.95,179.63
87.70,-9.94,179.76
87.94,-9.84,179.81
88.09,-9.69,179.79
88.14,-9.54,179.71
88.09,-9.41,179.58
87.95,-9.33,179.41
87.73,-9.29,179.19
87.41,-9.27,178.94
87.00,-9.26,178.68
86.53,-9.25,178.40
86.09,-9.22,178.10
85.67,-9.20,177.83
85.30,-9.22,177.57
84.98,-9.32,177.34
84.71,-9.48,177.13
84.49,-9.68,176.93
84.28,-9.95,176.73
84.06,-10.24,176.51
83.82,-10.52,176.25
83.56,-10.79,175.96
83.29,-11.01,175.65
83.05,-11.18,175.30
82.89,-11.32,174.92
82.81,-11.45,174.54
82.81,-11.56,174.16
82.88,-11.66,173.79
83.01,-11.74,173.45
83.18,-11.75,173.12
83.42,-11.65,172.80
83.76,-11.40,172.52
84.25,-10.92,172.36
84.91,-10.13,172.28
86.18,-9.36,172.26
87.78,-8.94,172.47
89.37,-9.05,172.80
90.48,-9.51,173.02
90.96,-9.97,173.01
91.00,-10.30,172.85
91.25,-10.55,172.73
91.73,-10.65,172.67
92.00,-10.57,172.58
92.24,-10.47,172.50
92.49,-10.49,172.45
92.54,-10.57,172.41
92.51,-10.74,172.40
92.42,-10.98,172.40
92.29,-11.20,172.42
92.16,-11.41,172.43
92.06,-11.59,172.42
92.01,-11.73,172.38
92.04,-11.81,172.32
92.12,-11.84,172.24
92.25,-11.81,172.14
92.40,-11.76,172.05
92.55,-11.70,171.96
92.70,-11.63,171.88
92.83,-11.55,171.81
92.95,-11.47,171.75
93.04,-11.38,171.70
93.12,-11.30,171.66
93.17,-11.22,171.63
93.20,-11.13,171.60
93.22,-11.01,171.57
93.23,-10.88,171.55
93.23,-10.73,171.54
93.22,-10.58,171.53
93.19,-10.43,171.54
93.14,-10.30,171.55
93.07,-10.20,171.56
92.98,-10.12,171.58
92.89,-10.07,171.58
92.82,-10.01,171.59
92.76,-9.93,171.58
92.73,-9.84,171.58
92.70,-9.75,171.57
92.68,-9.65,171.56
92.66,-9.55,171.56
92.63,-9.47,171.56
92.58,-9.40,171.56
92.52,-9.36,171.56
92.46,-9.33,171.57
92.39,-9.30,171.58
92.32,-9.28,171.59
92.24,-9.26,171.60
92.16,-9.24,171.62
92.06,-9.23,171.65
91.94,-9.25,171.67
91.79,-9.29,171.71
91.61,-9.37,171.76
91.42,-9.47,171.80
91.22,-9.59,171.84
90.99,-9.72,171.89
90.74,-9.86,171.93
90.51,-10.03,171.98
90.28,-10.17,172.02
90.06,-10.29,172.06
89.88,-10.39,172.09
89.72,-10.44,172.13
89.56,-10.47,172.17
89.44,-10.48,172.22
89.32,-10.47,172.26
89.20,-10.44,172.31
89.06,-10.44,172.36
88.91,-10.45,172.41
88.77,-10.46,172.46
88.64,-10.43,172.49
88.51,-10.35,172.51
88.41,-10.25,172.53
88.33,-10.12,172.54
88.27,-9.96,172.54
88.23,-9.81,172.54
88.21,-9.67,172.54
88.20,-9.55,172.54
88.20,-9.48,172.53
88.22,-9.44,172.52
88.27,-9.44,172.50
88.34,-9.48,172.47
88.42,-9.54,172.43
88.52,-9.62,172.39
88.62,-9.72,172.33
88.74,-9.82,172.27
88.87,-9.94,172.19
89.01,-10.05,172.11
89.16,-10.18,172.02
89.30,-10.31,171.92
89.43,-10.43,171.83
89.54,-10.54,171.74
89.63,-10.64,171.65
89.69,-10.72,171.58
89.72,-10.77,171.52
89.72,-10.81,171.48
89.70,-10.84,171.45
89.65,-10.86,171.44
89.57,-10.86,171.44
89.50,-10.86,171.47
89.43,-10.84,171.49
89.33,-10.81,171.53
89.22,-10.80,171.57
89.12,-10.80,171.62
89.01,-10.77,171.66
88.95,-10.72,171.70
88.91,-10.64,171.73
88.87,-10.57,171.76
88.84,-10.53,171.78
88.83,-10.52,171.81
88.83,-10.54,171.83
88.86,-10.59,171.83
88.91,-10.67,171.81
88.99,-10.77,171.79
89.08,-10.92,171.76
89.20,-11.11,171.73
89.33,-11.34,171.68
89.45,-11.58,171.63
89.58,-11.81,171.57
89.72,-12.04,171.50
89.88,-12.24,171.42
90.04,-12.43,171.34
90.21,-12.60,171.24
90.38,-12.77,171.15
90.53,-12.93,171.06
90.66,-13.08,170.98
90.76,-13.23,170.90
90.82,-13.39,170.84
90.84,-13.54,170.79
90.81,-13.68,170.76
90.77,-13.82,170.74
90.70,-13.94,170.72
