X,Y,Z
4.54,75.47,203.72
2.10,76.64,201.27
-0.33,77.91,198.86
-2.76,79.27,196.47
-5.13,80.70,194.13
-7.29,82.19,191.97
-9.06,83.71,190.17
-9.94,85.26,189.25
-8.68,86.84,190.45
0.74,88.42,199.82
89.85,89.31,288.89
137.96,87.88,336.97
143.92,86.12,342.88
145.35,84.26,344.23
145.57,82.33,344.32
145.28,80.33,343.85
144.73,78.28,343.07
144.01,76.20,342.08
143.18,74.14,340.92
142.25,72.15,339.64
141.25,70.31,338.26
140.25,68.64,336.83
139.28,67.18,335.37
138.35,65.94,333.88
137.47,64.90,332.35
136.63,64.06,330.78
135.85,63.41,329.15
135.12,62.94,327.47
134.42,62.67,325.70
133.73,62.58,323.84
133.02,62.67,321.87
132.24,62.93,319.75
131.36,63.37,317.45
130.37,63.98,314.98
129.24,64.77,312.34
127.91,65.74,309.49
126.35,66.87,306.41
124.54,68.14,303.07
122.44,69.54,299.42
119.97,71.02,295.41
117.03,72.58,290.92
113.44,74.19,285.84
109.01,75.79,279.97
103.46,77.36,273.04
96.37,78.81,264.65
87.31,80.08,254.36
75.87,81.07,241.79
62.04,81.67,226.94
46.93,81.75,210.94
32.49,81.31,195.75
20.10,80.46,182.76
9.91,79.37,172.12
1.58,78.12,163.49
-5.25,76.80,156.50
-10.92,75.50,150.78
-15.75,74.28,145.99
-20.03,73.20,141.82
-23.92,72.26,138.10
-27.58,71.49,134.64
-31.09,70.85,131.36
-34.50,70.32,128.17
-37.88,69.90,124.95
-41.29,69.57,121.62
-44.80,69.35,118.09
-48.51,69.24,114.28
-52.51,69.25,110.17
-56.84,69.37,105.71
-61.55,69.62,100.86
-66.70,69.94,95.58
-72.28,70.29,89.87
-78.29,70.63,83.76
-84.65,70.89,77.30
-91.35,71.07,70.55
-98.28,71.14,63.59
-105.37,71.11,56.52
-112.52,71.00,49.41
-119.68,70.77,42.29
-126.74,70.39,35.26
-133.62,69.86,28.43
-140.22,69.17,21.87
-146.45,68.33,15.68
-152.29,67.39,9.89
-157.73,66.35,4.49
-162.73,65.22,359.53
-167.35,63.99,354.93
-171.61,62.69,350.67
-175.54,61.33,346.71
-179.18,59.98,343.02
177.47,58.67,339.59
174.46,57.46,336.45
171.81,56.37,333.62
169.51,55.42,331.05
167.53,54.64,328.69
165.83,54.04,326.48
164.38,53.61,324.36
163.15,53.31,322.28
162.11,53.18,320.25
161.26,53.20,318.25
160.57,53.38,316.27
160.02,53.74,314.30
159.59,54.29,312.35
159.26,55.01,310.40
159.03,55.93,308.48
158.92,57.05,306.63
158.91,58.35,304.86
159.02,59.84,303.17
159.27,61.50,301.62
159.71,63.33,300.22
160.35,65.29,299.03
161.29,67.35,298.14
162.61,69.46,297.65
164.43,71.60,297.67
166.89,73.74,298.37
170.28,75.86,300.05
175.04,77.90,303.20
-178.21,79.81,308.43
-168.64,81.50,316.62
-155.22,82.81,328.78
-137.81,83.52,345.02
-119.12,83.47,2.62
-103.39,82.70,17.31
-92.38,81.45,27.29
-85.23,79.96,33.45
-80.66,78.36,37.03
-77.79,76.74,38.95
-76.12,75.15,39.69
-75.34,73.60,39.59
-75.23,72.11,38.90
-75.63,70.69,37.78
-76.50,69.35,36.30
-77.81,68.07,34.48
-79.51,66.83,32.34
-81.51,65.64,29.93
-83.73,64.48,27.31
-86.11,63.35,24.52
-88.59,62.26,21.61
-91.16,61.24,18.60
-93.82,60.28,15.48
-96.59,59.38,12.24
-99.47,58.54,8.89
-102.45,57.73,5.48
-105.51,56.93,2.02
-108.59,56.14,358.54
-111.68,55.40,355.04
-114.77,54.73,351.52
-117.91,54.15,347.94
-121.11,53.67,344.28
-124.42,53.27,340.51
-127.82,52.91,336.66
-131.24,52.55,332.76
-134.62,52.21,328.86
-137.93,51.89,324.97
-141.14,51.57,321.12
-144.27,51.27,317.28
-147.35,51.00,313.45
-150.40,50.74,309.61
-153.40,50.50,305.78
-156.34,50.26,302.00
-159.15,50.03,298.35
-161.77,49.84,294.87
-164.19,49.72,291.61
-166.39,49.73,288.54
-168.42,49.84,285.60
-170.28,50.05,282.80
-172.01,50.35,280.12
-173.62,50.74,277.52
-175.12,51.19,275.01
-176.50,51.72,272.57
-177.76,52.31,270.20
-178.86,52.99,267.93
-179.78,53.75,265.77
179.47,54.61,263.72
178.92,55.57,261.81
178.58,56.65,260.03
178.49,57.84,258.45
178.65,59.14,257.08
179.05,60.53,255.96
179.74,62.01,255.15
-179.26,63.56,254.68
-177.85,65.15,254.62
-175.98,66.76,255.05
-173.53,68.35,256.07
-170.41,69.89,257.80
-166.51,71.35,260.36
-161.74,72.66,263.89
-156.03,73.78,268.47
-149.38,74.65,274.13
-141.98,75.19,280.66
-134.25,75.38,287.63
-126.64,75.20,294.54
-119.54,74.67,301.00
-113.21,73.83,306.70
-107.82,72.70,311.50
-103.44,71.33,315.34
-100.04,69.77,318.29
-97.52,68.07,320.46
-95.72,66.25,322.00
-94.50,64.33,322.99
-93.76,62.34,323.52
-93.42,60.33,323.66
-93.48,58.32,323.44
-93.91,56.33,322.88
-94.67,54.36,322.02
-95.70,52.43,320.89
-96.89,50.55,319.54
-98.20,48.73,317.99
-99.55,46.98,316.28
-100.85,45.29,314.44
-102.06,43.68,312.53
-103.20,42.16,310.56
-104.28,40.73,308.52
-105.33,39.41,306.45
-106.35,38.22,304.33
-107.36,37.15,302.18
-108.39,36.23,300.01
-109.47,35.45,297.84
-110.61,34.81,295.68
-111.82,34.30,293.54
-113.08,33.93,291.39
-114.37,33.70,289.24
-115.66,33.62,287.06
-116.91,33.70,284.83
-118.11,33.93,282.57
-119.26,34.30,280.31
-120.33,34.80,278.04
-121.32,35.42,275.77
-122.22,36.14,273.52
-123.04,36.95,271.29
-123.80,37.82,269.06
-124.53,38.74,266.85
-125.28,39.70,264.64
-126.02,40.70,262.49
-126.73,41.72,260.44
-127.38,42.77,258.51
-127.95,43.87,256.70
-128.42,45.02,255.04
-128.77,46.21,253.52
-129.02,47.42,252.14
-129.13,48.65,250.92
-129.12,49.88,249.85
-128.97,51.12,248.90
-128.71,52.35,248.05
-128.35,53.57,247.28
-127.85,54.78,246.63
-127.21,55.98,246.12
-126.41,57.15,245.79
-125.45,58.28,245.66
-124.34,59.34,245.75
-123.09,60.30,246.09
-121.71,61.18,246.67
-120.22,61.94,247.49
-118.62,62.59,248.54
-116.94,63.14,249.82
-115.16,63.57,251.30
-113.27,63.91,252.98
-111.29,64.15,254.83
-109.21,64.29,256.82
-107.09,64.32,258.90
-104.94,64.23,261.04
-102.82,64.01,263.19
-100.78,63.66,265.30
-98.85,63.17,267.33
-97.04,62.55,269.27
-95.38,61.81,271.08
-93.87,60.94,272.76
-92.54,59.96,274.26
-91.38,58.87,275.61
-90.35,57.67,276.82
-89.45,56.36,277.89
-88.68,54.97,278.84
-88.00,53.47,279.68
-87.42,51.89,280.41
-86.92,50.20,281.04
-86.49,48.43,281.58
-86.11,46.57,282.05
-85.76,44.65,282.44
-85.46,42.67,282.75
-85.21,40.65,282.97
-85.04,38.59,283.09
-84.95,36.48,283.11
-84.92,34.32,283.03
-84.93,32.15,282.86
-84.95,29.97,282.62
-85.01,27.81,282.29
-85.14,25.69,281.87
-85.34,23.63,281.35
-85.59,21.64,280.75
-85.85,19.75,280.11
-86.08,18.00,279.47
-86.28,16.42,278.83
-86.48,15.04,278.21
-86.66,13.86,277.61
-86.84,12.87,277.03
-87.00,12.08,276.50
-87.13,11.49,276.01
-87.21,11.13,275.54
-87.26,10.99,275.12
-87.29,11.08,274.77
-87.29,11.40,274.48
-87.29,11.97,274.26
-87.28,12.77,274.11
-87.28,13.78,274.01
-87.28,14.98,273.93
-87.29,16.36,273.86
-87.28,17.91,273.77
-87.23,19.63,273.66
-87.13,21.48,273.52
-86.99,23.45,273.38
-86.81,25.51,273.26
-86.63,27.60,273.16
-86.43,29.76,273.07
-86.22,31.94,273.03
-85.99,34.15,273.05
-85.76,36.39,273.12
-85.53,38.64,273.26
-85.31,40.91,273.44
-85.13,43.21,273.64
-84.97,45.52,273.85
-84.84,47.83,274.09
-84.73,50.14,274.33
-84.64,52.43,274.60
-84.53,54.71,274.88
-84.41,56.95,275.17
-84.20,59.13,275.51
-83.82,61.24,275.94
-83.23,63.30,276.52
-82.38,65.32,277.29
-81.26,67.27,278.28
-79.91,69.11,279.47
-78.37,70.82,280.83
-76.64,72.39,282.35
-74.73,73.82,284.04
-72.61,75.09,285.94
-70.23,76.20,288.08
-67.57,77.14,290.49
-64.64,77.89,293.17
-61.56,78.45,296.01
-58.44,78.81,298.88
-55.48,78.98,301.62
-52.84,78.98,304.05
-50.69,78.83,306.00
-49.10,78.55,307.43
-48.09,78.14,308.31
-47.66,77.62,308.63
-47.79,76.97,308.39
-48.37,76.18,307.70
-49.29,75.26,306.65
-50.42,74.20,305.34
-51.69,73.00,303.85
-53.01,71.67,302.23
-54.34,70.23,300.51
-55.63,68.68,298.72
-56.86,67.04,296.88
-58.01,65.30,295.01
-59.10,63.47,293.10
-60.10,61.56,291.17
-60.99,59.60,289.26
-61.77,57.60,287.36
-62.55,55.60,285.38
-63.33,53.50,283.37
-64.06,51.35,281.37
-64.74,49.17,279.39
-65.41,46.96,277.43
-66.03,44.77,275.51
-66.58,42.60,273.64
-67.05,40.48,271.82
-67.42,38.40,270.05
-67.72,36.38,268.33
-67.94,34.41,266.66
-68.11,32.49,265.07
-68.25,30.64,263.55
-68.38,28.88,262.12
-68.52,27.20,260.79
-68.69,25.62,259.56
-68.89,24.13,258.43
-69.11,22.75,257.40
-69.35,21.49,256.44
-69.60,20.39,255.53
-69.84,19.45,254.66
-70.09,18.65,253.80
-70.34,18.03,252.96
-70.61,17.59,252.14
-70.90,17.35,251.34
-71.24,17.30,250.59
-71.62,17.45,249.88
-72.05,17.77,249.21
-72.55,18.25,248.59
-73.13,18.89,247.99
-73.80,19.69,247.39
-74.56,20.62,246.78
-75.38,21.69,246.13
-76.23,22.91,245.43
-77.13,24.29,244.70
-78.08,25.85,243.90
-79.11,27.56,243.03
-80.27,29.37,242.03
-81.56,31.27,240.84
-83.04,33.19,239.45
-84.75,35.09,237.81
-86.70,36.98,235.92
-88.90,38.82,233.79
-91.36,40.57,231.40
-94.07,42.20,228.73
-97.05,43.65,225.76
-100.28,44.91,222.51
-103.73,45.96,218.96
-107.39,46.77,215.12
-111.19,47.29,211.04
-115.07,47.51,206.79
-118.90,47.43,202.48
-122.58,47.06,198.24
-126.02,46.45,194.20
-129.19,45.66,190.44
-132.05,44.76,186.96
-134.56,43.81,183.79
-136.68,42.81,180.95
-138.46,41.77,178.44
-139.94,40.71,176.23
-141.15,39.64,174.26
-142.11,38.61,172.53
-142.83,37.64,171.00
-143.29,36.76,169.70
-143.48,35.99,168.63
-143.38,35.33,167.83
-143.00,34.79,167.29
-142.40,34.36,167.00
-141.61,34.06,166.95
-140.66,33.87,167.15
-139.58,33.79,167.58
-138.42,33.80,168.27
-137.21,33.89,169.20
-135.94,34.06,170.37
-134.58,34.29,171.76
-133.11,34.62,173.35
-131.49,35.02,175.16
-129.71,35.48,177.17
-127.74,35.97,179.40
-125.60,36.48,181.83
-123.28,36.96,184.43
-120.80,37.41,187.18
-118.19,37.78,190.07
-115.48,38.08,193.07
-112.71,38.29,196.16
-109.94,38.40,199.32
-107.19,38.37,202.54
-104.52,38.19,205.80
-101.97,37.88,209.06
-99.55,37.45,212.30
-97.20,36.91,215.52
-94.93,36.28,218.69
-92.69,35.57,221.80
-90.41,34.87,224.86
-88.18,34.12,227.76
-86.03,33.34,230.46
-83.98,32.48,232.99
-82.11,31.52,235.27
-80.48,30.54,237.26
-79.12,29.57,238.94
-78.10,28.60,240.25
-77.39,27.65,241.18
-76.97,26.71,241.70
-76.77,25.82,241.83
-76.72,25.00,241.62
-76.75,24.26,241.12
-76.83,23.61,240.37
-76.95,23.03,239.41
-77.13,22.55,238.23
-77.42,22.16,236.82
-77.86,21.87,235.11
-78.48,21.70,233.07
-79.28,21.67,230.70
-80.25,21.77,228.03
-81.38,21.96,225.09
-82.62,22.23,221.96
-83.95,22.57,218.69
-85.36,22.98,215.38
-86.85,23.44,212.04
-88.40,23.95,208.75
-89.98,24.48,205.55
