X,Y,Z
112.09,-4.27,351.10
112.08,-4.27,351.11
112.07,-4.26,351.13
112.06,-4.26,351.15
112.06,-4.25,351.17
112.06,-4.25,351.19
112.05,-4.25,351.21
112.05,-4.25,351.22
112.05,-4.24,351.23
112.04,-4.24,351.25
112.04,-4.24,351.26
112.04,-4.23,351.27
112.03,-4.23,351.28
112.03,-4.22,351.29
112.02,-4.22,351.30
112.01,-4.22,351.32
112.01,-4.21,351.33
112.01,-4.21,351.34
112.00,-4.20,351.36
112.00,-4.20,351.37
112.00,-4.20,351.38
111.99,-4.19,351.40
111.99,-4.19,351.41
111.98,-4.19,351.42
111.98,-4.18,351.44
111.98,-4.18,351.45
111.97,-4.17,351.46
111.97,-4.17,351.48
111.97,-4.17,351.49
111.98,-4.17,351.51
111.99,-4.17,351.52
112.00,-4.18,351.54
112.01,-4.19,351.56
112.02,-4.19,351.57
112.03,-4.20,351.59
112.05,-4.21,351.60
112.06,-4.21,351.62
112.07,-4.22,351.63
112.08,-4.23,351.64
112.09,-4.23,351.65
112.10,-4.24,351.66
112.10,-4.24,351.67
112.10,-4.24,351.67
112.10,-4.25,351.68
112.11,-4.24,351.69
112.11,-4.24,351.70
112.11,-4.23,351.71
112.11,-4.23,351.73
112.11,-4.22,351.74
112.11,-4.22,351.76
112.11,-4.22,351.78
112.11,-4.22,351.80
112.12,-4.22,351.82
112.13,-4.23,351.84
112.13,-4.23,351.87
112.13,-4.23,351.88
112.12,-4.22,351.90
112.11,-4.21,351.91
112.10,-4.20,351.93
112.07,-4.19,351.94
112.05,-4.18,351.96
112.03,-4.16,351.97
112.01,-4.15,351.99
111.99,-4.13,352.00
111.96,-4.12,352.02
111.95,-4.11,352.03
111.93,-4.09,352.05
111.91,-4.08,352.06
111.89,-4.07,352.08
111.88,-4.06,352.09
111.87,-4.06,352.11
111.87,-4.06,352.12
111.87,-4.06,352.14
111.88,-4.06,352.16
111.89,-4.07,352.17
111.90,-4.07,352.19
111.90,-4.07,352.20
111.91,-4.07,352.21
111.91,-4.07,352.23
111.91,-4.07,352.24
111.92,-4.07,352.26
111.92,-4.07,352.27
111.92,-4.07,352.28
111.92,-4.07,352.30
111.94,-4.07,352.30
111.95,-4.08,352.31
111.97,-4.09,352.33
111.98,-4.10,352.34
112.00,-4.11,352.34
112.02,-4.12,352.35
112.03,-4.12,352.36
112.03,-4.13,352.37
112.04,-4.14,352.38
112.05,-4.14,352.40
112.05,-4.15,352.41
112.05,-4.15,352.42
112.04,-4.15,352.43
112.04,-4.14,352.45
112.03,-4.14,352.46
112.03,-4.14,352.47
112.02,-4.13,352.49
112.02,-4.13,352.50
112.01,-4.12,352.52
112.01,-4.11,352.53
112.00,-4.11,352.55
112.00,-4.10,352.56
111.99,-4.09,352.58
111.98,-4.08,352.59
111.97,-4.07,352.61
111.96,-4.07,352.62
111.95,-4.06,352.64
111.94,-4.05,352.66
111.93,-4.04,352.67
111.92,-4.03,352.69
111.90,-4.03,352.70
111.89,-4.02,352.72
111.88,-4.01,352.73
111.87,-4.00,352.75
111.87,-4.00,352.76
111.86,-4.00,352.78
111.86,-3.99,352.79
111.85,-3.99,352.81
111.85,-3.99,352.83
111.85,-3.99,352.84
111.85,-3.99,352.86
111.86,-3.99,352.87
111.86,-3.99,352.89
111.86,-3.99,352.90
111.87,-3.99,352.92
111.87,-3.99,352.93
111.87,-4.00,352.95
111.87,-3.99,352.96
111.87,-3.99,352.98
111.87,-3.99,352.99
111.87,-3.99,353.01
111.87,-3.99,353.02
111.86,-3.98,353.04
111.86,-3.98,353.05
111.86,-3.97,353.07
111.86,-3.97,353.08
111.85,-3.97,353.10
111.85,-3.96,353.11
111.85,-3.96,353.12
111.84,-3.95,353.14
111.84,-3.95,353.15
111.84,-3.95,353.16
111.83,-3.95,353.18
111.83,-3.94,353.19
111.83,-3.94,353.21
111.82,-3.94,353.22
111.82,-3.93,353.24
111.81,-3.93,353.25
111.81,-3.92,353.27
111.81,-3.91,353.28
111.80,-3.91,353.30
111.80,-3.91,353.31
111.79,-3.90,353.33
111.79,-3.90,353.34
111.79,-3.90,353.36
111.79,-3.89,353.38
111.79,-3.89,353.39
111.78,-3.88,353.41
111.78,-3.88,353.42
111.78,-3.88,353.43
111.78,-3.88,353.45
111.78,-3.87,353.46
111.78,-3.87,353.48
111.78,-3.87,353.49
111.78,-3.87,353.51
111.78,-3.87,353.52
111.78,-3.87,353.54
111.78,-3.87,353.56
111.78,-3.87,353.57
111.79,-3.86,353.58
111.79,-3.86,353.59
111.79,-3.86,353.61
111.79,-3.86,353.62
111.80,-3.86,353.63
111.80,-3.85,353.65
111.79,-3.85,353.66
111.79,-3.85,353.68
111.78,-3.84,353.70
111.78,-3.84,353.71
111.77,-3.84,353.73
111.77,-3.83,353.75
111.76,-3.83,353.77
111.75,-3.82,353.79
111.74,-3.81,353.80
111.73,-3.81,353.82
111.72,-3.80,353.84
111.72,-3.80,353.85
111.71,-3.80,353.87
111.71,-3.80,353.88
111.71,-3.79,353.90
111.71,-3.79,353.91
111.70,-3.79,353.93
111.70,-3.79,353.94
111.69,-3.79,353.96
111.69,-3.78,353.98
111.69,-3.78,353.99
111.69,-3.78,354.01
111.69,-3.78,354.02
111.69,-3.78,354.04
111.69,-3.78,354.05
111.69,-3.78,354.06
111.70,-3.78,354.07
111.70,-3.78,354.09
111.70,-3.78,354.10
111.71,-3.78,354.11
111.71,-3.78,354.12
111.71,-3.78,354.14
111.71,-3.77,354.15
111.72,-3.77,354.16
111.72,-3.77,354.18
111.72,-3.77,354.19
111.71,-3.77,354.21
111.71,-3.77,354.22
111.71,-3.77,354.24
111.70,-3.77,354.26
111.70,-3.77,354.27
111.71,-3.76,354.28
111.71,-3.76,354.30
111.71,-3.76,354.31
111.72,-3.76,354.32
111.72,-3.76,354.33
111.72,-3.76,354.35
111.72,-3.76,354.36
111.72,-3.75,354.37
111.72,-3.75,354.38
111.72,-3.75,354.40
111.72,-3.75,354.41
111.72,-3.75,354.42
111.72,-3.75,354.43
111.73,-3.75,354.45
111.73,-3.75,354.46
111.73,-3.74,354.47
111.74,-3.74,354.49
111.74,-3.74,354.50
111.73,-3.74,354.52
111.73,-3.73,354.53
111.73,-3.73,354.55
111.73,-3.73,354.56
111.73,-3.73,354.57
111.73,-3.73,354.59
111.72,-3.73,354.60
111.72,-3.72,354.62
111.72,-3.72,354.63
111.72,-3.72,354.65
111.72,-3.72,354.66
111.72,-3.72,354.67
111.72,-3.72,354.69
111.72,-3.72,354.70
111.72,-3.72,354.71
111.72,-3.71,354.72
111.73,-3.71,354.74
111.73,-3.71,354.75
111.73,-3.71,354.76
111.73,-3.71,354.78
111.73,-3.71,354.79
111.74,-3.71,354.80
111.74,-3.71,354.82
111.74,-3.71,354.83
111.74,-3.71,354.84
111.73,-3.70,354.86
111.73,-3.70,354.87
111.73,-3.70,354.89
111.73,-3.70,354.90
111.73,-3.70,354.92
111.73,-3.69,354.93
111.73,-3.69,354.95
111.73,-3.69,354.96
111.72,-3.69,354.98
111.73,-3.69,354.99
111.74,-3.69,355.00
111.74,-3.69,355.01
111.75,-3.69,355.02
111.75,-3.69,355.03
111.76,-3.69,355.05
111.76,-3.69,355.06
111.77,-3.69,355.07
111.77,-3.69,355.08
111.77,-3.69,355.10
111.78,-3.69,355.11
111.78,-3.69,355.12
111.78,-3.69,355.13
111.78,-3.69,355.14
111.79,-3.69,355.16
111.79,-3.69,355.17
111.79,-3.69,355.19
111.79,-3.69,355.20
111.80,-3.69,355.22
111.80,-3.69,355.23
111.80,-3.69,355.24
111.81,-3.69,355.25
111.82,-3.69,355.26
111.82,-3.69,355.27
111.82,-3.69,355.29
111.82,-3.69,355.30
111.82,-3.69,355.31
111.82,-3.68,355.33
111.82,-3.68,355.34
111.82,-3.68,355.35
111.82,-3.68,355.37
111.82,-3.68,355.38
111.82,-3.68,355.39
111.82,-3.68,355.41
111.82,-3.68,355.42
111.82,-3.68,355.43
111.82,-3.67,355.44
111.83,-3.67,355.45
111.83,-3.67,355.46
111.83,-3.67,355.48
111.84,-3.67,355.49
111.84,-3.67,355.50
111.84,-3.67,355.52
111.84,-3.67,355.53
111.84,-3.67,355.54
111.84,-3.67,355.56
111.85,-3.67,355.57
111.85,-3.67,355.59
111.85,-3.66,355.60
111.85,-3.66,355.62
111.85,-3.66,355.63
111.85,-3.66,355.65
111.85,-3.66,355.66
111.84,-3.66,355.67
111.84,-3.66,355.69
111.84,-3.65,355.70
111.84,-3.65,355.72
111.84,-3.65,355.73
111.84,-3.65,355.74
111.84,-3.65,355.76
111.84,-3.64,355.77
111.84,-3.64,355.79
111.84,-3.64,355.80
111.84,-3.64,355.82
111.84,-3.64,355.83
111.84,-3.64,355.84
111.84,-3.64,355.86
111.84,-3.63,355.87
111.84,-3.63,355.88
111.84,-3.63,355.90
111.84,-3.63,355.91
111.83,-3.63,355.93
111.83,-3.63,355.94
111.83,-3.63,355.96
111.83,-3.63,355.97
111.82,-3.63,355.99
111.82,-3.62,356.01
111.83,-3.63,356.02
111.83,-3.63,356.04
111.83,-3.63,356.05
111.83,-3.63,356.06
111.84,-3.63,356.08
111.84,-3.63,356.09
111.84,-3.63,356.10
111.84,-3.63,356.11
111.84,-3.63,356.12
111.85,-3.63,356.14
111.85,-3.63,356.15
111.85,-3.62,356.17
111.85,-3.62,356.18
111.85,-3.62,356.19
111.85,-3.62,356.21
111.85,-3.62,356.22
111.85,-3.62,356.24
111.85,-3.62,356.25
111.85,-3.62,356.26
111.86,-3.62,356.27
111.86,-3.62,356.29
111.86,-3.62,356.30
111.87,-3.62,356.31
111.87,-3.62,356.33
111.87,-3.62,356.34
111.87,-3.62,356.35
111.87,-3.62,356.37
111.87,-3.62,356.38
111.87,-3.62,356.40
111.88,-3.62,356.41
111.88,-3.62,356.42
111.88,-3.61,356.43
111.88,-3.61,356.45
111.88,-3.61,356.46
111.88,-3.61,356.47
111.88,-3.61,356.49
111.88,-3.61,356.50
111.88,-3.61,356.51
111.88,-3.61,356.53
111.89,-3.61,356.54
111.89,-3.61,356.55
111.90,-3.61,356.57
111.90,-3.61,356.58
111.90,-3.61,356.59
111.90,-3.61,356.60
111.91,-3.61,356.62
111.91,-3.61,356.63
111.91,-3.61,356.65
111.91,-3.61,356.66
111.91,-3.61,356.67
111.92,-3.60,356.69
111.92,-3.60,356.70
111.92,-3.60,356.71
111.92,-3.60,356.73
111.92,-3.60,356.74
111.92,-3.60,356.76
111.92,-3.60,356.77
111.92,-3.60,356.78
111.92,-3.60,356.80
111.92,-3.60,356.81
111.93,-3.60,356.82
111.93,-3.60,356.83
111.94,-3.60,356.85
111.94,-3.61,356.86
111.95,-3.61,356.87
111.95,-3.61,356.88
111.95,-3.61,356.90
111.96,-3.61,356.91
111.96,-3.61,356.92
111.96,-3.61,356.94
111.96,-3.61,356.95
111.96,-3.61,356.96
111.96,-3.60,356.98
111.96,-3.60,356.99
111.96,-3.60,357.00
111.96,-3.60,357.02
111.97,-3.59,357.03
111.97,-3.59,357.04
111.97,-3.59,357.05
111.97,-3.59,357.06
111.97,-3.59,357.08
111.97,-3.59,357.09
111.97,-3.59,357.10
111.97,-3.58,357.12
111.97,-3.58,357.13
111.97,-3.58,357.15
111.97,-3.58,357.16
111.97,-3.58,357.17
111.97,-3.58,357.18
111.97,-3.57,357.20
111.97,-3.57,357.21
111.97,-3.57,357.22
111.98,-3.58,357.23
111.98,-3.58,357.24
111.99,-3.58,357.26
111.99,-3.58,357.27
112.00,-3.58,357.28
112.00,-3.59,357.30
112.01,-3.59,357.31
112.01,-3.59,357.32
112.01,-3.59,357.34
112.02,-3.59,357.35
112.02,-3.59,357.36
112.02,-3.59,357.37
112.02,-3.59,357.39
112.02,-3.59,357.40
112.02,-3.59,357.41
112.02,-3.59,357.42
112.02,-3.59,357.43
112.02,-3.59,357.45
112.03,-3.59,357.46
112.03,-3.59,357.47
112.03,-3.59,357.48
112.04,-3.59,357.49
112.04,-3.59,357.51
112.05,-3.59,357.52
112.05,-3.59,357.53
112.05,-3.60,357.54
112.06,-3.60,357.55
112.06,-3.60,357.56
112.06,-3.60,357.57
112.06,-3.60,357.59
112.07,-3.60,357.60
112.07,-3.60,357.61
112.07,-3.60,357.63
112.07,-3.60,357.64
112.07,-3.60,357.66
112.08,-3.60,357.67
112.08,-3.60,357.68
112.08,-3.60,357.70
112.08,-3.60,357.71
112.09,-3.60,357.72
112.09,-3.60,357.73
112.09,-3.60,357.74
112.09,-3.60,357.75
112.09,-3.59,357.77
112.09,-3.59,357.78
112.09,-3.59,357.79
112.09,-3.58,357.81
112.09,-3.58,357.82
112.09,-3.58,357.84
112.09,-3.58,357.85
112.09,-3.58,357.86
112.09,-3.58,357.88
112.09,-3.57,357.89
112.10,-3.57,357.90
112.10,-3.57,357.91
112.10,-3.58,357.92
112.10,-3.58,357.94
112.11,-3.58,357.95
112.11,-3.58,357.96
112.12,-3.58,357.97
112.12,-3.58,357.98
112.12,-3.58,358.00
112.12,-3.58,358.01
112.12,-3.58,358.02
112.12,-3.58,358.04
112.12,-3.58,358.05
112.12,-3.57,358.07
112.12,-3.57,358.08
112.13,-3.58,358.09
112.13,-3.58,358.10
112.14,-3.58,358.11
112.14,-3.58,358.13
112.15,-3.58,358.14
112.15,-3.58,358.15
112.15,-3.58,358.17
112.15,-3.59,358.18
112.15,-3.59,358.19
112.15,-3.59,358.21
112.16,-3.59,358.22
112.16,-3.59,358.23
112.16,-3.58,358.25
112.16,-3.58,358.26
112.15,-3.58,358.27
112.15,-3.58,358.29
112.15,-3.58,358.30
112.16,-3.58,358.32
112.16,-3.58,358.33
112.16,-3.58,358.34
112.16,-3.58,358.36
112.16,-3.58,358.37
112.16,-3.58,358.38
112.17,-3.58,358.40
112.17,-3.58,358.41
112.17,-3.58,358.42
112.17,-3.58,358.44
112.17,-3.57,358.45
112.16,-3.57,358.46
112.16,-3.57,358.48
112.16,-3.56,358.49
112.15,-3.56,358.51
112.15,-3.56,358.52
112.15,-3.55,358.53
112.15,-3.55,358.55
112.15,-3.55,358.56
112.15,-3.55,358.57
112.15,-3.54,358.58
112.15,-3.54,358.60
112.15,-3.54,358.61
112.15,-3.54,358.62
112.15,-3.54,358.64
112.16,-3.54,358.65
112.16,-3.54,358.66
112.16,-3.54,358.68
112.16,-3.54,358.69
112.16,-3.54,358.70
112.16,-3.54,358.72
112.17,-3.54,358.73
112.17,-3.54,358.74
112.18,-3.54,358.75
112.18,-3.54,358.77
112.18,-3.53,358.78
112.18,-3.53,358.79
112.18,-3.53,358.80
112.18,-3.53,358.82
112.18,-3.53,358.83
112.18,-3.52,358.84
112.18,-3.52,358.85
112.18,-3.52,358.86
112.18,-3.52,358.88
112.18,-3.52,358.89
112.18,-3.52,358.90
112.18,-3.52,358.92
112.18,-3.51,358.93
112.18,-3.51,358.94
112.18,-3.51,358.96
112.19,-3.51,358.97
112.19,-3.51,358.98
112.20,-3.51,358.99
112.20,-3.51,359.00
112.21,-3.51,359.02
112.21,-3.51,359.03
112.21,-3.51,359.04
112.22,-3.51,359.05
112.22,-3.51,359.07
112.21,-3.51,359.08
112.21,-3.51,359.09
112.21,-3.51,359.10
112.20,-3.51,359.12
112.20,-3.50,359.13
112.20,-3.50,359.15
112.20,-3.50,359.16
112.20,-3.50,359.17
112.20,-3.50,359.18
112.20,-3.50,359.20
112.20,-3.50,359.21
112.20,-3.50,359.22
112.20,-3.50,359.23
112.21,-3.50,359.25
112.21,-3.50,359.26
112.21,-3.50,359.27
112.21,-3.50,359.29
112.22,-3.50,359.30
112.22,-3.50,359.31
112.22,-3.50,359.32
112.22,-3.50,359.33
112.23,-3.50,359.35
112.24,-3.50,359.36
112.24,-3.50,359.37
112.24,-3.50,359.38
112.25,-3.51,359.40
112.25,-3.51,359.41
112.25,-3.51,359.42
112.26,-3.51,359.43
112.26,-3.52,359.44
112.27,-3.52,359.45
112.27,-3.52,359.46
112.27,-3.52,359.47
112.28,-3.51,359.49
112.28,-3.52,359.50
112.28,-3.51,359.51
112.27,-3.51,359.52
112.27,-3.51,359.54
112.27,-3.51,359.55
112.27,-3.50,359.56
112.27,-3.50,359.58
112.27,-3.50,359.59
112.27,-3.50,359.61
112.27,-3.50,359.62
112.27,-3.50,359.63
112.27,-3.50,359.65
112.27,-3.50,359.66
112.27,-3.49,359.68
112.26,-3.49,359.69
112.26,-3.49,359.71
112.26,-3.49,359.72
112.26,-3.49,359.74
112.26,-3.49,359.75
112.26,-3.49,359.76
112.27,-3.49,359.77
112.27,-3.49,359.78
112.28,-3.49,359.79
112.29,-3.50,359.80
112.29,-3.50,359.82
112.30,-3.50,359.83
112.30,-3.51,359.84
112.31,-3.51,359.85
112.31,-3.51,359.87
112.32,-3.51,359.88
112.32,-3.51,359.89
112.32,-3.51,359.90
112.33,-3.51,359.92
112.33,-3.51,359.93
112.33,-3.51,359.94
112.33,-3.51,359.95
112.33,-3.50,359.97
112.33,-3.50,359.98
112.33,-3.50,359.99
112.33,-3.50,0.00
112.34,-3.50,0.02
112.34,-3.51,0.03
112.34,-3.51,0.04
112.34,-3.51,0.05
112.34,-3.51,0.07
112.34,-3.50,0.08
112.34,-3.50,0.09
112.34,-3.50,0.11
112.35,-3.50,0.12
112.35,-3.50,0.13
112.35,-3.50,0.14
112.35,-3.50,0.15
112.36,-3.50,0.16
112.36,-3.50,0.17
112.37,-3.50,0.18
112.38,-3.50,0.19
112.38,-3.50,0.20
112.39,-3.50,0.21
112.39,-3.50,0.22
112.40,-3.50,0.23
112.40,-3.50,0.24
112.39,-3.50,0.26
112.39,-3.50,0.27
112.39,-3.50,0.29
112.39,-3.49,0.30
112.38,-3.49,0.31
112.38,-3.49,0.32
112.38,-3.49,0.33
112.39,-3.49,0.35
112.39,-3.49,0.36
112.39,-3.49,0.37
112.39,-3.49,0.38
112.39,-3.49,0.40
112.39,-3.49,0.41
112.39,-3.49,0.42
112.39,-3.49,0.43
112.39,-3.49,0.45
112.39,-3.49,0.46
112.39,-3.49,0.47
112.39,-3.49,0.48
112.39,-3.48,0.50
112.39,-3.48,0.51
112.39,-3.48,0.52
112.39,-3.48,0.54
112.38,-3.48,0.55
112.38,-3.48,0.57
112.38,-3.48,0.58
112.38,-3.47,0.60
112.38,-3.47,0.61
112.38,-3.47,0.63
112.37,-3.47,0.64
112.37,-3.47,0.66
112.37,-3.47,0.67
112.36,-3.47,0.69
112.36,-3.47,0.70
112.36,-3.47,0.72
112.36,-3.47,0.73
112.36,-3.47,0.74
112.37,-3.47,0.76
112.37,-3.47,0.77
112.37,-3.47,0.78
112.37,-3.47,0.79
112.38,-3.47,0.80
112.38,-3.47,0.82
112.38,-3.47,0.83
112.38,-3.48,0.85
112.38,-3.47,0.86
112.38,-3.47,0.87
112.37,-3.47,0.89
112.37,-3.47,0.90
112.36,-3.47,0.92
112.36,-3.47,0.93
112.35,-3.46,0.95
112.36,-3.46,0.96
112.35,-3.46,0.97
112.35,-3.46,0.99
112.36,-3.46,1.00
112.36,-3.46,1.01
112.36,-3.46,1.02
112.36,-3.46,1.04
112.35,-3.45,1.05
112.35,-3.45,1.07
112.35,-3.45,1.08
112.34,-3.45,1.10
112.35,-3.45,1.11
112.35,-3.45,1.12
112.35,-3.45,1.13
112.35,-3.45,1.15
112.35,-3.44,1.16
112.35,-3.44,1.17
112.36,-3.45,1.19
112.36,-3.45,1.20
112.36,-3.45,1.21
112.37,-3.45,1.22
112.37,-3.45,1.23
112.37,-3.45,1.25
112.37,-3.45,1.26
112.37,-3.45,1.27
112.37,-3.45,1.28
112.37,-3.45,1.30
112.37,-3.45,1.31
112.37,-3.45,1.32
112.37,-3.44,1.34
112.37,-3.44,1.35
112.37,-3.44,1.36
112.37,-3.44,1.38
112.37,-3.44,1.39
112.37,-3.44,1.40
112.37,-3.43,1.42
112.37,-3.43,1.43
112.37,-3.43,1.44
112.37,-3.43,1.46
112.36,-3.43,1.47
112.36,-3.43,1.49
112.36,-3.43,1.50
112.36,-3.42,1.51
112.36,-3.42,1.53
112.36,-3.42,1.54
112.36,-3.42,1.55
112.36,-3.42,1.56
112.36,-3.42,1.58
112.35,-3.41,1.60
112.34,-3.41,1.61
112.34,-3.41,1.63
112.34,-3.41,1.64
112.33,-3.40,1.66
112.33,-3.41,1.67
112.34,-3.41,1.68
112.34,-3.41,1.69
112.34,-3.41,1.71
112.34,-3.41,1.72
112.35,-3.41,1.73
112.35,-3.41,1.75
112.34,-3.41,1.76
112.35,-3.41,1.77
112.35,-3.40,1.78
112.35,-3.40,1.80
112.35,-3.40,1.81
112.34,-3.40,1.83
112.34,-3.40,1.84
112.34,-3.40,1.85
112.34,-3.39,1.87
112.34,-3.39,1.88
112.34,-3.39,1.89
112.34,-3.39,1.91
112.35,-3.39,1.92
112.35,-3.39,1.93
112.34,-3.39,1.94
112.34,-3.39,1.95
112.35,-3.39,1.96
112.35,-3.39,1.97
112.36,-3.39,1.98
112.36,-3.39,1.99
112.37,-3.40,2.00
112.38,-3.40,2.01
112.38,-3.40,2.02
112.39,-3.40,2.03
112.39,-3.41,2.04
112.40,-3.41,2.05
112.41,-3.41,2.06
112.42,-3.41,2.07
112.42,-3.41,2.09
112.42,-3.41,2.10
112.43,-3.42,2.11
112.43,-3.42,2.12
112.43,-3.42,2.13
112.44,-3.42,2.14
112.44,-3.42,2.15
112.44,-3.41,2.17
112.44,-3.41,2.18
112.44,-3.41,2.19
112.44,-3.41,2.20
112.44,-3.41,2.22
112.44,-3.41,2.23
112.44,-3.41,2.24
112.44,-3.41,2.25
112.44,-3.41,2.27
112.44,-3.41,2.28
112.43,-3.41,2.29
112.44,-3.41,2.30
112.44,-3.41,2.32
112.44,-3.41,2.33
112.45,-3.41,2.34
112.45,-3.41,2.35
112.45,-3.41,2.36
112.45,-3.41,2.38
112.45,-3.41,2.39
112.45,-3.41,2.40
112.45,-3.41,2.42
112.45,-3.40,2.43
112.44,-3.40,2.44
112.44,-3.40,2.46
112.44,-3.40,2.47
112.45,-3.40,2.48
112.45,-3.39,2.49
112.45,-3.39,2.50
112.45,-3.39,2.52
112.45,-3.39,2.53
112.45,-3.39,2.54
112.44,-3.39,2.56
112.44,-3.39,2.57
112.44,-3.38,2.58
112.44,-3.38,2.60
112.44,-3.38,2.61
112.45,-3.38,2.62
112.45,-3.38,2.63
112.45,-3.38,2.64
112.45,-3.39,2.66
112.45,-3.39,2.67
112.45,-3.39,2.68
112.45,-3.39,2.69
112.45,-3.39,2.70
112.45,-3.38,2.72
112.45,-3.38,2.73
112.45,-3.38,2.74
112.45,-3.39,2.75
112.45,-3.38,2.77
112.45,-3.38,2.78
112.45,-3.38,2.79
112.45,-3.38,2.81
112.45,-3.38,2.82
112.45,-3.38,2.83
112.45,-3.37,2.84
112.44,-3.38,2.86
112.44,-3.37,2.87
112.44,-3.37,2.89
112.45,-3.37,2.90
112.45,-3.37,2.91
112.45,-3.37,2.93
112.46,-3.37,2.94
112.46,-3.38,2.95
112.46,-3.38,2.96
112.46,-3.38,2.98
112.46,-3.38,2.99
112.46,-3.38,3.00
112.46,-3.38,3.01
112.46,-3.38,3.02
112.47,-3.38,3.04
112.47,-3.38,3.05
112.47,-3.38,3.06
112.46,-3.38,3.08
112.46,-3.38,3.09
112.46,-3.38,3.10
112.47,-3.38,3.12
112.47,-3.37,3.13
112.46,-3.37,3.14
112.46,-3.37,3.16
112.46,-3.37,3.17
112.46,-3.37,3.18
112.46,-3.37,3.19
112.46,-3.37,3.20
112.47,-3.37,3.22
112.47,-3.36,3.23
112.47,-3.36,3.24
112.47,-3.36,3.25
112.47,-3.36,3.27
112.47,-3.36,3.28
112.46,-3.35,3.29
112.46,-3.35,3.30
112.46,-3.35,3.31
112.46,-3.35,3.33
112.47,-3.35,3.34
112.47,-3.35,3.35
112.48,-3.35,3.36
112.48,-3.35,3.37
112.48,-3.35,3.38
112.49,-3.35,3.39
112.48,-3.35,3.41
112.48,-3.35,3.42
112.48,-3.35,3.43
112.48,-3.34,3.45
112.48,-3.34,3.46
112.47,-3.34,3.48
112.47,-3.34,3.49
112.48,-3.34,3.50
112.48,-3.34,3.51
112.48,-3.34,3.52
112.48,-3.34,3.53
112.49,-3.34,3.54
112.49,-3.34,3.56
112.49,-3.34,3.57
112.48,-3.34,3.58
112.48,-3.34,3.60
112.48,-3.34,3.61
112.48,-3.33,3.62
112.48,-3.33,3.64
112.48,-3.33,3.65
112.48,-3.33,3.66
112.48,-3.33,3.67
112.48,-3.32,3.69
112.48,-3.32,3.70
112.48,-3.32,3.71
112.48,-3.32,3.72
112.48,-3.32,3.74
112.49,-3.32,3.75
112.49,-3.32,3.76
112.49,-3.32,3.77
112.49,-3.32,3.78
112.49,-3.32,3.79
112.49,-3.32,3.81
112.50,-3.32,3.82
112.50,-3.32,3.83
112.50,-3.32,3.84
112.50,-3.32,3.85
112.50,-3.31,3.86
112.50,-3.31,3.88
112.50,-3.31,3.89
112.50,-3.31,3.90
112.50,-3.31,3.92
112.50,-3.30,3.93
112.50,-3.30,3.94
112.51,-3.30,3.95
112.51,-3.30,3.96
112.51,-3.31,3.97
112.52,-3.31,3.98
112.52,-3.31,4.00
112.53,-3.31,4.01
112.53,-3.31,4.02
112.54,-3.31,4.03
112.54,-3.31,4.04
112.55,-3.31,4.05
112.55,-3.32,4.06
112.56,-3.32,4.07
112.57,-3.32,4.08
112.57,-3.32,4.09
112.58,-3.32,4.10
112.58,-3.32,4.11
112.58,-3.32,4.12
112.59,-3.32,4.14
112.59,-3.32,4.15
112.59,-3.32,4.16
112.60,-3.32,4.17
112.60,-3.32,4.18
112.60,-3.32,4.19
112.60,-3.32,4.21
112.60,-3.32,4.22
112.61,-3.32,4.23
112.61,-3.32,4.24
112.61,-3.32,4.25
112.61,-3.32,4.26
112.62,-3.32,4.27
112.62,-3.32,4.28
112.62,-3.32,4.28
112.63,-3.32,4.30
112.63,-3.32,4.31
112.62,-3.31,4.32
112.62,-3.31,4.33
112.63,-3.31,4.34
112.63,-3.31,4.36
112.63,-3.31,4.37
112.64,-3.32,4.38
112.64,-3.32,4.39
112.65,-3.32,4.40
112.65,-3.33,4.41
112.66,-3.33,4.42
112.67,-3.33,4.43
112.67,-3.33,4.44
112.67,-3.34,4.45
112.68,-3.34,4.46
112.68,-3.34,4.47
112.69,-3.34,4.48
112.69,-3.34,4.50
112.69,-3.34,4.51
112.68,-3.34,4.52
112.68,-3.34,4.54
112.68,-3.33,4.55
112.67,-3.33,4.56
112.67,-3.33,4.58
112.68,-3.33,4.59
112.68,-3.33,4.60
112.68,-3.33,4.61
112.68,-3.33,4.63
112.68,-3.33,4.64
112.68,-3.33,4.65
112.68,-3.33,4.66
112.68,-3.33,4.67
112.68,-3.32,4.68
112.69,-3.32,4.69
112.69,-3.32,4.70
112.69,-3.32,4.72
112.68,-3.32,4.73
112.68,-3.32,4.74
112.68,-3.31,4.76
112.68,-3.31,4.77
112.68,-3.31,4.79
112.69,-3.32,4.80
112.69,-3.32,4.81
112.70,-3.32,4.82
112.70,-3.33,4.83
112.71,-3.33,4.84
112.71,-3.33,4.85
112.71,-3.33,4.86
112.71,-3.33,4.88
112.71,-3.33,4.89
112.70,-3.33,4.90
112.70,-3.32,4.92
112.70,-3.32,4.93
112.70,-3.32,4.94
112.70,-3.32,4.95
112.70,-3.32,4.96
112.70,-3.32,4.98
112.70,-3.32,4.99
112.71,-3.32,5.00
112.71,-3.32,5.01
112.71,-3.32,5.02
112.72,-3.32,5.03
112.72,-3.32,5.04
112.72,-3.32,5.05
112.72,-3.32,5.06
112.72,-3.32,5.08
112.72,-3.31,5.09
112.73,-3.31,5.10
112.73,-3.31,5.11
112.73,-3.31,5.12
112.73,-3.31,5.14
112.73,-3.31,5.15
112.73,-3.31,5.16
112.74,-3.31,5.17
112.74,-3.32,5.18
112.74,-3.32,5.19
112.75,-3.32,5.20
112.75,-3.32,5.21
112.75,-3.32,5.23
112.75,-3.32,5.24
112.75,-3.32,5.25
112.75,-3.32,5.26
112.75,-3.32,5.28
112.75,-3.31,5.29
112.75,-3.31,5.30
112.75,-3.31,5.31
112.75,-3.31,5.33
112.75,-3.31,5.34
112.75,-3.31,5.36
112.75,-3.31,5.37
112.75,-3.31,5.38
112.75,-3.31,5.39
112.75,-3.31,5.41
112.75,-3.31,5.42
112.75,-3.31,5.43
112.76,-3.31,5.44
112.76,-3.31,5.46
112.75,-3.31,5.47
112.75,-3.31,5.48
112.75,-3.30,5.49
112.74,-3.30,5.51
112.74,-3.30,5.52
112.74,-3.29,5.53
112.74,-3.29,5.55
112.73,-3.29,5.56
112.73,-3.29,5.58
112.74,-3.29,5.59
112.74,-3.30,5.60
112.75,-3.30,5.61
112.76,-3.31,5.62
112.77,-3.31,5.63
112.78,-3.32,5.65
112.79,-3.32,5.66
112.80,-3.32,5.67
112.81,-3.33,5.68
112.82,-3.33,5.69
112.83,-3.34,5.70
112.83,-3.34,5.71
112.84,-3.34,5.72
112.84,-3.34,5.73
112.84,-3.34,5.74
112.85,-3.34,5.75
112.85,-3.34,5.77
112.86,-3.35,5.78
112.86,-3.35,5.79
112.87,-3.36,5.80
112.88,-3.36,5.82
112.90,-3.37,5.83
112.91,-3.37,5.85
112.92,-3.38,5.86
112.93,-3.38,5.87
112.94,-3.39,5.88
112.94,-3.39,5.89
112.94,-3.39,5.90
112.94,-3.38,5.92
112.93,-3.38,5.93
112.92,-3.37,5.94
112.91,-3.36,5.95
112.90,-3.36,5.97
112.89,-3.35,5.98
112.87,-3.34,5.99
112.86,-3.33,6.01
112.84,-3.32,6.02
112.82,-3.31,6.03
112.81,-3.30,6.05
112.80,-3.29,6.06
112.79,-3.28,6.07
112.78,-3.27,6.08
112.76,-3.27,6.09
112.75,-3.26,6.10
112.74,-3.25,6.11
112.73,-3.25,6.12
112.73,-3.25,6.14
112.73,-3.25,6.15
112.73,-3.25,6.16
112.73,-3.25,6.17
112.74,-3.25,6.18
112.74,-3.25,6.19
112.75,-3.25,6.20
112.75,-3.25,6.21
112.75,-3.25,6.22
112.75,-3.25,6.23
112.75,-3.25,6.24
112.76,-3.26,6.25
112.76,-3.26,6.26
112.76,-3.26,6.27
112.77,-3.26,6.28
112.77,-3.26,6.29
112.78,-3.26,6.29
112.79,-3.26,6.30
112.80,-3.27,6.31
112.81,-3.27,6.32
112.83,-3.28,6.32
112.84,-3.29,6.33
112.86,-3.30,6.34
112.88,-3.30,6.35
112.90,-3.31,6.36
112.91,-3.32,6.37
112.91,-3.32,6.38
112.92,-3.33,6.39
112.92,-3.33,6.40
112.92,-3.33,6.41
112.92,-3.33,6.42
112.92,-3.33,6.43
112.92,-3.33,6.45
112.92,-3.32,6.46
112.92,-3.32,6.47
112.92,-3.32,6.48
112.91,-3.31,6.50
112.91,-3.31,6.51
112.91,-3.31,6.52
112.90,-3.30,6.54
112.89,-3.30,6.55
112.89,-3.29,6.56
112.88,-3.29,6.57
112.87,-3.28,6.57
112.86,-3.27,6.58
112.85,-3.27,6.59
112.84,-3.26,6.60
112.84,-3.26,6.61
112.83,-3.25,6.62
112.82,-3.25,6.64
112.82,-3.25,6.65
112.82,-3.25,6.65
112.82,-3.25,6.67
112.83,-3.25,6.68
112.84,-3.26,6.69
112.85,-3.26,6.70
112.86,-3.27,6.71
112.87,-3.28,6.71
112.89,-3.29,6.72
112.90,-3.30,6.73
112.92,-3.31,6.74
112.93,-3.32,6.74
112.95,-3.33,6.75
112.96,-3.34,6.76
112.98,-3.35,6.76
113.00,-3.36,6.77
113.02,-3.37,6.78
113.04,-3.38,6.79
113.06,-3.40,6.81
113.08,-3.41,6.82
113.11,-3.42,6.83
113.12,-3.43,6.83
113.13,-3.44,6.84
113.14,-3.44,6.85
113.14,-3.45,6.86
113.15,-3.45,6.88
113.15,-3.44,6.89
113.14,-3.43,6.90
113.13,-3.42,6.91
113.12,-3.41,6.92
113.11,-3.40,6.94
113.09,-3.39,6.95
113.08,-3.38,6.97
113.07,-3.38,6.98
113.06,-3.37,7.00
113.05,-3.36,7.01
113.04,-3.36,7.03
113.03,-3.35,7.04
113.03,-3.35,7.06
113.02,-3.35,7.07
113.02,-3.35,7.08
113.02,-3.35,7.09
113.02,-3.34,7.11
113.01,-3.34,7.12
113.01,-3.34,7.13
113.02,-3.35,7.14
113.02,-3.35,7.15
113.02,-3.35,7.16
113.03,-3.36,7.18
113.03,-3.36,7.19
113.04,-3.37,7.20
113.05,-3.37,7.21
113.06,-3.37,7.22
113.07,-3.38,7.23
113.07,-3.38,7.24
113.08,-3.38,7.25
113.08,-3.39,7.26
113.09,-3.39,7.27
113.09,-3.39,7.28
113.09,-3.39,7.29
113.09,-3.39,7.30
113.09,-3.39,7.31
113.09,-3.38,7.32
113.09,-3.38,7.33
113.08,-3.37,7.34
113.08,-3.37,7.35
113.07,-3.36,7.37
113.07,-3.36,7.38
113.07,-3.35,7.38
113.07,-3.35,7.39
113.08,-3.35,7.40
113.09,-3.35,7.41
113.10,-3.36,7.41
113.11,-3.36,7.42
113.12,-3.36,7.42
113.14,-3.37,7.42
113.14,-3.38,7.43
113.16,-3.39,7.44
113.20,-3.40,7.45
113.23,-3.41,7.47
113.27,-3.42,7.48
113.31,-3.43,7.50
113.35,-3.45,7.51
113.39,-3.46,7.52
113.42,-3.47,7.52
113.45,-3.48,7.53
113.48,-3.49,7.54
113.51,-3.50,7.55
113.53,-3.51,7.56
113.56,-3.52,7.57
113.57,-3.53,7.58
113.59,-3.53,7.60
113.59,-3.53,7.61
113.59,-3.53,7.62
113.58,-3.52,7.63
113.56,-3.51,7.64
113.54,-3.50,7.66
113.52,-3.49,7.67
113.49,-3.47,7.68
113.46,-3.46,7.70
113.44,-3.44,7.71
113.42,-3.43,7.73
113.40,-3.42,7.74
113.39,-3.41,7.76
113.38,-3.40,7.77
113.38,-3.40,7.78
113.37,-3.40,7.79
113.36,-3.39,7.80
113.36,-3.39,7.81
113.35,-3.39,7.82
113.34,-3.39,7.83
113.33,-3.39,7.84
113.32,-3.38,7.85
113.31,-3.38,7.86
113.30,-3.37,7.87
113.30,-3.37,7.88
113.29,-3.37,7.89
113.28,-3.37,7.90
113.28,-3.37,7.91
113.28,-3.37,7.92
113.28,-3.36,7.93
113.27,-3.36,7.94
113.27,-3.36,7.95
113.27,-3.36,7.96
113.27,-3.36,7.97
113.27,-3.36,7.99
113.27,-3.36,8.00
113.27,-3.35,8.01
113.27,-3.35,8.03
113.26,-3.35,8.04
113.25,-3.34,8.05
113.25,-3.34,8.07
113.25,-3.34,8.08
113.25,-3.34,8.10
113.24,-3.33,8.12
113.24,-3.33,8.13
113.23,-3.33,8.14
113.23,-3.33,8.16
113.23,-3.33,8.17
113.22,-3.33,8.19
113.22,-3.33,8.20
113.21,-3.32,8.21
113.21,-3.32,8.22
113.20,-3.32,8.23
113.20,-3.31,8.24
113.19,-3.31,8.25
113.18,-3.31,8.26
113.18,-3.31,8.27
113.18,-3.31,8.28
113.18,-3.31,8.29
113.17,-3.32,8.31
113.18,-3.32,8.32
113.18,-3.32,8.33
113.18,-3.33,8.33
113.18,-3.33,8.35
113.17,-3.32,8.36
113.17,-3.32,8.37
113.17,-3.32,8.38
113.16,-3.31,8.39
113.15,-3.31,8.41
113.14,-3.30,8.42
113.13,-3.29,8.44
113.12,-3.28,8.45
113.10,-3.27,8.47
113.08,-3.26,8.48
113.06,-3.25,8.49
113.04,-3.24,8.51
113.02,-3.23,8.52
113.00,-3.22,8.54
112.99,-3.22,8.55
112.98,-3.21,8.56
112.97,-3.20,8.58
112.96,-3.20,8.59
112.95,-3.20,8.60
112.95,-3.19,8.61
112.95,-3.19,8.62
112.95,-3.19,8.63
112.95,-3.20,8.64
112.96,-3.20,8.65
112.97,-3.20,8.65
112.98,-3.21,8.66
112.99,-3.22,8.68
112.99,-3.22,8.69
113.00,-3.23,8.70
113.01,-3.23,8.71
113.01,-3.24,8.72
113.02,-3.24,8.74
113.02,-3.24,8.75
113.02,-3.24,8.76
113.03,-3.24,8.77
113.03,-3.24,8.79
113.02,-3.24,8.80
113.02,-3.23,8.81
113.02,-3.23,8.83
113.01,-3.22,8.84
113.01,-3.22,8.85
113.00,-3.21,8.86
112.99,-3.21,8.87
112.99,-3.21,8.88
112.98,-3.21,8.89
112.98,-3.20,8.90
112.98,-3.20,8.91
112.97,-3.20,8.92
112.97,-3.20,8.93
112.97,-3.19,8.94
112.97,-3.19,8.95
112.97,-3.19,8.96
112.97,-3.19,8.97
112.97,-3.19,8.99
112.97,-3.19,9.00
112.97,-3.20,9.01
112.98,-3.20,9.02
112.99,-3.20,9.03
112.99,-3.20,9.04
113.00,-3.20,9.05
113.01,-3.21,9.06
113.01,-3.21,9.07
113.02,-3.21,9.08
113.02,-3.22,9.10
113.03,-3.22,9.11
113.03,-3.22,9.12
113.03,-3.22,9.13
113.04,-3.23,9.14
113.04,-3.23,9.15
113.04,-3.23,9.16
113.05,-3.23,9.17
113.05,-3.23,9.18
113.05,-3.23,9.19
113.05,-3.24,9.20
113.05,-3.24,9.21
113.05,-3.24,9.23
113.05,-3.24,9.24
113.05,-3.24,9.25
113.05,-3.24,9.26
113.05,-3.24,9.27
113.04,-3.24,9.28
113.03,-3.24,9.29
113.03,-3.23,9.30
113.03,-3.23,9.32
113.02,-3.23,9.33
113.02,-3.23,9.34
113.02,-3.23,9.35
113.02,-3.22,9.36
113.02,-3.22,9.37
113.02,-3.22,9.38
113.02,-3.22,9.39
113.02,-3.22,9.40
113.03,-3.22,9.41
113.03,-3.22,9.42
113.04,-3.22,9.43
113.05,-3.22,9.44
113.06,-3.23,9.45
113.06,-3.23,9.46
113.07,-3.23,9.47
113.07,-3.24,9.48
113.08,-3.24,9.49
113.08,-3.25,9.51
113.10,-3.26,9.51
113.12,-3.27,9.52
113.13,-3.27,9.53
113.15,-3.28,9.54
113.16,-3.29,9.54
113.17,-3.30,9.55
113.18,-3.30,9.56
113.18,-3.30,9.57
113.19,-3.30,9.59
113.19,-3.31,9.60
113.19,-3.31,9.61
113.19,-3.31,9.62
113.19,-3.31,9.63
113.19,-3.31,9.64
113.19,-3.31,9.65
113.19,-3.30,9.66
113.19,-3.30,9.67
113.19,-3.30,9.68
113.18,-3.29,9.70
113.18,-3.29,9.71
113.17,-3.28,9.72
113.17,-3.28,9.73
113.16,-3.27,9.74
113.15,-3.27,9.76
113.15,-3.27,9.77
113.14,-3.27,9.78
113.14,-3.26,9.80
113.14,-3.26,9.81
113.14,-3.26,9.82
113.14,-3.26,9.83
113.15,-3.26,9.84
113.15,-3.26,9.85
113.15,-3.27,9.86
113.16,-3.27,9.87
113.17,-3.27,9.88
113.18,-3.28,9.89
113.19,-3.28,9.90
113.20,-3.29,9.91
113.21,-3.29,9.92
113.22,-3.30,9.93
113.23,-3.30,9.94
113.24,-3.31,9.94
113.24,-3.31,9.95
113.25,-3.31,9.96
113.25,-3.31,9.98
113.25,-3.31,9.99
113.25,-3.32,10.00
113.25,-3.32,10.01
113.25,-3.31,10.02
113.24,-3.31,10.04
113.24,-3.31,10.05
113.24,-3.31,10.06
113.24,-3.31,10.07
113.24,-3.31,10.09
113.24,-3.31,10.09
113.25,-3.31,10.10
113.25,-3.31,10.11
113.25,-3.31,10.12
113.26,-3.31,10.13
113.26,-3.31,10.14
113.26,-3.30,10.15
113.26,-3.30,10.16
113.26,-3.30,10.17
113.26,-3.31,10.18
113.27,-3.31,10.20
113.27,-3.31,10.20
113.27,-3.31,10.21
113.28,-3.31,10.22
113.28,-3.31,10.23
113.29,-3.32,10.24
113.29,-3.32,10.25
113.29,-3.32,10.26
113.30,-3.32,10.27
113.30,-3.32,10.28
113.30,-3.32,10.30
113.30,-3.32,10.31
113.30,-3.33,10.32
113.31,-3.33,10.33
113.31,-3.33,10.33
113.32,-3.34,10.34
113.33,-3.34,10.35
113.33,-3.34,10.36
113.34,-3.34,10.37
113.34,-3.35,10.38
113.33,-3.34,10.39
113.33,-3.34,10.40
113.33,-3.34,10.42
113.33,-3.34,10.43
113.33,-3.34,10.44
113.33,-3.34,10.45
113.33,-3.34,10.46
113.33,-3.34,10.47
113.34,-3.34,10.48
113.34,-3.34,10.49
113.34,-3.34,10.50
113.34,-3.33,10.51
113.34,-3.33,10.52
113.34,-3.34,10.53
113.34,-3.34,10.54
113.34,-3.34,10.55
113.34,-3.34,10.56
113.34,-3.34,10.57
113.35,-3.34,10.58
113.35,-3.35,10.59
113.35,-3.35,10.60
113.36,-3.35,10.61
113.36,-3.35,10.62
113.36,-3.35,10.64
113.36,-3.36,10.65
113.36,-3.36,10.66
113.37,-3.36,10.67
113.37,-3.36,10.68
113.37,-3.36,10.69
113.37,-3.36,10.70
113.36,-3.36,10.72
113.36,-3.36,10.73
113.36,-3.36,10.74
113.36,-3.36,10.75
113.36,-3.36,10.76
113.36,-3.36,10.77
113.36,-3.36,10.78
113.36,-3.37,10.79
113.37,-3.37,10.80
113.37,-3.37,10.81
113.37,-3.37,10.83
113.37,-3.37,10.84
113.37,-3.37,10.85
113.37,-3.37,10.86
113.37,-3.37,10.87
113.37,-3.37,10.88
113.37,-3.37,10.89
113.37,-3.37,10.90
113.37,-3.37,10.92
113.37,-3.37,10.93
113.37,-3.37,10.94
