-,-,-
-0.85,0.48,-0.03,6.77,-151.00,48.40,0.97,158.71,3,734,13,22
-1.06,0.40,0.09,9.64,-75.38,104.43,1.14,129.15,3,741,12,23
-0.90,0.30,-0.08,12.02,12.57,155.70,0.95,156.67,3,746,13,23
-0.57,0.37,-0.21,-15.62,57.74,200.99,0.71,209.70,3,741,11,26
-0.31,0.79,-0.05,-38.76,60.00,234.62,0.85,245.25,3,749,14,26
0.19,0.99,-0.01,-44.19,16.42,226.26,1.00,231.12,4,750,13,23
0.39,1.33,0.24,-48.16,-31.62,201.72,1.41,209.79,4,751,13,24
0.18,1.46,0.24,-38.51,-33.20,183.90,1.49,190.80,5,746,14,25
0.50,1.50,0.05,-33.81,-12.39,191.04,1.58,194.40,5,750,14,26
0.67,1.56,0.21,-42.97,13.79,177.12,1.71,182.78,5,761,13,23
1.05,1.54,0.34,-46.69,50.48,167.24,1.89,180.82,5,764,17,23
1.25,1.53,0.52,-42.54,64.45,134.22,2.05,154.85,5,765,15,20
1.55,1.41,0.41,-6.90,66.47,122.25,2.13,139.32,5,762,15,19
1.94,0.97,-0.09,21.36,55.11,76.42,2.17,96.61,5,758,14,17
1.98,0.76,-0.06,-3.42,15.81,2.50,2.12,16.37,5,762,12,21
1.41,1.02,0.32,-0.24,15.26,-43.88,1.77,46.46,5,769,14,19
-1.27,-0.52,-0.02,66.28,26.61,-172.55,1.37,186.75,5,658,8,53
0.36,1.76,-0.08,7.57,3.85,-262.21,1.80,262.34,6,543,8,107
0.33,1.13,-0.00,11.17,4.33,-66.59,1.18,67.66,49,430,12,137
0.09,0.86,0.12,37.23,-1.04,-11.60,0.87,39.01,138,436,28,140
0.13,0.91,0.05,-4.09,0.31,-11.60,0.92,12.30,161,443,40,135
0.13,0.98,0.03,-7.51,-1.95,-4.09,0.98,8.77,225,438,52,134
0.12,0.98,0.03,-8.48,-2.56,-1.40,0.98,8.97,285,438,57,143
0.11,1.02,0.00,3.48,-1.89,-2.01,1.02,4.44,568,432,62,150
0.11,0.99,0.03,11.96,-0.73,-1.77,0.99,12.12,427,441,69,150
0.11,0.95,0.05,9.70,-0.12,-2.62,0.96,10.05,317,446,79,151
0.11,0.97,0.05,2.32,0.37,-2.62,0.97,3.52,352,452,85,149
0.11,0.99,0.03,0.31,1.40,-3.54,0.99,3.82,393,463,93,147
0.11,1.00,0.03,1.83,2.20,-4.33,1.01,5.19,379,474,102,139
0.12,1.00,0.03,5.43,2.62,-7.32,1.01,9.49,420,486,107,127
0.12,0.98,0.06,2.69,3.30,-11.90,0.99,12.64,618,506,118,100
0.14,1.04,0.02,3.78,1.34,-24.35,1.05,24.68,813,542,130,51
0.11,1.04,0.09,6.23,-5.68,-43.58,1.05,44.39,406,614,134,24
0.21,0.87,-0.01,-15.26,3.23,-60.55,0.90,62.52,647,673,141,14
0.17,1.40,0.15,-36.13,8.30,-70.37,1.42,79.54,344,715,146,10
0.24,1.41,-0.00,-32.90,11.23,-95.76,1.43,101.88,232,751,149,8
0.26,1.59,-0.06,-16.36,8.42,-124.51,1.61,125.86,108,775,151,9
0.19,2.07,-0.02,1.46,2.14,-177.31,2.08,177.33,55,789,144,8
0.13,2.80,-0.09,-4.82,7.45,-302.12,2.80,302.25,21,807,96,10
0.08,2.16,-0.21,-28.87,1.34,-391.24,2.17,392.30,6,768,39,21
-0.92,1.54,-0.52,-62.68,-56.15,-229.49,1.86,244.44,5,764,13,20
-1.12,1.36,-0.17,26.98,-200.50,-24.48,1.77,203.78,4,755,14,22
-1.77,0.30,-0.07,80.81,-110.84,49.62,1.79,145.87,3,754,12,24
-1.43,-0.13,-0.37,38.39,-3.30,101.68,1.48,108.74,3,756,14,24
-0.98,0.23,-0.35,-21.00,42.85,164.98,1.06,171.74,3,760,15,25
-0.49,0.67,-0.25,-39.00,33.94,212.28,0.86,218.48,4,761,15,22
0.03,1.01,-0.11,-39.55,-10.86,237.85,1.01,241.36,4,760,17,24
0.28,1.21,0.03,-60.06,-70.25,205.38,1.24,225.22,4,762,15,24
0.05,1.68,0.52,-56.40,-85.21,224.67,1.76,246.81,5,766,17,23
0.99,1.75,0.32,-42.36,10.56,203.92,2.04,208.54,5,767,17,23
2.11,1.53,0.20,-58.41,104.25,148.62,2.62,190.70,5,769,17,19
2.68,1.36,0.73,-54.63,99.12,108.40,3.09,156.71,6,765,15,20
2.76,0.70,0.11,0.55,118.41,49.99,2.85,128.53,6,759,16,18
3.34,-0.09,0.35,62.56,88.44,-138.43,3.36,175.78,7,674,13,38
0.43,1.79,-0.18,-16.30,6.47,-19.29,1.85,26.07,110,498,32,113
0.14,0.81,0.15,65.92,-9.28,-23.68,0.83,70.65,259,476,80,126
0.14,0.91,0.07,17.58,-1.59,-14.22,0.92,22.67,308,488,105,129
0.13,0.97,0.03,9.52,-0.06,-11.96,0.98,15.29,388,496,123,128
0.14,0.96,0.05,2.44,0.61,-10.86,0.97,11.15,350,509,136,118
0.14,1.00,0.04,1.40,-1.04,-11.96,1.01,12.09,338,518,142,105
0.13,0.98,0.06,3.30,-0.98,-15.99,1.00,16.36,366,530,149,86
0.15,1.02,0.05,0.31,-0.37,-22.46,1.03,22.47,394,552,155,45
0.13,0.99,0.07,2.50,2.69,-39.43,1.00,39.60,496,606,159,22
0.17,1.26,0.06,-22.09,7.45,-61.65,1.27,65.91,544,686,165,15
0.22,1.40,0.04,-26.98,10.99,-94.73,1.42,99.10,266,739,165,11
0.26,1.28,-0.02,-10.86,9.83,-121.28,1.30,122.16,94,771,164,9
0.26,1.16,-0.02,-0.79,6.35,-139.71,1.19,139.86,52,791,157,9
0.28,0.95,0.04,-1.71,4.27,-151.49,0.99,151.56,35,794,158,9
0.37,1.03,0.03,-10.01,8.24,-165.65,1.09,166.16,26,803,149,7
0.46,1.22,-0.12,-6.53,4.09,-189.94,1.31,190.10,22,806,149,5
0.61,1.83,-0.05,-4.82,-4.88,-236.57,1.92,236.67,19,816,129,5
0.99,2.59,0.00,-33.94,5.31,-333.50,2.77,335.26,9,818,74,6
1.27,2.63,-0.60,-106.63,-9.22,-358.64,2.98,374.27,4,776,38,14
-0.31,1.08,-0.90,-107.36,-72.94,-282.47,1.44,310.86,3,761,13,20
-1.28,1.40,0.09,-100.04,-173.71,11.41,1.90,200.78,3,759,14,17
-1.57,1.84,0.96,-37.41,-117.68,91.92,2.60,153.94,3,772,11,21
-1.38,0.12,-0.13,131.90,-16.97,178.22,1.39,222.37,3,751,12,23
-0.93,0.08,-0.46,51.51,-11.23,254.39,1.04,259.80,3,758,13,24
-0.78,0.42,-0.23,10.13,-49.13,293.15,0.91,297.41,3,758,13,23
-0.71,0.73,-0.21,-15.69,-56.88,311.71,1.04,317.24,3,758,15,24
-0.46,1.27,-0.17,-43.70,-48.40,328.67,1.36,335.08,3,748,12,26
0.20,1.72,-0.19,-75.87,-12.70,290.71,1.74,300.71,4,724,15,25
0.73,1.97,-0.09,-104.80,42.36,237.61,2.10,263.13,4,708,14,24
1.70,2.51,0.14,-118.77,90.15,188.72,3.03,240.52,4,698,15,22
2.81,1.73,0.09,-48.46,129.58,178.16,3.30,225.57,4,701,16,19
3.66,1.28,0.16,-42.11,111.45,139.59,3.88,183.52,4,699,16,20
3.50,0.41,-0.12,-13.18,79.04,34.85,3.52,87.38,5,695,12,20
2.18,-2.61,0.83,-60.24,114.26,-361.82,3.50,384.18,8,531,9,87
0.05,0.64,0.22,128.17,-26.25,-32.35,0.68,134.77,252,445,51,144
0.13,0.97,0.03,6.65,0.24,-20.32,0.98,21.39,284,457,89,145
0.14,1.04,0.01,-5.07,1.40,-7.57,1.05,9.21,295,470,108,142
0.13,0.96,0.05,4.21,-1.95,-15.75,0.97,16.42,550,488,126,138
0.14,1.04,0.00,6.71,0.79,-12.33,1.05,14.06,356,502,139,131
0.14,0.98,0.05,11.78,-0.67,-15.26,0.99,19.29,416,511,148,111
0.15,0.99,0.07,5.00,0.31,-15.99,1.00,16.76,342,529,151,83
0.18,1.03,0.01,-5.07,0.92,-21.73,1.05,22.33,452,564,157,43
0.16,1.05,0.05,-6.65,4.58,-42.05,1.07,42.82,452,633,160,22
0.16,1.41,0.14,-38.70,12.08,-69.82,1.43,80.74,493,705,165,12
0.23,1.36,0.00,-47.00,14.83,-105.16,1.38,116.14,193,753,167,10
0.29,1.23,-0.10,-21.00,11.05,-129.88,1.27,132.03,82,780,166,10
0.33,1.09,-0.08,-0.18,3.17,-143.86,1.14,143.89,47,796,156,10
0.33,1.13,-0.05,1.71,0.24,-159.67,1.18,159.68,31,788,158,9
0.37,1.29,-0.03,-0.31,-0.73,-182.98,1.34,182.99,24,795,148,9
0.43,1.58,0.02,-0.61,-0.12,-222.78,1.64,222.78,20,805,123,7
0.50,2.25,0.22,-13.92,7.20,-290.59,2.31,291.01,13,806,85,7
1.03,2.46,-0.02,-103.52,33.63,-405.58,2.67,419.93,4,781,48,13
0.91,1.36,-0.53,-76.05,-5.37,-353.94,1.72,362.06,3,739,17,27
-1.07,2.20,-0.72,-106.69,-111.15,-21.00,2.55,155.49,3,768,12,20
-1.20,1.75,0.39,-75.01,-184.39,170.59,2.16,262.16,3,742,10,18
-1.63,1.12,0.59,93.51,-106.99,183.11,2.06,231.77,3,738,12,22
-1.30,-0.01,-0.38,115.48,-28.50,277.53,1.35,301.94,3,737,11,23
-0.88,0.73,-0.25,9.83,-15.56,335.63,1.17,336.14,3,746,12,25
-0.37,1.03,-0.15,-26.49,-39.18,349.85,1.10,353.04,3,737,14,27
0.10,1.35,-0.10,-48.77,-91.25,338.99,1.36,354.43,3,721,13,25
0.18,1.74,0.34,-93.57,-106.08,259.70,1.78,295.73,4,728,15,27
0.92,1.92,0.12,-68.91,73.67,250.06,2.13,269.64,4,728,15,24
2.68,1.94,0.03,-120.91,159.30,222.78,3.31,299.38,5,720,15,23
3.75,2.20,0.68,-81.48,162.29,175.78,4.40,252.74,6,713,13,21
4.00,0.85,-0.30,22.40,130.07,85.69,4.10,157.36,6,701,14,20
4.00,2.36,-0.38,-51.03,75.26,-52.98,4.66,105.23,6,656,11,34
0.92,1.58,0.68,1.71,41.50,-254.09,1.95,257.46,17,455,8,114
0.13,1.17,-0.03,55.85,-16.97,-41.14,1.17,71.41,170,428,33,139
0.09,1.14,-0.01,22.16,-3.85,-24.78,1.14,33.46,352,447,72,134
0.12,1.05,-0.01,9.09,-2.75,-15.93,1.06,18.55,326,470,100,134
0.13,0.94,0.04,9.16,-0.98,-17.09,0.95,19.41,416,490,119,128
0.12,1.00,0.03,6.35,0.18,-12.82,1.00,14.30,356,503,134,117
0.13,0.98,0.05,6.65,-0.18,-15.01,0.99,16.42,529,514,138,97
0.17,0.96,0.02,3.30,-0.24,-18.01,0.97,18.31,366,530,148,70
0.14,1.00,0.04,-10.19,-0.24,-22.89,1.01,25.06,422,553,150,39
0.12,1.03,0.07,-13.67,0.67,-30.15,1.04,33.11,396,603,150,23
0.16,1.08,0.04,-23.99,6.53,-44.31,1.09,50.81,394,661,155,12
0.21,1.24,0.04,-27.95,9.40,-66.71,1.26,72.94,457,711,153,10
0.25,1.24,-0.05,-21.42,5.07,-94.12,1.26,96.66,225,746,153,9
0.27,1.12,-0.02,-4.03,2.56,-106.45,1.15,106.55,123,771,151,11
0.27,1.08,0.03,-6.96,3.54,-120.79,1.11,121.04,89,790,155,8
0.34,1.11,0.01,-14.95,7.39,-138.37,1.16,139.37,67,801,163,7
0.37,1.36,-0.06,-20.45,8.67,-166.02,1.41,167.49,56,804,163,6
0.42,2.28,-0.11,-24.72,3.97,-228.27,2.32,229.64,46,816,154,4
0.53,2.79,-0.09,-4.15,4.82,-343.69,2.84,343.75,23,821,100,1
1.15,1.86,-0.50,-47.91,20.08,-420.59,2.24,423.79,6,787,49,11
0.24,2.07,-0.16,-116.03,-39.49,-375.73,2.09,395.22,4,718,15,21
-0.80,2.30,-0.61,-87.59,-184.33,48.52,2.51,209.77,3,746,13,18
-1.82,1.50,0.67,-36.38,-195.43,128.66,2.45,236.80,3,734,13,18
-1.79,0.66,0.19,127.20,-63.42,198.97,1.92,244.52,3,743,12,18
-1.14,-0.09,-0.65,75.87,2.62,280.40,1.32,290.49,3,734,14,21
-0.82,0.90,-0.12,-30.15,-14.89,324.22,1.23,325.96,3,738,13,23
-0.49,1.05,-0.09,-15.99,-38.82,346.07,1.16,348.61,3,739,12,23
0.01,1.44,-0.07,-54.02,-67.57,339.90,1.44,350.74,4,732,12,22
0.01,1.85,0.31,-76.42,-79.96,287.48,1.88,308.02,4,737,14,22
0.10,2.26,0.29,-68.05,38.82,270.20,2.28,281.33,4,738,16,20
2.70,2.19,-0.66,-95.52,172.06,199.22,3.54,280.03,5,716,13,17
4.00,1.50,0.05,-110.35,144.71,130.25,4.27,223.80,6,700,15,17
4.00,0.51,-0.05,-9.03,88.99,49.68,4.03,102.32,7,690,11,17
2.32,0.05,0.79,241.70,41.44,-274.66,2.46,368.20,9,572,9,65
1.69,2.12,0.27,23.38,3.05,-161.62,2.73,163.33,160,455,39,145
0.02,0.58,0.41,95.03,-10.31,-28.50,0.71,99.75,238,460,94,154
0.23,0.69,0.26,2.69,0.00,-22.52,0.77,22.68,433,472,116,149
0.19,1.11,0.05,-27.47,3.42,-9.22,1.13,29.17,485,489,132,145
0.22,1.09,0.02,-24.72,3.97,-11.17,1.11,27.41,572,505,138,134
0.20,0.98,0.08,-4.52,-0.24,-14.59,1.00,15.27,532,523,148,121
0.21,0.99,0.09,-1.40,2.69,-13.18,1.02,13.53,460,533,151,101
0.21,0.96,0.09,-3.78,4.52,-9.22,0.99,10.94,372,551,157,71
0.22,1.00,0.07,-6.53,4.09,-10.56,1.03,13.07,427,585,159,39
0.21,0.98,0.11,-17.03,4.76,-38.45,1.01,42.32,501,644,161,24
0.29,1.13,-0.00,-54.38,4.46,-56.09,1.17,78.25,272,719,160,14
0.23,1.80,0.05,-29.36,4.09,-82.64,1.81,87.80,178,760,165,9
0.31,1.17,-0.01,3.23,3.97,-110.47,1.21,110.59,98,772,168,12
0.31,1.04,0.06,5.55,1.04,-126.71,1.08,126.83,63,783,166,8
0.34,1.22,0.02,-8.36,6.29,-143.07,1.27,143.45,45,793,166,10
0.42,1.52,-0.10,-12.51,0.18,-198.79,1.58,199.18,34,802,162,6
0.42,2.26,0.25,-24.54,-5.31,-268.07,2.31,269.24,24,815,146,4
0.57,2.92,0.25,-13.49,30.70,-386.35,2.99,387.81,9,818,80,5
1.09,3.10,-0.23,-95.58,22.28,-439.09,3.29,449.92,4,777,36,14
-0.36,1.12,-1.32,-41.56,-25.51,-335.69,1.77,339.22,3,757,12,24
-1.48,1.62,-0.53,-99.98,-164.43,44.37,2.26,197.49,3,758,13,17
-1.52,1.39,0.41,-52.12,-164.31,121.40,2.10,210.83,4,744,13,18
-1.54,0.46,-0.12,111.27,-67.08,190.92,1.61,230.93,4,736,13,23
-1.19,0.23,-0.56,55.11,-15.69,301.94,1.34,307.33,4,747,14,24
-0.88,0.89,-0.12,-9.83,-5.49,350.83,1.26,351.01,4,748,12,24
-0.32,1.10,-0.12,-35.77,-18.62,353.39,1.15,355.69,4,747,12,24
-0.00,1.50,-0.02,-82.34,-43.46,331.67,1.50,344.48,4,737,15,25
0.03,2.17,0.33,-105.71,-28.14,277.22,2.20,298.02,5,735,15,23
0.97,1.93,-0.25,-71.96,70.86,276.79,2.17,294.64,6,730,16,22
2.70,2.03,-0.46,-125.73,158.75,212.77,3.41,293.74,7,715,17,21
3.91,2.03,0.25,-96.56,159.12,179.87,4.41,258.83,8,701,14,18
4.00,0.94,-0.06,-11.29,116.88,94.06,4.11,150.45,9,690,12,19
4.00,3.79,0.42,-10.74,49.19,1.59,5.53,50.38,9,655,10,28
2.75,4.00,-0.17,109.13,81.79,-254.33,4.86,288.59,33,433,11,127
0.18,0.40,0.25,148.56,-15.32,-49.74,0.51,157.41,273,431,49,145
0.17,0.78,0.05,24.41,0.61,-30.52,0.80,39.09,413,451,87,138
0.10,1.00,-0.01,4.82,-0.73,-10.25,1.01,11.35,365,469,104,135
0.12,0.90,0.03,11.96,-1.22,-15.32,0.91,19.48,362,488,119,125
0.11,0.99,0.02,10.13,0.31,-12.94,1.00,16.44,435,502,131,117
0.13,0.97,0.03,8.12,-0.79,-16.60,0.98,18.50,477,515,139,96
0.12,0.97,0.04,0.00,-0.73,-16.91,0.98,16.92,384,538,147,68
0.11,1.22,0.00,-11.17,-0.85,-22.40,1.22,25.04,585,571,148,34
0.18,0.92,0.01,-2.75,-0.18,-42.05,0.94,42.14,496,630,155,20
0.12,1.21,0.08,-17.94,5.86,-56.15,1.22,59.24,394,685,156,11
0.19,1.22,0.04,-36.07,13.55,-84.05,1.23,92.46,396,736,155,10
0.22,1.25,-0.03,-29.48,13.06,-106.69,1.27,111.46,143,771,161,8
0.25,1.06,-0.02,-14.40,9.34,-121.15,1.09,122.36,87,791,162,7
0.31,1.07,-0.03,-13.06,8.54,-131.59,1.11,132.51,64,804,163,6
0.36,1.18,-0.07,-14.47,5.74,-150.21,1.24,151.01,53,809,159,5
0.40,1.27,-0.06,-17.33,4.03,-180.24,1.33,181.11,46,812,165,4
0.48,1.80,-0.12,-23.25,5.37,-230.96,1.87,232.19,41,822,152,3
0.83,2.98,-0.17,-57.80,10.50,-381.47,3.10,385.97,20,825,96,1
1.15,2.93,-0.30,-127.93,1.71,-445.31,3.17,463.33,5,792,44,8
0.41,1.33,-0.69,-119.20,-41.63,-397.22,1.55,416.80,3,734,14,22
-1.37,1.86,-0.12,-133.67,-156.07,-0.67,2.31,205.49,3,753,11,21
-1.27,1.36,0.31,-39.67,-173.34,188.78,1.88,259.34,3,725,11,17
-1.38,0.88,0.43,76.84,-107.12,205.81,1.69,244.41,3,711,11,19
-1.16,0.16,-0.33,108.58,-41.14,271.18,1.21,294.99,3,711,10,19
-0.96,0.52,-0.34,18.55,-32.65,328.37,1.14,330.51,3,715,11,22
-0.71,1.00,-0.11,-20.14,-39.37,351.38,1.23,354.15,3,720,10,22
-0.34,1.18,-0.15,-55.91,-61.10,359.31,1.24,368.73,4,716,11,23
-0.03,2.03,0.34,-96.13,-86.73,319.52,2.06,344.75,4,713,13,22
0.03,2.31,0.55,-69.46,1.95,277.04,2.37,285.62,5,720,11,20
1.76,2.60,0.08,-86.91,120.79,280.09,3.14,317.17,6,718,12,20
3.30,2.22,-0.15,-68.48,156.43,218.93,3.98,277.66,6,705,10,20
4.00,1.33,-0.54,-29.66,138.98,142.70,4.25,201.39,7,693,12,21
4.00,1.66,0.39,-75.26,108.58,-65.00,4.35,147.24,7,618,8,36
2.28,2.05,0.50,20.02,152.59,-345.64,3.11,378.35,9,499,9,108
0.49,1.51,-0.03,-13.98,-13.67,-135.44,1.59,136.84,190,417,19,149
0.01,0.64,0.22,16.54,-2.38,-27.59,0.67,32.25,584,455,66,146
0.14,1.04,0.04,9.89,-0.31,-17.46,1.06,20.06,304,475,103,143
0.14,0.88,0.09,10.50,0.24,-16.97,0.90,19.95,329,489,123,137
0.15,0.96,0.08,6.59,3.17,-13.06,0.98,14.97,406,501,137,127
0.14,0.99,0.08,2.93,0.12,-14.40,1.00,14.70,304,513,146,106
0.17,0.97,0.07,-2.69,0.24,-17.33,0.99,17.54,275,536,149,77
0.14,1.11,0.09,-11.23,-1.40,-21.00,1.13,23.85,740,571,148,39
0.16,1.01,0.03,-11.41,-0.61,-32.10,1.03,34.08,394,626,152,22
0.17,1.13,0.10,-18.55,2.99,-52.00,1.15,55.29,368,688,159,14
0.23,1.20,0.03,-21.91,8.24,-75.56,1.22,79.10,254,735,159,11
0.26,1.22,0.02,-13.85,6.59,-92.53,1.24,93.79,136,765,161,8
0.29,1.07,0.02,-6.90,6.10,-108.15,1.11,108.55,93,779,166,8
0.31,1.01,0.08,-7.69,5.74,-121.15,1.06,121.53,66,793,166,7
0.32,1.13,0.08,-18.01,10.31,-135.44,1.18,137.02,58,808,169,6
0.40,1.40,-0.03,-24.11,11.72,-166.20,1.45,168.35,45,815,174,5
0.49,1.86,-0.17,-21.55,5.37,-223.33,1.93,224.43,42,821,170,2
0.50,3.38,0.23,-21.00,1.46,-332.89,3.43,333.55,26,827,129,1
0.61,2.22,-0.34,-15.26,26.49,-451.97,2.32,453.00,6,807,59,5
0.22,2.54,-0.09,-139.71,-22.58,-430.54,2.55,453.21,3,758,22,20
-1.06,1.86,-0.55,-81.42,-130.43,-77.27,2.21,172.08,3,771,11,21
-1.11,1.37,-0.07,-9.83,-179.81,169.37,1.76,247.21,3,760,12,19
-1.35,1.16,0.39,42.66,-134.34,204.65,1.82,248.49,3,760,11,21
-1.19,0.26,-0.38,123.54,-51.64,278.93,1.28,309.40,3,758,12,22
-0.98,0.60,-0.54,27.40,-17.40,357.30,1.27,358.77,3,764,13,25
-0.60,1.02,-0.37,-29.60,-14.71,377.62,1.24,379.07,3,750,13,24
-0.22,1.39,-0.23,-73.97,-33.63,362.37,1.42,371.37,3,739,14,23
0.49,1.64,-0.20,-94.42,-76.78,327.82,1.73,349.68,4,729,14,22
-0.07,2.46,0.80,-129.94,-57.43,267.82,2.59,303.17,5,736,14,24
0.89,2.34,0.15,-123.23,89.48,284.06,2.50,322.31,6,729,13,22
3.45,2.19,0.44,-127.14,159.24,217.41,4.11,297.97,7,715,15,22
4.00,1.67,0.42,-66.16,173.10,141.91,4.35,233.40,7,692,12,21
4.00,0.79,0.48,58.78,129.39,-75.32,4.11,160.84,7,621,9,35
1.62,1.99,0.19,1.83,115.91,-310.91,2.58,331.82,8,522,9,95
0.65,1.38,0.00,5.31,-6.23,-135.74,1.53,135.99,109,408,14,149
0.04,0.62,0.24,75.26,2.38,-21.24,0.67,78.23,279,433,55,145
0.16,0.89,0.09,34.61,1.28,-29.97,0.90,45.80,421,464,104,138
0.16,0.99,0.06,10.07,1.89,-26.31,1.00,28.23,423,490,127,127
0.17,1.01,0.06,3.60,-2.14,-18.74,1.03,19.20,482,509,148,110
0.17,0.98,0.06,1.65,-1.83,-17.40,1.00,17.57,392,526,158,86
0.18,1.01,0.05,-2.69,-2.50,-22.16,1.03,22.46,346,546,161,57
0.17,0.93,0.08,-3.48,-1.83,-27.89,0.95,28.17,328,582,161,32
0.19,1.08,0.08,-28.93,3.60,-36.07,1.10,46.38,462,640,168,19
0.20,1.15,0.10,-27.77,9.03,-55.05,1.18,62.32,598,701,169,11
0.23,1.27,0.05,-34.48,13.24,-78.67,1.29,86.92,427,736,167,9
0.27,1.24,-0.02,-31.31,12.08,-101.32,1.27,106.73,154,767,163,9
0.31,1.12,-0.08,-12.15,7.87,-119.38,1.16,120.26,81,783,168,7
0.32,1.04,-0.01,-4.21,1.83,-140.08,1.09,140.15,58,793,166,8
0.36,1.17,0.01,-8.97,2.62,-161.56,1.22,161.83,46,804,170,7
0.41,1.41,0.03,-19.96,6.35,-196.66,1.47,197.77,37,813,170,5
0.44,1.82,0.03,-28.81,9.64,-255.07,1.87,256.87,33,822,158,2
0.72,2.71,0.13,-35.22,17.46,-348.39,2.80,350.60,23,827,101,3
0.99,2.82,0.09,-78.98,47.55,-444.15,2.99,453.62,5,811,51,8
0.27,1.74,-0.62,-87.46,13.67,-443.24,1.87,451.99,3,756,19,19
-0.64,1.37,-0.77,-79.47,-99.37,-148.19,1.70,195.32,3,773,12,21
-1.08,1.57,-0.14,-24.66,-191.04,204.22,1.91,280.73,3,747,13,18
-1.58,1.23,0.50,46.02,-104.55,241.33,2.06,267.00,3,747,14,19
-1.09,0.36,-0.47,109.44,-4.94,325.99,1.24,343.90,3,744,13,21
-0.78,0.71,-0.53,4.82,-0.85,378.85,1.18,378.88,3,739,12,23
-0.34,1.26,-0.18,-28.93,-32.53,386.60,1.32,389.04,4,738,12,22
0.25,1.20,-0.28,-50.17,-91.86,351.62,1.25,366.87,4,732,13,22
0.10,1.91,0.37,-94.48,-155.58,314.82,1.95,363.65,5,731,15,23
-0.39,2.13,0.79,-79.10,-87.16,265.32,2.31,290.26,5,733,15,24
0.96,2.35,0.45,-110.05,75.20,304.44,2.57,332.34,6,732,16,22
2.95,2.57,0.56,-105.53,146.36,276.12,3.95,329.85,6,724,13,20
4.00,2.10,0.62,-17.46,128.66,135.50,4.56,187.67,7,716,14,22
4.00,1.93,-0.39,-25.70,103.52,-29.05,4.46,110.54,7,678,12,27
1.26,2.00,0.14,-30.52,78.12,-359.92,2.37,369.57,6,539,8,87
0.51,1.47,-0.01,20.02,-2.56,-220.15,1.56,221.08,39,407,11,144
0.27,0.44,0.20,83.31,2.69,-33.45,0.55,89.82,262,434,45,151
0.17,0.98,0.03,13.43,-0.55,-23.07,0.99,26.70,288,459,94,144
0.14,1.01,0.02,-2.75,0.55,-15.62,1.02,15.87,456,485,119,135
0.15,1.03,0.00,-2.14,0.55,-12.70,1.04,12.89,440,498,132,126
0.15,0.98,0.04,2.01,1.22,-12.21,1.00,12.43,366,514,146,111
0.15,0.98,0.03,-0.92,0.98,-13.92,1.00,13.98,422,528,152,85
0.18,0.98,0.01,-5.19,-0.24,-16.24,1.00,17.05,425,556,152,55
0.16,1.10,0.00,-0.43,-2.20,-24.17,1.11,24.27,394,594,159,30
0.18,1.01,0.03,5.43,-1.53,-37.84,1.02,38.26,595,656,157,19
0.17,1.35,0.10,-13.98,2.32,-47.97,1.37,50.02,425,706,160,15
0.25,1.20,-0.01,-8.24,5.86,-72.63,1.23,73.33,234,741,162,11
0.25,1.17,-0.01,-2.32,1.40,-95.34,1.20,95.38,113,771,167,9
0.27,1.06,0.08,-0.06,2.38,-110.78,1.10,110.80,80,778,171,7
0.29,1.15,0.06,-10.38,10.07,-125.00,1.19,125.83,60,795,166,7
0.33,1.31,0.04,-21.00,15.32,-165.89,1.35,167.92,48,804,176,5
0.37,2.23,-0.02,-28.99,12.15,-229.13,2.26,231.27,32,822,170,4
0.49,3.03,-0.14,-4.52,4.82,-349.73,3.08,349.79,22,829,127,3
0.75,1.99,-0.27,-13.73,8.06,-450.44,2.14,450.72,5,800,57,9
0.23,2.61,-0.23,-113.04,-28.81,-424.01,2.63,439.76,3,765,20,18
-0.95,2.03,-0.68,-63.29,-128.85,-94.73,2.34,171.99,3,774,16,19
-1.66,1.38,-0.07,-48.65,-179.26,133.48,2.16,228.73,3,758,14,18
-2.01,1.36,0.55,7.57,-104.92,203.49,2.49,229.07,3,763,12,19
-1.51,0.14,-0.36,76.78,-11.96,291.99,1.56,302.16,3,753,13,23
-1.06,0.82,-0.14,-33.39,-18.43,354.06,1.35,356.11,3,751,13,23
-0.65,1.14,0.01,-23.99,-38.27,371.09,1.32,373.83,4,746,14,22
-0.35,1.53,0.11,-70.31,-68.54,373.66,1.57,386.34,4,739,14,23
0.19,2.14,0.41,-93.02,-84.66,331.05,2.19,354.14,4,736,14,24
0.39,2.26,0.44,-81.67,14.89,298.71,2.34,310.03,5,731,14,22
2.75,2.67,0.07,-118.29,146.67,286.68,3.83,343.06,6,720,13,21
4.00,2.23,0.12,-105.29,179.20,199.34,4.58,287.98,7,689,10,19
4.00,1.16,-0.18,-24.78,142.82,76.60,4.17,163.95,8,674,11,21
3.92,0.48,0.38,14.95,78.67,-273.19,3.97,284.69,7,556,9,75
1.52,2.98,0.56,0.18,-5.55,-222.41,3.39,222.48,63,386,10,149
0.12,0.13,0.34,115.05,3.30,-22.22,0.39,117.22,285,431,45,150
0.16,0.78,0.11,35.16,-2.14,-25.02,0.81,43.21,332,462,86,143
0.11,1.06,0.00,7.32,0.67,-16.36,1.06,17.93,416,484,115,137
0.14,1.01,0.01,7.39,1.34,-14.95,1.02,16.73,404,498,135,126
0.15,0.93,0.08,12.70,-1.46,-15.38,0.94,20.00,386,511,141,113
0.16,0.96,0.06,3.36,0.12,-16.60,0.97,16.94,362,530,147,92
0.17,1.04,0.04,-3.85,-1.16,-18.80,1.05,19.22,340,559,149,59
0.17,1.00,0.03,-0.49,-2.20,-21.00,1.01,21.12,390,600,154,31
0.15,1.06,0.07,-5.00,1.95,-37.41,1.07,37.80,740,657,156,20
0.22,1.13,0.09,-17.94,7.02,-53.59,1.15,56.95,323,709,156,16
0.24,1.20,0.02,-21.24,9.40,-76.97,1.22,80.39,198,748,163,9
0.26,1.20,0.02,-18.74,8.73,-99.00,1.23,101.13,104,778,166,9
0.29,1.09,0.14,-20.69,11.23,-114.14,1.14,116.54,63,797,168,7
0.28,1.26,0.03,-33.20,19.10,-136.96,1.29,142.22,45,814,167,8
0.37,1.54,-0.15,-32.71,20.02,-177.73,1.59,181.83,32,823,171,5
0.42,2.30,-0.24,-16.66,5.37,-247.13,2.35,247.75,26,835,165,5
0.43,3.20,-0.18,22.89,-10.93,-369.02,3.24,369.89,14,835,104,3
0.86,1.97,-0.31,14.77,0.98,-458.86,2.17,459.10,5,784,45,11
-0.63,1.04,-0.63,-70.68,-52.49,-309.57,1.37,321.85,3,765,13,22
-0.84,1.88,-0.13,-31.37,-164.37,41.32,2.06,172.36,3,775,12,17
-1.71,1.03,0.40,36.56,-130.62,67.14,2.03,151.34,3,772,14,18
-1.56,0.32,-0.23,103.21,-11.23,185.42,1.61,212.51,3,775,13,21
-0.96,0.20,-0.58,61.28,23.86,266.72,1.14,274.71,3,778,11,23
-0.73,0.51,-0.41,0.18,-1.40,304.38,0.98,304.39,3,779,14,23
-0.69,0.80,-0.19,-9.95,-29.72,335.45,1.08,336.91,3,774,13,23
-0.51,1.01,-0.12,-34.79,-50.11,348.82,1.14,354.11,3,765,14,26
-0.13,1.46,-0.04,-62.19,-96.19,326.84,1.47,346.33,4,752,13,25
0.05,2.45,0.61,-94.36,-108.70,267.82,2.52,304.05,5,750,14,26
1.08,2.47,0.39,-80.26,-11.23,260.19,2.72,272.52,6,748,10,24
2.77,2.28,0.30,-121.03,100.28,187.13,3.60,244.39,7,735,11,24
4.00,1.84,0.50,-92.77,147.28,152.95,4.43,231.72,7,719,10,21
4.00,0.77,0.03,-39.37,125.55,39.55,4.07,137.39,8,701,11,23
1.79,1.85,0.57,103.88,103.09,-344.91,2.63,374.67,9,516,4,94
0.75,2.21,-0.09,49.32,-12.57,-192.32,2.33,198.94,164,412,12,152
0.11,0.50,0.31,90.64,8.06,-27.40,0.60,95.03,273,421,47,151
0.20,0.81,0.14,23.86,0.98,-20.14,0.85,31.24,278,438,78,149
0.12,1.03,0.06,3.78,-0.79,-17.64,1.03,18.06,328,457,92,147
0.14,0.99,0.09,3.91,-0.12,-13.06,1.01,13.63,352,474,107,140
0.15,0.95,0.11,2.08,-0.06,-10.56,0.97,10.76,544,484,119,136
0.15,0.93,0.12,-2.87,1.04,-8.00,0.95,8.56,425,493,125,118
0.15,0.96,0.10,-9.89,2.50,-5.37,0.98,11.53,348,506,125,105
0.16,1.02,0.06,-13.55,2.62,-5.86,1.03,14.99,373,526,125,80
0.16,1.14,0.05,-5.92,-1.28,-15.62,1.15,16.76,373,560,129,44
0.13,0.99,0.13,-5.19,-1.04,-31.62,1.01,32.06,371,619,131,26
0.20,1.24,0.08,-27.53,6.53,-64.45,1.26,70.39,350,680,130,13
0.21,1.22,0.04,-28.69,7.69,-99.73,1.24,104.06,281,721,132,9
0.24,1.15,0.02,-19.17,10.13,-117.25,1.17,119.24,165,759,140,7
0.29,1.15,0.03,-11.05,11.60,-131.23,1.19,132.20,100,784,141,7
0.34,1.41,-0.07,-6.47,8.79,-161.19,1.45,161.56,71,798,152,6
0.33,1.88,-0.02,0.55,1.28,-215.76,1.91,215.76,44,801,147,6
0.49,2.75,-0.01,-11.23,5.00,-326.23,2.79,326.46,23,800,104,5
0.78,3.13,0.03,-88.81,15.38,-428.04,3.22,437.43,5,786,52,9
0.20,2.92,-0.09,-84.72,-37.96,-413.57,2.93,423.87,3,750,17,20
-0.60,1.63,-0.94,-21.18,-121.83,-124.88,1.97,175.74,3,757,11,19
-1.41,1.42,0.30,-48.03,-168.09,88.81,2.02,196.08,3,756,12,19
-1.68,0.20,0.04,99.55,-36.38,181.64,1.69,210.30,4,749,14,21
-1.00,-0.05,-0.58,27.40,13.49,265.44,1.15,267.19,4,744,12,24
-0.82,0.65,-0.10,-43.46,-12.88,300.11,1.05,303.51,4,741,13,25
-0.62,0.69,-0.07,-28.38,-34.00,315.37,0.93,318.46,4,739,13,24
-0.49,0.90,-0.09,-57.62,-51.82,320.43,1.03,329.67,4,733,13,23
-0.02,1.44,0.01,-98.08,-78.80,306.46,1.44,331.28,5,728,13,21
-0.04,1.93,0.41,-74.58,-72.75,261.05,1.98,281.07,5,727,13,24
0.82,2.29,0.12,-104.37,17.94,252.38,2.43,273.70,6,730,14,21
2.40,2.15,-0.03,-103.03,125.31,203.86,3.22,260.53,7,726,13,20
4.00,1.95,0.69,-78.80,111.51,128.05,4.50,187.19,7,718,13,19
4.00,-0.57,0.95,101.14,82.34,-113.59,4.15,172.94,8,641,10,37
0.86,1.73,0.32,68.79,68.48,-327.70,1.95,341.77,10,486,7,116
0.02,0.93,0.02,54.26,-12.94,-103.70,0.93,117.75,119,416,17,144
0.02,1.13,0.02,30.76,-6.41,-29.24,1.13,42.92,285,438,58,145
0.15,0.82,0.11,16.85,-2.81,-21.67,0.84,27.59,384,456,83,144
0.13,0.94,0.07,-0.55,0.00,-12.88,0.96,12.89,416,479,98,133
0.14,0.98,0.05,2.26,0.98,-12.45,0.99,12.69,311,495,110,126
0.14,1.00,0.05,0.79,0.85,-12.08,1.01,12.14,643,505,118,110
0.16,0.94,0.06,-2.32,0.73,-12.82,0.96,13.05,418,520,118,90
0.16,1.01,0.04,-10.74,-0.12,-13.67,1.02,17.39,490,541,121,57
0.16,1.11,-0.01,-6.41,-1.71,-20.14,1.12,21.21,455,579,129,33
0.14,1.07,0.09,-13.67,1.89,-37.72,1.08,40.17,422,647,132,19
0.17,1.21,0.06,-21.18,8.48,-59.57,1.23,63.79,422,708,133,11
0.17,1.45,0.05,-24.48,9.28,-90.58,1.46,94.28,218,764,133,8
0.24,1.35,0.02,-13.06,6.84,-119.38,1.38,120.29,102,789,130,3
0.25,1.14,0.07,-7.08,4.88,-144.35,1.17,144.60,75,804,130,6
0.33,1.19,0.04,-25.57,11.72,-171.45,1.23,173.74,50,808,134,4
0.70,1.46,-0.51,-59.69,1.10,-211.18,1.70,219.46,36,819,132,3
0.73,2.48,-0.29,-131.90,-40.53,-280.76,2.60,312.84,24,833,112,2
0.35,3.40,0.25,-50.72,-34.06,-363.71,3.43,368.80,8,825,68,1
0.77,3.03,-0.26,-19.04,-48.52,-428.65,3.14,431.81,4,775,33,10
-0.54,1.35,-1.17,-40.28,-68.12,-364.26,1.86,372.75,3,748,11,22
-1.98,1.68,-0.09,-94.54,-130.13,28.38,2.60,163.33,3,760,9,19
-1.46,1.77,0.62,-2.69,-94.18,185.61,2.38,208.15,3,749,11,18
-1.35,0.31,0.07,120.54,-15.69,185.61,1.39,221.87,4,731,10,21
-1.06,0.25,-0.25,24.35,-12.51,299.93,1.12,301.17,3,743,11,21
-0.69,0.72,-0.14,-5.07,-64.76,356.38,1.01,362.26,3,743,11,24
-0.39,1.19,0.12,-44.80,-116.39,373.47,1.26,393.75,4,737,12,22
0.33,1.40,-0.09,-69.82,-152.28,339.72,1.44,378.78,5,723,12,23
0.21,2.39,0.73,-119.32,-145.81,288.70,2.51,344.74,5,735,13,22
1.18,1.89,0.23,-93.81,25.39,256.04,2.24,273.87,6,733,12,22
2.96,2.09,0.34,-154.85,119.63,224.79,3.64,298.03,7,724,13,20
3.81,2.20,0.75,-107.30,121.77,173.71,4.47,237.73,8,713,11,19
3.99,0.84,-0.15,-20.14,54.14,72.08,4.08,92.37,8,699,11,17
3.33,3.98,1.57,233.70,22.52,-182.43,5.42,297.33,9,618,10,32
1.82,1.28,1.20,73.97,85.02,-290.65,2.53,311.73,14,462,8,116
0.26,1.34,-0.05,61.16,-9.64,-56.09,1.37,83.54,170,422,27,147
0.12,1.13,0.00,0.98,0.49,-20.94,1.13,20.96,237,438,66,140
0.14,0.93,0.08,11.84,-0.67,-18.25,0.95,21.76,526,449,94,144
0.16,0.95,0.08,4.94,-1.04,-15.99,0.97,16.77,347,471,115,143
0.14,1.00,0.05,3.97,-1.46,-12.82,1.01,13.50,461,482,130,133
0.14,0.96,0.08,6.35,-0.79,-12.63,0.98,14.16,402,493,135,125
0.14,0.95,0.09,-0.49,1.16,-8.91,0.96,9.00,377,507,144,105
0.16,0.98,0.07,-7.51,1.77,-9.95,0.99,12.59,402,524,148,80
0.15,1.13,0.03,-6.41,0.37,-19.53,1.14,20.56,377,556,149,48
0.21,0.88,-0.03,1.28,0.24,-32.53,0.90,32.56,636,619,153,25
0.15,1.28,0.14,-20.45,5.86,-54.14,1.30,58.17,526,689,151,14
0.20,1.35,0.07,-23.25,8.54,-85.27,1.37,88.79,284,733,159,10
0.25,1.14,0.03,-11.29,8.73,-107.91,1.16,108.85,125,766,162,12
0.26,1.19,0.04,-12.94,11.05,-123.78,1.22,124.94,72,787,161,10
0.29,1.33,-0.04,-6.53,11.17,-150.51,1.37,151.07,51,801,163,10
0.38,1.57,-0.12,1.04,2.50,-193.73,1.62,193.74,33,810,160,8
0.25,2.42,0.08,-7.14,-5.31,-303.65,2.44,303.78,20,822,141,6
0.68,3.24,0.12,-22.71,13.00,-429.93,3.31,430.73,8,831,74,7
0.24,2.90,-0.86,-31.01,-20.94,-448.12,3.03,449.68,3,768,33,17
-1.31,0.33,-1.49,-53.53,-122.13,-181.40,2.01,225.14,3,762,12,21
-1.54,2.17,0.40,-111.88,-167.72,68.18,2.69,212.83,3,784,12,19
-2.03,0.36,0.25,30.76,-35.16,99.61,2.08,110.02,3,785,12,23
-1.42,0.45,0.15,-5.49,38.09,222.78,1.50,226.08,3,797,11,25
-0.96,0.40,0.22,-22.89,16.72,273.86,1.06,275.33,3,801,13,25
-0.53,0.85,0.44,-54.50,-55.05,310.42,1.10,319.95,3,803,10,25
-0.57,1.02,0.64,-45.47,-135.56,325.38,1.33,355.41,3,802,12,26
-0.36,1.66,0.99,-81.36,-150.21,304.14,1.96,348.83,4,797,13,25
-0.22,1.65,0.70,-59.14,-105.53,269.84,1.81,295.71,4,793,14,24
1.22,2.41,0.41,-95.95,-3.97,313.11,2.73,327.51,5,788,14,23
3.04,2.35,0.78,-113.40,54.32,262.45,3.92,291.02,5,776,14,22
4.00,3.98,1.78,-74.28,47.24,156.92,5.92,179.93,6,746,12,26
4.00,1.25,0.29,-10.25,50.60,-102.60,4.20,114.86,6,650,9,53
1.07,2.19,0.13,61.04,73.67,-307.80,2.44,322.33,9,472,7,128
0.06,0.72,0.17,92.77,-4.46,-95.34,0.74,133.10,86,421,14,147
0.07,0.89,0.12,43.88,-9.95,-40.89,0.90,60.80,264,444,69,144
0.16,0.80,0.13,4.15,1.04,-19.41,0.83,19.88,568,452,103,146
0.16,0.92,0.11,1.04,0.85,-13.12,0.94,13.19,424,474,127,135
0.14,0.93,0.11,-0.85,0.85,-9.46,0.95,9.54,356,485,132,133
0.15,0.96,0.10,-5.92,2.26,-8.85,0.98,10.88,618,497,138,117
0.16,0.97,0.08,-7.93,0.18,-10.80,0.99,13.41,443,512,148,94
0.17,1.00,0.07,-11.35,-0.79,-14.89,1.02,18.74,448,532,149,62
0.15,1.03,0.08,-7.63,0.43,-22.16,1.04,23.44,529,559,152,34
0.14,0.99,0.11,-19.23,3.85,-37.17,1.00,42.02,386,624,153,18
0.18,1.16,0.09,-31.25,11.72,-53.89,1.18,63.39,340,679,154,11
0.24,1.20,0.03,-27.04,8.79,-90.27,1.23,94.64,275,726,156,9
0.28,1.24,-0.00,-13.24,4.88,-110.66,1.27,111.55,158,759,154,8
0.28,1.10,0.06,-7.51,3.78,-129.52,1.14,129.79,90,780,153,8
0.25,1.17,0.18,-22.71,14.04,-153.69,1.21,155.99,64,790,158,6
0.36,1.53,-0.02,-39.18,24.41,-193.18,1.57,198.62,49,800,159,6
0.39,2.01,-0.09,-39.31,17.46,-264.28,2.05,267.76,41,806,145,4
0.63,2.79,0.02,-64.82,22.40,-375.18,2.86,381.40,18,816,87,1
1.07,3.36,-0.10,-133.97,36.99,-451.11,3.52,472.04,5,778,41,11
0.07,1.26,-0.96,-60.97,-19.10,-389.71,1.59,394.91,4,738,14,23
-1.41,1.97,-0.52,-72.45,-154.66,95.76,2.48,195.81,4,733,14,15
-1.84,1.41,0.75,-37.90,-132.87,130.62,2.43,190.14,4,722,14,18
-1.53,0.52,0.10,101.20,-34.55,245.54,1.62,267.82,4,738,14,19
-0.90,0.41,-0.27,50.11,-27.22,315.31,1.03,320.42,3,739,14,23
-0.70,0.67,-0.12,2.99,-76.90,346.92,0.97,355.36,4,737,13,24
-0.52,1.24,0.19,-33.20,-122.68,362.00,1.35,383.66,4,740,13,23
0.06,1.47,0.15,-50.05,-155.46,341.74,1.48,378.75,4,745,16,24
0.00,2.01,0.67,-92.96,-167.18,287.35,2.12,345.20,5,753,13,23
0.66,2.34,0.85,-105.59,-46.26,274.17,2.58,297.42,6,761,14,22
2.88,2.44,0.88,-80.63,43.15,195.19,3.88,215.55,6,763,15,20
3.84,1.50,1.22,-67.69,-0.43,121.64,4.30,139.21,6,764,15,20
3.64,0.53,0.64,-7.69,-8.42,60.00,3.73,61.07,6,756,14,19
3.91,4.00,2.00,-47.79,28.93,-28.26,5.94,62.61,5,691,11,32
1.59,2.99,0.75,5.31,94.85,-406.62,3.47,417.57,16,423,11,134
0.53,0.95,0.05,131.90,-12.33,-88.07,1.09,159.08,231,423,47,154
0.16,1.06,0.08,14.34,-1.10,-29.42,1.07,32.75,244,433,89,144
0.15,0.94,0.13,-0.18,2.20,-17.76,0.96,17.90,427,448,116,146
0.17,0.85,0.12,-0.98,0.43,-18.25,0.88,18.28,512,472,132,134
0.17,0.94,0.09,-5.68,1.71,-9.22,0.96,10.96,413,488,139,119
0.17,1.00,0.08,-6.10,1.16,-8.24,1.01,10.32,364,502,143,109
0.17,0.96,0.10,-5.74,0.73,-11.29,0.98,12.69,512,518,145,87
0.17,1.04,0.08,-7.45,1.59,-9.70,1.05,12.33,435,536,152,64
0.18,1.01,0.05,-5.86,2.81,-15.20,1.02,16.53,632,566,150,36
0.15,1.05,0.13,-6.65,0.61,-23.56,1.07,24.49,404,611,146,25
0.19,1.07,0.09,-21.42,6.41,-39.00,1.10,44.96,472,672,151,14
0.27,1.17,0.03,-19.35,6.90,-57.86,1.20,61.40,281,705,153,13
0.25,1.14,0.06,-10.01,1.83,-71.53,1.17,72.25,168,736,156,10
0.28,1.22,0.06,-1.65,2.87,-88.75,1.25,88.81,114,760,159,8
0.30,1.27,0.02,2.38,3.48,-115.97,1.31,116.04,75,769,159,9
0.33,1.36,0.07,-4.64,4.27,-152.77,1.40,152.90,58,776,166,6
0.37,1.93,0.06,-31.98,7.75,-211.30,1.96,213.85,43,788,165,7
0.42,2.53,-0.04,-52.92,7.08,-326.66,2.57,330.99,23,809,136,4
0.58,2.70,0.11,-99.79,14.22,-445.98,2.76,457.23,7,799,57,9
-0.45,2.23,-0.06,-84.23,-16.17,-413.02,2.27,421.84,4,733,20,19
-0.76,1.62,-0.56,-61.46,-89.29,-86.67,1.88,138.79,4,747,15,15
-1.38,1.48,0.28,-51.70,-139.59,41.81,2.05,154.61,4,748,13,19
-1.76,0.55,0.15,68.30,-30.40,190.67,1.85,204.80,4,739,15,21
-1.05,0.17,-0.33,23.74,-4.27,254.64,1.11,255.78,4,740,16,22
-0.82,0.61,-0.04,-24.54,-35.83,299.07,1.03,302.21,4,742,14,22
-0.47,0.70,0.06,-30.03,-77.76,330.38,0.85,340.74,4,740,15,23
-0.08,1.38,0.45,-63.60,-115.17,319.58,1.46,345.60,4,744,14,22
0.34,1.56,0.52,-59.39,-150.39,267.21,1.68,312.32,5,743,15,22
-0.13,1.78,0.89,-77.76,-149.23,240.66,2.00,293.66,5,753,17,20
0.95,2.18,0.95,-76.84,-45.96,251.16,2.56,266.64,6,764,15,22
2.62,2.01,0.99,-82.76,25.21,236.27,3.45,251.61,6,763,13,20
3.71,1.81,1.17,-29.79,20.87,123.29,4.29,128.54,6,759,15,19
3.46,1.65,0.93,-0.73,11.17,30.58,3.95,32.56,6,761,12,23
1.06,2.39,0.11,-7.81,59.08,-374.51,2.62,379.22,7,522,10,103
0.37,0.81,0.17,112.43,-5.25,-123.90,0.90,167.39,82,408,14,148
0.01,0.78,0.20,51.70,-2.26,-22.95,0.81,56.61,315,439,46,148
0.17,0.86,0.13,22.52,-3.97,-28.08,0.88,36.21,300,451,85,148
0.12,0.97,0.11,8.61,-1.22,-14.10,0.98,16.56,379,465,108,144
0.14,0.99,0.09,10.13,-1.10,-13.55,1.01,16.95,377,473,126,148
0.13,0.95,0.11,9.09,-1.77,-11.96,0.96,15.13,336,481,130,144
0.14,0.93,0.13,1.40,1.34,-7.93,0.95,8.17,390,487,135,136
0.15,0.97,0.11,-9.34,2.44,-5.19,0.99,10.96,563,499,143,117
0.15,1.02,0.09,-14.22,3.17,-8.73,1.04,16.99,406,512,148,96
0.15,1.16,0.06,-8.18,1.10,-15.56,1.17,17.62,316,536,143,72
0.14,1.02,0.10,5.07,0.61,-24.11,1.04,24.64,480,586,149,32
0.15,1.21,0.15,-14.77,4.64,-41.75,1.23,44.53,732,656,154,19
0.21,1.26,0.08,-30.27,10.56,-75.44,1.28,81.97,388,707,156,11
0.23,1.20,0.06,-28.75,11.54,-96.62,1.23,101.46,199,745,157,7
0.26,1.34,0.06,-24.05,12.33,-117.92,1.36,120.98,108,772,156,9
0.27,1.44,0.01,-13.55,7.02,-164.92,1.47,165.62,72,787,157,9
0.28,1.71,0.05,-13.79,3.11,-221.07,1.73,221.52,49,786,163,7
0.15,2.54,0.35,-35.22,10.44,-303.53,2.57,305.74,33,802,141,4
0.47,2.61,0.42,-53.34,38.27,-418.64,2.69,423.76,10,819,71,5
0.76,2.47,-0.30,-99.67,42.66,-453.92,2.60,466.69,4,761,36,14
-0.61,0.76,-0.86,-51.33,-9.58,-322.08,1.30,326.29,3,755,14,22
-1.21,1.34,-0.42,-48.89,-144.90,79.71,1.85,172.45,3,758,14,18
-1.17,0.78,0.23,-14.22,-171.69,138.55,1.43,221.08,3,744,13,20
-1.55,0.56,0.22,78.37,-88.62,199.58,1.66,232.01,3,744,12,22
-1.10,0.05,-0.49,62.26,-12.76,309.27,1.21,315.73,3,749,12,24
-0.66,0.96,-0.25,-26.06,-19.17,353.64,1.19,355.11,3,748,13,24
-0.15,1.08,-0.20,-47.91,-62.44,345.40,1.11,354.25,4,744,13,21
0.47,1.51,-0.07,-77.51,-123.23,313.35,1.59,345.52,5,735,14,25
0.02,1.80,0.46,-93.26,-170.23,236.02,1.86,305.58,5,740,14,23
0.18,1.92,0.67,-92.22,-72.63,257.20,2.04,282.73,6,745,13,24
1.94,1.92,0.53,-132.93,71.04,238.34,2.78,282.00,6,739,13,23
3.40,2.13,1.17,-129.94,110.53,179.93,4.18,247.95,7,719,14,21
3.78,1.24,0.80,-19.84,116.39,80.32,4.05,142.80,8,703,14,20
3.99,-0.32,0.63,99.61,93.63,-232.18,4.05,269.43,8,582,10,45
0.45,2.29,0.68,53.83,21.97,-281.01,2.43,286.96,20,425,9,131
0.55,1.21,-0.00,71.47,8.24,-56.09,1.33,91.23,203,440,30,149
0.20,0.94,0.06,16.11,-1.71,-30.52,0.96,34.55,263,464,76,138
0.16,1.01,0.07,5.55,-0.31,-17.46,1.02,18.32,337,475,106,141
0.17,0.92,0.08,5.86,0.61,-19.84,0.94,20.69,494,489,126,131
0.18,0.95,0.08,7.14,-0.18,-14.71,0.97,16.35,333,503,142,122
0.17,0.95,0.11,6.23,-1.04,-13.00,0.97,14.45,409,511,146,111
0.18,0.96,0.09,-1.04,0.37,-11.54,0.98,11.59,335,529,148,91
0.18,1.06,0.08,-4.33,0.73,-14.53,1.08,15.18,386,554,157,64
0.19,1.00,0.08,-1.53,0.43,-20.02,1.03,20.08,488,595,156,34
0.20,0.93,0.10,-1.53,0.06,-26.79,0.96,26.84,386,654,158,20
0.20,1.27,0.12,-27.47,7.63,-45.53,1.29,53.72,288,710,158,15
0.22,1.32,0.12,-25.57,8.91,-69.52,1.34,74.61,166,748,163,13
0.29,1.11,0.02,-8.54,9.03,-85.21,1.15,86.11,105,767,163,8
0.30,1.05,0.05,-1.83,6.65,-94.85,1.09,95.10,63,779,165,9
0.32,1.23,0.02,0.79,6.77,-109.38,1.27,109.59,49,789,164,9
0.34,1.38,0.03,6.35,4.33,-140.32,1.42,140.53,36,792,159,9
0.41,1.62,-0.08,2.08,-2.32,-187.56,1.68,187.59,24,802,157,8
0.42,2.58,0.22,-14.77,-2.56,-310.79,2.62,311.15,14,816,119,7
0.78,2.75,0.21,-27.53,24.17,-418.58,2.86,420.18,5,798,52,10
-0.75,1.01,-0.50,8.48,-9.22,-354.74,1.36,354.96,3,753,18,21
-0.87,1.52,-0.30,-14.71,-76.66,-33.26,1.78,84.85,4,761,13,17
-1.45,1.12,0.51,48.65,-29.30,4.82,1.90,56.99,3,772,14,18
-1.07,-0.09,-0.40,116.39,36.93,111.27,1.15,165.20,3,775,14,23
-0.72,0.11,-0.44,50.72,10.56,182.43,0.85,189.65,3,791,14,21
-0.68,0.28,-0.35,27.59,-31.07,231.14,0.82,234.84,3,793,15,25
-0.67,0.44,-0.30,-3.97,-62.19,275.82,0.85,282.77,3,791,15,22
-0.49,0.76,-0.21,-54.20,-78.98,303.71,0.93,318.46,3,784,15,23
0.11,1.36,0.02,-93.02,-100.40,288.33,1.37,319.17,4,766,17,24
0.31,1.84,0.29,-90.88,-122.56,238.95,1.88,283.51,5,769,15,24
0.44,1.97,0.63,-108.76,-114.81,236.08,2.12,284.16,5,775,14,22
1.56,2.10,0.75,-91.49,18.62,205.14,2.73,225.39,5,779,15,22
3.09,1.92,1.08,-83.25,75.44,181.82,3.79,213.73,6,777,16,19
3.79,1.55,1.14,-26.25,64.33,115.23,4.25,134.56,6,773,13,21
3.98,-1.27,-0.08,201.84,47.49,-141.66,4.18,251.13,6,642,10,57
0.64,0.78,0.32,54.50,29.85,-186.65,1.06,196.72,40,413,9,140
0.27,0.82,0.16,60.97,-2.01,-23.62,0.88,65.42,192,448,39,141
0.13,0.85,0.10,20.63,-0.12,-27.47,0.87,34.35,259,459,79,142
0.13,0.95,0.09,7.14,-0.24,-16.11,0.97,17.63,453,465,100,142
0.12,1.00,0.05,1.04,-1.34,-9.16,1.01,9.31,374,477,118,138
0.13,0.99,0.07,5.98,-0.98,-11.11,1.00,12.65,344,487,129,133
0.13,0.94,0.10,3.91,-0.55,-10.93,0.96,11.62,569,497,137,120
0.14,0.96,0.09,-3.48,0.92,-9.03,0.97,9.72,443,507,142,105
0.15,0.97,0.08,-7.63,1.83,-8.36,0.98,11.47,413,517,141,87
0.15,0.99,0.06,-9.46,1.53,-10.86,1.01,14.49,416,535,141,61
0.14,1.08,0.05,-8.30,2.26,-18.62,1.09,20.51,362,563,142,32
0.15,1.15,0.06,-19.17,5.98,-41.81,1.16,46.38,388,626,142,20
0.19,1.13,0.05,-23.32,7.14,-65.86,1.14,70.23,841,683,144,11
0.22,1.08,0.08,-29.66,6.59,-81.73,1.10,87.19,291,718,143,10
0.24,1.15,0.03,-31.07,12.02,-91.19,1.17,97.08,296,745,148,8
0.33,1.17,-0.05,-23.13,13.49,-107.48,1.22,110.77,150,760,150,7
0.30,1.20,0.03,-19.23,5.80,-129.15,1.23,130.70,122,771,162,7
0.33,1.46,0.01,-26.06,6.90,-162.35,1.49,164.58,95,773,160,5
0.34,1.87,-0.02,-37.96,7.63,-227.05,1.90,230.33,72,777,154,5
0.36,2.71,0.53,-93.75,36.74,-376.59,2.79,389.82,38,799,102,3
1.06,2.34,-0.25,-195.50,69.70,-430.36,2.58,477.79,8,769,43,9
0.54,2.02,-0.25,-177.92,-1.89,-340.70,2.11,384.36,4,702,13,21
-0.89,1.28,-0.44,-46.94,-132.75,47.85,1.62,148.71,5,709,11,16
-0.80,1.37,0.47,-11.47,-220.46,151.86,1.65,267.94,5,687,12,18
-1.55,0.92,0.53,190.25,-141.78,198.24,1.88,309.19,4,697,10,20
-0.78,-0.22,-0.86,204.53,-64.27,287.84,1.18,358.91,4,708,15,22
-0.69,0.47,-0.53,68.66,-63.72,298.34,0.99,312.70,3,728,15,23
-0.26,0.54,-0.75,37.17,-78.19,313.90,0.96,325.62,4,738,11,24
0.02,1.07,-0.53,-53.59,-119.75,289.18,1.20,317.55,4,734,15,24
0.06,1.57,0.03,-92.53,-116.82,239.44,1.57,282.03,5,732,14,26
0.24,1.60,0.05,-101.26,-23.50,248.90,1.62,269.74,6,729,14,22
1.78,2.25,0.42,-171.88,84.59,218.75,2.90,290.77,6,727,16,19
2.89,1.92,0.94,-117.31,93.81,173.40,3.59,229.41,7,714,15,18
3.34,1.71,1.00,-53.22,58.47,122.68,3.89,145.95,8,705,13,18
2.96,0.62,-0.02,19.90,54.26,48.58,3.03,75.50,7,702,11,18
1.73,3.29,0.78,-74.16,104.25,-124.45,3.80,178.48,7,607,11,48
1.33,1.12,0.65,140.08,61.16,-268.25,1.86,308.74,37,417,11,138
0.44,1.08,0.07,66.59,3.30,-40.47,1.16,77.99,325,432,31,144
0.16,0.94,0.05,15.87,-2.26,-31.37,0.95,35.23,324,454,70,139
0.10,1.01,0.06,4.88,-2.01,-14.47,1.02,15.40,316,470,93,138
0.15,0.98,0.04,2.26,0.06,-14.53,0.99,14.70,342,487,114,129
0.13,1.02,0.04,6.35,0.55,-10.93,1.03,12.65,377,501,125,131
0.13,0.97,0.08,10.80,-0.61,-13.12,0.99,17.01,477,505,135,120
0.15,0.95,0.08,4.70,0.43,-12.39,0.97,13.26,320,515,142,97
0.14,0.97,0.08,-3.05,1.65,-9.40,0.99,10.02,388,530,141,77
0.16,0.99,0.05,-4.21,1.22,-10.93,1.01,11.77,650,547,144,53
0.14,1.03,0.07,-0.43,-0.12,-17.82,1.04,17.83,450,573,145,33
0.14,1.02,0.05,-11.90,3.66,-30.52,1.03,32.96,342,616,148,18
0.20,1.09,0.04,-17.82,5.80,-48.77,1.11,52.24,493,670,150,11
0.22,1.13,0.08,-21.24,5.55,-61.58,1.15,65.38,595,710,149,10
0.24,1.13,0.05,-27.16,7.02,-72.02,1.15,77.29,313,737,155,7
0.29,1.29,-0.04,-19.65,7.57,-87.65,1.32,90.14,203,760,153,8
0.29,1.35,-0.02,-4.58,2.44,-116.39,1.38,116.51,117,772,160,4
0.29,1.50,0.07,-3.42,1.95,-156.62,1.53,156.67,82,784,163,5
0.21,2.38,0.15,-23.56,10.50,-234.44,2.39,235.85,51,792,156,2
0.25,2.76,0.35,-28.87,31.62,-402.16,2.80,404.43,21,811,93,2
0.97,2.41,-0.31,-88.75,51.45,-431.70,2.62,443.72,6,752,38,10
0.25,1.40,-0.44,-1.40,-0.18,-294.98,1.49,294.99,4,700,10,24
-1.08,1.21,-0.35,-63.90,-100.34,46.94,1.66,127.89,4,730,14,13
-1.11,0.94,0.48,-3.23,-137.88,62.01,1.53,151.22,4,732,11,19
-1.39,0.35,0.27,105.71,-70.62,149.48,1.46,196.23,4,742,13,20
-0.88,0.00,-0.26,81.60,-31.68,237.12,0.92,252.76,4,754,14,21
-0.51,0.30,-0.14,12.82,-60.91,275.51,0.61,282.46,4,754,14,22
-0.40,0.71,0.07,-11.90,-104.25,294.98,0.82,313.09,4,755,14,25
-0.06,0.86,0.09,-47.00,-131.84,268.01,0.87,302.35,4,756,13,22
0.20,1.63,0.63,-94.85,-131.35,219.30,1.76,272.65,5,752,16,23
0.86,1.52,0.04,-78.31,-49.26,229.43,1.75,247.38,6,752,16,23
2.00,1.80,0.24,-142.52,32.35,197.08,2.70,245.35,7,745,18,22
3.07,2.04,0.82,-113.71,73.61,169.07,3.78,216.64,8,737,15,19
3.54,1.01,0.28,-32.35,22.52,104.55,3.70,111.74,8,730,15,20
4.00,4.00,2.45,-32.29,-27.16,8.36,6.16,43.01,8,685,13,29
1.65,0.97,0.55,108.70,83.62,-214.48,1.99,254.58,24,487,9,105
0.12,1.02,0.04,37.48,-11.17,-38.57,1.03,54.93,197,437,28,134
0.11,0.89,0.09,2.87,-0.43,-20.02,0.90,20.23,237,445,61,130
0.13,1.00,0.06,1.40,-1.10,-15.32,1.01,15.42,515,454,88,129
0.12,0.99,0.04,1.28,0.12,-11.41,0.99,11.49,393,472,102,129
0.13,0.99,0.04,4.52,0.79,-9.28,0.99,10.35,540,484,119,125
0.12,0.99,0.06,4.82,0.85,-8.61,1.00,9.90,509,494,128,119
0.13,0.98,0.06,1.89,0.73,-10.19,0.99,10.39,331,501,134,101
0.13,1.01,0.04,0.55,-0.12,-11.41,1.02,11.43,438,516,133,80
0.14,1.00,0.05,2.50,-0.24,-16.97,1.01,17.15,448,534,139,52
0.13,1.00,0.07,2.20,0.37,-22.16,1.01,22.27,647,560,141,27
0.14,0.97,0.08,-8.61,3.72,-31.86,0.98,33.21,535,607,145,17
0.17,1.10,0.04,-29.17,10.68,-47.61,1.11,56.85,388,659,141,11
0.21,1.21,0.02,-27.16,10.38,-63.05,1.23,69.43,657,699,143,9
0.25,1.15,-0.02,-21.91,6.59,-84.11,1.17,87.16,420,733,152,7
0.26,1.16,0.01,-16.85,5.25,-99.37,1.19,100.92,226,762,156,7
0.28,1.22,0.01,-16.78,6.41,-121.34,1.26,122.66,118,777,159,6
0.31,1.40,-0.01,-22.03,9.03,-154.54,1.44,156.36,86,786,153,5
0.27,1.97,0.01,-27.89,8.67,-215.03,1.99,217.00,63,788,158,2
0.35,2.75,0.22,-50.84,19.78,-330.57,2.78,335.04,37,803,115,3
0.58,1.63,-0.47,-83.31,43.27,-427.31,1.80,437.50,9,781,50,6
0.06,2.44,-0.08,-125.49,-13.18,-364.75,2.45,385.95,4,721,18,17
-1.01,1.68,-0.47,-73.91,-114.93,-32.84,2.01,140.54,4,728,11,15
-0.90,1.02,0.16,-53.16,-162.35,92.22,1.37,194.14,4,704,12,14
-1.48,0.94,0.71,38.64,-107.48,137.45,1.89,178.71,4,721,13,19
-1.01,-0.04,-0.23,104.13,-41.75,228.82,1.04,254.84,3,722,13,20
-0.73,0.40,-0.20,10.31,-60.00,294.56,0.85,300.78,4,734,12,20
-0.40,0.65,-0.05,-11.78,-99.30,332.34,0.76,347.06,4,730,13,21
-0.07,1.00,0.07,-54.02,-132.08,315.55,1.01,346.32,4,731,15,23
0.15,1.35,0.23,-76.35,-167.24,285.34,1.38,339.44,5,729,15,20
0.07,1.67,0.57,-100.59,-111.21,227.29,1.76,272.30,5,734,15,20
1.66,2.02,0.24,-107.42,15.20,230.53,2.62,254.78,6,738,15,21
3.07,1.72,0.58,-112.24,50.96,175.60,3.56,214.55,6,736,14,19
3.60,1.31,1.00,-88.01,30.46,98.88,3.96,135.83,7,727,14,17
4.00,1.48,1.54,225.16,8.79,-92.22,4.54,243.47,9,619,11,35
0.82,0.27,0.38,94.24,37.48,-130.19,0.95,165.03,68,426,9,124
0.10,0.77,0.19,78.25,-6.16,-30.03,0.80,84.04,164,424,37,136
0.12,1.06,0.01,2.08,-0.37,-27.04,1.07,27.12,248,435,68,133
0.11,0.96,0.08,7.93,-1.34,-19.23,0.97,20.84,504,446,96,134
0.12,0.94,0.08,8.67,-1.40,-13.18,0.95,15.84,499,463,115,132
0.12,1.02,0.06,10.86,-2.14,-14.28,1.02,18.07,396,475,123,124
0.11,0.93,0.12,12.82,-1.10,-15.50,0.94,20.15,480,483,135,117
0.12,0.95,0.09,2.62,-0.18,-10.01,0.97,10.35,450,496,135,105
0.14,0.97,0.08,-0.92,1.04,-11.54,0.99,11.62,393,512,145,84
0.15,0.99,0.08,-0.85,0.24,-13.12,1.01,13.15,369,534,145,61
0.14,0.99,0.11,-0.18,0.98,-14.22,1.00,14.26,400,556,148,41
0.14,0.96,0.12,-3.36,3.11,-17.94,0.98,18.52,400,600,151,25
0.14,1.06,0.12,-28.50,7.32,-29.60,1.08,41.74,472,649,153,17
0.20,1.06,0.04,-30.70,11.17,-45.53,1.08,56.04,566,690,152,12
0.22,1.06,0.04,-18.43,7.14,-56.40,1.09,59.76,254,720,158,10
0.26,1.19,-0.00,-14.95,6.77,-65.00,1.22,67.04,236,745,157,9
0.27,1.25,-0.01,-5.25,3.85,-86.98,1.28,87.22,140,763,160,8
0.28,1.43,0.04,0.79,3.42,-115.54,1.46,115.59,83,787,162,9
0.23,1.82,0.07,-1.46,4.03,-165.95,1.83,166.01,57,798,161,7
0.21,2.57,0.00,-17.76,10.31,-264.22,2.58,265.02,34,806,153,6
0.44,2.53,-0.08,-8.42,11.60,-396.79,2.57,397.05,13,819,80,7
0.77,2.36,-0.36,-82.03,9.09,-413.57,2.51,421.73,5,761,27,17
-0.69,1.47,-0.80,-51.94,-98.57,-158.87,1.81,194.05,4,746,14,19
-0.91,0.98,0.08,-58.53,-157.84,-1.46,1.34,168.35,3,753,13,17
-1.51,0.45,0.31,-12.57,-90.64,61.04,1.61,109.99,3,755,13,18
-1.12,0.14,-0.02,13.06,-20.63,148.74,1.13,150.73,3,763,14,19
-0.69,0.22,-0.16,-23.13,-38.57,220.89,0.74,225.42,3,774,15,23
-0.47,0.42,-0.04,-54.44,-102.48,255.25,0.64,280.39,3,777,15,23
-0.55,0.79,0.27,-82.15,-140.62,265.87,1.01,311.79,3,780,15,22
-0.16,1.12,0.42,-101.75,-151.73,262.02,1.21,319.42,4,773,16,21
0.05,1.27,0.34,-112.30,-166.87,222.05,1.32,299.60,4,766,17,22
0.04,1.80,0.75,-111.39,-119.93,228.52,1.95,281.09,5,768,17,20
1.50,1.85,0.70,-136.72,-22.40,194.15,2.49,238.51,5,768,16,19
2.60,2.09,1.41,-136.29,60.42,138.98,3.63,203.82,5,759,14,18
4.00,3.92,1.83,-60.18,83.44,62.62,5.89,120.44,6,722,16,23
3.27,0.36,2.78,238.59,45.17,-132.08,4.31,276.42,10,603,10,41
0.63,0.89,0.19,30.70,25.94,-103.52,1.11,111.04,73,448,15,115
0.11,0.40,0.30,110.96,-11.41,-37.05,0.52,117.54,182,457,51,125
0.12,0.97,0.07,15.99,-1.95,-26.18,0.98,30.74,270,465,85,129
0.14,0.95,0.10,6.90,-1.71,-17.94,0.97,19.30,280,482,107,125
0.11,0.95,0.10,5.49,-0.37,-10.44,0.96,11.80,579,489,118,125
0.14,0.99,0.09,1.71,0.12,-7.81,1.01,8.00,485,497,127,126
0.12,0.94,0.11,3.17,0.55,-8.18,0.95,8.79,344,503,134,119
0.15,0.95,0.11,-3.11,3.91,-5.37,0.97,7.33,512,512,137,106
0.14,0.98,0.08,-7.93,2.32,-4.33,0.99,9.33,375,518,140,91
0.14,0.99,0.08,-8.85,2.20,-8.12,1.01,12.21,523,530,141,68
0.15,1.02,0.07,-10.25,1.83,-12.63,1.03,16.37,354,553,143,45
0.16,1.05,0.05,-8.91,5.00,-24.48,1.06,26.52,832,590,144,25
0.16,1.04,0.05,-20.02,6.53,-41.81,1.06,46.81,413,651,144,17
0.19,1.17,0.07,-23.50,8.79,-65.73,1.19,70.36,526,696,147,10
0.21,1.39,0.04,-26.61,8.67,-92.53,1.41,96.67,251,734,144,9
0.25,1.48,0.01,-17.09,9.52,-128.66,1.50,130.14,130,766,151,8
0.15,1.69,0.14,-23.32,11.11,-183.35,1.70,185.16,82,779,152,9
0.07,2.24,0.36,-49.44,19.84,-264.89,2.27,270.20,51,784,139,1
0.10,2.47,0.42,-64.51,56.46,-380.86,2.51,390.39,20,797,88,4
0.73,1.73,-0.32,-121.03,79.16,-437.13,1.90,460.44,6,744,38,12
0.46,1.50,-0.42,-163.33,18.01,-354.00,1.63,390.28,3,684,10,26
-1.05,1.55,-0.39,-70.25,-69.95,-34.18,1.91,104.86,3,698,11,20
-0.41,0.94,-0.03,-33.39,-153.26,128.36,1.02,202.68,3,670,12,16
-1.28,1.13,0.59,78.12,-100.40,141.78,1.81,190.49,3,688,11,20
-0.85,-0.10,-0.42,112.61,-39.43,235.23,0.96,263.76,3,688,9,21
-0.42,0.52,-0.26,3.60,-62.07,280.40,0.72,287.21,3,703,12,22
-0.17,0.86,-0.08,-7.69,-104.80,299.80,0.88,317.69,3,704,13,22
0.25,0.91,-0.23,-30.21,-159.67,294.86,0.97,336.67,4,705,12,22
0.37,1.34,0.17,-74.65,-210.33,244.75,1.40,331.23,5,716,14,23
0.12,1.22,0.61,-77.15,-154.54,193.42,1.37,259.32,5,732,15,22
1.38,2.06,0.96,-126.83,-28.93,206.05,2.66,243.68,6,750,16,21
2.67,1.63,1.23,-73.06,14.22,173.34,3.36,188.64,6,756,14,22
3.10,1.28,0.86,-10.13,-5.55,101.50,3.47,102.16,6,754,15,22
3.17,-1.41,1.64,68.42,47.42,-140.50,3.84,163.31,6,655,12,44
0.49,1.70,0.25,66.28,27.89,-96.62,1.79,120.44,35,419,8,128
0.10,0.56,0.24,61.04,-0.67,-24.90,0.62,65.92,158,425,35,138
0.10,0.93,0.06,2.69,-0.73,-24.78,0.93,24.94,516,437,69,134
0.10,1.02,0.04,-0.31,-0.98,-15.56,1.03,15.60,418,455,96,139
0.10,0.99,0.06,6.23,-1.71,-13.79,1.00,15.23,416,472,115,133
0.11,0.98,0.07,7.51,-1.16,-11.05,0.99,13.41,485,480,124,135
0.09,0.95,0.09,8.61,-1.16,-9.40,0.96,12.80,413,487,135,129
0.10,0.96,0.09,-2.44,1.53,-5.62,0.97,6.31,362,495,140,122
0.11,0.99,0.07,-4.39,1.10,-6.90,1.00,8.25,369,505,143,105
0.12,1.00,0.06,-2.99,0.49,-10.68,1.01,11.10,560,521,139,84
0.12,1.00,0.07,-1.77,-0.18,-17.27,1.01,17.36,696,541,145,56
0.11,1.05,0.07,1.28,0.85,-19.96,1.06,20.02,371,582,147,32
0.15,0.95,0.07,2.20,3.78,-37.90,0.97,38.15,622,637,149,22
0.15,1.22,0.12,-14.83,4.46,-52.98,1.24,55.20,373,690,151,13
0.19,1.10,0.09,-17.40,6.35,-67.75,1.12,70.23,254,723,154,10
0.22,1.18,0.04,-15.56,8.42,-79.16,1.20,81.12,152,748,154,9
0.26,1.40,-0.01,-3.72,6.90,-115.30,1.42,115.56,95,769,159,9
0.21,1.84,0.07,1.71,2.75,-160.22,1.85,160.25,61,786,160,8
0.05,2.69,0.34,-25.39,13.73,-253.66,2.71,255.30,35,800,153,6
0.19,2.58,0.25,-4.64,34.67,-377.56,2.60,379.18,14,815,84,6
0.70,2.32,-0.21,-34.36,43.40,-412.41,2.43,416.11,5,765,34,14
-0.64,1.05,-0.78,-4.70,-14.34,-267.21,1.45,267.64,4,737,12,21
-1.05,0.93,-0.27,-54.14,-129.21,-19.10,1.42,141.39,3,734,14,18
-1.42,0.67,0.38,-20.39,-125.43,11.35,1.61,127.58,3,744,12,20
-1.44,0.27,0.09,48.10,-37.11,110.47,1.47,126.07,3,746,14,20
-0.94,0.13,-0.31,1.65,-2.75,235.05,1.00,235.07,3,752,12,20
-0.42,0.71,-0.10,-28.26,-38.88,280.09,0.83,284.18,3,756,12,22
-0.08,0.81,-0.03,-47.06,-82.76,287.48,0.81,302.83,3,750,12,20
0.27,1.18,0.16,-89.05,-126.65,261.35,1.22,303.77,4,748,14,21
0.21,1.63,0.59,-98.33,-146.00,212.34,1.75,275.81,5,747,17,21
0.59,1.59,0.66,-76.11,-102.72,222.60,1.82,256.70,6,752,17,18
1.52,1.75,0.82,-106.14,4.58,205.38,2.46,231.23,6,746,15,20
2.58,1.84,1.04,-90.21,76.05,185.61,3.33,219.94,7,739,14,17
3.06,1.20,0.60,-22.52,79.77,108.89,3.34,136.85,7,732,16,18
4.00,4.00,1.16,82.40,33.33,-118.04,5.77,147.76,7,672,11,32
0.69,1.26,0.44,44.86,20.14,-148.44,1.51,156.37,13,490,8,94
0.17,1.06,0.09,56.46,0.92,-35.22,1.08,66.55,87,431,19,126
0.09,1.03,0.04,-3.48,-1.22,-22.16,1.03,22.46,171,452,51,124
0.14,0.95,0.04,-0.06,-0.49,-17.03,0.96,17.04,487,458,80,126
0.09,1.01,0.04,3.66,-2.32,-12.82,1.02,13.53,349,472,97,132
0.10,1.00,0.03,4.58,-0.73,-9.52,1.01,10.59,477,487,111,134
0.10,0.98,0.05,7.93,0.85,-8.73,0.99,11.83,611,493,125,128
0.11,0.96,0.08,7.39,0.37,-10.93,0.97,13.19,348,503,133,118
0.11,0.98,0.06,2.26,-1.34,-12.57,0.99,12.84,477,512,140,105
0.13,0.99,0.05,-0.43,-0.12,-11.90,1.00,11.91,440,520,138,82
0.13,0.97,0.04,0.85,-0.79,-18.01,0.98,18.04,445,536,147,53
0.10,1.07,0.08,-5.07,-0.49,-22.03,1.08,22.61,579,570,149,29
0.15,1.05,0.01,-14.40,5.68,-41.08,1.06,43.90,488,638,150,16
0.16,1.28,0.01,-30.82,10.44,-64.45,1.29,72.20,445,696,149,11
0.22,1.11,0.00,-25.76,12.15,-90.64,1.14,95.01,275,729,159,6
0.24,1.11,0.01,-24.90,10.56,-105.47,1.13,108.88,151,758,163,6
0.28,1.13,0.02,-23.19,9.34,-116.70,1.16,119.35,98,783,163,6
0.33,1.19,0.01,-21.67,12.02,-141.91,1.23,144.05,84,792,166,7
0.40,1.42,-0.10,-22.71,11.66,-176.45,1.48,178.29,70,803,170,4
0.33,2.31,0.04,-34.06,8.79,-243.47,2.33,246.00,58,808,155,3
0.45,2.54,0.18,-19.17,24.41,-353.03,2.59,354.39,29,819,104,2
0.81,2.01,-0.03,-65.25,49.07,-423.28,2.17,431.08,7,805,51,6
0.32,1.93,-0.08,-130.25,14.89,-419.43,1.96,439.44,4,739,26,16
-1.41,0.70,-0.53,-88.01,-38.51,-222.29,1.66,242.16,3,721,13,18
-1.04,1.08,-0.10,-36.01,-125.24,129.46,1.50,183.69,3,712,12,15
-0.77,0.82,0.29,13.98,-129.33,201.97,1.16,240.23,3,692,13,14
-1.01,0.67,0.19,99.37,-57.43,226.56,1.23,253.97,3,703,11,18
-0.74,0.25,-0.53,67.57,-37.17,303.71,0.94,313.35,3,704,13,18
-0.53,0.93,-0.22,-3.23,-53.16,363.46,1.09,367.35,3,703,11,20
-0.13,1.08,-0.18,-22.22,-70.50,371.64,1.10,378.92,3,694,13,20
0.51,1.40,-0.24,-61.89,-97.90,320.25,1.51,340.55,4,688,12,19
0.34,2.12,0.75,-88.50,-96.37,256.96,2.27,288.35,5,703,13,20
1.03,1.68,0.30,-47.61,44.62,238.77,2.00,247.52,6,704,14,19
2.79,2.09,0.50,-71.96,141.97,225.10,3.52,275.68,6,693,15,19
3.76,1.33,0.06,-15.14,153.38,152.28,3.99,216.67,6,659,15,23
4.00,0.18,-0.31,48.10,115.48,-138.98,4.02,186.98,8,610,11,47
0.00,1.24,-0.01,4.58,5.98,10.86,1.24,13.22,30,473,12,97
0.08,1.00,0.02,13.18,-1.16,-17.70,1.01,22.10,90,432,21,118
0.07,0.98,0.04,15.14,-5.62,-20.94,0.99,26.44,248,444,52,124
0.06,1.02,0.00,-2.87,-1.28,-8.06,1.03,8.65,376,454,75,129
0.06,0.99,0.03,4.88,1.22,-7.26,1.00,8.84,405,464,93,134
0.07,1.05,0.00,13.79,-1.16,-12.02,1.05,18.34,343,479,111,128
0.06,0.95,0.06,14.47,-2.69,-17.82,0.95,23.11,356,490,129,120
0.08,1.01,0.05,6.84,-1.28,-20.87,1.01,22.00,393,505,141,97
0.10,0.99,0.06,8.18,-2.08,-28.44,0.99,29.67,428,527,142,66
0.12,1.18,0.01,3.91,-3.30,-30.70,1.18,31.12,433,566,149,33
0.09,1.24,0.12,-5.55,-0.61,-47.97,1.25,48.30,469,639,158,19
0.13,1.48,0.11,-13.85,9.52,-85.88,1.49,87.51,400,703,163,14
0.15,1.37,0.08,-9.16,15.62,-117.74,1.39,119.12,139,752,168,9
0.16,1.26,0.07,-11.23,17.03,-145.14,1.27,146.57,62,786,167,9
0.22,1.08,0.05,-11.35,15.93,-167.36,1.11,168.50,39,820,158,8
0.28,1.10,0.06,-15.32,14.16,-181.40,1.13,182.59,26,841,157,6
0.38,1.43,-0.04,-12.88,14.71,-205.75,1.48,206.68,20,848,145,4
0.53,1.56,-0.10,5.37,7.26,-263.92,1.65,264.07,16,847,108,4
0.62,2.30,0.03,-8.36,27.10,-338.32,2.38,339.50,6,830,63,8
0.48,2.22,0.10,-50.11,10.74,-363.71,2.27,367.30,3,796,35,13
-0.54,0.66,-1.11,-53.47,-16.91,-284.42,1.39,289.90,3,751,14,19
-1.09,1.67,-0.17,-108.83,-139.10,-1.04,2.00,176.61,2,754,14,16
-1.41,1.57,0.69,-19.04,-102.84,50.11,2.22,115.98,2,758,12,15
-1.33,0.39,-0.16,157.35,-15.69,124.69,1.40,201.38,2,749,12,20
-0.86,0.16,-0.59,89.97,-9.09,239.07,1.06,255.60,3,757,12,21
-0.61,0.63,-0.36,25.09,-56.27,310.91,0.95,316.96,3,774,12,22
-0.23,0.81,-0.29,0.61,-99.55,314.70,0.89,330.07,3,763,14,21
0.09,0.91,-0.27,-67.20,-133.61,298.95,0.96,334.27,3,750,16,21
-0.08,1.62,0.24,-124.69,-124.39,259.09,1.64,313.29,4,750,16,21
0.36,1.82,0.31,-89.78,14.83,259.64,1.88,275.13,5,756,16,21
1.79,1.73,-0.16,-144.23,158.69,239.50,2.50,321.47,5,735,18,18
2.95,2.15,0.72,-132.93,175.54,209.23,3.73,303.75,6,719,15,18
3.69,1.25,0.62,-34.55,125.12,128.23,3.94,182.46,6,706,14,18
4.00,4.00,1.72,-21.79,63.05,13.43,5.91,68.05,7,642,12,25
2.44,0.85,0.82,29.05,73.85,-290.59,2.71,301.23,36,445,11,114
0.00,0.71,0.27,115.17,-14.59,-20.02,0.76,117.81,212,417,39,138
0.09,1.06,0.01,16.91,0.00,-25.88,1.06,30.91,329,434,80,133
0.11,1.00,0.02,3.30,0.55,-14.47,1.00,14.85,612,459,102,129
0.12,0.96,0.06,-0.49,0.79,-9.22,0.97,9.26,291,482,121,124
0.10,1.00,0.05,0.67,-0.61,-8.54,1.01,8.59,560,494,127,118
0.11,0.97,0.07,2.38,0.43,-12.82,0.97,13.04,438,507,138,101
0.12,0.99,0.06,-3.05,1.04,-12.76,0.99,13.16,384,520,141,75
0.12,1.02,0.04,-3.78,0.79,-13.79,1.02,14.33,448,543,145,46
0.11,1.14,0.07,-5.37,-0.73,-24.35,1.14,24.95,488,581,144,23
0.13,1.03,0.06,-15.32,3.72,-39.98,1.04,42.97,452,644,150,15
0.18,1.13,0.08,-25.33,10.68,-67.63,1.14,73.00,420,696,154,11
0.22,1.32,-0.00,-21.00,7.39,-89.17,1.34,91.91,328,736,157,9
0.24,1.12,0.00,-0.37,4.64,-102.84,1.14,102.95,181,767,161,9
0.25,1.04,0.04,2.32,5.19,-111.57,1.07,111.72,88,790,165,7
0.31,1.12,0.01,-3.05,7.87,-125.06,1.17,125.35,71,807,168,7
0.35,1.21,-0.01,-5.49,7.45,-147.83,1.26,148.12,51,820,169,6
0.37,1.53,-0.01,-10.38,6.84,-185.06,1.58,185.48,40,830,173,3
0.34,2.52,0.01,-15.01,8.91,-270.08,2.54,270.64,32,834,152,3
0.78,2.64,-0.24,-7.20,15.44,-386.90,2.76,387.28,10,829,68,3
1.19,2.77,-0.35,-106.38,-25.63,-383.42,3.03,398.73,4,774,30,11
-0.49,1.55,-0.29,-34.73,-75.13,-146.36,1.65,168.15,3,752,15,17
-0.92,1.45,-0.08,-50.11,-104.80,52.12,1.72,127.32,3,754,15,12
-1.42,0.98,0.18,25.51,-94.06,117.00,1.73,152.27,3,750,15,17
-1.41,0.24,-0.35,85.21,-76.42,222.66,1.48,250.35,3,746,15,18
-1.24,0.27,-0.39,31.07,-75.01,291.56,1.33,302.66,3,747,14,20
-0.92,0.70,-0.22,-8.79,-64.15,327.88,1.18,334.21,3,744,14,21
-0.63,0.84,-0.29,-42.79,-55.24,335.69,1.09,342.89,3,743,14,21
-0.03,1.64,-0.07,-93.75,-71.78,326.23,1.64,346.94,4,736,13,21
0.02,2.00,0.50,-83.19,-7.45,268.01,2.06,280.72,4,739,14,20
1.97,2.71,0.40,-111.08,122.25,272.83,3.38,318.94,5,739,16,18
3.97,1.79,0.38,-67.75,157.47,171.39,4.37,242.41,7,720,14,16
4.00,1.31,0.58,-31.13,134.70,86.36,4.25,163.01,7,707,15,16
3.69,0.09,0.16,9.22,112.55,3.78,3.69,112.99,6,689,15,25
1.93,0.83,0.37,-28.75,93.32,-263.73,2.14,281.23,51,446,14,109
0.04,1.14,-0.01,99.79,-11.78,-20.63,1.14,102.58,360,435,56,138
0.12,0.79,0.09,38.94,-6.41,-37.35,0.80,54.34,392,457,95,125
0.11,0.93,0.04,9.52,-1.95,-13.98,0.94,17.02,374,482,116,122
0.11,0.92,0.04,3.05,0.18,-10.99,0.93,11.40,325,493,125,122
0.11,1.02,0.03,9.28,-0.37,-13.12,1.02,16.07,517,501,134,117
0.12,0.95,0.06,7.57,-1.53,-14.77,0.96,16.67,579,513,143,100
0.12,1.00,0.05,2.44,0.73,-13.61,1.00,13.85,418,527,148,84
0.15,1.03,0.01,1.53,0.92,-14.77,1.04,14.88,416,549,148,56
0.13,1.13,0.03,8.67,-0.06,-19.17,1.14,21.03,450,591,153,38
0.14,0.98,0.12,11.23,2.32,-32.71,1.00,34.67,390,665,156,26
0.06,1.94,0.19,-28.14,5.25,-59.81,1.95,66.31,301,725,157,20
0.17,1.34,0.02,-7.75,8.97,-96.44,1.35,97.16,103,775,155,16
0.22,1.36,0.05,4.15,8.85,-129.27,1.37,129.64,46,796,160,13
0.25,1.32,-0.00,12.02,7.39,-151.73,1.34,152.39,27,819,163,12
0.33,1.54,-0.14,25.82,-0.12,-187.81,1.58,189.57,17,832,158,11
0.28,1.97,-0.06,38.70,-10.99,-244.81,1.99,248.09,12,841,144,7
0.36,2.97,0.26,47.30,-6.04,-346.31,3.01,349.58,8,849,84,6
0.92,2.19,-0.06,51.33,2.99,-403.81,2.37,407.07,3,821,44,14
-0.22,-0.08,-1.09,90.45,-24.54,-315.49,1.11,329.12,2,784,16,24
-1.30,1.76,-0.35,-61.22,-78.12,-21.00,2.21,101.45,2,792,14,17
-1.25,1.20,0.06,4.70,-38.51,46.14,1.73,60.29,3,783,15,19
-1.28,0.35,-0.27,55.79,-5.25,175.66,1.36,184.38,3,783,14,23
-0.93,0.40,-0.23,5.80,-25.21,253.72,1.03,255.04,2,788,13,24
-0.60,0.50,-0.19,-31.68,-55.30,290.71,0.81,297.61,2,790,15,25
-0.52,0.94,0.14,-75.44,-85.51,294.86,1.08,316.14,3,788,12,26
-0.31,1.09,0.22,-88.13,-94.24,288.88,1.15,316.39,3,780,14,23
-0.16,1.66,0.54,-126.28,-77.09,248.72,1.75,289.40,3,770,17,25
0.20,1.67,0.41,-105.77,9.09,247.68,1.74,269.47,4,768,16,23
1.76,2.47,0.49,-150.63,94.12,234.07,3.07,293.83,5,755,17,20
3.29,1.99,0.40,-117.31,150.51,189.21,3.86,268.73,6,726,15,18
4.00,1.46,0.28,-53.83,104.13,72.57,4.27,137.86,6,707,16,20
3.53,0.66,1.29,80.81,59.88,-225.83,3.82,247.21,8,588,11,48
0.48,2.35,-0.06,-26.18,11.11,-76.35,2.40,81.48,97,417,15,132
0.09,0.75,0.14,56.76,-0.61,-19.78,0.77,60.11,252,452,59,141
0.10,0.87,0.08,20.08,0.00,-17.46,0.88,26.61,336,471,91,131
0.10,1.06,-0.01,4.70,-0.37,-11.47,1.07,12.41,365,483,115,137
0.11,0.97,0.04,10.31,0.61,-11.05,0.98,15.13,338,491,124,134
0.11,0.99,0.05,12.88,-1.89,-12.94,1.00,18.35,430,498,140,123
0.10,0.95,0.08,8.48,-1.22,-11.96,0.96,14.72,514,507,143,115
0.11,0.98,0.06,1.89,0.61,-11.11,0.98,11.28,333,524,148,94
0.13,1.03,0.03,1.16,0.37,-15.32,1.04,15.37,482,546,154,71
0.13,1.02,0.04,11.96,-1.16,-22.89,1.03,25.85,356,586,153,43
0.13,1.04,0.09,10.56,0.61,-33.02,1.05,34.67,358,651,157,23
0.16,1.22,0.04,-11.90,4.88,-56.03,1.23,57.49,247,716,159,14
0.17,1.49,0.15,-12.57,5.00,-80.51,1.51,81.63,118,762,170,10
0.19,1.10,0.12,-0.37,6.71,-96.13,1.13,96.37,64,782,169,10
0.23,1.13,0.07,-2.08,10.31,-105.53,1.15,106.05,46,795,169,9
0.29,1.23,0.02,-0.49,9.16,-123.72,1.26,124.06,37,802,174,9
0.32,1.42,-0.02,1.04,5.80,-168.95,1.45,169.05,27,811,166,10
0.28,1.97,0.22,-6.71,1.46,-238.95,2.00,239.05,20,827,163,6
0.25,2.77,0.23,20.45,19.35,-362.49,2.79,363.58,12,841,112,4
0.78,2.14,0.02,-3.72,37.90,-442.08,2.27,443.72,4,814,51,9
-0.08,1.28,-0.23,22.52,3.11,-382.20,1.30,382.88,2,754,20,20
-0.66,1.25,-0.89,-35.77,-69.40,-61.71,1.67,99.51,3,767,14,17
-0.89,1.13,0.09,-81.24,-129.82,60.67,1.44,164.72,3,764,13,18
-1.47,0.84,0.42,20.45,-69.82,115.72,1.74,136.69,3,768,14,20
-1.13,0.10,-0.38,46.88,-2.87,225.40,1.20,230.24,3,758,13,21
-0.82,0.65,-0.23,-23.56,-4.82,316.16,1.07,317.08,3,764,15,22
-0.50,0.90,-0.12,-53.65,-35.40,336.79,1.03,342.87,3,759,13,21
-0.17,1.30,0.03,-75.99,-65.92,331.73,1.31,346.64,3,749,11,21
0.11,1.50,0.10,-88.32,-91.13,294.86,1.51,321.01,4,739,12,22
-0.00,2.22,0.58,-101.01,-83.25,240.84,2.30,274.12,4,746,15,19
1.01,2.03,0.19,-40.16,-33.26,295.41,2.28,299.98,5,749,15,20
2.66,2.16,0.51,-89.23,22.16,271.91,3.46,287.04,5,753,15,21
3.63,1.70,0.93,-65.43,65.00,143.37,4.12,170.48,5,749,17,19
4.00,4.00,1.97,-50.17,86.73,6.23,5.99,100.39,6,670,16,34
1.93,1.02,0.95,-3.54,182.37,-294.74,2.38,346.62,6,510,10,104
0.51,1.70,-0.02,-0.12,-11.23,-69.89,1.78,70.78,80,394,16,145
0.04,1.28,-0.04,10.07,-2.81,-18.92,1.28,21.62,230,407,55,145
0.13,0.89,0.08,17.21,-1.95,-17.70,0.90,24.77,395,433,93,140
0.12,0.94,0.05,6.04,-0.55,-14.71,0.95,15.91,286,461,120,133
0.11,1.00,0.03,0.61,0.49,-12.02,1.01,12.05,306,481,136,119
0.12,1.02,0.03,1.89,-1.40,-14.16,1.02,14.35,356,497,145,100
0.13,1.00,0.03,6.41,-1.65,-22.28,1.01,23.24,497,515,150,77
0.14,0.99,0.03,6.96,-1.53,-24.84,1.00,25.84,497,544,158,48
0.13,1.02,0.06,5.80,-1.53,-26.55,1.03,27.22,560,591,159,25
0.11,1.05,0.13,-2.26,2.81,-39.00,1.07,39.17,428,650,166,19
0.20,1.18,0.04,-8.42,8.79,-55.05,1.20,56.38,346,700,166,13
0.21,1.27,0.07,-12.57,8.54,-77.88,1.29,79.35,135,755,169,12
0.24,1.24,0.00,1.65,7.87,-96.86,1.26,97.20,60,780,167,9
0.26,1.05,0.05,14.10,5.07,-113.71,1.09,114.69,40,806,171,10
0.29,1.14,0.04,5.92,6.96,-125.61,1.18,125.94,28,822,166,9
0.39,1.54,-0.07,5.62,4.94,-154.66,1.59,154.84,20,838,164,8
0.37,1.87,-0.07,16.24,-6.47,-213.93,1.90,214.64,16,844,151,9
0.22,2.99,0.53,20.81,5.55,-309.39,3.04,310.14,10,853,101,5
0.43,1.86,0.08,-22.77,38.45,-411.07,1.91,413.49,4,821,46,12
0.75,1.42,-0.40,6.29,11.05,-360.90,1.66,361.12,2,777,18,23
-0.56,0.96,-0.71,-8.42,-56.34,-114.69,1.32,128.05,2,779,10,21
-0.92,1.31,0.22,-51.39,-100.40,72.14,1.61,133.89,2,780,10,18
-1.48,0.90,0.46,42.91,-36.93,104.49,1.79,118.84,2,770,11,20
-1.03,0.23,-0.30,77.82,14.83,216.67,1.10,230.70,2,754,11,22
-0.71,0.44,-0.24,9.46,-5.00,272.34,0.87,272.55,2,756,11,20
-0.57,0.71,-0.06,-9.58,-43.27,312.50,0.91,315.63,3,754,12,22
-0.30,0.84,-0.07,-32.90,-73.18,329.10,0.89,338.74,3,744,11,23
0.15,1.20,-0.04,-85.27,-115.66,288.27,1.21,322.10,4,735,12,23
-0.06,1.99,0.63,-90.09,-73.30,248.90,2.09,274.67,4,729,14,21
1.29,2.03,0.06,-95.15,47.91,263.00,2.40,283.76,5,727,15,22
2.66,2.08,0.14,-110.90,129.88,229.31,3.38,285.92,6,714,14,20
4.00,1.84,0.19,-58.72,143.55,167.30,4.41,228.13,6,698,11,20
4.00,0.57,1.04,-29.79,87.40,-75.07,4.17,119.01,7,612,11,37
3.17,3.38,0.28,-32.84,104.55,-250.43,4.65,273.36,12,505,9,99
0.11,0.59,-0.01,-10.13,-7.87,-44.37,0.60,46.19,133,409,23,138
0.08,0.94,0.03,14.95,-0.85,-15.38,0.94,21.47,210,434,58,131
0.09,0.94,0.01,6.77,-2.93,-13.31,0.94,15.22,592,448,83,134
0.08,0.98,-0.01,13.55,2.14,-13.00,0.99,18.90,368,473,113,127
0.09,1.01,-0.01,15.56,-0.43,-13.92,1.01,20.88,318,488,128,115
0.09,0.98,0.03,14.83,-0.92,-17.33,0.99,22.83,560,502,143,99
0.11,1.00,0.02,9.09,-1.10,-24.90,1.01,26.53,356,513,152,76
0.12,1.00,0.03,2.38,-2.75,-32.47,1.01,32.67,438,540,153,43
0.15,0.96,0.00,-0.79,-2.62,-38.70,0.97,38.79,384,588,160,24
0.15,1.07,0.02,-11.72,0.79,-43.64,1.08,45.19,411,644,159,17
0.21,1.14,0.02,-17.76,7.39,-55.54,1.16,58.78,362,697,167,9
0.23,1.14,-0.05,-11.17,7.81,-82.40,1.16,83.52,284,736,171,10
0.24,1.22,0.01,-7.81,6.41,-100.65,1.24,101.15,135,763,171,8
0.25,1.13,0.02,-2.44,6.41,-118.71,1.16,118.91,84,781,169,6
0.28,1.15,0.05,-9.64,10.56,-139.89,1.18,140.62,62,802,173,7
0.32,1.41,-0.03,-23.07,13.31,-173.83,1.45,175.86,47,818,175,5
0.35,1.81,-0.13,-23.56,8.48,-231.51,1.85,232.86,38,826,166,3
0.47,2.84,0.26,-22.40,13.49,-323.24,2.89,324.30,25,831,115,3
0.79,2.30,-0.17,-65.31,37.48,-419.31,2.44,426.02,6,823,55,5
0.33,2.21,-0.41,-128.11,-9.34,-422.42,2.27,441.52,3,762,24,18
-1.62,-0.02,-0.53,-81.85,-117.61,-61.58,1.70,155.96,3,753,13,19
-0.96,1.40,0.25,-22.52,-168.82,139.47,1.71,220.13,3,743,13,14
-1.64,1.27,0.68,92.10,-99.85,176.51,2.18,222.73,3,748,12,19
-1.11,0.12,-0.58,168.70,-5.86,278.08,1.26,325.30,3,743,13,22
-0.69,0.56,-0.55,60.12,-4.03,324.46,1.04,330.01,3,746,15,21
-0.35,0.80,-0.47,26.79,-31.37,345.76,0.99,348.22,3,741,14,22
-0.00,1.02,-0.47,-22.28,-78.43,341.74,1.13,351.33,3,735,13,23
0.22,1.41,-0.23,-64.21,-114.87,305.91,1.44,333.01,4,729,14,21
-0.01,2.05,0.42,-94.67,-64.58,271.24,2.09,294.45,4,735,14,23
1.14,1.77,-0.09,-98.39,120.12,252.62,2.11,296.53,5,725,14,20
3.18,2.03,0.69,-128.72,146.36,187.44,3.84,270.42,6,710,13,19
3.95,1.88,0.86,-29.54,133.30,136.29,4.46,192.92,7,701,14,19
4.00,0.22,0.12,-11.66,96.31,-119.32,4.01,153.79,6,615,13,38
1.45,1.46,0.47,72.94,47.97,-244.87,2.11,259.97,16,444,10,120
0.08,1.00,0.03,52.19,-5.62,-47.42,1.00,70.74,105,419,22,141
0.08,0.97,0.04,14.71,-2.99,-23.25,0.97,27.68,262,430,58,139
0.09,0.94,0.06,1.89,-1.34,-12.76,0.95,12.97,438,438,86,135
0.09,0.99,0.02,0.43,-0.49,-9.16,0.99,9.18,408,454,104,137
0.08,1.04,0.01,8.00,-15.44,-8.85,1.04,19.51,565,467,115,136
0.09,0.97,0.06,11.72,0.37,-8.91,0.97,14.73,408,476,123,130
0.10,0.99,0.05,3.60,1.77,-8.73,0.99,9.61,494,486,133,115
0.12,0.99,0.05,2.38,1.65,-9.95,0.99,10.36,300,504,143,102
0.13,1.00,0.05,3.72,0.85,-10.31,1.01,11.00,321,522,144,79
0.12,1.01,0.05,6.59,0.00,-12.94,1.02,14.52,458,553,149,57
0.11,1.22,0.02,3.72,-0.67,-21.85,1.22,22.18,461,609,151,33
0.12,1.20,0.11,15.01,-0.85,-49.50,1.22,51.73,346,689,159,20
0.17,1.31,0.12,4.94,1.77,-81.05,1.33,81.22,210,735,164,15
0.17,1.15,0.12,1.22,4.88,-107.48,1.17,107.60,92,765,163,13
0.19,1.33,0.08,-5.37,10.93,-122.19,1.34,122.80,48,795,167,13
0.30,1.48,-0.06,5.49,9.03,-154.17,1.51,154.54,34,809,162,12
0.24,1.82,0.05,12.63,-1.22,-203.61,1.84,204.01,24,826,166,10
0.01,2.79,0.20,11.54,5.86,-299.68,2.79,299.96,14,836,144,9
0.55,2.65,0.23,44.98,22.52,-415.71,2.72,418.74,6,844,64,10
0.40,2.29,-0.28,-1.16,14.04,-408.75,2.34,409.00,3,801,28,18
-1.84,0.36,-0.85,-29.05,-27.83,-222.60,2.06,226.20,3,784,12,21
-1.00,1.38,0.03,-45.84,-63.78,54.20,1.71,95.43,3,784,14,17
-1.20,0.74,0.08,26.12,-29.17,113.65,1.41,120.21,3,761,13,19
-1.16,0.41,-0.29,37.48,2.62,208.44,1.26,211.79,3,766,13,20
-0.83,0.51,-0.24,3.72,-6.90,283.87,1.01,283.98,3,771,12,20
-0.46,0.73,-0.26,-17.40,-27.53,328.74,0.90,330.34,3,766,13,23
-0.06,1.07,-0.15,-54.99,-48.83,323.00,1.08,331.26,3,753,12,22
0.45,1.35,-0.08,-72.69,-76.48,281.37,1.43,300.50,4,751,15,22
0.35,1.55,0.23,-92.41,-98.75,226.26,1.61,263.60,5,745,15,22
0.93,1.83,0.34,-86.18,-34.55,232.73,2.08,250.56,6,741,18,22
1.93,1.77,0.47,-95.64,43.40,205.69,2.66,230.95,6,745,17,22
2.79,1.62,0.74,-71.41,75.81,173.34,3.31,202.22,6,743,15,21
3.03,1.19,0.80,-3.48,21.55,74.58,3.35,77.71,6,747,16,20
4.00,4.00,1.92,-5.68,8.12,0.85,5.97,9.94,5,718,10,30
0.83,1.54,-0.05,5.62,40.16,-328.12,1.75,330.62,7,490,8,108
0.02,0.87,0.07,79.47,-1.95,-76.23,0.87,110.14,51,409,12,144
0.08,0.84,0.15,29.24,0.92,-18.31,0.86,34.51,140,437,36,139
0.14,0.88,0.07,7.51,-1.34,-15.81,0.90,17.55,281,431,59,147
0.10,0.95,0.07,-10.07,-0.31,-2.50,0.96,10.38,250,432,71,147
0.10,1.03,0.01,-10.50,-1.53,-3.78,1.03,11.26,269,446,81,148
0.10,1.03,0.01,-0.98,-1.10,-6.71,1.03,6.87,416,458,91,144
0.10,0.99,0.04,9.34,0.12,-8.97,1.00,12.95,524,468,103,143
0.11,0.98,0.04,5.92,0.49,-8.30,0.98,10.21,338,480,109,135
0.11,0.97,0.04,5.07,0.92,-9.40,0.98,10.72,369,491,121,126
0.12,0.99,0.04,4.09,0.92,-9.16,1.00,10.07,563,499,130,108
0.12,0.99,0.06,2.93,0.18,-13.79,1.00,14.10,466,512,135,91
0.12,1.09,0.02,0.37,-1.46,-24.48,1.10,24.52,409,548,143,53
0.14,1.00,0.06,16.66,-1.95,-41.20,1.02,44.48,480,631,148,23
0.20,1.26,0.10,-13.55,5.31,-70.19,1.28,71.68,336,697,158,14
0.19,1.31,0.08,-16.17,9.22,-93.93,1.33,95.76,182,743,157,11
0.22,1.31,0.07,-15.99,13.49,-127.99,1.33,129.69,92,776,164,9
0.24,1.50,-0.01,-14.89,15.26,-167.54,1.52,168.89,60,799,162,7
0.21,1.83,-0.06,-12.82,11.11,-223.69,1.84,224.34,40,816,168,8
0.09,2.42,0.23,-14.10,6.65,-307.13,2.43,307.52,26,828,144,5
0.27,2.66,0.46,-5.19,37.29,-418.52,2.71,420.21,10,833,70,8
0.82,2.37,-0.31,-62.87,51.64,-454.83,2.52,462.05,4,784,35,16
-0.73,0.44,-1.01,-10.31,-2.62,-315.98,1.33,316.16,3,756,15,24
-1.36,1.47,-0.25,-52.25,-113.59,104.19,2.02,162.75,3,748,12,18
-1.26,1.29,0.53,-1.28,-104.74,117.25,1.88,157.22,3,746,14,20
-1.40,0.26,-0.22,115.78,-0.67,228.70,1.44,256.34,3,746,13,22
-0.78,0.43,-0.51,38.27,-3.66,307.86,1.03,310.25,3,751,11,24
-0.35,0.77,-0.37,3.48,-37.90,337.34,0.93,339.48,3,754,14,24
-0.13,1.02,-0.29,-30.52,-87.34,331.67,1.07,344.33,3,746,12,25
0.17,1.40,-0.15,-60.12,-127.44,311.10,1.41,341.52,3,743,12,24
-0.04,1.88,0.33,-98.14,-122.44,253.78,1.91,298.38,4,739,15,24
0.77,2.19,0.36,-109.19,-0.61,246.83,2.35,269.90,5,737,16,21
2.62,2.16,0.61,-104.86,71.29,217.10,3.45,251.42,5,731,15,21
3.32,2.09,1.31,-87.46,70.56,168.46,4.13,202.50,6,734,15,21
4.00,2.50,0.64,26.98,82.70,-40.04,4.76,95.76,6,684,12,31
1.09,2.29,0.37,24.35,135.62,-261.60,2.56,295.67,6,538,9,88
0.31,1.04,0.10,8.00,-8.79,-99.43,1.09,100.13,48,413,14,140
0.16,0.84,0.08,28.56,4.64,-23.74,0.86,37.43,183,420,24,146
0.12,0.94,0.02,12.45,-3.91,-16.54,0.95,21.07,455,420,47,149
0.08,1.00,0.02,0.85,-2.32,-5.25,1.01,5.80,313,430,67,152
0.07,1.09,-0.02,6.84,-0.24,-8.42,1.10,10.85,369,447,87,151
0.11,0.96,0.04,25.27,0.98,-14.59,0.97,29.19,297,465,107,143
0.12,0.96,0.07,17.09,0.24,-14.40,0.97,22.35,482,476,123,136
0.14,0.96,0.06,5.55,0.92,-12.45,0.97,13.66,386,491,130,120
0.15,1.01,0.05,-2.62,0.98,-12.08,1.02,12.41,423,513,141,100
0.14,0.98,0.04,-0.06,0.49,-13.67,0.99,13.68,366,542,147,76
0.13,1.04,0.05,5.55,0.31,-19.23,1.05,20.01,346,586,148,46
0.18,1.01,-0.00,6.77,-0.12,-30.58,1.03,31.32,618,658,149,23
0.19,1.08,0.00,-5.31,4.52,-54.99,1.10,55.43,260,714,154,18
