-,-,-
89.63,-8.75,136.25
89.56,-8.73,136.25
89.49,-8.71,136.24
89.44,-8.68,136.22
89.41,-8.66,136.21
89.38,-8.65,136.19
89.35,-8.63,136.18
89.31,-8.62,136.18
89.26,-8.61,136.17
89.21,-8.60,136.17
89.16,-8.60,136.16
89.11,-8.60,136.16
89.07,-8.60,136.16
89.01,-8.61,136.13
88.96,-8.63,136.12
88.91,-8.64,136.10
88.87,-8.66,136.09
88.84,-8.68,136.07
88.82,-8.70,136.06
88.78,-8.72,136.05
88.70,-8.74,136.04
88.62,-8.75,136.03
88.51,-8.78,136.03
88.45,-8.81,136.02
88.38,-8.82,136.02
88.29,-8.84,136.03
88.20,-8.86,136.04
88.12,-8.88,136.04
88.05,-8.91,136.06
87.98,-8.95,136.08
87.92,-8.99,136.11
87.85,-9.03,136.14
87.79,-9.07,136.19
87.75,-9.10,136.23
87.74,-9.13,136.27
87.77,-9.15,136.31
87.84,-9.15,136.33
87.89,-9.15,136.35
87.95,-9.13,136.36
88.11,-9.09,136.33
88.26,-9.05,136.29
88.44,-9.01,136.24
88.61,-8.97,136.18
88.80,-8.93,136.11
89.03,-8.89,136.04
89.28,-8.85,135.98
89.52,-8.82,135.92
89.76,-8.77,135.86
90.01,-8.72,135.80
90.32,-8.66,135.72
90.59,-8.62,135.63
90.82,-8.56,135.57
91.02,-8.49,135.51
91.26,-8.41,135.48
91.56,-8.34,135.47
91.90,-8.27,135.46
92.16,-8.22,135.45
92.33,-8.18,135.44
92.43,-8.15,135.43
92.50,-8.13,135.40
92.54,-8.12,135.37
92.55,-8.10,135.35
92.56,-8.08,135.31
92.58,-8.04,135.28
92.63,-8.01,135.25
92.69,-7.97,135.22
92.77,-7.93,135.19
92.86,-7.89,135.16
92.95,-7.85,135.13
93.05,-7.82,135.09
93.18,-7.78,135.06
93.33,-7.74,135.01
93.49,-7.66,134.98
93.51,-7.57,134.96
93.43,-7.43,134.94
93.32,-7.27,134.92
93.19,-7.10,134.93
93.06,-6.91,134.94
92.93,-6.71,134.97
92.80,-6.49,134.99
92.68,-6.26,135.03
92.58,-6.04,135.06
92.52,-5.85,135.08
92.46,-5.71,135.10
92.39,-5.58,135.13
92.33,-5.41,135.18
92.26,-5.18,135.26
92.21,-4.88,135.36
92.14,-4.46,135.48
92.06,-3.95,135.61
92.01,-3.36,135.74
91.99,-2.69,135.83
91.98,-1.94,135.87
92.02,-0.99,135.88
92.13,0.05,135.86
92.22,1.15,135.84
92.29,2.41,135.86
92.42,3.82,135.95
92.61,5.34,136.10
92.86,6.94,136.33
93.10,8.63,136.60
93.37,10.39,136.89
93.68,12.24,137.18
94.08,14.16,137.49
94.55,16.13,137.82
95.01,18.10,138.19
95.42,20.08,138.58
95.81,22.04,138.99
96.18,23.97,139.44
96.53,25.85,139.92
96.88,27.66,140.42
97.28,29.41,140.95
97.75,31.09,141.51
98.26,32.75,142.09
98.75,34.40,142.68
99.18,36.03,143.27
99.57,37.63,143.84
99.92,39.16,144.38
100.28,40.60,144.88
100.65,41.95,145.33
101.04,43.19,145.74
101.54,44.44,146.17
101.94,45.40,146.53
101.84,45.75,146.56
101.41,45.44,146.30
100.90,44.53,145.83
100.44,43.25,145.24
100.10,41.80,144.67
99.85,40.37,144.19
99.53,39.04,143.71
99.09,37.82,143.19
98.61,36.67,142.67
98.18,35.51,142.19
97.86,34.28,141.76
97.60,32.96,141.39
97.34,31.59,141.03
97.03,30.21,140.66
96.64,28.86,140.26
96.21,27.57,139.85
95.75,26.35,139.43
95.29,25.21,139.02
94.81,24.15,138.63
94.34,23.16,138.24
93.86,22.27,137.87
93.37,21.47,137.51
92.86,20.79,137.18
92.34,20.24,136.87
91.82,19.83,136.57
91.27,19.58,136.23
90.73,19.48,135.83
90.11,19.49,135.33
89.28,19.56,134.71
88.19,19.63,134.02
86.90,19.67,133.28
85.50,19.66,132.61
84.21,19.58,132.15
83.17,19.43,132.00
82.51,19.23,132.19
82.31,19.05,132.71
82.47,18.86,133.48
82.84,18.65,134.41
83.33,18.39,135.39
83.89,18.09,136.32
84.48,17.74,137.13
85.04,17.32,137.78
85.53,16.84,138.31
85.92,16.28,138.73
86.24,15.66,139.09
86.54,15.03,139.43
86.83,14.46,139.79
87.09,14.00,140.17
87.30,13.64,140.53
87.42,13.38,140.82
87.43,13.16,141.01
87.33,12.96,141.04
87.16,12.71,140.89
86.92,12.41,140.58
86.56,12.07,140.16
86.01,11.74,139.64
85.19,11.47,139.07
84.15,11.31,138.47
83.08,11.25,137.90
82.17,11.31,137.41
81.54,11.48,137.08
81.20,11.70,136.95
81.14,11.92,137.00
81.38,12.12,137.21
81.87,12.29,137.50
82.48,12.46,137.81
83.06,12.66,138.09
83.55,12.95,138.29
83.99,13.35,138.42
84.39,13.90,138.51
84.75,14.53,138.62
85.05,15.32,138.74
85.53,15.78,138.93
86.56,15.33,139.18
87.81,14.71,139.45
88.58,14.04,139.59
88.63,13.15,139.44
88.68,12.03,139.14
88.96,10.73,138.88
89.23,9.24,138.63
89.38,7.69,138.36
89.41,6.23,138.10
89.42,5.00,137.94
89.33,3.94,137.86
89.17,2.95,137.86
89.01,1.98,137.87
88.97,1.06,137.92
88.95,0.26,137.95
88.89,-0.42,137.96
88.86,-0.98,137.96
88.84,-1.44,137.96
88.84,-1.82,137.94
88.85,-2.11,137.90
88.88,-2.31,137.85
88.91,-2.41,137.77
88.93,-2.42,137.69
88.92,-2.35,137.61
88.89,-2.23,137.55
88.83,-2.09,137.51
88.72,-1.92,137.50
88.54,-1.77,137.53
88.31,-1.65,137.62
88.10,-1.56,137.74
87.93,-1.46,137.84
87.77,-1.37,137.89
87.64,-1.31,137.91
87.53,-1.25,137.92
87.45,-1.19,137.93
87.40,-1.12,137.92
87.36,-1.02,137.92
87.33,-0.93,137.91
87.30,-0.85,137.91
87.27,-0.82,137.92
87.24,-0.82,137.94
87.19,-0.86,137.96
87.13,-0.92,137.98
87.07,-1.00,138.01
87.01,-1.10,138.04
86.94,-1.20,138.06
86.86,-1.32,138.08
86.73,-1.47,138.13
86.58,-1.65,138.20
86.43,-1.87,138.28
86.31,-2.11,138.36
86.22,-2.33,138.42
86.17,-2.52,138.45
86.16,-2.66,138.46
86.19,-2.76,138.46
86.27,-2.83,138.43
86.35,-2.87,138.39
86.45,-2.88,138.35
86.54,-2.88,138.30
86.61,-2.89,138.26
86.68,-2.90,138.23
86.77,-2.94,138.21
86.87,-2.99,138.18
86.99,-3.04,138.14
87.13,-3.10,138.10
87.30,-3.16,138.05
87.50,-3.22,137.99
87.70,-3.27,137.91
87.90,-3.33,137.84
88.07,-3.37,137.78
88.22,-3.41,137.72
88.35,-3.43,137.69
88.46,-3.45,137.67
88.57,-3.45,137.65
88.68,-3.45,137.63
88.80,-3.44,137.61
88.92,-3.44,137.59
89.04,-3.46,137.56
89.18,-3.49,137.52
89.33,-3.55,137.48
89.49,-3.62,137.42
89.66,-3.72,137.34
89.82,-3.86,137.24
89.97,-4.05,137.13
90.11,-4.30,137.04
90.21,-4.57,136.98
90.30,-4.86,136.95
90.38,-5.17,136.94
90.43,-5.46,136.93
90.47,-5.71,136.91
90.48,-5.92,136.91
90.49,-6.10,136.92
90.50,-6.23,136.95
90.50,-6.32,136.97
90.51,-6.39,137.00
90.53,-6.43,137.02
90.53,-6.46,137.04
90.53,-6.48,137.07
90.53,-6.48,137.10
90.52,-6.45,137.14
90.53,-6.40,137.17
90.55,-6.31,137.20
90.57,-6.20,137.21
90.58,-6.09,137.23
90.58,-5.99,137.24
90.55,-5.86,137.27
90.51,-5.69,137.30
90.47,-5.45,137.35
90.42,-5.13,137.40
90.39,-4.72,137.44
90.37,-4.24,137.48
90.36,-3.73,137.53
90.35,-3.22,137.57
90.34,-2.77,137.61
90.34,-2.39,137.64
90.34,-2.05,137.67
90.36,-1.67,137.69
90.40,-1.23,137.69
90.45,-0.73,137.67
90.50,-0.19,137.62
90.55,0.34,137.57
90.60,0.82,137.52
90.66,1.25,137.49
90.72,1.65,137.46
90.80,2.07,137.43
90.89,2.51,137.39
90.99,2.96,137.33
91.09,3.42,137.26
91.20,3.85,137.17
91.33,4.25,137.08
91.48,4.62,136.96
91.66,5.00,136.83
91.85,5.40,136.68
92.04,5.86,136.52
92.21,6.34,136.35
92.40,6.80,136.21
92.58,7.27,136.09
92.75,7.72,135.99
92.91,8.18,135.93
93.06,8.66,135.92
93.22,9.19,135.96
93.42,9.81,136.05
93.68,10.55,136.14
93.95,11.37,136.21
94.26,12.23,136.24
94.57,13.12,136.24
94.87,14.00,136.23
95.19,14.87,136.24
95.50,15.71,136.29
95.82,16.52,136.37
96.14,17.32,136.45
96.54,18.11,136.55
97.01,18.91,136.65
97.46,19.74,136.72
97.97,20.60,136.76
98.52,21.51,136.77
99.04,22.46,136.73
99.51,23.44,136.66
99.96,24.45,136.57
100.39,25.49,136.49
100.80,26.55,136.42
101.17,27.65,136.39
101.43,28.78,136.38
101.52,29.89,136.39
101.47,30.98,136.38
101.30,32.00,136.39
101.04,32.94,136.40
100.72,33.78,136.40
100.34,34.42,136.35
99.97,34.79,136.30
99.62,34.53,136.45
99.35,33.36,136.87
99.57,31.89,137.44
100.10,30.48,138.08
100.36,29.27,138.57
100.32,28.16,138.66
99.96,27.07,138.27
99.24,26.04,137.46
98.40,25.04,136.43
97.55,24.01,135.34
96.71,22.89,134.31
95.89,21.69,133.42
95.14,20.43,132.74
94.48,19.14,132.31
93.92,17.86,132.13
93.45,16.64,132.16
93.03,15.53,132.33
92.62,14.52,132.55
92.18,13.62,132.80
91.70,12.83,133.05
91.19,12.12,133.29
90.67,11.49,133.54
90.15,10.91,133.78
89.63,10.36,134.00
89.10,9.84,134.19
88.56,9.33,134.33
88.01,8.81,134.42
87.46,8.25,134.46
86.94,7.66,134.46
86.49,7.03,134.42
86.09,6.37,134.37
85.81,5.67,134.33
85.60,4.95,134.31
85.41,4.20,134.34
85.21,3.42,134.37
84.99,2.64,134.40
84.77,1.87,134.43
84.58,1.11,134.43
84.43,0.32,134.39
84.30,-0.52,134.31
84.19,-1.41,134.19
84.10,-2.31,134.04
84.02,-3.16,133.89
83.93,-3.92,133.77
83.79,-4.57,133.72
83.62,-5.10,133.74
83.40,-5.50,133.85
83.15,-5.77,134.08
82.90,-5.93,134.43
82.67,-5.99,134.91
82.52,-6.00,135.49
82.45,-5.97,136.15
82.48,-5.94,136.86
82.62,-5.92,137.57
82.81,-5.93,138.27
83.00,-5.96,138.89
83.18,-6.00,139.42
83.32,-6.04,139.83
83.41,-6.08,140.13
83.46,-6.13,140.34
83.49,-6.19,140.49
83.53,-6.26,140.59
83.57,-6.32,140.66
83.60,-6.35,140.72
83.57,-6.32,140.76
83.48,-6.22,140.76
83.31,-6.06,140.73
83.08,-5.86,140.67
82.83,-5.65,140.58
82.57,-5.43,140.47
82.32,-5.24,140.35
82.11,-5.08,140.22
81.92,-4.95,140.08
81.76,-4.84,139.95
81.61,-4.74,139.81
81.44,-4.62,139.67
81.27,-4.47,139.54
81.08,-4.31,139.44
80.91,-4.13,139.38
80.79,-3.94,139.35
80.74,-3.74,139.35
80.73,-3.55,139.36
80.75,-3.37,139.38
80.79,-3.22,139.36
80.89,-3.14,139.29
81.04,-3.13,139.15
81.23,-3.18,138.94
81.42,-3.22,138.67
81.60,-3.21,138.37
81.82,-3.14,138.07
82.18,-3.06,137.77
82.66,-3.03,137.49
83.21,-3.07,137.22
83.76,-3.15,136.93
84.24,-3.20,136.68
84.65,-3.30,136.73
85.12,-3.44,136.96
85.58,-3.56,137.09
85.78,-3.77,137.09
85.87,-4.13,137.03
86.04,-4.63,136.95
86.10,-5.35,136.88
86.17,-6.48,136.85
86.34,-7.70,136.80
86.25,-8.80,136.69
86.26,-9.72,136.62
86.22,-10.45,136.57
86.04,-11.02,136.55
85.91,-11.55,136.59
85.79,-11.98,136.68
85.64,-12.37,136.77
85.49,-12.73,136.88
85.30,-13.06,136.99
85.11,-13.41,137.11
84.95,-13.76,137.23
84.86,-14.09,137.33
84.84,-14.39,137.38
84.87,-14.67,137.35
84.94,-14.95,137.28
85.04,-15.22,137.17
85.16,-15.48,137.05
85.29,-15.72,136.93
85.39,-15.94,136.83
85.48,-16.15,136.76
85.58,-16.38,136.73
85.66,-16.60,136.72
85.74,-16.83,136.72
85.79,-17.03,136.74
85.84,-17.20,136.77
85.93,-17.33,136.79
86.01,-17.45,136.79
86.11,-17.54,136.78
86.16,-17.62,136.80
86.24,-17.68,136.81
86.31,-17.73,136.83
86.37,-17.74,136.85
86.40,-17.73,136.87
86.40,-17.68,136.91
86.36,-17.62,136.96
86.32,-17.56,137.02
86.28,-17.48,137.08
86.23,-17.39,137.13
86.17,-17.29,137.17
86.11,-17.18,137.20
86.06,-17.07,137.23
86.03,-16.95,137.24
86.01,-16.83,137.26
85.99,-16.70,137.26
85.97,-16.57,137.25
85.96,-16.42,137.24
85.95,-16.27,137.22
85.95,-16.12,137.20
85.91,-15.99,137.17
85.84,-15.86,137.17
85.75,-15.77,137.19
85.67,-15.72,137.24
85.58,-15.71,137.31
85.51,-15.72,137.38
85.45,-15.75,137.45
85.39,-15.78,137.51
85.33,-15.82,137.57
85.28,-15.88,137.63
85.21,-15.96,137.68
85.14,-16.07,137.73
85.08,-16.25,137.80
85.04,-16.51,137.86
85.09,-16.83,137.91
85.19,-17.20,137.92
85.35,-17.57,137.88
85.50,-17.91,137.83
85.66,-18.19,137.79
85.77,-18.40,137.77
85.85,-18.55,137.77
85.91,-18.66,137.80
85.97,-18.73,137.82
86.03,-18.74,137.83
86.08,-18.71,137.82
86.12,-18.66,137.78
86.11,-18.60,137.74
86.05,-18.50,137.72
86.00,-18.38,137.74
85.94,-18.26,137.78
85.90,-18.16,137.85
85.86,-18.05,137.91
85.86,-17.89,137.96
85.91,-17.64,137.98
86.01,-17.26,137.95
86.17,-16.73,137.86
86.36,-16.12,137.73
86.52,-15.49,137.57
86.58,-14.84,137.43
86.63,-14.27,137.34
86.73,-13.79,137.32
86.83,-13.44,137.30
86.95,-13.23,137.28
87.07,-13.14,137.22
87.25,-13.13,137.15
87.38,-13.15,137.06
87.42,-13.07,136.97
87.43,-12.82,136.97
87.42,-12.34,137.07
87.36,-11.64,137.23
87.31,-10.74,137.44
87.31,-9.68,137.67
87.30,-8.50,137.86
87.34,-7.26,138.01
87.41,-6.01,138.11
87.49,-4.80,138.17
87.58,-3.65,138.24
87.66,-2.57,138.33
87.72,-1.51,138.44
87.80,-0.48,138.58
87.91,0.55,138.73
88.06,1.59,138.86
88.24,2.62,138.98
88.37,3.59,139.06
88.49,4.49,139.10
88.66,5.28,139.13
88.82,5.97,139.14
88.96,6.58,139.14
89.08,7.11,139.13
89.16,7.59,139.10
89.20,8.05,139.05
89.22,8.48,138.99
89.29,8.82,138.91
89.32,8.92,138.80
89.29,8.85,138.68
89.05,8.42,138.54
88.82,7.97,138.48
88.69,7.62,138.54
88.66,7.31,138.73
88.67,6.99,139.02
88.67,6.64,139.34
88.63,6.24,139.65
88.57,5.78,139.87
88.53,5.22,139.96
88.50,4.56,139.90
88.50,3.78,139.69
88.49,2.88,139.33
88.49,1.90,138.84
88.56,0.85,138.27
88.73,-0.24,137.64
88.97,-1.35,136.98
89.16,-2.48,136.33
89.29,-3.65,135.72
89.32,-4.88,135.20
89.30,-6.11,134.80
89.25,-7.30,134.51
89.22,-8.44,134.33
89.27,-9.53,134.20
89.28,-10.61,134.08
89.18,-11.69,133.98
89.02,-12.72,133.92
88.85,-13.63,133.90
88.68,-14.37,133.92
88.51,-14.91,133.96
88.35,-15.27,133.97
88.15,-15.51,133.96
87.89,-15.67,133.92
87.58,-15.79,133.85
87.26,-15.90,133.79
86.97,-16.03,133.75
86.72,-16.18,133.75
86.52,-16.31,133.77
86.37,-16.42,133.82
86.24,-16.51,133.89
86.11,-16.55,133.98
85.97,-16.56,134.08
85.72,-16.54,134.19
85.45,-16.50,134.29
85.20,-16.44,134.37
84.94,-16.40,134.45
84.69,-16.40,134.55
84.48,-16.45,134.67
84.30,-16.54,134.86
84.19,-16.70,135.13
84.16,-16.92,135.46
84.20,-17.20,135.86
84.34,-17.53,136.33
84.55,-17.88,136.86
84.75,-18.24,137.47
84.86,-18.58,138.16
84.90,-18.90,138.91
84.90,-19.18,139.71
84.88,-19.41,140.54
84.84,-19.62,141.38
84.80,-19.82,142.21
84.72,-20.02,142.99
84.63,-20.23,143.68
84.54,-20.44,144.23
84.46,-20.68,144.61
84.40,-20.97,144.82
84.32,-21.32,144.88
84.27,-21.69,144.83
84.19,-22.06,144.73
84.01,-22.35,144.60
83.79,-22.53,144.45
83.56,-22.61,144.30
83.33,-22.62,144.20
83.13,-22.58,144.15
82.96,-22.50,144.16
82.84,-22.35,144.19
82.74,-22.16,144.19
82.62,-21.95,144.13
82.45,-21.73,144.00
82.24,-21.53,143.81
81.99,-21.35,143.59
81.72,-21.20,143.35
81.49,-21.07,143.10
81.33,-20.97,142.84
81.25,-20.90,142.56
81.23,-20.85,142.28
81.26,-20.83,141.99
81.32,-20.78,141.71
81.39,-20.70,141.45
81.45,-20.56,141.22
81.54,-20.37,141.01
81.63,-20.14,140.83
81.74,-19.93,140.65
81.90,-19.77,140.47
82.14,-19.56,140.27
82.44,-18.99,140.25
82.68,-18.12,140.16
82.64,-17.49,140.06
82.46,-17.37,140.07
82.56,-17.64,140.09
82.95,-17.91,140.13
83.49,-18.10,140.15
84.04,-18.11,140.16
84.42,-18.02,140.16
84.79,-18.09,140.05
85.29,-18.29,139.80
85.81,-18.67,139.37
86.24,-19.14,138.83
86.90,-19.67,138.34
87.51,-20.12,137.89
88.01,-20.50,137.44
88.48,-20.81,137.08
88.80,-20.99,136.78
88.94,-21.10,136.61
88.91,-21.19,136.60
88.65,-21.29,136.67
88.27,-21.42,136.79
87.86,-21.53,136.92
87.46,-21.62,137.04
87.05,-21.69,137.15
86.63,-21.74,137.24
86.19,-21.78,137.33
85.71,-21.83,137.45
85.21,-21.88,137.59
84.80,-21.93,137.72
84.48,-21.97,137.81
84.23,-22.01,137.88
84.02,-22.04,137.95
83.82,-22.06,138.03
83.62,-22.08,138.12
83.41,-22.11,138.20
83.21,-22.14,138.29
83.00,-22.18,138.37
82.81,-22.21,138.46
82.61,-22.25,138.54
82.40,-22.28,138.64
82.21,-22.30,138.74
82.05,-22.33,138.83
81.89,-22.37,138.90
81.75,-22.40,138.95
81.62,-22.45,138.99
81.52,-22.48,139.01
81.43,-22.52,139.04
81.38,-22.56,139.05
81.36,-22.61,139.06
81.38,-22.67,139.07
81.42,-22.73,139.08
81.45,-22.79,139.10
81.47,-22.85,139.11
81.48,-22.90,139.10
81.50,-22.96,139.05
81.51,-23.02,138.97
81.54,-23.08,138.89
81.58,-23.15,138.82
81.63,-23.23,138.76
81.69,-23.31,138.72
81.79,-23.39,138.70
81.93,-23.47,138.67
82.10,-23.56,138.66
82.29,-23.65,138.66
82.52,-23.73,138.66
82.79,-23.83,138.67
83.13,-23.93,138.68
83.55,-24.06,138.68
84.03,-24.20,138.67
84.56,-24.34,138.65
85.09,-24.49,138.65
85.66,-24.65,138.67
86.24,-24.82,138.68
86.78,-24.98,138.67
87.17,-25.12,138.64
87.48,-25.24,138.60
87.72,-25.36,138.56
87.92,-25.48,138.50
88.13,-25.59,138.43
88.34,-25.72,138.35
88.57,-25.84,138.28
88.80,-25.96,138.23
88.99,-26.05,138.20
89.11,-26.14,138.17
89.16,-26.22,138.14
89.18,-26.30,138.10
89.21,-26.38,138.04
89.25,-26.45,137.99
89.31,-26.52,137.93
89.33,-26.59,137.84
89.35,-26.65,137.74
89.39,-26.71,137.64
89.50,-26.80,137.60
89.65,-26.91,137.62
89.82,-27.02,137.65
90.01,-27.12,137.65
90.15,-27.20,137.64
90.30,-27.28,137.60
90.48,-27.31,137.46
90.71,-27.23,137.00
90.79,-26.90,136.46
91.00,-26.55,136.18
91.17,-26.13,136.01
91.34,-25.76,135.84
91.57,-25.50,135.68
91.81,-25.36,135.50
92.09,-25.36,135.28
92.34,-25.48,135.00
92.57,-25.59,134.70
92.77,-25.58,134.41
92.85,-25.30,134.17
92.89,-24.75,133.97
92.95,-24.05,133.86
92.99,-23.25,133.84
93.00,-22.42,133.92
92.99,-21.53,134.09
92.93,-20.58,134.30
92.88,-19.57,134.54
92.84,-18.50,134.79
92.82,-17.44,135.03
92.83,-16.40,135.24
92.88,-15.36,135.42
92.95,-14.32,135.58
93.05,-13.30,135.70
93.18,-12.30,135.79
93.36,-11.33,135.84
93.58,-10.39,135.88
93.77,-9.46,135.93
93.93,-8.55,135.99
94.08,-7.67,136.06
94.24,-6.81,136.11
94.36,-6.00,136.18
94.41,-5.24,136.25
94.40,-4.56,136.32
94.33,-3.97,136.37
94.15,-3.50,136.42
93.78,-3.17,136.45
93.27,-3.01,136.46
92.70,-3.04,136.43
92.19,-3.26,136.33
91.83,-3.50,136.19
91.55,-3.84,136.10
91.38,-4.29,136.07
91.31,-4.82,136.10
91.28,-5.46,136.17
91.23,-6.23,136.24
91.15,-7.10,136.31
91.03,-8.04,136.38
90.87,-8.99,136.44
90.68,-9.95,136.47
90.50,-10.91,136.48
90.34,-11.84,136.46
90.19,-12.78,136.41
90.05,-13.77,136.31
89.88,-14.84,136.18
89.69,-15.96,136.03
89.49,-17.11,135.88
89.33,-18.25,135.74
89.18,-19.37,135.62
89.05,-20.48,135.53
88.92,-21.57,135.50
88.78,-22.64,135.52
88.67,-23.67,135.60
88.58,-24.66,135.73
88.53,-25.59,135.89
88.51,-26.48,136.07
88.49,-27.34,136.22
88.46,-28.17,136.32
88.39,-28.98,136.36
88.26,-29.75,136.38
88.10,-30.46,136.39
87.94,-31.11,136.40
87.84,-31.76,136.39
87.85,-32.46,136.35
87.93,-33.19,136.24
87.95,-33.91,136.09
87.86,-34.56,135.88
87.70,-35.09,135.61
87.55,-35.50,135.32
87.36,-35.77,135.03
87.02,-35.95,134.81
86.35,-36.05,134.69
85.40,-36.11,134.69
84.39,-36.12,134.80
83.40,-36.11,135.02
82.55,-36.11,135.34
81.88,-36.14,135.77
81.46,-36.25,136.27
81.29,-36.46,136.78
81.25,-36.77,137.28
81.23,-37.16,137.72
81.22,-37.60,138.09
81.23,-38.04,138.39
81.27,-38.42,138.63
81.34,-38.73,138.83
81.41,-38.96,139.03
81.50,-39.07,139.27
81.46,-39.05,139.58
81.25,-38.94,139.94
80.93,-38.78,140.31
80.57,-38.61,140.64
80.20,-38.46,140.91
79.84,-38.35,141.10
79.51,-38.25,141.20
79.24,-38.15,141.23
79.01,-38.04,141.22
78.81,-37.93,141.19
78.66,-37.79,141.14
78.56,-37.62,141.10
78.47,-37.40,141.07
78.44,-37.12,141.04
78.47,-36.80,141.00
78.55,-36.47,140.94
78.66,-36.13,140.84
78.81,-35.79,140.68
78.96,-35.45,140.48
79.12,-35.11,140.29
79.27,-34.81,140.11
79.45,-34.56,139.95
79.66,-34.37,139.81
79.90,-34.19,139.67
80.18,-34.05,139.51
80.49,-33.93,139.32
80.86,-33.84,139.09
81.25,-33.75,138.85
81.62,-33.63,138.68
82.02,-33.46,138.59
82.50,-33.33,138.65
82.96,-33.14,138.79
83.66,-33.06,138.84
84.45,-33.10,138.80
85.15,-33.17,138.75
85.73,-33.27,138.68
86.19,-33.58,138.46
86.57,-34.15,138.11
87.07,-35.10,137.74
87.55,-36.30,137.33
87.78,-37.47,136.92
87.79,-38.54,136.68
87.62,-39.44,136.58
87.45,-40.16,136.57
87.35,-40.61,136.59
87.26,-40.86,136.58
87.16,-40.95,136.56
87.00,-40.91,136.58
86.72,-40.83,136.69
86.32,-40.81,136.90
85.78,-40.85,137.19
85.23,-40.88,137.48
84.73,-40.98,137.78
84.34,-41.08,138.02
84.11,-41.14,138.13
84.02,-41.18,138.16
84.05,-41.21,138.10
84.17,-41.26,137.97
84.35,-41.32,137.81
84.57,-41.38,137.62
84.80,-41.43,137.43
85.02,-41.44,137.25
85.28,-41.45,137.07
85.55,-41.47,136.88
85.79,-41.48,136.71
85.96,-41.49,136.59
86.08,-41.47,136.51
86.16,-41.43,136.47
86.23,-41.37,136.44
86.30,-41.30,136.41
86.41,-41.21,136.37
86.56,-41.09,136.29
86.75,-40.95,136.18
86.96,-40.81,136.05
87.17,-40.66,135.91
87.39,-40.53,135.77
87.65,-40.42,135.62
87.93,-40.34,135.46
88.23,-40.30,135.28
88.52,-40.27,135.09
88.73,-40.26,134.94
88.94,-40.25,134.79
89.20,-40.31,134.64
89.48,-40.40,134.47
89.76,-40.52,134.26
89.98,-40.64,134.06
90.15,-40.76,133.88
90.29,-40.89,133.73
90.38,-41.01,133.62
90.45,-41.11,133.55
90.47,-41.18,133.53
90.44,-41.24,133.55
90.37,-41.29,133.60
90.28,-41.34,133.67
90.22,-41.42,133.73
90.15,-41.52,133.76
90.06,-41.63,133.78
89.94,-41.75,133.81
89.81,-41.85,133.85
89.72,-41.95,133.90
89.67,-42.03,133.92
89.64,-42.05,133.94
89.63,-42.02,133.95
89.61,-41.93,133.96
89.55,-41.78,133.99
89.45,-41.58,134.05
89.25,-41.33,134.14
88.91,-41.03,134.29
88.49,-40.70,134.47
88.08,-40.33,134.67
87.78,-39.96,134.82
87.64,-39.55,134.88
87.67,-39.15,134.80
87.78,-38.72,134.63
87.86,-38.31,134.44
87.89,-37.92,134.32
87.86,-37.54,134.26
87.84,-37.17,134.22
87.84,-36.82,134.19
87.88,-36.48,134.16
87.96,-36.13,134.10
88.10,-35.77,133.98
88.24,-35.43,133.82
88.30,-35.11,133.68
88.39,-34.90,133.55
88.62,-34.79,133.42
88.91,-34.79,133.25
89.30,-34.86,133.00
89.78,-34.99,132.68
90.32,-35.13,132.31
90.82,-35.24,131.86
91.20,-35.30,131.36
91.32,-35.22,130.94
91.24,-35.06,130.66
91.00,-34.84,130.62
90.68,-34.58,130.87
90.32,-34.22,131.27
90.04,-33.72,131.65
89.85,-33.05,131.98
89.79,-32.19,132.22
89.84,-31.13,132.36
90.00,-29.89,132.41
90.21,-28.51,132.40
90.43,-27.04,132.37
90.68,-25.51,132.33
91.06,-23.97,132.26
91.50,-22.46,132.22
91.89,-21.00,132.19
92.30,-19.60,132.14
92.72,-18.31,132.10
93.12,-17.12,132.08
93.47,-16.05,132.07
93.79,-15.11,132.10
94.12,-14.23,132.16
94.53,-13.45,132.26
94.86,-12.95,132.45
95.04,-12.78,132.74
95.08,-12.94,133.10
95.02,-13.29,133.49
94.92,-13.77,133.86
94.81,-14.29,134.12
94.69,-14.81,134.25
94.55,-15.30,134.20
94.47,-15.79,134.02
94.42,-16.34,133.73
94.38,-16.95,133.36
94.34,-17.63,132.93
94.28,-18.34,132.48
94.19,-19.10,132.04
94.07,-19.88,131.61
93.93,-20.66,131.22
93.74,-21.42,130.87
93.52,-22.15,130.57
93.30,-22.85,130.31
93.06,-23.52,130.12
92.83,-24.19,129.96
92.64,-24.89,129.82
92.47,-25.60,129.68
92.33,-26.30,129.53
92.23,-26.94,129.35
92.15,-27.52,129.12
92.05,-28.07,128.86
91.96,-28.60,128.56
91.87,-29.15,128.25
91.75,-29.68,127.97
91.61,-30.17,127.72
91.51,-30.56,127.53
91.50,-30.83,127.39
91.52,-30.97,127.29
91.48,-31.03,127.25
91.26,-31.02,127.31
90.89,-30.96,127.47
90.44,-30.85,127.69
89.98,-30.70,127.97
89.50,-30.55,128.32
88.94,-30.41,128.79
88.26,-30.32,129.43
87.46,-30.30,130.27
86.65,-30.37,131.26
85.92,-30.53,132.32
85.29,-30.76,133.39
84.74,-31.07,134.43
84.24,-31.45,135.37
83.77,-31.92,136.20
83.34,-32.47,136.92
82.97,-33.08,137.54
82.72,-33.71,138.06
82.56,-34.32,138.51
82.39,-34.91,138.93
82.18,-35.47,139.35
81.94,-35.98,139.79
81.71,-36.43,140.23
81.54,-36.83,140.68
81.40,-37.18,141.14
81.34,-37.53,141.56
81.39,-37.87,141.91
81.55,-38.21,142.15
81.74,-38.56,142.24
81.96,-38.91,142.15
82.22,-39.27,141.83
82.46,-39.58,141.35
82.55,-39.83,140.84
82.51,-40.00,140.43
82.39,-40.05,140.20
82.31,-40.00,140.10
82.27,-39.85,140.09
82.21,-39.64,140.13
82.12,-39.38,140.15
82.03,-39.11,140.13
81.93,-38.81,140.03
81.85,-38.49,139.88
81.76,-38.17,139.69
81.66,-37.88,139.48
81.57,-37.60,139.25
81.46,-37.34,139.01
81.34,-37.08,138.76
81.23,-36.84,138.54
81.12,-36.59,138.34
81.04,-36.29,138.19
80.99,-35.92,138.04
81.02,-35.47,137.88
81.11,-35.00,137.68
81.25,-34.55,137.44
81.44,-34.06,137.15
81.84,-33.84,136.76
82.64,-34.21,136.21
83.42,-34.57,135.70
84.06,-34.88,135.24
84.90,-35.42,134.74
85.95,-36.18,134.21
86.78,-37.22,133.71
87.55,-38.57,133.26
88.28,-39.89,132.78
88.72,-41.11,132.38
88.90,-42.12,132.25
88.94,-42.96,132.26
88.86,-43.63,132.31
88.79,-44.13,132.37
88.73,-44.50,132.43
88.64,-44.78,132.50
88.51,-44.97,132.58
88.28,-45.08,132.72
87.92,-45.15,132.93
87.45,-45.19,133.20
87.01,-45.23,133.47
86.63,-45.28,133.72
86.30,-45.29,133.92
86.04,-45.29,134.09
85.83,-45.25,134.23
85.69,-45.18,134.31
85.64,-45.09,134.35
85.64,-44.96,134.34
85.64,-44.79,134.33
85.63,-44.60,134.34
85.62,-44.43,134.35
85.61,-44.28,134.37
85.61,-44.13,134.38
85.62,-44.01,134.38
85.64,-43.91,134.37
85.66,-43.82,134.36
85.67,-43.73,134.34
85.65,-43.63,134.35
85.61,-43.53,134.36
85.54,-43.40,134.38
85.46,-43.25,134.42
85.46,-43.10,134.42
85.51,-42.90,134.38
85.61,-42.67,134.30
85.75,-42.44,134.21
85.91,-42.20,134.11
86.08,-41.98,134.01
86.25,-41.76,133.91
86.43,-41.56,133.80
86.63,-41.36,133.69
86.84,-41.16,133.56
87.08,-40.96,133.43
87.33,-40.78,133.30
87.55,-40.59,133.19
87.74,-40.42,133.11
87.91,-40.25,133.04
88.08,-40.10,132.98
88.26,-39.96,132.91
88.45,-39.83,132.84
88.61,-39.73,132.78
88.71,-39.64,132.75
88.82,-39.64,132.71
88.93,-39.68,132.67
88.97,-39.76,132.65
88.89,-39.84,132.70
88.77,-39.87,132.78
88.74,-39.92,132.84
88.78,-40.01,132.89
88.86,-40.12,132.90
89.00,-40.29,132.87
89.19,-40.52,132.81
89.22,-40.71,132.83
89.24,-40.87,132.87
89.20,-41.01,132.96
89.15,-41.11,133.06
89.10,-41.18,133.17
89.07,-41.21,133.26
89.09,-41.24,133.31
89.12,-41.24,133.35
89.16,-41.17,133.37
89.20,-41.01,133.36
89.29,-40.73,133.32
89.37,-40.34,133.28
89.40,-39.89,133.25
89.49,-39.51,133.21
89.61,-39.20,133.17
89.77,-38.90,133.10
89.95,-38.62,133.01
90.16,-38.30,132.89
90.34,-37.88,132.74
90.41,-37.28,132.60
90.51,-36.49,132.46
90.65,-35.53,132.38
90.78,-34.46,132.32
91.05,-33.45,132.22
91.36,-32.43,132.10
91.64,-31.42,131.98
91.88,-30.36,131.89
92.11,-29.24,131.84
92.34,-28.08,131.83
92.54,-26.85,131.85
92.74,-25.58,131.90
92.95,-24.25,131.97
93.10,-22.89,132.05
93.23,-21.53,132.17
93.33,-20.18,132.31
93.43,-18.86,132.48
93.52,-17.55,132.68
93.60,-16.28,132.90
93.70,-15.04,133.15
93.85,-13.86,133.43
94.00,-12.73,133.75
94.14,-11.66,134.09
94.24,-10.64,134.44
94.31,-9.68,134.77
94.39,-8.77,135.09
94.49,-7.92,135.40
94.58,-7.15,135.69
94.69,-6.46,135.94
94.88,-5.89,136.13
95.22,-5.48,136.28
95.63,-5.33,136.39
95.92,-5.57,136.38
96.02,-6.30,136.21
95.91,-7.38,135.85
95.81,-8.39,135.43
95.87,-9.21,135.05
96.01,-9.89,134.71
96.23,-10.58,134.41
96.41,-11.34,134.12
96.56,-12.18,133.79
96.71,-13.07,133.39
96.84,-14.02,132.93
96.94,-15.05,132.43
96.93,-16.11,131.89
96.83,-17.28,131.34
96.73,-18.46,130.81
96.63,-19.58,130.32
96.51,-20.61,129.88
96.36,-21.54,129.49
96.21,-22.39,129.17
96.08,-23.20,128.88
96.00,-23.95,128.59
95.96,-24.68,128.27
95.95,-25.43,127.88
95.91,-26.23,127.42
95.80,-27.10,126.91
95.59,-28.04,126.38
95.28,-29.00,125.89
94.89,-29.98,125.48
94.44,-30.92,125.22
93.91,-31.82,125.17
93.30,-32.65,125.31
92.61,-33.41,125.61
91.84,-34.09,126.03
91.03,-34.69,126.50
90.20,-35.24,126.99
89.42,-35.76,127.45
88.76,-36.30,127.84
88.25,-36.84,128.14
87.87,-37.36,128.32
87.65,-37.82,128.36
87.50,-38.27,128.30
87.27,-38.75,128.22
86.81,-39.28,128.22
86.11,-39.84,128.37
85.40,-40.43,128.73
84.74,-41.04,129.30
84.18,-41.63,130.05
83.73,-42.19,130.91
83.40,-42.67,131.80
83.18,-43.07,132.64
83.05,-43.37,133.37
82.98,-43.60,133.94
82.98,-43.78,134.33
83.01,-43.92,134.54
83.07,-44.01,134.59
83.16,-44.04,134.50
83.22,-43.97,134.31
83.16,-43.73,134.06
82.92,-43.31,133.82
82.58,-42.74,133.60
82.23,-42.07,133.43
81.93,-41.35,133.29
81.75,-40.62,133.17
81.69,-39.94,133.03
81.67,-39.30,132.84
81.63,-38.70,132.58
81.56,-38.11,132.21
81.50,-37.49,131.76
81.42,-36.81,131.32
81.39,-36.14,130.95
81.41,-35.51,130.70
81.48,-34.98,130.60
81.68,-34.61,130.61
82.03,-34.41,130.62
82.49,-34.41,130.54
82.93,-34.46,130.34
83.29,-34.50,130.01
83.51,-34.52,129.63
83.79,-34.52,129.35
84.18,-34.51,129.19
84.64,-34.41,129.07
85.08,-34.81,128.86
85.78,-35.80,128.64
86.77,-37.51,128.17
87.70,-39.28,127.48
88.53,-40.73,126.83
89.32,-41.78,126.30
90.12,-42.61,125.70
90.91,-43.36,125.10
91.57,-44.09,124.62
92.11,-44.76,124.26
92.50,-45.39,124.00
92.77,-45.94,123.88
92.88,-46.46,123.88
92.82,-46.90,123.98
92.63,-47.30,124.14
92.39,-47.64,124.31
92.13,-47.91,124.47
91.93,-48.11,124.59
91.78,-48.23,124.68
91.71,-48.31,124.71
91.69,-48.38,124.70
91.71,-48.44,124.66
91.73,-48.47,124.62
91.72,-48.47,124.60
91.69,-48.41,124.60
91.62,-48.31,124.65
91.54,-48.17,124.72
91.43,-48.00,124.80
91.32,-47.84,124.88
91.21,-47.68,124.96
91.07,-47.52,125.04
90.94,-47.35,125.13
90.79,-47.17,125.22
90.61,-46.96,125.33
90.45,-46.72,125.44
90.31,-46.46,125.53
90.20,-46.19,125.60
90.10,-45.90,125.66
90.00,-45.61,125.71
89.92,-45.30,125.76
89.85,-44.99,125.79
89.79,-44.68,125.82
89.74,-44.35,125.84
89.71,-44.02,125.85
89.69,-43.68,125.85
89.70,-43.34,125.85
89.72,-43.00,125.83
89.75,-42.65,125.81
89.79,-42.31,125.78
89.83,-41.96,125.75
89.87,-41.61,125.71
89.90,-41.26,125.68
89.93,-40.93,125.65
89.95,-40.63,125.62
89.95,-40.35,125.59
89.95,-40.10,125.57
89.99,-39.89,125.53
90.04,-39.71,125.48
90.11,-39.56,125.42
90.15,-39.41,125.36
90.19,-39.27,125.31
90.22,-39.12,125.27
90.22,-38.98,125.24
90.20,-38.84,125.24
90.16,-38.73,125.24
90.10,-38.65,125.26
90.04,-38.60,125.27
90.02,-38.61,125.25
90.06,-38.67,125.20
89.99,-38.74,125.18
89.90,-38.79,125.19
89.85,-38.86,125.18
89.72,-38.85,125.23
89.61,-38.78,125.28
89.47,-38.61,125.35
89.37,-38.35,125.39
89.31,-37.99,125.42
89.26,-37.51,125.41
89.28,-36.94,125.35
89.37,-36.33,125.26
89.50,-35.71,125.11
89.62,-35.10,124.95
89.76,-34.53,124.80
89.91,-34.01,124.68
90.04,-33.56,124.58
90.14,-33.22,124.50
90.18,-32.97,124.46
90.11,-32.73,124.45
90.04,-32.46,124.44
89.97,-32.17,124.46
90.00,-31.84,124.46
90.06,-31.47,124.44
90.05,-31.01,124.43
90.09,-30.53,124.40
90.19,-29.98,124.41
90.26,-29.35,124.42
90.33,-28.61,124.45
90.39,-27.75,124.51
90.49,-26.83,124.58
90.65,-25.85,124.67
90.84,-24.81,124.73
91.07,-23.72,124.76
91.36,-22.57,124.77
91.73,-21.40,124.75
92.18,-20.21,124.70
92.68,-19.01,124.65
93.12,-17.83,124.61
93.57,-16.65,124.55
94.03,-15.50,124.48
94.47,-14.40,124.39
94.84,-13.36,124.29
95.15,-12.39,124.18
95.42,-11.49,124.03
95.70,-10.71,123.86
96.05,-10.06,123.65
96.50,-9.52,123.42
96.86,-9.13,123.19
96.90,-9.17,122.97
96.56,-9.72,122.82
96.12,-10.42,122.87
95.83,-11.08,123.07
95.52,-11.67,123.37
95.16,-12.23,123.64
94.71,-12.81,123.86
94.19,-13.45,124.00
93.63,-14.15,124.11
93.05,-14.91,124.18
92.45,-15.71,124.23
91.86,-16.54,124.26
91.29,-17.39,124.28
90.72,-18.25,124.28
90.10,-19.11,124.28
89.47,-19.97,124.27
88.84,-20.79,124.25
88.22,-21.57,124.22
87.61,-22.30,124.16
87.00,-22.95,124.09
86.41,-23.56,124.00
85.86,-24.24,123.89
85.36,-25.06,123.76
84.86,-26.07,123.61
84.34,-27.23,123.44
83.81,-28.44,123.27
83.28,-29.64,123.10
82.76,-30.73,122.98
82.24,-31.70,122.89
81.78,-32.62,122.86
81.37,-33.50,122.88
81.00,-34.37,122.92
80.61,-35.20,122.98
80.13,-35.99,123.07
79.54,-36.78,123.22
78.91,-37.57,123.40
78.26,-38.35,123.64
77.61,-39.15,123.94
77.05,-40.02,124.21
76.52,-40.93,124.48
75.95,-41.79,124.74
75.32,-42.53,124.97
74.65,-43.12,125.14
74.00,-43.56,125.24
73.40,-43.87,125.28
72.85,-44.10,125.30
72.16,-44.36,125.33
71.44,-44.70,125.39
70.71,-45.06,125.50
69.99,-45.46,125.68
69.44,-45.94,125.84
69.03,-46.47,125.95
68.69,-46.99,126.00
68.39,-47.40,125.99
68.11,-47.63,125.91
67.86,-47.68,125.81
67.66,-47.60,125.77
67.50,-47.48,125.86
67.32,-47.38,126.14
67.10,-47.30,126.58
66.86,-47.18,127.13
66.65,-46.98,127.69
66.57,-46.66,128.17
66.64,-46.26,128.50
66.87,-45.80,128.69
67.27,-45.26,128.68
68.16,-44.79,128.34
69.80,-44.54,127.56
71.53,-44.37,126.63
73.03,-44.13,125.67
74.41,-44.41,124.96
75.63,-44.82,124.48
76.57,-45.20,124.04
77.31,-45.53,123.64
77.94,-45.71,123.32
78.49,-45.73,123.11
78.88,-45.62,122.98
79.16,-45.39,122.88
79.38,-45.05,122.81
79.56,-44.63,122.74
79.72,-44.18,122.68
79.85,-43.71,122.63
79.98,-43.20,122.56
80.12,-42.69,122.47
80.26,-42.17,122.38
80.39,-41.65,122.31
80.53,-41.19,122.24
80.67,-40.78,122.19
80.80,-40.43,122.15
80.93,-40.16,122.13
81.05,-39.96,122.12
81.19,-39.81,122.11
81.33,-39.70,122.12
81.44,-39.60,122.15
81.53,-39.50,122.20
81.63,-39.42,122.25
81.74,-39.33,122.29
81.85,-39.24,122.34
81.95,-39.14,122.39
82.05,-39.05,122.44
82.14,-38.94,122.50
82.20,-38.82,122.55
82.25,-38.69,122.61
82.28,-38.55,122.66
82.29,-38.38,122.73
82.30,-38.22,122.77
82.31,-38.06,122.80
82.32,-37.90,122.83
82.32,-37.75,122.87
82.32,-37.61,122.89
82.31,-37.50,122.93
82.30,-37.40,122.96
82.29,-37.31,123.00
82.30,-37.26,123.03
82.32,-37.23,123.05
82.36,-37.24,123.06
82.42,-37.25,123.08
82.51,-37.28,123.07
82.60,-37.31,123.06
82.72,-37.35,123.04
82.84,-37.39,123.02
82.95,-37.42,123.02
83.05,-37.47,123.02
83.13,-37.54,123.04
83.18,-37.59,123.09
83.25,-37.63,123.12
83.31,-37.65,123.16
83.35,-37.64,123.20
83.37,-37.60,123.25
83.37,-37.53,123.31
83.37,-37.44,123.37
83.37,-37.33,123.41
83.38,-37.19,123.44
83.40,-37.02,123.44
83.44,-36.78,123.42
83.49,-36.48,123.39
83.57,-36.13,123.35
83.66,-35.72,123.30
83.76,-35.28,123.24
83.89,-34.80,123.17
84.03,-34.26,123.08
84.19,-33.67,122.97
84.38,-33.03,122.84
84.58,-32.34,122.67
84.81,-31.58,122.47
85.05,-30.74,122.23
85.27,-29.80,121.96
85.43,-28.72,121.64
85.35,-27.43,121.37
85.20,-26.01,121.14
85.00,-24.46,120.98
84.66,-22.72,120.86
84.21,-20.82,120.76
83.72,-18.79,120.67
83.12,-16.68,120.61
82.43,-14.53,120.52
81.70,-12.41,120.42
80.95,-10.33,120.26
80.20,-8.34,120.00
79.50,-6.46,119.66
78.79,-4.73,119.23
78.03,-3.25,118.63
77.23,-2.39,117.66
76.31,-2.35,116.41
75.28,-2.94,115.01
74.16,-3.85,113.71
73.04,-4.93,112.70
71.92,-6.02,112.07
70.82,-7.08,111.82
69.73,-8.09,111.90
68.65,-9.03,112.22
67.61,-9.92,112.72
66.59,-10.78,113.33
65.56,-11.66,113.99
64.56,-12.62,114.65
63.55,-13.70,115.26
62.52,-14.93,115.82
61.48,-16.31,116.30
60.40,-17.82,116.69
59.32,-19.41,117.01
58.26,-21.04,117.25
57.21,-22.70,117.46
56.19,-24.38,117.66
55.17,-26.08,117.92
54.15,-27.74,118.27
53.08,-29.34,118.72
51.95,-30.84,119.30
50.75,-32.24,120.00
49.39,-33.52,120.85
47.95,-34.74,121.84
46.46,-35.86,122.93
44.99,-36.87,124.05
43.69,-37.86,125.12
42.52,-38.82,126.10
41.43,-39.79,126.93
40.39,-40.78,127.61
39.45,-41.78,128.11
38.60,-42.78,128.44
37.82,-43.78,128.69
37.08,-44.72,128.93
36.32,-45.54,129.23
35.52,-46.24,129.65
34.71,-46.81,130.21
33.90,-47.26,130.88
33.11,-47.60,131.63
32.31,-47.85,132.42
31.57,-48.05,133.22
30.92,-48.21,133.93
30.40,-48.33,134.49
30.09,-48.40,134.83
30.01,-48.42,134.93
30.20,-48.38,134.81
30.66,-48.22,134.47
31.74,-47.96,133.95
33.52,-47.85,133.36
35.71,-47.65,132.69
37.45,-47.63,132.37
38.40,-47.99,132.38
38.91,-48.27,132.22
39.49,-48.42,131.95
40.40,-48.36,131.53
41.31,-48.22,130.98
42.09,-48.05,130.43
42.80,-47.86,129.97
43.42,-47.66,129.59
43.89,-47.49,129.29
44.24,-47.38,129.13
44.45,-47.29,129.04
44.59,-47.22,129.01
44.70,-47.17,128.99
44.80,-47.11,128.96
44.88,-47.03,128.92
44.94,-46.94,128.89
45.00,-46.84,128.84
45.07,-46.74,128.79
45.10,-46.63,128.75
45.11,-46.50,128.70
45.13,-46.35,128.60
45.15,-46.18,128.48
45.19,-45.97,128.31
45.25,-45.73,128.11
45.35,-45.46,127.86
45.53,-45.15,127.52
45.78,-44.81,127.11
46.12,-44.45,126.62
46.49,-44.07,126.09
46.87,-43.67,125.56
47.25,-43.29,125.04
47.61,-42.91,124.54
47.95,-42.55,124.08
48.29,-42.20,123.65
48.63,-41.87,123.23
48.99,-41.56,122.82
49.36,-41.29,122.44
49.73,-41.07,122.08
50.09,-40.89,121.77
50.42,-40.76,121.50
50.71,-40.66,121.29
50.97,-40.58,121.12
51.19,-40.51,120.99
51.38,-40.46,120.89
51.56,-40.42,120.81
51.75,-40.40,120.74
51.94,-40.40,120.68
52.13,-40.42,120.62
52.29,-40.45,120.59
52.40,-40.48,120.58
52.47,-40.51,120.60
52.51,-40.52,120.63
52.54,-40.52,120.66
52.57,-40.50,120.67
52.60,-40.48,120.67
52.65,-40.46,120.66
52.70,-40.43,120.64
52.76,-40.38,120.61
52.81,-40.33,120.58
52.87,-40.25,120.52
52.95,-40.15,120.44
53.04,-40.02,120.34
53.15,-39.88,120.21
53.30,-39.70,120.05
53.49,-39.50,119.85
53.70,-39.28,119.63
53.95,-39.02,119.38
54.23,-38.73,119.11
54.54,-38.40,118.82
54.87,-38.05,118.51
55.21,-37.67,118.18
55.58,-37.27,117.83
55.98,-36.85,117.45
56.40,-36.42,117.04
56.86,-35.98,116.62
57.33,-35.50,116.17
57.81,-35.00,115.70
58.31,-34.46,115.21
58.83,-33.86,114.69
59.38,-33.20,114.13
59.94,-32.45,113.54
60.51,-31.60,112.92
61.10,-30.66,112.27
61.69,-29.60,111.57
62.28,-28.42,110.82
62.87,-27.12,110.02
63.45,-25.68,109.16
63.98,-24.07,108.24
64.45,-22.31,107.29
64.83,-20.41,106.35
65.06,-18.43,105.44
65.07,-16.39,104.61
64.87,-14.33,103.85
64.48,-12.26,103.14
64.01,-10.20,102.40
63.53,-8.19,101.64
63.05,-6.26,100.85
62.45,-4.43,100.05
61.63,-2.75,99.29
60.58,-1.28,98.55
59.47,-0.32,97.86
58.62,-0.39,97.39
57.92,-1.51,97.23
57.23,-3.14,97.34
56.57,-4.93,97.66
55.97,-6.68,98.07
55.36,-8.33,98.55
54.75,-9.83,99.07
54.18,-11.17,99.59
53.61,-12.40,100.16
52.96,-13.55,100.78
52.17,-14.67,101.45
51.26,-15.83,102.15
50.24,-17.07,102.85
49.11,-18.41,103.55
47.93,-19.87,104.24
46.76,-21.48,104.92
45.61,-23.25,105.60
44.50,-25.15,106.24
43.46,-27.09,106.78
42.50,-28.97,107.14
41.56,-30.74,107.35
40.56,-32.43,107.52
39.48,-34.05,107.75
38.36,-35.55,108.11
37.21,-36.89,108.65
36.00,-38.07,109.37
34.69,-39.14,110.28
33.32,-40.12,111.33
31.93,-41.01,112.45
30.58,-41.81,113.57
29.32,-42.57,114.61
28.13,-43.29,115.57
27.02,-44.00,116.47
25.98,-44.73,117.31
24.97,-45.46,118.09
23.99,-46.19,118.79
23.04,-46.87,119.37
22.11,-47.46,119.83
21.22,-47.95,120.20
20.39,-48.33,120.51
19.62,-48.59,120.85
18.88,-48.77,121.27
18.16,-48.86,121.75
17.50,-48.84,122.19
16.94,-48.75,122.58
16.46,-48.63,122.94
16.08,-48.50,123.28
15.80,-48.40,123.64
15.60,-48.35,123.98
15.52,-48.33,124.24
15.61,-48.34,124.33
15.85,-48.35,124.24
16.21,-48.34,124.02
16.70,-48.29,123.73
17.31,-48.17,123.41
18.02,-47.93,123.04
18.82,-47.49,122.60
19.80,-46.86,122.11
21.25,-46.37,121.94
22.14,-46.14,122.69
22.02,-46.22,123.78
21.59,-46.47,124.53
21.09,-46.79,125.22
20.93,-46.93,125.69
20.98,-46.99,125.89
21.05,-47.04,125.88
21.18,-47.07,125.76
21.43,-47.04,125.58
21.75,-46.98,125.30
22.13,-46.90,124.94
22.55,-46.84,124.57
22.96,-46.81,124.24
23.36,-46.80,123.91
23.73,-46.78,123.62
24.04,-46.74,123.37
24.30,-46.69,123.16
24.52,-46.62,122.97
24.73,-46.55,122.80
24.93,-46.49,122.64
25.15,-46.44,122.47
25.36,-46.40,122.32
25.55,-46.38,122.19
25.72,-46.36,122.10
25.84,-46.33,122.05
25.90,-46.31,122.06
25.90,-46.28,122.12
25.86,-46.27,122.24
25.80,-46.27,122.39
25.76,-46.29,122.55
25.73,-46.33,122.71
25.75,-46.39,122.86
25.80,-46.47,122.99
25.86,-46.55,123.12
25.91,-46.63,123.25
25.97,-46.69,123.36
26.04,-46.72,123.43
26.10,-46.71,123.46
26.19,-46.68,123.46
26.28,-46.63,123.41
26.39,-46.56,123.33
26.51,-46.48,123.20
26.64,-46.37,123.03
26.77,-46.24,122.83
26.90,-46.08,122.59
27.00,-45.92,122.34
27.09,-45.74,122.09
27.19,-45.56,121.82
27.34,-45.38,121.53
27.53,-45.23,121.21
27.76,-45.10,120.88
27.99,-44.98,120.55
28.22,-44.86,120.24
28.45,-44.76,119.94
28.68,-44.66,119.66
28.90,-44.58,119.39
29.11,-44.52,119.15
29.31,-44.47,118.95
29.51,-44.43,118.78
29.72,-44.42,118.62
29.94,-44.43,118.48
30.18,-44.45,118.34
30.44,-44.49,118.21
30.71,-44.53,118.07
31.00,-44.56,117.92
31.29,-44.59,117.78
31.55,-44.62,117.67
31.75,-44.65,117.61
31.90,-44.70,117.60
32.01,-44.75,117.65
32.08,-44.81,117.72
32.15,-44.85,117.80
32.18,-44.91,117.91
32.13,-44.97,118.08
31.99,-45.04,118.32
31.78,-45.13,118.62
31.63,-45.20,118.89
31.57,-45.26,119.03
31.62,-45.28,119.03
31.74,-45.25,118.92
31.92,-45.19,118.73
32.11,-45.10,118.50
32.34,-44.97,118.20
32.63,-44.79,117.81
32.98,-44.57,117.31
33.38,-44.30,116.73
33.84,-44.02,116.10
34.32,-43.77,115.47
34.78,-43.56,114.90
35.19,-43.36,114.40
35.56,-43.17,113.96
35.89,-43.00,113.58
36.19,-42.83,113.23
36.47,-42.67,112.90
36.77,-42.53,112.56
37.07,-42.40,112.26
37.38,-42.31,111.99
37.70,-42.25,111.73
38.05,-42.24,111.47
38.42,-42.28,111.22
38.78,-42.38,111.00
39.09,-42.52,110.84
39.35,-42.71,110.77
39.57,-42.89,110.71
39.79,-43.04,110.59
40.04,-43.09,110.39
40.37,-43.01,109.99
40.79,-42.73,109.39
41.31,-42.24,108.64
42.00,-41.54,107.71
42.79,-40.66,106.59
43.69,-39.54,105.25
44.73,-38.13,103.66
45.89,-36.44,101.85
47.06,-34.48,99.92
48.17,-32.29,97.96
49.21,-29.94,96.06
50.17,-27.53,94.26
50.94,-25.17,92.70
51.30,-22.93,91.44
51.41,-20.92,90.44
51.52,-19.12,89.60
51.71,-17.64,88.97
52.11,-16.94,88.65
52.92,-17.22,88.42
54.05,-17.84,87.98
55.29,-18.52,87.36
56.50,-19.19,86.67
57.61,-19.81,85.95
58.51,-20.35,85.29
59.21,-20.82,84.77
59.70,-21.22,84.44
59.99,-21.57,84.31
60.10,-21.89,84.37
60.08,-22.25,84.58
59.93,-22.73,84.90
59.67,-23.35,85.33
59.30,-24.10,85.87
58.86,-24.93,86.50
58.39,-25.81,87.23
57.91,-26.72,88.02
57.41,-27.65,88.86
56.90,-28.59,89.69
56.38,-29.53,90.47
55.87,-30.45,91.16
55.38,-31.35,91.72
54.96,-32.24,92.11
54.63,-33.12,92.35
54.42,-34.05,92.41
54.28,-34.98,92.33
54.13,-35.86,92.23
53.91,-36.67,92.17
53.58,-37.38,92.20
53.15,-38.02,92.37
52.65,-38.60,92.67
52.10,-39.13,93.05
51.51,-39.60,93.49
50.93,-40.02,93.92
50.43,-40.38,94.30
50.03,-40.69,94.58
49.68,-40.99,94.78
49.35,-41.31,94.88
49.01,-41.69,94.94
48.62,-42.12,94.97
48.19,-42.58,94.99
47.73,-43.06,95.03
47.29,-43.53,95.12
46.84,-43.97,95.29
46.39,-44.37,95.55
45.98,-44.69,95.86
45.61,-44.96,96.18
45.28,-45.17,96.50
44.96,-45.34,96.78
44.69,-45.46,97.02
44.51,-45.56,97.18
44.39,-45.64,97.27
44.35,-45.72,97.28
44.42,-45.81,97.21
44.52,-45.92,97.06
44.66,-46.06,96.81
44.84,-46.22,96.49
45.05,-46.40,96.12
45.28,-46.58,95.75
45.47,-46.74,95.41
45.55,-46.86,95.15
45.51,-46.92,94.99
45.37,-46.93,94.92
45.19,-46.84,94.91
45.07,-46.65,94.92
45.01,-46.33,94.90
45.01,-45.91,94.82
45.07,-45.42,94.69
45.18,-44.91,94.51
45.30,-44.45,94.30
45.44,-44.05,94.05
45.62,-43.77,93.76
45.82,-43.60,93.44
46.03,-43.52,93.09
46.25,-43.49,92.75
46.48,-43.46,92.43
46.73,-43.39,92.15
47.00,-43.26,91.91
47.27,-43.09,91.71
47.53,-42.88,91.54
47.77,-42.67,91.39
48.01,-42.49,91.22
48.26,-42.35,91.04
48.51,-42.26,90.83
48.78,-42.24,90.58
49.04,-42.27,90.28
49.31,-42.33,89.92
49.57,-42.34,89.52
49.85,-42.27,89.08
50.21,-42.08,88.62
50.70,-41.75,88.15
51.37,-41.32,87.68
52.14,-40.81,87.27
52.86,-40.22,87.15
53.42,-39.72,87.74
54.15,-39.44,88.60
54.79,-39.41,89.55
54.91,-39.80,90.46
54.89,-40.48,91.18
54.90,-41.39,91.83
55.03,-42.35,92.48
55.10,-43.25,93.02
55.11,-44.08,93.45
55.15,-44.83,93.84
55.26,-45.53,94.13
55.35,-46.19,94.39
55.37,-46.75,94.71
55.30,-47.19,95.03
55.23,-47.52,95.30
55.20,-47.78,95.51
55.20,-47.99,95.67
55.19,-48.16,95.80
55.17,-48.29,95.92
55.13,-48.39,96.02
55.06,-48.47,96.13
54.98,-48.55,96.27
54.92,-48.65,96.43
54.90,-48.78,96.59
54.91,-48.92,96.74
54.92,-49.07,96.88
54.94,-49.21,97.02
54.96,-49.33,97.16
55.00,-49.44,97.27
55.07,-49.54,97.35
55.14,-49.62,97.42
55.17,-49.70,97.49
55.21,-49.78,97.57
55.27,-49.86,97.63
55.36,-49.93,97.66
55.46,-50.02,97.68
55.58,-50.14,97.70
55.70,-50.31,97.71
55.83,-50.51,97.73
55.98,-50.72,97.75
56.15,-50.90,97.76
56.33,-51.06,97.75
56.54,-51.18,97.70
56.75,-51.26,97.65
56.93,-51.33,97.62
57.08,-51.40,97.62
57.18,-51.48,97.64
57.25,-51.57,97.67
57.32,-51.66,97.70
57.40,-51.75,97.69
57.53,-51.84,97.66
57.71,-51.93,97.60
57.96,-52.03,97.49
58.26,-52.10,97.34
58.59,-52.11,97.16
58.87,-52.08,97.00
59.09,-52.01,96.89
59.22,-51.91,96.86
59.28,-51.78,96.86
59.31,-51.64,96.87
59.35,-51.47,96.85
59.43,-51.29,96.80
59.54,-51.11,96.71
59.70,-50.93,96.58
59.91,-50.72,96.40
60.17,-50.48,96.16
60.44,-50.19,95.91
60.68,-49.85,95.65
60.89,-49.48,95.40
61.08,-49.07,95.16
61.25,-48.66,94.94
61.41,-48.24,94.70
61.58,-47.80,94.44
61.77,-47.31,94.15
61.99,-46.79,93.83
62.23,-46.24,93.49
62.52,-45.68,93.11
62.85,-45.13,92.72
63.19,-44.60,92.34
63.52,-44.08,91.98
63.86,-43.54,91.60
64.21,-42.97,91.20
64.59,-42.33,90.78
64.99,-41.66,90.33
65.40,-40.99,89.88
65.78,-40.33,89.46
66.15,-39.68,89.06
66.50,-39.03,88.68
66.86,-38.40,88.31
67.21,-37.78,87.94
67.58,-37.16,87.55
67.96,-36.53,87.13
68.38,-35.88,86.69
68.83,-35.19,86.21
69.29,-34.48,85.72
69.76,-33.78,85.24
70.21,-33.05,84.78
70.68,-32.28,84.33
71.14,-31.47,83.90
71.66,-30.61,83.48
72.07,-29.64,83.07
72.41,-28.56,82.71
72.72,-27.41,82.39
73.05,-26.19,82.08
73.39,-24.95,81.75
73.75,-23.70,81.42
74.14,-22.46,81.07
74.57,-21.21,80.68
75.04,-19.96,80.27
75.56,-18.71,79.84
76.12,-17.46,79.38
76.73,-16.24,78.90
77.40,-15.03,78.41
78.10,-13.82,77.92
78.77,-12.60,77.44
79.44,-11.33,77.00
80.04,-10.02,76.56
80.61,-8.66,76.13
81.21,-7.31,75.70
81.86,-6.00,75.31
82.51,-4.77,74.96
83.13,-3.62,74.63
83.66,-2.59,74.33
84.07,-1.70,74.06
84.37,-1.00,73.81
84.62,-0.47,73.57
84.75,-0.03,73.42
84.76,-0.01,73.44
84.59,-0.59,73.75
84.14,-1.63,74.43
83.74,-2.82,75.36
83.64,-3.94,76.31
83.66,-5.06,77.21
83.70,-6.18,78.02
83.73,-7.31,78.72
83.70,-8.46,79.27
83.58,-9.59,79.68
83.37,-10.72,79.96
83.06,-11.83,80.12
82.68,-12.95,80.21
82.30,-14.09,80.23
81.93,-15.28,80.20
81.53,-16.51,80.13
81.08,-17.77,80.04
80.59,-19.04,79.94
80.05,-20.29,79.87
79.47,-21.51,79.85
78.88,-22.70,79.89
78.29,-23.82,80.01
77.76,-24.84,80.20
77.28,-25.79,80.44
76.83,-26.66,80.70
76.40,-27.38,80.95
75.96,-27.94,81.18
75.53,-28.32,81.38
75.15,-28.55,81.51
74.83,-28.68,81.61
74.55,-28.75,81.67
74.30,-28.80,81.69
74.10,-28.85,81.69
73.96,-28.89,81.66
73.87,-28.93,81.60
73.81,-28.99,81.55
73.77,-29.10,81.56
73.68,-29.28,81.69
73.52,-29.55,81.98
73.36,-29.93,82.41
73.18,-30.40,82.97
72.99,-30.92,83.60
72.78,-31.48,84.23
72.53,-32.04,84.81
72.25,-32.60,85.31
71.97,-33.15,85.70
71.70,-33.68,86.00
71.41,-34.16,86.24
71.12,-34.61,86.45
70.84,-35.01,86.66
70.62,-35.38,86.86
70.47,-35.76,87.07
70.36,-36.17,87.29
70.31,-36.61,87.53
70.34,-37.07,87.75
70.42,-37.51,87.95
70.53,-37.89,88.09
70.66,-38.17,88.17
70.81,-38.35,88.15
70.98,-38.48,88.02
71.18,-38.58,87.80
71.43,-38.68,87.50
71.76,-38.82,87.14
72.19,-38.99,86.71
72.67,-39.13,86.25
73.15,-39.18,85.79
73.61,-39.13,85.37
74.04,-38.99,85.06
74.45,-38.78,84.86
74.82,-38.52,84.80
75.16,-38.20,84.86
75.42,-37.85,85.02
75.62,-37.49,85.25
75.76,-37.15,85.51
75.84,-36.83,85.80
75.90,-36.47,86.13
76.07,-36.01,86.47
76.38,-35.36,86.79
76.71,-34.55,87.08
77.05,-33.65,87.28
77.43,-33.27,87.34
77.76,-33.86,87.34
78.08,-34.74,87.44
78.51,-35.98,87.46
79.04,-37.68,87.32
79.64,-39.50,87.08
80.06,-41.07,86.73
80.36,-42.26,86.32
80.89,-43.08,86.02
81.37,-43.72,85.76
81.66,-44.28,85.56
81.79,-44.69,85.62
81.68,-44.99,85.86
81.36,-45.23,86.18
80.92,-45.40,86.57
80.38,-45.52,86.99
79.83,-45.57,87.38
79.35,-45.55,87.71
78.95,-45.47,87.98
78.63,-45.35,88.18
78.40,-45.22,88.34
78.27,-45.08,88.43
78.23,-44.95,88.46
78.24,-44.83,88.44
78.30,-44.74,88.40
78.34,-44.65,88.38
78.38,-44.57,88.37
78.43,-44.49,88.38
78.48,-44.42,88.40
78.53,-44.37,88.43
78.57,-44.34,88.47
78.64,-44.34,88.51
78.75,-44.38,88.52
78.91,-44.48,88.47
79.13,-44.65,88.38
79.39,-44.92,88.25
79.66,-45.26,88.11
79.97,-45.65,87.95
80.31,-46.05,87.77
80.71,-46.43,87.57
81.16,-46.78,87.35
81.59,-47.11,87.13
82.01,-47.41,86.92
82.38,-47.67,86.74
82.66,-47.87,86.61
82.85,-47.99,86.58
82.94,-48.02,86.65
82.92,-47.97,86.80
82.84,-47.85,86.99
82.75,-47.68,87.18
82.69,-47.47,87.34
82.64,-47.24,87.46
82.60,-47.01,87.58
82.54,-46.79,87.70
82.48,-46.59,87.82
82.40,-46.38,87.94
82.33,-46.13,88.04
82.27,-45.82,88.13
82.23,-45.44,88.20
82.20,-45.02,88.27
82.17,-44.58,88.33
82.14,-44.13,88.39
82.10,-43.69,88.45
82.07,-43.27,88.49
82.06,-42.86,88.51
82.06,-42.48,88.51
82.09,-42.11,88.48
82.16,-41.74,88.44
82.26,-41.41,88.40
82.37,-41.11,88.36
82.47,-40.84,88.34
82.57,-40.60,88.34
82.66,-40.35,88.34
82.76,-40.06,88.34
82.87,-39.71,88.33
83.02,-39.28,88.30
83.20,-38.77,88.23
83.40,-38.17,88.14
83.63,-37.48,88.01
83.91,-36.77,87.86
84.20,-36.08,87.71
84.44,-35.44,87.59
84.61,-34.88,87.50
84.73,-34.39,87.47
84.85,-33.95,87.46
84.95,-33.56,87.47
85.04,-33.17,87.48
85.14,-32.76,87.46
85.26,-32.34,87.42
85.39,-31.90,87.37
85.40,-31.48,87.33
85.26,-31.08,87.33
84.93,-30.67,87.42
84.48,-30.26,87.63
84.09,-29.88,87.91
83.81,-29.51,88.16
83.73,-29.11,88.25
83.87,-28.65,88.17
84.21,-28.10,87.96
84.67,-27.46,87.66
85.19,-26.74,87.32
85.69,-25.95,87.02
86.09,-25.14,86.77
86.43,-24.32,86.58
86.68,-23.48,86.45
86.83,-22.64,86.42
86.87,-21.77,86.49
86.82,-20.88,86.65
86.72,-19.99,86.89
86.61,-19.10,87.20
86.58,-18.22,87.50
86.64,-17.33,87.75
86.81,-16.43,87.90
87.10,-15.54,87.98
87.46,-14.64,87.99
87.86,-13.77,87.95
88.33,-12.94,87.85
88.85,-12.14,87.70
89.37,-11.38,87.53
89.88,-10.63,87.32
90.40,-9.90,87.10
90.89,-9.19,86.89
91.30,-8.47,86.68
91.66,-7.74,86.48
92.00,-7.00,86.31
92.32,-6.25,86.17
92.60,-5.47,86.06
92.85,-4.70,85.98
93.07,-3.92,85.92
93.26,-3.19,85.89
93.49,-2.53,85.86
93.82,-1.98,85.81
94.31,-1.55,85.77
94.79,-1.33,85.76
95.09,-1.29,85.82
94.91,-1.61,85.96
94.61,-2.29,86.08
94.21,-3.13,86.30
93.99,-3.93,86.63
93.82,-4.66,87.10
93.72,-5.35,87.67
93.62,-6.07,88.20
93.46,-6.86,88.59
93.28,-7.70,88.84
93.11,-8.58,88.95
92.95,-9.49,88.93
92.83,-10.43,88.83
92.74,-11.40,88.64
92.67,-12.43,88.35
92.61,-13.46,87.99
92.54,-14.47,87.59
92.48,-15.44,87.17
92.43,-16.39,86.78
92.40,-17.29,86.42
92.40,-18.14,86.11
92.40,-18.96,85.84
92.36,-19.75,85.65
92.26,-20.49,85.55
92.05,-21.16,85.53
91.72,-21.76,85.60
91.26,-22.28,85.73
90.70,-22.75,85.91
90.10,-23.17,86.11
89.52,-23.56,86.30
89.00,-23.93,86.46
88.55,-24.26,86.56
88.14,-24.56,86.60
87.70,-24.85,86.62
87.21,-25.14,86.61
86.67,-25.46,86.59
86.11,-25.78,86.58
85.54,-26.12,86.59
85.03,-26.51,86.60
84.60,-26.95,86.62
84.22,-27.41,86.66
83.92,-27.89,86.75
83.63,-28.39,86.93
83.33,-28.89,87.19
83.00,-29.41,87.54
82.69,-29.91,87.97
82.38,-30.38,88.44
82.06,-30.84,88.97
81.74,-31.32,89.52
81.53,-31.82,90.02
81.42,-32.34,90.45
81.40,-32.86,90.79
81.43,-33.37,91.08
81.42,-33.81,91.36
81.41,-34.16,91.63
81.42,-34.41,91.88
81.47,-34.56,92.09
81.53,-34.64,92.19
81.56,-34.64,92.14
81.57,-34.56,91.93
81.60,-34.41,91.63
81.71,-34.23,91.28
81.92,-34.03,90.93
82.13,-33.83,90.59
82.25,-33.63,90.27
82.27,-33.37,89.96
82.22,-33.05,89.67
82.11,-32.65,89.45
82.03,-32.21,89.31
82.02,-31.76,89.23
82.07,-31.31,89.15
82.18,-30.85,89.03
82.31,-30.40,88.88
82.45,-29.98,88.71
82.60,-29.57,88.57
82.80,-29.16,88.50
83.05,-28.75,88.51
83.27,-28.35,88.57
83.41,-27.96,88.65
83.52,-27.59,88.68
83.61,-27.24,88.68
83.69,-26.94,88.66
83.77,-26.73,88.67
83.80,-26.55,88.76
84.00,-26.55,88.86
84.35,-26.67,88.89
84.73,-26.91,88.84
85.27,-27.52,88.66
85.97,-28.60,88.39
86.73,-30.18,87.99
87.57,-31.94,87.41
88.35,-33.54,86.84
88.93,-34.81,86.38
89.50,-35.85,86.02
90.03,-36.80,85.67
90.46,-37.74,85.32
90.79,-38.71,85.06
91.00,-39.67,84.93
91.10,-40.59,84.90
91.13,-41.39,84.95
91.12,-42.06,85.04
91.12,-42.59,85.13
91.14,-43.00,85.17
91.15,-43.31,85.19
91.14,-43.52,85.23
91.11,-43.61,85.31
91.05,-43.61,85.41
90.96,-43.53,85.52
90.84,-43.39,85.65
90.67,-43.19,85.81
90.45,-42.94,86.01
90.20,-42.63,86.22
89.90,-42.28,86.44
89.57,-41.91,86.68
89.22,-41.53,86.93
88.88,-41.13,87.17
88.56,-40.74,87.41
88.27,-40.34,87.62
88.01,-39.93,87.81
87.79,-39.53,87.98
87.62,-39.14,88.13
87.46,-38.77,88.27
87.29,-38.43,88.41
87.13,-38.13,88.56
86.95,-37.85,88.74
86.77,-37.60,88.91
86.59,-37.37,89.08
86.42,-37.16,89.24
86.26,-36.95,89.39
86.11,-36.74,89.52
85.98,-36.51,89.64
85.88,-36.26,89.74
85.78,-36.00,89.84
85.69,-35.71,89.93
85.60,-35.42,90.02
85.51,-35.13,90.12
85.41,-34.85,90.22
85.26,-34.59,90.35
85.05,-34.34,90.50
84.78,-34.12,90.69
84.49,-33.93,90.91
84.23,-33.76,91.12
84.01,-33.61,91.31
83.83,-33.50,91.46
83.69,-33.42,91.58
83.57,-33.36,91.70
83.45,-33.32,91.82
83.36,-33.28,91.92
83.31,-33.23,92.00
83.30,-33.17,92.07
83.33,-33.12,92.12
83.36,-33.11,92.17
83.42,-33.15,92.22
83.46,-33.22,92.29
83.51,-33.34,92.36
83.55,-33.45,92.44
83.58,-33.55,92.51
83.62,-33.61,92.56
83.67,-33.62,92.61
83.72,-33.60,92.65
83.78,-33.56,92.69
83.85,-33.51,92.72
83.91,-33.46,92.76
83.96,-33.45,92.81
84.03,-33.49,92.85
84.11,-33.57,92.89
84.21,-33.70,92.93
84.34,-33.83,92.95
84.48,-33.93,92.97
84.61,-34.01,92.99
84.72,-34.05,93.02
84.81,-34.07,93.08
84.90,-34.07,93.14
85.00,-34.08,93.18
85.12,-34.06,93.21
85.25,-34.00,93.21
85.38,-33.90,93.21
85.47,-33.78,93.23
85.56,-33.69,93.26
85.63,-33.63,93.31
85.71,-33.61,93.37
85.79,-33.64,93.42
85.88,-33.70,93.48
85.97,-33.75,93.52
86.02,-33.71,93.55
86.08,-33.56,93.57
86.17,-33.28,93.59
86.24,-32.96,93.61
86.28,-32.65,93.65
86.30,-32.38,93.71
86.34,-32.17,93.77
86.40,-31.99,93.84
86.49,-31.82,93.88
86.60,-31.63,93.91
86.72,-31.39,93.93
86.86,-31.08,93.94
87.01,-30.70,93.96
87.18,-30.23,93.97
87.37,-29.65,93.98
87.56,-28.93,93.97
87.75,-28.10,93.96
87.90,-27.18,93.96
88.00,-26.19,93.99
88.05,-25.15,94.05
88.10,-24.08,94.13
88.14,-22.99,94.22
88.18,-21.83,94.33
88.22,-20.62,94.43
88.29,-19.38,94.52
88.39,-18.14,94.59
88.52,-16.89,94.63
88.66,-15.61,94.65
88.78,-14.30,94.67
88.89,-12.96,94.70
88.98,-11.62,94.76
89.05,-10.30,94.84
89.10,-9.01,94.99
89.09,-7.74,95.21
89.06,-6.48,95.50
88.98,-5.23,95.85
88.89,-3.98,96.24
88.81,-2.73,96.67
88.74,-1.49,97.10
88.69,-0.29,97.56
88.65,0.86,98.04
88.61,1.92,98.51
88.59,2.91,98.96
88.61,3.81,99.40
88.73,4.64,99.83
88.98,5.41,100.21
89.39,6.14,100.58
89.92,6.83,100.94
90.49,7.48,101.29
90.99,8.10,101.60
91.52,8.54,101.54
92.07,8.47,100.89
92.39,8.01,99.83
92.62,7.26,98.49
92.80,6.33,96.99
92.93,5.34,95.41
93.04,4.33,93.81
93.16,3.34,92.24
93.29,2.40,90.76
93.43,1.47,89.38
93.58,0.54,88.11
93.73,-0.44,86.95
93.87,-1.48,85.91
93.97,-2.56,85.01
94.05,-3.70,84.26
94.14,-4.86,83.70
94.24,-6.04,83.32
94.34,-7.26,83.11
94.37,-8.49,83.03
94.32,-9.74,83.08
94.23,-11.01,83.22
94.15,-12.28,83.45
94.07,-13.54,83.76
93.98,-14.76,84.13
93.83,-15.89,84.54
93.62,-16.94,84.96
93.32,-17.90,85.38
92.94,-18.78,85.77
92.54,-19.58,86.11
92.15,-20.32,86.40
91.79,-21.01,86.64
91.43,-21.68,86.87
91.05,-22.34,87.12
90.67,-23.01,87.41
90.27,-23.68,87.74
89.92,-24.35,88.13
89.57,-25.01,88.57
89.22,-25.67,89.07
88.82,-26.32,89.60
88.41,-26.98,90.14
88.07,-27.64,90.67
87.82,-28.29,91.16
87.61,-28.95,91.58
87.41,-29.65,91.92
87.18,-30.41,92.19
86.88,-31.20,92.40
86.56,-32.00,92.55
86.25,-32.80,92.66
85.98,-33.59,92.75
85.73,-34.33,92.82
85.55,-35.01,92.88
85.45,-35.61,92.92
85.45,-36.09,92.95
85.52,-36.45,92.97
85.64,-36.70,93.00
85.77,-36.84,93.03
85.91,-36.90,93.07
86.01,-36.88,93.13
86.08,-36.79,93.19
86.11,-36.63,93.25
86.10,-36.39,93.29
86.05,-36.08,93.32
85.99,-35.69,93.35
85.92,-35.26,93.38
85.85,-34.80,93.43
85.80,-34.33,93.51
85.79,-33.89,93.62
85.80,-33.47,93.77
85.85,-33.08,93.95
85.92,-32.72,94.13
86.00,-32.40,94.32
86.11,-32.11,94.51
86.25,-31.85,94.68
86.40,-31.65,94.84
86.52,-31.52,94.99
86.61,-31.46,95.13
86.65,-31.45,95.25
86.65,-31.49,95.36
86.60,-31.57,95.46
86.52,-31.67,95.54
86.40,-31.79,95.64
86.24,-31.89,95.73
86.01,-31.94,95.86
85.78,-31.93,96.00
85.61,-31.82,96.13
85.50,-31.60,96.23
85.46,-31.31,96.28
85.44,-31.00,96.27
85.43,-30.71,96.18
85.40,-30.46,96.02
85.36,-30.24,95.78
85.31,-30.03,95.51
85.22,-29.79,95.23
85.12,-29.49,95.02
85.05,-29.07,94.92
85.06,-28.51,94.94
85.14,-27.83,95.10
85.25,-27.04,95.31
85.73,-26.71,95.39
86.59,-26.95,95.43
87.20,-27.26,95.53
87.43,-27.62,95.62
87.75,-28.27,95.55
88.42,-29.39,95.40
89.17,-30.90,95.17
89.77,-32.36,94.83
90.29,-33.57,94.53
90.82,-34.45,94.27
91.39,-35.13,93.94
92.00,-35.66,93.59
92.56,-36.11,93.28
93.05,-36.51,93.04
93.46,-36.86,92.87
93.76,-37.17,92.78
93.95,-37.41,92.75
94.01,-37.60,92.81
93.95,-37.73,92.97
93.79,-37.81,93.18
93.60,-37.81,93.41
93.41,-37.75,93.63
93.23,-37.62,93.84
93.09,-37.45,94.02
92.98,-37.22,94.17
92.93,-36.96,94.28
92.92,-36.69,94.35
92.91,-36.41,94.40
92.90,-36.15,94.45
92.86,-35.92,94.52
92.79,-35.72,94.62
92.66,-35.57,94.76
92.50,-35.48,94.93
92.32,-35.42,95.11
92.15,-35.41,95.29
92.01,-35.43,95.45
91.89,-35.48,95.59
91.81,-35.57,95.70
91.76,-35.67,95.78
91.73,-35.80,95.84
91.71,-35.93,95.91
91.68,-36.06,95.97
91.64,-36.19,96.04
91.62,-36.31,96.11
91.61,-36.41,96.18
91.60,-36.48,96.24
91.58,-36.52,96.31
91.54,-36.55,96.39
91.49,-36.55,96.48
91.42,-36.55,96.59
91.33,-36.53,96.71
91.25,-36.50,96.83
91.19,-36.47,96.94
91.13,-36.42,97.04
91.07,-36.37,97.15
90.99,-36.32,97.26
90.88,-36.25,97.38
90.75,-36.18,97.51
90.65,-36.10,97.65
90.59,-36.02,97.76
90.58,-35.93,97.84
90.61,-35.83,97.89
90.64,-35.75,97.93
90.68,-35.68,97.97
90.71,-35.63,98.03
90.74,-35.59,98.08
90.79,-35.56,98.13
90.84,-35.52,98.18
90.90,-35.48,98.21
90.95,-35.44,98.25
90.98,-35.41,98.29
90.99,-35.38,98.35
90.99,-35.37,98.43
90.96,-35.37,98.52
90.92,-35.39,98.62
90.86,-35.42,98.72
90.79,-35.47,98.83
90.70,-35.56,98.93
90.61,-35.66,99.03
90.49,-35.79,99.15
90.38,-35.94,99.26
90.27,-36.11,99.38
90.17,-36.29,99.49
90.09,-36.53,99.59
90.04,-36.83,99.67
90.02,-37.18,99.72
90.05,-37.57,99.75
90.13,-37.95,99.76
90.27,-38.28,99.73
90.46,-38.55,99.67
90.66,-38.78,99.62
90.84,-38.97,99.58
90.99,-39.16,99.57
91.10,-39.36,99.58
91.19,-39.54,99.61
91.28,-39.70,99.65
91.37,-39.82,99.69
91.46,-39.89,99.72
91.55,-39.91,99.76
91.63,-39.91,99.80
91.67,-39.90,99.85
91.69,-39.85,99.93
91.68,-39.75,100.02
91.61,-39.56,100.12
91.49,-39.23,100.24
91.35,-38.72,100.38
91.20,-38.04,100.52
91.06,-37.22,100.66
90.93,-36.31,100.80
90.79,-35.34,100.93
90.67,-34.38,101.07
90.57,-33.45,101.20
90.50,-32.57,101.30
90.47,-31.71,101.39
90.48,-30.87,101.46
90.54,-30.00,101.52
90.64,-29.09,101.56
90.77,-28.13,101.60
90.91,-27.14,101.63
91.05,-26.12,101.68
91.19,-25.06,101.77
91.33,-23.92,101.87
91.46,-22.67,101.99
91.60,-21.29,102.12
91.74,-19.78,102.26
91.88,-18.17,102.42
91.99,-16.48,102.59
92.12,-14.75,102.78
92.24,-13.04,103.00
92.32,-11.37,103.25
92.45,-9.73,103.51
92.59,-8.12,103.79
92.74,-6.57,104.10
92.90,-5.08,104.44
93.05,-3.63,104.78
93.19,-2.23,105.12
93.31,-0.90,105.46
93.45,0.36,105.79
93.61,1.58,106.08
93.83,2.74,106.35
94.11,3.82,106.61
94.45,4.79,106.87
94.76,5.63,107.15
95.06,6.16,107.39
95.17,6.24,107.61
95.12,5.62,107.76
95.05,4.66,107.83
94.95,3.42,107.90
95.07,2.16,107.85
95.20,1.02,107.73
95.35,-0.03,107.50
95.47,-1.02,107.15
95.57,-1.99,106.68
95.67,-2.97,106.10
95.84,-3.98,105.42
96.05,-5.02,104.68
96.25,-6.10,103.89
96.43,-7.21,103.09
96.55,-8.34,102.32
96.65,-9.48,101.63
96.72,-10.65,101.04
96.78,-11.82,100.54
96.81,-12.99,100.13
96.82,-14.15,99.80
96.83,-15.30,99.52
96.81,-16.43,99.31
96.78,-17.53,99.11
96.72,-18.60,98.93
96.62,-19.62,98.78
96.46,-20.59,98.66
96.26,-21.51,98.58
96.01,-22.36,98.56
95.75,-23.15,98.59
95.48,-23.86,98.66
95.18,-24.52,98.76
94.85,-25.11,98.88
94.53,-25.64,99.03
94.27,-26.11,99.20
94.07,-26.54,99.42
93.88,-26.96,99.69
93.69,-27.39,100.03
93.48,-27.86,100.43
93.25,-28.36,100.88
93.04,-28.89,101.33
92.88,-29.42,101.74
92.78,-29.95,102.07
92.72,-30.50,102.31
92.69,-31.06,102.48
92.70,-31.63,102.61
92.72,-32.17,102.73
92.81,-32.64,102.87
92.94,-33.03,103.04
93.05,-33.33,103.24
93.00,-33.54,103.43
92.89,-33.69,103.58
92.76,-33.81,103.65
92.62,-33.92,103.64
92.46,-34.04,103.57
92.27,-34.18,103.47
92.12,-34.31,103.35
92.03,-34.40,103.21
91.96,-34.43,103.06
91.85,-34.38,102.92
91.67,-34.25,102.82
91.40,-34.03,102.78
91.11,-33.73,102.80
90.84,-33.37,102.91
90.61,-32.98,103.13
90.40,-32.58,103.45
90.25,-32.22,103.83
90.13,-31.90,104.23
90.03,-31.62,104.62
89.96,-31.34,104.96
89.92,-31.03,105.20
89.88,-30.72,105.34
89.79,-30.41,105.39
89.66,-30.11,105.39
89.50,-29.87,105.35
89.34,-29.73,105.26
89.21,-29.70,105.12
89.07,-29.71,104.96
88.94,-29.72,104.79
88.88,-29.67,104.58
88.87,-29.57,104.36
88.89,-29.44,104.16
88.94,-29.31,104.01
89.04,-29.21,103.93
89.19,-29.08,103.94
89.33,-28.88,104.04
89.42,-28.58,104.24
89.55,-28.16,104.47
89.70,-27.56,104.69
90.33,-27.34,104.83
91.40,-27.67,104.88
92.30,-28.10,104.94
92.76,-28.66,104.84
93.28,-29.51,104.52
94.19,-30.87,104.03
95.16,-32.43,103.43
96.01,-33.93,102.76
96.70,-35.03,102.22
97.42,-35.80,101.77
98.16,-36.39,101.26
98.85,-36.90,100.77
99.43,-37.40,100.38
99.81,-37.90,100.08
100.02,-38.40,99.93
100.08,-38.87,99.92
100.01,-39.26,100.01
99.88,-39.56,100.18
99.75,-39.78,100.34
99.65,-39.93,100.48
99.58,-40.04,100.57
99.57,-40.09,100.64
99.57,-40.10,100.68
99.56,-40.06,100.72
99.54,-39.97,100.77
99.49,-39.82,100.84
99.43,-39.64,100.94
99.32,-39.42,101.06
99.17,-39.19,101.24
98.99,-38.94,101.44
98.79,-38.70,101.65
98.58,-38.45,101.87
98.36,-38.19,102.08
98.14,-37.93,102.29
97.93,-37.66,102.49
97.74,-37.39,102.67
97.59,-37.15,102.85
97.45,-36.91,103.01
97.33,-36.70,103.18
97.23,-36.50,103.34
97.18,-36.33,103.48
97.16,-36.16,103.60
97.18,-36.01,103.69
97.21,-35.87,103.77
97.22,-35.75,103.85
97.22,-35.65,103.95
97.23,-35.58,104.06
97.24,-35.51,104.17
97.28,-35.46,104.27
97.30,-35.42,104.35
97.31,-35.38,104.44
97.31,-35.36,104.52
97.30,-35.33,104.61
97.30,-35.30,104.69
97.31,-35.26,104.77
97.34,-35.21,104.84
97.36,-35.16,104.91
97.40,-35.11,104.97
97.42,-35.08,105.04
97.42,-35.05,105.11
97.41,-35.00,105.19
97.40,-34.93,105.28
97.38,-34.85,105.37
97.36,-34.75,105.47
97.34,-34.63,105.58
97.33,-34.48,105.68
97.31,-34.33,105.78
97.28,-34.16,105.88
97.20,-34.01,106.00
97.05,-33.88,106.14
96.81,-33.75,106.31
96.63,-33.66,106.50
96.49,-33.56,106.67
96.38,-33.45,106.81
96.32,-33.34,106.92
96.29,-33.23,107.02
96.28,-33.11,107.10
96.31,-33.00,107.17
96.36,-32.89,107.22
96.42,-32.75,107.27
96.50,-32.59,107.31
96.60,-32.41,107.35
96.74,-32.18,107.39
96.86,-31.94,107.44
96.96,-31.71,107.50
97.03,-31.54,107.60
97.07,-31.44,107.71
97.11,-31.42,107.82
97.13,-31.43,107.95
97.13,-31.44,108.07
97.12,-31.45,108.18
97.11,-31.43,108.29
97.11,-31.38,108.40
97.13,-31.32,108.51
97.15,-31.27,108.61
97.15,-31.22,108.70
97.14,-31.17,108.80
97.14,-31.13,108.90
97.13,-31.08,108.99
97.13,-31.06,109.08
97.14,-31.07,109.16
97.18,-31.11,109.23
97.24,-31.19,109.29
97.27,-31.26,109.35
97.32,-31.29,109.41
97.36,-31.25,109.48
97.37,-31.12,109.56
97.38,-30.90,109.66
97.34,-30.67,109.77
97.26,-30.45,109.87
97.26,-30.32,109.97
97.28,-30.26,110.08
97.33,-30.22,110.16
97.40,-30.20,110.23
97.50,-30.25,110.27
97.64,-30.41,110.26
97.82,-30.69,110.21
98.05,-31.09,110.13
98.29,-31.46,110.04
98.53,-31.76,109.93
98.71,-31.92,109.82
98.79,-31.87,109.74
98.78,-31.61,109.75
98.71,-31.20,109.86
98.65,-30.71,110.03
98.54,-30.17,110.24
98.39,-29.56,110.47
98.23,-28.90,110.70
98.02,-28.17,110.91
97.79,-27.37,111.11
97.53,-26.47,111.31
97.32,-25.51,111.57
97.15,-24.47,111.83
97.08,-23.39,112.03
97.08,-22.31,112.18
97.13,-21.24,112.29
97.21,-20.16,112.38
97.30,-19.07,112.50
97.40,-17.96,112.65
97.53,-16.79,112.86
97.70,-15.56,113.12
97.79,-14.27,113.44
97.88,-12.94,113.79
97.96,-11.55,114.17
98.11,-10.12,114.58
98.29,-8.67,115.02
98.49,-7.24,115.50
98.66,-5.83,116.01
98.78,-4.49,116.54
98.89,-3.26,117.05
99.03,-2.15,117.58
99.18,-1.15,118.12
99.37,-0.25,118.61
99.77,0.52,119.02
100.15,0.82,119.39
100.40,0.46,119.55
100.38,-0.31,119.51
100.36,-1.22,119.33
100.43,-2.06,119.04
100.59,-2.78,118.67
100.79,-3.46,118.24
101.02,-4.17,117.76
101.25,-4.93,117.27
101.50,-5.72,116.78
101.77,-6.55,116.28
102.03,-7.42,115.80
102.25,-8.37,115.34
102.42,-9.42,114.91
102.56,-10.58,114.52
102.67,-11.79,114.14
102.75,-12.97,113.75
102.78,-14.11,113.38
102.78,-15.19,113.01
102.77,-16.23,112.64
102.75,-17.24,112.29
102.72,-18.21,111.95
102.66,-19.15,111.65
102.54,-20.03,111.40
102.35,-20.87,111.21
102.11,-21.69,111.06
101.85,-22.48,110.97
101.60,-23.26,110.94
101.36,-24.01,110.98
101.17,-24.73,111.06
101.00,-25.40,111.18
100.87,-26.01,111.31
100.79,-26.53,111.42
100.75,-26.97,111.46
100.73,-27.34,111.43
100.68,-27.63,111.32
100.59,-27.84,111.13
100.52,-27.97,110.84
100.43,-28.03,110.46
100.28,-28.07,110.03
100.11,-28.11,109.57
99.90,-28.18,109.13
99.71,-28.33,108.75
99.59,-28.60,108.51
99.42,-28.98,108.45
99.19,-29.48,108.56
98.86,-30.07,108.81
98.49,-30.70,109.14
98.14,-31.30,109.50
97.83,-31.84,109.84
97.54,-32.27,110.13
97.25,-32.60,110.37
96.93,-32.84,110.52
96.58,-33.03,110.61
96.20,-33.20,110.64
95.82,-33.35,110.63
95.50,-33.46,110.60
95.25,-33.56,110.56
95.07,-33.63,110.51
94.94,-33.68,110.48
94.82,-33.70,110.46
94.68,-33.65,110.47
94.56,-33.54,110.49
94.49,-33.37,110.53
94.47,-33.18,110.60
94.48,-32.95,110.73
94.51,-32.69,110.93
94.55,-32.38,111.21
94.57,-32.02,111.56
94.57,-31.63,111.97
94.55,-31.20,112.41
94.51,-30.75,112.86
94.46,-30.30,113.33
94.40,-29.85,113.80
94.31,-29.40,114.27
94.21,-28.96,114.74
94.09,-28.52,115.17
94.00,-28.09,115.52
93.97,-27.66,115.75
93.99,-27.22,115.86
94.06,-26.77,115.84
94.17,-26.31,115.71
94.36,-25.93,115.56
94.88,-26.08,115.62
95.84,-26.60,115.69
96.82,-27.38,115.64
97.49,-28.73,115.20
98.34,-30.70,114.54
99.43,-32.82,113.77
100.26,-34.75,113.00
100.76,-36.23,112.38
101.13,-37.34,111.97
101.41,-38.30,111.62
101.59,-39.22,111.35
101.67,-40.14,111.20
101.67,-41.05,111.10
101.70,-41.91,110.97
101.77,-42.66,110.84
101.89,-43.23,110.71
102.05,-43.62,110.60
102.23,-43.87,110.49
102.43,-44.00,110.37
102.59,-44.05,110.28
102.67,-44.04,110.25
102.66,-43.97,110.29
102.61,-43.85,110.37
102.54,-43.72,110.48
102.46,-43.57,110.58
102.39,-43.41,110.68
102.30,-43.23,110.80
102.19,-43.04,110.95
102.09,-42.82,111.10
102.00,-42.59,111.24
101.95,-42.36,111.37
101.92,-42.13,111.47
101.89,-41.90,111.58
101.85,-41.64,111.69
101.81,-41.38,111.82
101.75,-41.11,111.95
101.67,-40.85,112.09
101.58,-40.59,112.24
101.50,-40.33,112.38
101.44,-40.05,112.51
101.38,-39.76,112.64
101.32,-39.47,112.77
101.27,-39.17,112.89
101.23,-38.90,113.00
101.19,-38.64,113.11
101.17,-38.41,113.22
101.17,-38.18,113.30
101.21,-37.96,113.37
101.28,-37.73,113.42
101.35,-37.50,113.47
101.40,-37.29,113.51
101.44,-37.09,113.56
101.45,-36.90,113.64
101.46,-36.71,113.72
101.46,-36.52,113.81
101.45,-36.32,113.90
101.46,-36.12,113.98
101.47,-35.92,114.06
101.48,-35.73,114.13
101.47,-35.55,114.20
101.47,-35.37,114.27
101.45,-35.18,114.35
101.42,-34.98,114.44
101.38,-34.75,114.53
101.34,-34.53,114.64
101.27,-34.30,114.75
101.21,-34.09,114.87
101.12,-33.88,114.99
101.04,-33.69,115.12
100.95,-33.51,115.24
100.85,-33.35,115.37
100.75,-33.22,115.51
100.64,-33.12,115.65
100.54,-33.04,115.78
100.45,-32.98,115.90
100.39,-32.95,116.01
100.34,-32.93,116.09
100.33,-32.93,116.16
100.33,-32.95,116.21
100.35,-33.00,116.26
100.40,-33.06,116.30
100.45,-33.14,116.34
100.51,-33.21,116.40
100.58,-33.25,116.48
100.65,-33.28,116.56
100.72,-33.30,116.64
100.80,-33.28,116.72
100.87,-33.24,116.80
100.93,-33.20,116.87
100.97,-33.17,116.93
100.98,-33.16,117.00
100.97,-33.20,117.08
100.97,-33.26,117.16
101.01,-33.33,117.20
101.07,-33.40,117.23
101.15,-33.41,117.26
101.23,-33.38,117.29
101.29,-33.30,117.35
101.32,-33.19,117.42
101.34,-33.07,117.50
101.32,-32.95,117.59
101.27,-32.78,117.69
101.20,-32.57,117.82
101.13,-32.32,117.95
101.04,-32.03,118.08
100.97,-31.74,118.22
100.93,-31.46,118.35
100.93,-31.23,118.47
100.93,-31.03,118.56
100.94,-30.81,118.62
100.93,-30.56,118.67
100.91,-30.24,118.74
100.84,-29.84,118.83
100.76,-29.36,118.97
100.67,-28.83,119.13
100.51,-28.26,119.30
100.30,-27.62,119.50
100.06,-26.92,119.72
99.81,-26.16,119.95
99.56,-25.34,120.14
99.34,-24.48,120.31
99.17,-23.67,120.46
99.02,-22.88,120.59
98.88,-22.09,120.73
98.75,-21.31,120.88
98.63,-20.56,121.05
98.51,-19.84,121.27
98.38,-19.12,121.52
98.27,-18.35,121.77
98.21,-17.54,122.04
98.21,-16.69,122.28
98.26,-15.81,122.51
98.37,-14.91,122.71
98.51,-13.96,122.89
98.79,-12.96,123.07
99.11,-11.94,123.26
99.43,-10.89,123.42
99.79,-9.81,123.57
100.20,-8.70,123.70
100.64,-7.59,123.83
101.09,-6.49,123.95
101.57,-5.39,124.06
102.08,-4.30,124.17
102.64,-3.22,124.28
103.18,-2.18,124.43
103.65,-1.16,124.61
104.12,-0.17,124.80
104.56,0.77,125.01
104.99,1.61,125.23
105.42,2.34,125.43
105.85,2.96,125.61
106.27,3.46,125.78
106.64,3.79,125.95
106.82,3.86,126.10
106.65,3.51,126.23
106.37,2.81,126.31
106.06,1.95,126.44
105.89,1.11,126.65
105.88,0.26,126.89
105.91,-0.55,127.10
105.87,-1.38,127.26
105.77,-2.22,127.37
105.55,-3.10,127.40
105.28,-3.98,127.27
105.02,-4.88,127.03
104.76,-5.79,126.71
104.51,-6.72,126.30
104.24,-7.66,125.81
103.95,-8.62,125.28
103.66,-9.58,124.72
103.38,-10.54,124.15
103.11,-11.50,123.58
102.87,-12.47,122.99
102.62,-13.43,122.41
102.39,-14.40,121.82
102.13,-15.36,121.24
101.84,-16.29,120.68
101.49,-17.16,120.15
101.09,-17.94,119.68
100.67,-18.62,119.25
100.24,-19.18,118.87
99.80,-19.65,118.53
99.34,-20.04,118.22
98.86,-20.39,117.93
98.35,-20.71,117.69
97.82,-20.99,117.47
97.39,-21.24,117.27
97.13,-21.43,117.06
96.88,-21.56,116.85
96.65,-21.62,116.62
96.39,-21.66,116.38
96.06,-21.68,116.11
95.65,-21.71,115.82
95.12,-21.77,115.56
94.54,-21.86,115.35
93.85,-22.03,115.28
93.12,-22.28,115.40
92.62,-22.58,115.72
92.35,-22.93,116.26
92.21,-23.35,116.99
92.13,-23.84,117.84
92.04,-24.40,118.74
91.87,-25.01,119.64
91.64,-25.63,120.51
91.38,-26.23,121.31
91.14,-26.79,122.00
91.02,-27.28,122.54
91.00,-27.71,122.93
91.05,-28.08,123.20
91.12,-28.39,123.38
91.20,-28.67,123.49
91.34,-28.89,123.56
91.55,-29.06,123.62
91.71,-29.16,123.69
91.74,-29.23,123.73
91.70,-29.26,123.71
91.67,-29.26,123.61
91.66,-29.22,123.46
91.68,-29.11,123.33
91.75,-28.91,123.29
91.89,-28.63,123.36
92.08,-28.27,123.55
92.32,-27.87,123.82
92.56,-27.41,124.14
92.76,-26.93,124.47
92.90,-26.43,124.78
92.96,-25.96,125.08
92.95,-25.55,125.39
92.93,-25.19,125.67
92.93,-24.83,125.89
92.92,-24.47,126.04
92.85,-24.11,126.13
92.76,-23.76,126.19
92.69,-23.43,126.21
92.62,-23.14,126.22
92.56,-22.94,126.24
92.52,-22.79,126.28
92.46,-22.69,126.34
92.39,-22.54,126.43
92.35,-22.32,126.48
92.29,-22.00,126.52
92.40,-21.79,126.45
92.58,-21.75,126.35
92.92,-21.96,126.23
93.41,-22.56,126.05
93.91,-23.61,125.75
94.37,-24.91,125.47
94.79,-25.70,125.93
95.23,-26.16,126.18
95.62,-26.58,126.11
96.03,-26.88,125.94
96.36,-27.13,125.81
96.60,-27.31,125.74
96.79,-27.45,125.71
96.87,-27.54,125.71
96.87,-27.62,125.74
