-,-,-
147.82,-63.05,247.10
147.92,-63.07,246.97
147.97,-63.22,247.00
147.86,-63.50,247.16
147.71,-63.89,247.25
147.70,-64.37,247.16
147.71,-64.89,247.01
147.48,-65.36,247.05
147.06,-65.74,247.31
146.64,-66.04,247.61
146.37,-66.32,247.76
146.21,-66.59,247.78
145.99,-66.80,247.81
145.79,-66.98,247.76
145.83,-67.17,247.45
146.11,-67.40,246.86
146.58,-67.68,246.03
147.23,-68.01,245.03
148.05,-68.40,243.87
149.00,-68.83,242.58
150.01,-69.28,241.28
150.99,-69.73,240.02
151.92,-70.15,238.85
152.80,-70.53,237.74
153.63,-70.88,236.67
154.36,-71.21,235.69
155.03,-71.53,234.76
155.75,-71.85,233.80
156.58,-72.16,232.75
157.53,-72.46,231.57
158.52,-72.74,230.34
159.60,-73.02,229.02
160.84,-73.28,227.61
162.32,-73.49,226.02
164.23,-73.65,224.01
166.30,-73.75,221.81
168.39,-73.82,219.55
170.52,-73.85,217.26
172.54,-73.85,215.11
174.42,-73.86,213.14
176.19,-73.85,211.30
177.61,-73.85,209.84
178.58,-73.90,208.81
179.27,-73.99,208.10
179.71,-74.14,207.66
-179.90,-74.32,207.34
-179.20,-74.45,206.73
-178.39,-74.55,205.97
-177.72,-74.62,205.30
-177.16,-74.69,204.74
-176.54,-74.75,204.17
-175.85,-74.83,203.56
-175.47,-74.91,203.37
-175.54,-74.92,203.71
-176.05,-74.79,204.55
-177.15,-74.65,206.00
-177.82,-74.51,207.12
-179.00,-74.50,208.53
179.52,-74.59,210.13
178.33,-74.68,211.43
177.22,-74.78,212.65
176.05,-74.85,214.00
174.74,-74.85,215.51
173.10,-74.82,217.25
171.39,-74.75,219.07
169.75,-74.62,220.84
168.24,-74.44,222.51
166.90,-74.23,224.02
165.94,-73.98,225.17
165.34,-73.72,225.98
164.90,-73.47,226.61
164.55,-73.26,227.15
164.32,-73.10,227.57
164.20,-72.98,227.86
164.20,-72.89,227.99
164.28,-72.83,228.01
164.53,-72.80,227.85
164.81,-72.78,227.63
165.19,-72.77,227.29
165.66,-72.77,226.86
166.21,-72.78,226.33
166.86,-72.81,225.68
167.62,-72.83,224.91
168.48,-72.87,224.04
169.45,-72.93,223.05
170.47,-73.00,221.97
171.50,-73.10,220.85
172.51,-73.20,219.74
173.50,-73.29,218.65
174.44,-73.36,217.60
175.32,-73.38,216.62
176.17,-73.39,215.65
176.98,-73.40,214.74
177.67,-73.42,213.94
178.23,-73.46,213.28
178.61,-73.53,212.77
178.82,-73.64,212.42
178.93,-73.76,212.15
179.01,-73.86,211.92
179.11,-73.95,211.69
179.20,-74.02,211.49
179.26,-74.09,211.33
179.26,-74.14,211.25
179.20,-74.18,211.25
179.08,-74.20,211.34
178.85,-74.20,211.56
178.50,-74.20,211.92
178.02,-74.19,212.43
177.42,-74.18,213.07
176.71,-74.17,213.82
175.90,-74.17,214.66
175.02,-74.17,215.58
174.12,-74.17,216.54
173.27,-74.16,217.45
172.52,-74.12,218.27
171.93,-74.05,218.95
171.49,-73.95,219.51
171.16,-73.84,219.97
170.94,-73.72,220.34
170.88,-73.60,220.55
170.99,-73.49,220.59
171.25,-73.37,220.48
171.64,-73.26,220.25
172.10,-73.14,219.93
172.61,-73.03,219.56
173.14,-72.92,219.17
173.68,-72.82,218.78
174.22,-72.71,218.39
174.77,-72.60,218.00
175.37,-72.49,217.55
176.05,-72.39,217.01
176.78,-72.30,216.41
177.48,-72.22,215.83
178.19,-72.14,215.22
178.93,-72.06,214.58
179.71,-71.98,213.88
-179.47,-71.92,213.11
-178.64,-71.88,212.29
-177.85,-71.86,211.45
-177.16,-71.86,210.69
-176.66,-71.86,210.10
-176.29,-71.86,209.66
-175.99,-71.83,209.31
-175.75,-71.80,209.05
-175.59,-71.76,208.88
-175.50,-71.71,208.80
-175.53,-71.66,208.84
-175.67,-71.61,209.01
-175.94,-71.57,209.32
-176.42,-71.53,209.85
-177.15,-71.50,210.66
-178.25,-71.48,211.85
-179.78,-71.44,213.51
178.22,-71.38,215.68
175.73,-71.27,218.37
172.68,-71.11,221.64
169.06,-70.87,225.47
164.93,-70.51,229.79
160.46,-69.96,234.42
155.85,-69.27,239.14
151.42,-68.45,243.58
147.42,-67.61,247.47
143.99,-66.77,250.54
141.58,-65.98,252.53
140.26,-65.16,253.60
139.50,-64.17,254.19
138.96,-63.11,254.36
138.35,-62.10,254.36
137.73,-61.31,254.37
137.13,-60.76,254.45
136.23,-60.30,255.00
135.03,-59.86,255.98
133.68,-59.39,257.26
132.20,-58.91,258.76
130.64,-58.38,260.38
129.12,-57.84,261.99
127.74,-57.30,263.47
126.58,-56.78,264.71
125.66,-56.32,265.68
124.95,-55.90,266.35
124.46,-55.55,266.74
124.16,-55.27,266.85
124.08,-55.07,266.71
124.27,-54.97,266.29
124.65,-54.97,265.66
125.28,-55.08,264.84
126.03,-55.29,263.90
126.92,-55.57,262.86
127.91,-55.94,261.79
128.97,-56.40,260.67
130.13,-57.00,259.50
131.40,-57.74,258.28
132.72,-58.66,257.04
134.09,-59.75,255.76
135.53,-60.98,254.43
137.06,-62.32,253.01
138.76,-63.76,251.45
140.64,-65.24,249.73
142.77,-66.70,247.78
145.22,-68.11,245.51
148.05,-69.41,242.79
151.26,-70.54,239.60
154.87,-71.45,235.95
158.87,-72.14,231.86
163.24,-72.61,227.41
167.77,-72.89,222.76
172.33,-73.07,218.03
176.60,-73.16,213.60
-179.55,-73.20,209.60
-175.94,-73.23,205.85
-172.48,-73.23,202.27
-169.40,-73.29,199.11
-166.93,-73.45,196.59
-165.27,-73.75,194.90
-164.46,-74.19,194.01
-164.19,-74.74,193.50
-164.05,-75.34,192.97
-163.67,-76.01,192.32
-162.98,-76.70,191.58
-162.53,-77.40,191.38
-162.81,-78.04,192.05
-164.29,-78.44,193.97
-165.46,-78.26,196.01
-166.51,-77.90,197.68
-165.63,-77.58,197.01
-163.87,-77.28,195.66
-162.93,-76.98,194.98
-162.73,-76.69,194.94
-162.92,-76.49,195.37
-163.73,-76.42,196.36
-165.27,-76.47,197.99
-167.38,-76.64,200.13
-169.72,-76.87,202.45
-172.05,-77.10,204.73
-174.19,-77.28,206.80
-175.93,-77.40,208.49
-177.33,-77.47,209.84
-178.41,-77.48,210.91
-179.31,-77.45,211.84
179.84,-77.37,212.75
179.01,-77.25,213.66
178.25,-77.12,214.52
177.66,-77.01,215.19
177.28,-76.95,215.62
177.07,-76.93,215.84
176.90,-76.94,215.97
176.68,-76.99,216.11
176.32,-77.05,216.34
175.76,-77.11,216.75
174.98,-77.18,217.37
173.94,-77.23,218.24
172.71,-77.26,219.31
171.40,-77.27,220.48
170.11,-77.26,221.64
168.91,-77.21,222.75
167.82,-77.14,223.78
166.88,-77.02,224.73
166.15,-76.88,225.50
165.62,-76.71,226.10
165.30,-76.55,226.53
165.15,-76.40,226.79
165.09,-76.29,226.95
165.06,-76.21,227.07
164.97,-76.12,227.23
164.80,-76.03,227.48
164.53,-75.91,227.84
164.14,-75.76,228.33
163.66,-75.59,228.92
163.17,-75.44,229.52
162.75,-75.32,230.03
162.49,-75.21,230.38
162.43,-75.11,230.51
162.61,-75.02,230.41
162.98,-74.94,230.12
163.49,-74.87,229.68
164.09,-74.82,229.16
164.73,-74.77,228.59
165.36,-74.72,228.02
165.97,-74.67,227.48
166.55,-74.63,226.95
167.09,-74.61,226.45
167.58,-74.60,225.97
167.95,-74.60,225.60
168.15,-74.62,225.38
168.18,-74.63,225.33
168.06,-74.60,225.42
167.83,-74.56,225.65
167.49,-74.51,226.00
167.03,-74.44,226.47
166.49,-74.38,227.02
165.89,-74.31,227.62
165.24,-74.24,228.27
164.60,-74.16,228.93
164.02,-74.07,229.52
163.56,-73.98,230.00
163.20,-73.91,230.37
162.94,-73.85,230.63
162.74,-73.82,230.82
162.59,-73.81,230.94
162.48,-73.81,231.01
162.40,-73.82,231.03
162.34,-73.82,231.03
162.29,-73.82,231.05
162.23,-73.81,231.07
162.15,-73.80,231.12
162.01,-73.79,231.24
161.84,-73.78,231.39
161.68,-73.76,231.53
161.52,-73.75,231.68
161.35,-73.73,231.84
161.16,-73.71,232.02
160.96,-73.68,232.22
160.74,-73.65,232.43
160.51,-73.62,232.67
160.23,-73.58,232.97
159.88,-73.53,233.34
159.49,-73.48,233.77
159.01,-73.43,234.29
158.41,-73.37,234.94
157.67,-73.29,235.74
156.80,-73.18,236.70
155.77,-73.03,237.86
154.58,-72.81,239.21
153.22,-72.52,240.77
151.70,-72.15,242.53
150.05,-71.68,244.47
148.25,-71.12,246.58
146.29,-70.45,248.88
144.12,-69.67,251.37
141.73,-68.81,254.04
139.15,-67.88,256.83
136.43,-66.90,259.66
133.67,-65.90,262.43
131.00,-64.96,265.00
128.66,-64.14,267.17
126.48,-63.48,269.03
124.40,-62.94,270.55
122.45,-62.47,271.73
120.67,-61.98,272.66
119.05,-61.37,273.61
117.51,-60.62,274.67
116.13,-59.79,275.75
115.01,-58.87,276.79
114.23,-57.84,277.70
113.81,-56.84,278.35
113.69,-55.99,278.67
113.81,-55.22,278.69
114.08,-54.44,278.50
114.40,-53.58,278.13
114.75,-52.62,277.65
115.07,-51.54,277.13
115.25,-50.37,276.65
115.21,-49.16,276.30
114.94,-47.94,276.12
114.52,-46.73,276.14
114.08,-45.56,276.35
113.68,-44.46,276.70
113.33,-43.46,277.16
112.98,-42.57,277.67
112.66,-41.82,278.15
112.42,-41.19,278.58
112.36,-40.67,278.88
112.50,-40.22,279.06
112.83,-39.83,279.08
113.29,-39.46,278.95
113.80,-39.14,278.68
114.29,-38.90,278.30
114.74,-38.68,277.90
115.14,-38.52,277.52
115.48,-38.45,277.26
115.75,-38.52,277.12
115.97,-38.74,277.09
116.17,-39.13,277.12
116.34,-39.66,277.18
116.53,-40.31,277.20
116.81,-41.08,277.12
117.18,-41.98,276.89
117.57,-43.03,276.50
118.04,-44.20,275.94
118.65,-45.47,275.23
119.37,-46.80,274.39
120.18,-48.19,273.38
120.92,-49.66,272.22
121.56,-51.20,270.98
122.32,-52.78,269.59
123.22,-54.29,268.08
124.13,-55.67,266.54
124.88,-56.89,265.01
125.78,-57.93,263.37
127.09,-58.80,261.53
128.73,-59.57,259.46
130.53,-60.33,257.23
132.51,-61.11,254.82
134.69,-61.93,252.22
136.93,-62.75,249.54
139.10,-63.60,246.92
141.10,-64.42,244.47
142.97,-65.23,242.14
144.78,-66.04,239.89
146.47,-66.84,237.72
147.96,-67.65,235.70
149.35,-68.48,233.75
150.72,-69.32,231.83
152.17,-70.14,229.92
153.62,-70.90,228.10
154.89,-71.58,226.57
155.87,-72.16,225.39
156.56,-72.63,224.51
157.06,-73.00,223.81
157.57,-73.25,223.13
158.09,-73.43,222.41
158.58,-73.53,221.68
158.99,-73.59,221.07
159.35,-73.61,220.63
159.69,-73.63,220.35
159.97,-73.63,220.24
160.13,-73.59,220.32
159.98,-73.46,220.73
159.34,-73.24,221.71
158.19,-72.93,223.29
156.67,-72.55,225.23
155.01,-72.10,227.32
153.43,-71.59,229.40
151.94,-71.04,231.39
150.72,-70.74,233.02
150.03,-70.73,233.96
149.68,-70.79,234.65
149.54,-70.79,235.15
149.58,-70.73,235.42
149.74,-70.66,235.48
149.98,-70.59,235.47
150.29,-70.52,235.40
150.51,-70.45,235.39
150.57,-70.37,235.49
150.44,-70.30,235.72
150.17,-70.22,236.07
149.81,-70.14,236.49
149.42,-70.07,236.93
149.00,-70.01,237.38
148.57,-69.95,237.81
148.13,-69.89,238.22
147.70,-69.83,238.61
147.30,-69.77,238.95
146.92,-69.72,239.25
146.60,-69.68,239.49
146.36,-69.65,239.66
146.31,-69.60,239.72
146.49,-69.52,239.61
146.83,-69.42,239.38
147.32,-69.27,239.04
147.98,-69.12,238.55
148.85,-68.94,237.89
149.75,-68.78,237.19
150.59,-68.62,236.54
151.32,-68.50,235.95
151.91,-68.46,235.42
152.37,-68.50,234.95
152.72,-68.58,234.53
152.99,-68.68,234.15
153.20,-68.76,233.84
153.38,-68.81,233.57
153.57,-68.83,233.29
153.79,-68.85,232.98
154.02,-68.87,232.66
154.26,-68.90,232.33
154.49,-68.92,232.01
154.73,-68.95,231.68
155.00,-68.97,231.33
155.26,-68.99,230.98
155.54,-69.01,230.62
155.84,-69.04,230.25
156.19,-69.07,229.83
156.61,-69.10,229.36
157.09,-69.13,228.83
157.62,-69.16,228.27
158.20,-69.19,227.67
158.82,-69.22,227.03
159.44,-69.25,226.39
160.03,-69.28,225.78
160.51,-69.31,225.28
160.81,-69.30,224.97
160.93,-69.28,224.84
160.83,-69.25,224.92
160.52,-69.22,225.20
160.00,-69.18,225.69
159.33,-69.14,226.32
158.55,-69.10,227.07
157.72,-69.06,227.85
156.88,-69.04,228.62
156.10,-69.00,229.33
155.39,-68.95,229.97
154.74,-68.90,230.55
154.06,-68.84,231.17
153.27,-68.77,231.88
152.43,-68.68,232.66
151.63,-68.55,233.43
150.88,-68.38,234.16
150.19,-68.19,234.87
149.52,-68.00,235.57
148.86,-67.81,236.25
148.28,-67.61,236.88
147.78,-67.40,237.44
147.36,-67.20,237.92
146.99,-67.00,238.35
146.65,-66.81,238.75
146.34,-66.62,239.11
146.07,-66.46,239.43
145.84,-66.31,239.71
145.64,-66.18,239.94
145.47,-66.06,240.13
145.31,-65.97,240.29
145.15,-65.90,240.44
144.96,-65.85,240.60
144.76,-65.82,240.77
144.54,-65.80,240.94
144.34,-65.77,241.10
144.19,-65.74,241.22
144.12,-65.70,241.27
144.12,-65.67,241.25
144.22,-65.63,241.16
144.41,-65.60,241.01
144.65,-65.60,240.79
144.93,-65.61,240.54
145.24,-65.61,240.27
145.57,-65.61,239.98
145.94,-65.60,239.69
146.31,-65.58,239.41
146.65,-65.57,239.15
146.92,-65.58,238.94
147.07,-65.59,238.82
147.14,-65.60,238.77
147.16,-65.58,238.78
147.12,-65.54,238.87
147.02,-65.46,239.04
146.82,-65.36,239.31
146.54,-65.22,239.69
146.17,-65.05,240.18
145.72,-64.85,240.76
145.21,-64.60,241.41
144.66,-64.32,242.16
144.04,-64.00,242.98
143.35,-63.64,243.90
142.59,-63.23,244.91
141.75,-62.77,246.01
140.87,-62.26,247.17
139.93,-61.69,248.39
138.93,-61.06,249.66
137.86,-60.38,250.99
136.73,-59.65,252.37
135.52,-58.89,253.79
134.25,-58.11,255.23
132.95,-57.36,256.65
131.67,-56.63,258.02
130.46,-55.98,259.27
129.37,-55.41,260.34
128.35,-54.92,261.24
127.36,-54.49,261.95
126.38,-54.11,262.46
125.39,-53.77,262.83
124.40,-53.42,263.14
123.43,-53.04,263.55
122.55,-52.68,264.10
121.77,-52.37,264.79
121.05,-52.09,265.65
120.47,-51.81,266.57
120.15,-51.63,267.35
120.01,-51.49,268.01
120.00,-51.34,268.54
120.08,-51.12,268.92
120.22,-50.81,269.15
120.38,-50.40,269.28
120.50,-49.88,269.32
120.54,-49.23,269.32
120.47,-48.48,269.31
120.33,-47.66,269.29
120.15,-46.80,269.26
119.92,-45.92,269.23
119.68,-45.06,269.18
119.47,-44.24,269.12
119.33,-43.48,269.05
119.31,-42.81,268.96
119.46,-42.26,268.83
119.77,-41.83,268.68
120.20,-41.52,268.50
120.71,-41.30,268.31
121.24,-41.18,268.09
121.75,-41.12,267.85
122.20,-41.11,267.60
122.57,-41.11,267.39
122.89,-41.14,267.21
123.22,-41.22,267.07
123.63,-41.34,266.92
124.09,-41.47,266.83
124.39,-41.61,266.98
124.57,-41.71,267.32
124.78,-41.76,267.69
125.06,-41.81,268.00
125.37,-41.91,268.21
125.75,-42.09,268.27
126.21,-42.35,268.18
126.68,-42.71,267.94
127.06,-43.12,267.62
127.37,-43.57,267.25
127.74,-44.06,266.80
128.18,-44.64,266.24
128.71,-45.33,265.54
129.27,-46.13,264.74
129.89,-47.01,263.84
130.59,-47.96,262.81
131.38,-48.98,261.68
132.23,-50.02,260.49
133.13,-51.09,259.24
134.12,-52.17,257.88
135.23,-53.25,256.37
136.41,-54.32,254.76
137.61,-55.34,253.13
138.85,-56.33,251.46
140.18,-57.28,249.74
141.53,-58.22,248.02
142.89,-59.14,246.31
144.28,-60.06,244.56
145.68,-60.96,242.82
147.06,-61.82,241.09
148.40,-62.65,239.41
149.75,-63.46,237.77
151.08,-64.24,236.19
152.42,-65.00,234.66
153.78,-65.73,233.14
155.23,-66.40,231.57
156.79,-66.95,230.08
158.29,-67.41,228.64
159.48,-67.83,227.29
160.45,-68.19,226.13
161.27,-68.45,225.16
161.90,-68.59,224.43
162.34,-68.61,223.96
162.49,-68.53,223.81
162.33,-68.33,223.98
161.90,-68.08,224.53
161.62,-67.97,225.00
161.63,-67.98,225.16
161.91,-68.01,225.06
162.02,-68.02,225.05
162.01,-68.02,225.14
162.05,-68.03,225.14
161.94,-68.00,225.36
161.61,-67.92,225.83
161.09,-67.80,226.45
160.38,-67.61,227.30
159.55,-67.38,228.31
158.65,-67.15,229.38
157.73,-66.92,230.47
156.85,-66.71,231.50
156.06,-66.55,232.41
155.34,-66.43,233.20
154.70,-66.35,233.88
154.19,-66.29,234.43
153.86,-66.25,234.79
153.74,-66.21,234.95
153.77,-66.15,234.98
153.88,-66.07,234.96
154.01,-65.97,234.93
154.08,-65.86,234.93
154.07,-65.78,235.00
153.98,-65.74,235.10
153.83,-65.74,235.23
153.63,-65.78,235.36
153.39,-65.85,235.49
153.12,-65.94,235.61
152.81,-66.04,235.75
152.50,-66.15,235.87
152.24,-66.26,235.96
152.05,-66.36,235.97
151.99,-66.45,235.90
152.10,-66.53,235.69
152.40,-66.59,235.32
152.88,-66.63,234.80
153.56,-66.64,234.14
154.36,-66.64,233.39
155.22,-66.62,232.60
156.13,-66.61,231.79
157.11,-66.61,230.91
158.13,-66.60,229.99
159.17,-66.60,229.05
160.19,-66.58,228.12
161.11,-66.56,227.29
161.87,-66.53,226.60
162.44,-66.50,226.09
162.81,-66.48,225.76
163.01,-66.47,225.59
163.12,-66.46,225.52
163.15,-66.44,225.52
163.15,-66.43,225.55
163.14,-66.43,225.58
163.10,-66.44,225.62
163.06,-66.46,225.65
162.99,-66.51,225.69
162.89,-66.56,225.73
162.81,-66.61,225.77
162.73,-66.65,225.79
162.66,-66.67,225.82
162.56,-66.66,225.89
162.36,-66.65,226.04
162.07,-66.64,226.31
161.74,-66.61,226.62
161.43,-66.58,226.92
161.17,-66.56,227.17
160.95,-66.54,227.36
160.78,-66.53,227.52
160.61,-66.52,227.65
160.45,-66.49,227.78
160.24,-66.45,227.94
159.96,-66.42,228.15
159.59,-66.38,228.43
159.15,-66.33,228.82
158.65,-66.25,229.28
158.09,-66.14,229.84
157.48,-66.00,230.45
156.84,-65.86,231.11
156.18,-65.71,231.79
155.51,-65.54,232.49
154.83,-65.37,233.21
154.15,-65.18,233.96
153.45,-64.98,234.72
152.74,-64.79,235.49
152.04,-64.61,236.24
151.39,-64.44,236.93
150.83,-64.28,237.55
150.37,-64.13,238.08
150.01,-63.99,238.51
149.71,-63.86,238.88
149.48,-63.75,239.17
149.36,-63.63,239.39
149.39,-63.51,239.47
149.57,-63.41,239.41
149.88,-63.34,239.21
150.28,-63.30,238.92
150.70,-63.28,238.59
151.10,-63.28,238.27
151.44,-63.28,237.98
151.79,-63.27,237.71
152.15,-63.24,237.43
152.50,-63.21,237.16
152.79,-63.17,236.95
152.97,-63.15,236.81
153.03,-63.14,236.77
152.99,-63.14,236.80
152.90,-63.11,236.88
152.79,-63.07,237.00
152.63,-63.02,237.17
152.39,-62.96,237.43
152.04,-62.88,237.81
151.56,-62.78,238.32
150.98,-62.65,238.95
150.36,-62.49,239.65
149.72,-62.28,240.41
149.03,-62.04,241.24
148.28,-61.75,242.17
147.43,-61.39,243.22
146.48,-60.96,244.41
145.44,-60.45,245.71
144.32,-59.86,247.12
143.11,-59.20,248.63
141.81,-58.46,250.23
140.39,-57.64,251.92
138.85,-56.76,253.72
137.23,-55.81,255.57
135.54,-54.81,257.44
133.83,-53.82,259.26
132.28,-52.89,260.88
130.79,-52.07,262.30
129.37,-51.35,263.37
128.10,-50.71,264.10
126.95,-50.09,264.59
125.90,-49.38,265.01
124.90,-48.59,265.53
123.89,-47.82,266.13
122.84,-47.13,266.83
121.81,-46.46,267.62
120.93,-45.88,268.38
120.19,-45.43,269.08
119.57,-44.99,269.73
119.02,-44.49,270.32
118.56,-43.89,270.83
118.21,-43.19,271.22
117.94,-42.39,271.51
117.66,-41.49,271.76
117.35,-40.51,271.98
117.00,-39.48,272.18
116.66,-38.46,272.33
116.39,-37.48,272.43
116.19,-36.56,272.49
116.09,-35.69,272.55
116.12,-34.87,272.63
116.33,-34.05,272.74
116.73,-33.25,272.87
117.24,-32.48,272.98
117.78,-31.78,273.04
118.28,-31.18,273.03
118.71,-30.68,272.96
119.10,-30.30,272.83
119.50,-30.06,272.62
119.92,-29.97,272.36
120.39,-30.04,272.04
120.97,-30.25,271.66
121.66,-30.59,271.20
122.41,-31.04,270.68
123.11,-31.57,270.10
123.72,-32.16,269.48
124.33,-32.80,268.81
124.96,-33.49,268.08
125.57,-34.23,267.29
126.17,-35.03,266.48
126.79,-35.92,265.63
127.41,-36.88,264.78
128.22,-37.85,263.90
129.30,-38.79,262.94
130.42,-39.74,261.90
131.21,-40.80,260.81
131.78,-41.92,259.64
132.46,-43.06,258.31
133.30,-44.18,256.80
134.27,-45.29,255.15
135.37,-46.37,253.39
136.53,-47.39,251.64
137.68,-48.35,249.94
138.80,-49.24,248.34
139.87,-50.08,246.86
140.91,-50.86,245.48
141.91,-51.58,244.16
142.85,-52.24,242.87
143.74,-52.86,241.63
144.56,-53.44,240.44
145.32,-53.99,239.33
146.02,-54.52,238.32
146.61,-55.02,237.44
147.02,-55.50,236.77
147.15,-55.90,236.43
146.90,-56.20,236.50
146.33,-56.44,236.88
145.58,-56.65,237.39
144.81,-56.87,237.89
144.21,-57.16,238.26
143.92,-57.56,238.36
143.97,-58.12,238.14
144.34,-58.76,237.69
144.82,-59.39,237.25
145.12,-59.93,237.01
145.17,-60.33,237.03
145.00,-60.58,237.30
144.72,-60.73,237.71
144.25,-60.84,238.25
143.52,-60.93,238.86
143.25,-60.95,239.11
143.48,-60.88,238.97
143.90,-60.68,238.78
144.21,-60.40,238.70
144.46,-60.19,238.64
144.79,-60.16,238.43
145.02,-60.25,238.30
145.18,-60.37,238.33
145.27,-60.49,238.44
145.31,-60.61,238.53
145.30,-60.62,238.70
145.20,-60.52,238.93
145.05,-60.33,239.21
144.88,-60.07,239.56
144.72,-59.77,239.92
144.57,-59.46,240.28
144.48,-59.17,240.60
144.46,-58.92,240.85
144.52,-58.72,240.99
144.68,-58.59,241.01
144.93,-58.53,240.91
145.23,-58.52,240.71
145.55,-58.56,240.46
145.88,-58.66,240.16
146.19,-58.81,239.82
146.47,-59.00,239.46
146.72,-59.21,239.11
146.93,-59.42,238.76
147.13,-59.64,238.39
147.30,-59.87,238.04
147.42,-60.10,237.70
147.53,-60.32,237.39
147.70,-60.50,237.06
147.96,-60.63,236.66
148.34,-60.73,236.18
148.81,-60.83,235.65
149.33,-60.93,235.09
149.82,-61.04,234.56
150.28,-61.15,234.08
150.71,-61.25,233.63
151.13,-61.35,233.20
151.55,-61.42,232.79
151.98,-61.47,232.40
152.40,-61.52,232.02
152.80,-61.57,231.65
153.20,-61.63,231.29
153.57,-61.69,230.94
153.91,-61.74,230.63
154.21,-61.75,230.37
154.44,-61.73,230.19
154.60,-61.66,230.09
154.69,-61.57,230.06
154.70,-61.48,230.11
154.60,-61.38,230.26
154.38,-61.27,230.52
154.08,-61.16,230.85
153.74,-61.03,231.22
153.36,-60.90,231.63
152.97,-60.77,232.06
152.59,-60.63,232.48
152.25,-60.48,232.88
151.96,-60.32,233.24
151.72,-60.16,233.57
151.51,-59.99,233.87
151.33,-59.82,234.14
151.17,-59.67,234.39
151.03,-59.53,234.60
150.93,-59.41,234.77
150.85,-59.30,234.90
150.82,-59.20,235.00
150.82,-59.12,235.05
150.85,-59.06,235.05
150.88,-59.02,235.03
150.86,-59.00,235.01
150.76,-59.01,235.06
150.61,-59.03,235.16
150.44,-59.04,235.29
150.28,-59.04,235.42
150.14,-59.01,235.55
150.01,-58.98,235.68
149.90,-58.95,235.81
149.80,-58.92,235.92
149.72,-58.90,236.01
149.64,-58.88,236.07
149.59,-58.88,236.12
149.57,-58.87,236.14
149.58,-58.85,236.14
149.61,-58.83,236.14
149.65,-58.80,236.13
149.70,-58.78,236.12
149.73,-58.77,236.11
149.73,-58.77,236.11
149.68,-58.77,236.16
149.58,-58.79,236.26
149.43,-58.81,236.40
149.26,-58.83,236.57
149.08,-58.86,236.75
148.88,-58.89,236.95
148.62,-58.92,237.20
148.31,-58.92,237.53
147.95,-58.91,237.92
147.51,-58.86,238.39
147.03,-58.78,238.94
146.52,-58.63,239.55
145.97,-58.44,240.23
145.40,-58.19,240.98
144.80,-57.89,241.78
144.19,-57.53,242.65
143.56,-57.10,243.57
142.93,-56.58,244.54
142.29,-55.99,245.56
141.63,-55.33,246.63
140.91,-54.62,247.76
140.12,-53.84,248.97
139.26,-53.01,250.25
138.29,-52.14,251.61
137.22,-51.25,253.04
136.08,-50.36,254.51
134.93,-49.50,255.96
133.81,-48.71,257.36
132.72,-48.02,258.66
131.70,-47.45,259.81
130.82,-47.02,260.76
130.14,-46.70,261.47
129.67,-46.48,261.90
129.35,-46.31,262.14
129.11,-46.03,262.24
128.86,-45.57,262.15
128.64,-44.91,261.75
128.40,-44.11,261.22
128.14,-43.32,260.58
127.81,-42.46,260.04
127.44,-41.50,259.73
127.10,-40.50,259.67
126.82,-39.54,259.86
126.57,-38.65,260.30
126.32,-37.87,260.95
126.06,-37.17,261.74
125.81,-36.56,262.60
125.56,-36.00,263.47
125.30,-35.48,264.31
125.02,-34.98,265.08
124.74,-34.51,265.76
124.50,-34.07,266.32
124.35,-33.68,266.72
124.30,-33.36,266.98
124.34,-33.09,267.13
124.46,-32.86,267.18
124.64,-32.67,267.14
124.89,-32.53,267.02
125.18,-32.44,266.85
125.49,-32.40,266.63
125.83,-32.44,266.40
126.17,-32.56,266.15
126.52,-32.79,265.90
126.88,-33.17,265.61
127.30,-33.72,265.29
127.80,-34.43,264.92
128.29,-35.30,264.49
128.70,-36.27,264.00
129.03,-37.32,263.47
129.35,-38.40,262.90
129.71,-39.51,262.30
130.25,-40.60,261.64
130.98,-41.63,260.91
131.75,-42.63,260.09
132.42,-43.66,259.22
132.93,-44.70,258.33
133.40,-45.75,257.39
133.89,-46.77,256.40
134.46,-47.76,255.32
135.19,-48.74,254.12
136.09,-49.70,252.74
137.17,-50.67,251.14
138.34,-51.62,249.45
139.54,-52.51,247.74
140.70,-53.35,246.08
141.82,-54.15,244.52
142.91,-54.93,243.07
143.99,-55.70,241.67
145.06,-56.45,240.31
146.11,-57.17,238.99
147.12,-57.85,237.74
148.10,-58.49,236.58
149.02,-59.08,235.55
149.85,-59.64,234.66
150.61,-60.17,233.85
151.29,-60.68,233.15
151.91,-61.16,232.52
152.45,-61.60,232.01
152.86,-61.96,231.68
153.10,-62.22,231.56
153.21,-62.39,231.60
153.21,-62.47,231.75
153.15,-62.47,231.99
153.00,-62.41,232.31
152.67,-62.32,232.72
152.24,-62.23,233.16
151.84,-62.14,233.58
151.46,-62.03,234.00
151.02,-61.87,234.48
150.47,-61.62,235.08
150.13,-61.47,235.38
149.75,-61.33,235.67
149.34,-61.17,236.01
149.00,-61.03,236.31
148.74,-60.92,236.57
148.52,-60.84,236.77
148.34,-60.79,236.92
148.15,-60.77,237.08
147.91,-60.75,237.29
147.62,-60.72,237.55
147.32,-60.69,237.80
147.01,-60.65,238.06
146.69,-60.61,238.34
146.36,-60.56,238.62
146.03,-60.51,238.92
145.70,-60.49,239.21
145.39,-60.50,239.47
145.12,-60.56,239.67
144.98,-60.65,239.76
145.14,-60.73,239.62
145.40,-60.80,239.37
145.78,-60.86,239.02
146.19,-60.91,238.62
146.58,-60.93,238.25
146.91,-60.92,237.95
147.11,-60.86,237.80
147.18,-60.76,237.77
147.14,-60.64,237.87
147.01,-60.50,238.05
146.84,-60.35,238.27
146.67,-60.23,238.48
146.54,-60.14,238.64
146.46,-60.09,238.73
146.41,-60.08,238.78
146.41,-60.10,238.75
146.45,-60.15,238.67
146.53,-60.23,238.53
146.64,-60.30,238.36
146.79,-60.38,238.16
146.94,-60.44,237.95
147.05,-60.50,237.77
147.11,-60.58,237.63
147.10,-60.66,237.54
147.08,-60.74,237.46
147.05,-60.80,237.40
147.03,-60.84,237.33
147.04,-60.84,237.28
147.04,-60.79,237.27
147.01,-60.70,237.31
146.95,-60.56,237.41
146.83,-60.36,237.63
146.60,-60.12,237.96
146.30,-59.85,238.40
145.94,-59.58,238.89
145.54,-59.33,239.40
145.13,-59.10,239.92
144.72,-58.89,240.41
144.34,-58.69,240.87
144.00,-58.49,241.28
143.68,-58.29,241.66
143.37,-58.07,242.05
143.04,-57.84,242.48
142.69,-57.62,242.92
142.32,-57.42,243.37
141.99,-57.24,243.78
141.73,-57.10,244.10
141.54,-56.98,244.34
141.41,-56.88,244.50
141.36,-56.79,244.59
141.35,-56.72,244.64
141.38,-56.66,244.64
141.49,-56.60,244.59
141.63,-56.56,244.49
141.80,-56.55,244.36
141.98,-56.58,244.20
142.13,-56.61,244.04
142.24,-56.66,243.89
142.33,-56.69,243.78
142.37,-56.71,243.72
142.37,-56.71,243.70
142.33,-56.69,243.73
142.27,-56.66,243.80
142.17,-56.62,243.90
142.04,-56.58,244.03
141.84,-56.54,244.21
141.57,-56.49,244.45
141.27,-56.42,244.73
140.96,-56.33,245.03
140.65,-56.23,245.34
140.36,-56.11,245.65
140.09,-55.97,245.96
139.85,-55.82,246.26
139.64,-55.66,246.55
139.42,-55.49,246.86
139.19,-55.30,247.19
138.94,-55.08,247.55
138.67,-54.82,247.95
138.37,-54.52,248.42
138.02,-54.17,248.96
137.60,-53.76,249.58
137.13,-53.28,250.30
136.60,-52.73,251.11
135.98,-52.09,252.03
135.25,-51.35,253.06
134.43,-50.54,254.20
133.52,-49.67,255.42
132.50,-48.73,256.70
131.40,-47.79,258.04
130.26,-46.87,259.37
129.12,-46.02,260.66
128.07,-45.29,261.83
127.12,-44.70,262.83
126.35,-44.22,263.60
125.78,-43.84,264.14
125.31,-43.52,264.50
124.80,-43.23,264.76
124.31,-42.85,264.96
123.84,-42.39,265.13
123.40,-41.89,265.22
122.99,-41.34,265.29
122.61,-40.91,265.39
122.34,-40.66,265.43
122.18,-40.51,265.50
122.09,-40.38,265.66
122.02,-40.18,265.93
121.89,-39.90,266.31
121.73,-39.57,266.69
121.58,-39.22,267.03
121.40,-38.83,267.36
121.20,-38.40,267.67
121.03,-37.94,267.97
120.88,-37.48,268.24
120.75,-37.02,268.45
120.63,-36.60,268.60
120.52,-36.20,268.66
120.45,-35.85,268.64
120.46,-35.56,268.52
120.56,-35.36,268.26
120.75,-35.22,267.90
120.98,-35.13,267.47
121.22,-35.04,267.02
121.47,-34.93,266.59
121.74,-34.79,266.22
122.02,-34.62,265.92
122.35,-34.46,265.68
122.73,-34.36,265.48
123.18,-34.34,265.28
123.65,-34.43,265.06
124.13,-34.62,264.80
124.60,-34.91,264.48
125.08,-35.29,264.10
125.56,-35.74,263.67
126.02,-36.25,263.19
126.50,-36.82,262.67
126.96,-37.46,262.10
127.45,-38.15,261.51
128.08,-38.85,260.90
128.74,-39.54,260.28
129.30,-40.28,259.64
129.64,-41.12,259.00
129.76,-42.05,258.37
129.91,-43.04,257.68
130.14,-44.05,256.89
130.46,-45.10,255.98
130.92,-46.19,254.91
131.49,-47.33,253.67
132.08,-48.53,252.32
132.70,-49.78,250.93
133.36,-51.04,249.58
134.04,-52.26,248.33
134.71,-53.44,247.18
135.40,-54.59,246.07
136.12,-55.71,244.94
136.91,-56.81,243.74
137.78,-57.87,242.47
138.72,-58.87,241.17
139.73,-59.78,239.82
140.88,-60.61,238.38
142.17,-61.38,236.84
143.56,-62.08,235.23
144.94,-62.68,233.62
146.24,-63.20,232.10
147.38,-63.62,230.73
148.33,-63.97,229.57
149.04,-64.30,228.64
149.51,-64.64,227.96
149.75,-65.01,227.54
149.91,-65.37,227.27
149.91,-65.69,227.23
149.71,-65.96,227.42
149.34,-66.15,227.84
148.85,-66.24,228.43
148.28,-66.22,229.16
147.64,-66.07,230.02
146.95,-65.82,231.00
146.80,-65.38,231.69
147.53,-64.89,231.70
148.28,-64.55,231.42
148.96,-64.34,230.93
149.47,-64.19,230.46
149.87,-64.03,229.99
150.09,-63.88,229.65
150.09,-63.71,229.55
150.12,-63.58,229.52
150.16,-63.52,229.69
150.00,-63.43,230.10
149.75,-63.30,230.54
149.43,-63.12,231.05
149.04,-62.88,231.70
148.58,-62.57,232.41
148.12,-62.21,233.12
147.71,-61.85,233.78
147.36,-61.51,234.35
147.12,-61.22,234.81
146.97,-60.98,235.15
146.88,-60.76,235.41
146.83,-60.56,235.61
146.79,-60.38,235.78
146.76,-60.22,235.92
146.76,-60.10,236.03
146.74,-60.03,236.11
146.66,-60.02,236.20
146.49,-60.11,236.31
146.29,-60.27,236.43
146.11,-60.46,236.49
146.01,-60.64,236.47
146.01,-60.77,236.36
146.09,-60.87,236.20
146.23,-60.93,236.01
146.38,-60.98,235.83
146.51,-61.03,235.69
146.60,-61.11,235.56
146.68,-61.19,235.45
146.73,-61.28,235.34
146.82,-61.37,235.19
146.93,-61.49,234.99
147.03,-61.60,234.78
147.11,-61.72,234.58
147.18,-61.84,234.39
147.22,-61.92,234.24
147.25,-61.98,234.10
147.27,-62.01,233.99
147.25,-62.04,233.93
147.16,-62.05,233.93
146.98,-62.06,234.01
146.73,-62.05,234.17
146.42,-62.01,234.40
146.07,-61.95,234.69
145.67,-61.88,235.01
145.21,-61.80,235.39
144.69,-61.73,235.82
144.12,-61.64,236.29
143.53,-61.54,236.78
142.94,-61.42,237.28
142.34,-61.27,237.80
141.69,-61.09,238.38
140.97,-60.90,239.02
140.23,-60.70,239.71
139.49,-60.52,240.38
138.83,-60.34,240.99
138.23,-60.15,241.54
137.68,-59.96,242.05
137.17,-59.74,242.53
136.71,-59.50,242.99
136.27,-59.23,243.45
135.86,-58.94,243.91
135.50,-58.65,244.35
135.18,-58.35,244.76
134.91,-58.06,245.14
134.65,-57.78,245.51
134.37,-57.54,245.88
134.12,-57.31,246.23
133.91,-57.10,246.53
133.77,-56.91,246.77
133.70,-56.73,246.94
133.72,-56.60,247.04
133.82,-56.51,247.04
133.96,-56.48,246.99
134.11,-56.48,246.90
134.23,-56.52,246.80
134.37,-56.57,246.68
134.54,-56.62,246.54
134.73,-56.66,246.39
134.94,-56.70,246.24
135.14,-56.75,246.09
135.34,-56.81,245.94
135.51,-56.86,245.80
135.65,-56.88,245.72
135.72,-56.89,245.69
135.75,-56.86,245.73
135.74,-56.82,245.81
135.71,-56.76,245.93
135.67,-56.70,246.07
135.61,-56.66,246.20
135.57,-56.63,246.31
135.52,-56.61,246.41
135.44,-56.60,246.53
135.31,-56.56,246.69
135.15,-56.48,246.92
134.92,-56.35,247.22
134.61,-56.15,247.62
134.24,-55.88,248.13
133.77,-55.54,248.75
133.19,-55.12,249.52
132.50,-54.59,250.43
131.75,-53.94,251.46
130.97,-53.17,252.56
130.20,-52.27,253.70
129.42,-51.27,254.89
128.58,-50.19,256.13
127.62,-49.04,257.46
126.57,-47.87,258.84
125.43,-46.72,260.26
124.29,-45.65,261.66
123.18,-44.71,262.96
122.13,-43.95,264.11
121.20,-43.35,265.05
120.37,-42.88,265.77
119.55,-42.52,266.30
118.76,-42.12,266.73
117.97,-41.69,267.12
117.23,-41.27,267.41
116.58,-40.84,267.57
116.04,-40.35,267.64
115.65,-39.92,267.59
115.31,-39.46,267.53
115.02,-38.91,267.54
114.73,-38.22,267.65
114.48,-37.41,267.83
114.27,-36.48,268.09
114.09,-35.47,268.38
113.90,-34.40,268.70
113.69,-33.29,269.00
113.47,-32.19,269.24
113.28,-31.12,269.39
113.13,-30.10,269.43
113.05,-29.16,269.34
113.05,-28.30,269.15
113.13,-27.54,268.86
113.26,-26.87,268.50
113.44,-26.26,268.09
113.69,-25.73,267.64
114.00,-25.28,267.15
114.39,-24.93,266.63
114.84,-24.69,266.11
115.32,-24.54,265.59
115.81,-24.47,265.10
116.24,-24.47,264.69
116.61,-24.52,264.36
116.97,-24.64,264.10
117.34,-24.85,263.87
117.74,-25.15,263.66
118.15,-25.56,263.48
118.56,-26.06,263.32
118.93,-26.67,263.17
119.29,-27.37,263.02
119.64,-28.18,262.84
120.02,-29.09,262.60
120.45,-30.09,262.28
120.91,-31.17,261.87
121.40,-32.32,261.39
121.89,-33.49,260.88
122.35,-34.66,260.36
122.82,-35.84,259.82
123.34,-37.02,259.24
123.89,-38.22,258.62
124.47,-39.43,257.97
125.08,-40.67,257.28
125.74,-41.94,256.56
126.50,-43.23,255.75
127.33,-44.57,254.86
128.25,-45.94,253.85
129.28,-47.36,252.69
130.42,-48.81,251.39
131.61,-50.26,250.03
132.78,-51.67,248.66
133.93,-53.05,247.32
135.04,-54.39,246.04
136.16,-55.72,244.76
137.37,-57.03,243.42
138.62,-58.31,242.06
139.87,-59.53,240.73
141.07,-60.66,239.44
142.14,-61.69,238.28
143.04,-62.62,237.31
143.84,-63.45,236.47
144.67,-64.22,235.65
145.59,-64.96,234.80
146.53,-65.68,233.91
147.37,-66.37,233.10
147.98,-67.03,232.47
148.35,-67.66,232.00
148.63,-68.30,231.60
148.93,-68.92,231.19
149.31,-69.55,230.76
149.76,-70.18,230.37
150.27,-70.81,230.02
150.79,-71.45,229.73
151.24,-72.09,229.55
151.62,-72.72,229.46
151.90,-73.31,229.49
152.10,-73.86,229.61
152.09,-74.35,229.97
151.78,-74.78,230.66
150.99,-75.20,231.82
149.62,-75.64,233.52
147.69,-76.09,235.78
145.26,-76.57,238.56
142.17,-77.01,242.06
138.60,-77.35,246.13
134.86,-77.60,250.52
132.66,-77.56,253.52
133.66,-77.60,252.99
134.62,-77.70,251.95
135.24,-77.78,251.34
135.93,-77.82,250.90
136.35,-77.72,250.69
136.47,-77.49,250.72
136.32,-77.16,251.06
135.79,-76.76,251.81
134.92,-76.31,252.86
133.75,-75.86,254.17
132.24,-75.40,255.77
130.46,-74.95,257.58
128.55,-74.49,259.48
126.64,-74.04,261.36
124.85,-73.59,263.09
123.23,-73.18,264.61
121.81,-72.82,265.91
120.52,-72.52,267.04
119.45,-72.25,267.93
118.54,-72.04,268.66
117.72,-71.88,269.29
117.07,-71.74,269.76
116.66,-71.64,270.03
116.29,-71.57,270.26
116.02,-71.53,270.40
115.89,-71.54,270.42
115.79,-71.59,270.41
115.83,-71.68,270.30
116.02,-71.79,270.07
116.29,-71.91,269.79
116.64,-72.03,269.44
117.02,-72.17,269.07
117.40,-72.32,268.71
117.74,-72.48,268.38
118.05,-72.64,268.07
118.31,-72.79,267.79
118.53,-72.95,267.55
118.70,-73.10,267.34
118.85,-73.23,267.16
118.93,-73.32,267.05
118.94,-73.37,267.01
118.88,-73.38,267.03
118.76,-73.36,267.12
118.59,-73.29,267.28
118.38,-73.18,267.47
118.15,-73.05,267.69
117.89,-72.89,267.95
117.58,-72.72,268.25
117.24,-72.54,268.57
116.91,-72.36,268.89
116.57,-72.17,269.20
116.25,-71.99,269.49
115.96,-71.80,269.76
115.73,-71.60,269.99
115.55,-71.41,270.16
115.42,-71.22,270.31
115.29,-71.03,270.44
115.17,-70.85,270.57
115.06,-70.67,270.70
114.94,-70.49,270.83
114.82,-70.32,270.96
114.75,-70.14,271.06
114.70,-69.97,271.13
114.65,-69.81,271.20
114.55,-69.65,271.31
114.42,-69.50,271.44
114.26,-69.35,271.59
114.09,-69.19,271.74
113.92,-69.02,271.91
113.76,-68.83,272.07
113.58,-68.62,272.26
113.41,-68.40,272.46
113.24,-68.15,272.68
113.06,-67.90,272.91
112.89,-67.64,273.13
112.71,-67.37,273.37
112.50,-67.07,273.64
112.29,-66.75,273.93
112.07,-66.41,274.24
111.87,-66.04,274.54
111.71,-65.64,274.82
111.63,-65.22,275.06
111.57,-64.75,275.28
111.54,-64.26,275.47
111.46,-63.74,275.73
111.33,-63.19,276.03
111.17,-62.60,276.38
110.95,-61.95,276.79
110.74,-61.24,277.21
110.52,-60.47,277.66
110.24,-59.63,278.17
109.88,-58.71,278.76
109.45,-57.69,279.41
108.96,-56.54,280.15
108.41,-55.27,280.94
107.84,-53.85,281.77
107.21,-52.29,282.66
106.55,-50.59,283.59
105.84,-48.77,284.58
105.10,-46.87,285.61
104.37,-44.91,286.67
103.66,-42.91,287.75
102.98,-40.90,288.81
102.31,-38.87,289.83
101.63,-36.82,290.79
100.99,-34.80,291.67
100.52,-32.83,292.46
100.30,-31.02,293.16
100.23,-29.30,293.75
100.29,-28.09,294.19
100.59,-27.78,294.25
101.08,-28.33,293.92
101.85,-29.42,293.27
102.85,-30.83,292.33
104.02,-32.41,291.11
105.26,-34.02,289.66
106.50,-35.61,288.08
107.77,-37.10,286.43
109.09,-38.49,284.73
110.45,-39.82,283.00
111.82,-41.13,281.28
113.21,-42.45,279.61
114.61,-43.81,278.01
115.97,-45.25,276.51
117.26,-46.80,275.10
118.41,-48.46,273.79
119.35,-50.23,272.62
120.09,-52.09,271.61
120.68,-53.98,270.74
121.13,-55.87,270.02
121.55,-57.73,269.37
121.98,-59.56,268.73
122.37,-61.35,268.11
122.60,-63.07,267.62
122.80,-64.70,267.18
122.92,-66.25,266.76
123.06,-67.72,266.32
123.15,-69.11,265.93
123.14,-70.42,265.70
122.98,-71.71,265.66
122.84,-72.96,265.74
122.68,-74.14,265.93
122.44,-75.19,266.25
122.00,-76.10,266.76
121.19,-76.85,267.60
119.73,-77.51,269.04
117.47,-78.09,271.31
114.24,-78.57,274.65
110.22,-78.95,278.92
105.70,-79.23,283.78
101.02,-79.35,288.90
96.60,-79.29,293.82
92.88,-79.08,298.15
90.29,-78.73,301.56
88.74,-78.24,304.12
87.85,-77.62,305.98
87.65,-76.91,307.06
89.01,-76.31,306.95
89.49,-76.01,307.42
89.88,-76.30,307.18
90.53,-76.77,306.56
91.12,-77.29,306.21
91.91,-77.68,305.67
93.03,-77.89,304.79
94.27,-77.98,303.83
95.59,-77.99,302.82
96.68,-77.93,301.96
97.67,-77.82,301.19
98.31,-77.68,300.72
98.59,-77.52,300.53
98.54,-77.34,300.60
98.25,-77.15,300.86
97.77,-76.96,301.27
97.15,-76.76,301.78
96.50,-76.53,302.31
95.83,-76.30,302.84
95.18,-76.05,303.33
94.58,-75.79,303.79
94.04,-75.52,304.19
93.57,-75.26,304.54
93.16,-75.03,304.84
92.86,-74.82,305.06
92.67,-74.66,305.19
92.61,-74.53,305.23
92.65,-74.45,305.18
92.75,-74.39,305.08
92.92,-74.34,304.94
93.14,-74.31,304.76
93.38,-74.29,304.57
93.62,-74.27,304.40
93.83,-74.26,304.24
94.02,-74.25,304.11
94.18,-74.25,304.01
94.33,-74.24,303.91
94.46,-74.23,303.83
94.58,-74.20,303.75
94.69,-74.15,303.68
94.80,-74.08,303.61
94.89,-74.00,303.55
94.97,-73.91,303.51
95.02,-73.81,303.49
95.08,-73.72,303.47
95.18,-73.66,303.42
95.31,-73.62,303.33
95.48,-73.58,303.19
95.69,-73.54,303.03
95.94,-73.49,302.83
96.20,-73.43,302.64
96.46,-73.37,302.45
96.71,-73.29,302.26
96.96,-73.21,302.09
97.16,-73.11,301.96
97.30,-72.98,301.87
97.39,-72.84,301.84
97.46,-72.68,301.83
97.50,-72.51,301.83
97.55,-72.30,301.86
97.55,-72.06,301.93
97.53,-71.78,302.03
97.49,-71.44,302.15
97.43,-71.04,302.30
97.36,-70.57,302.46
97.28,-70.01,302.65
97.17,-69.35,302.87
97.04,-68.57,303.13
96.89,-67.67,303.42
96.71,-66.62,303.74
96.55,-65.41,304.07
96.41,-64.00,304.40
96.24,-62.39,304.74
96.22,-60.55,304.99
96.29,-58.47,305.18
96.39,-56.16,305.36
96.50,-53.65,305.56
96.59,-51.00,305.78
96.65,-48.29,306.01
96.72,-45.61,306.28
96.80,-43.02,306.56
96.95,-40.55,306.78
97.18,-38.19,306.94
97.52,-36.11,307.12
97.92,-34.92,307.23
98.31,-34.95,307.12
98.70,-35.90,306.88
99.18,-37.25,306.56
99.64,-38.78,306.25
100.03,-40.39,305.91
100.35,-42.06,305.52
100.58,-43.76,305.11
100.85,-45.48,304.72
101.10,-47.18,304.39
101.33,-48.84,304.16
101.51,-50.50,304.00
101.65,-52.24,303.89
101.75,-54.14,303.76
101.86,-56.19,303.58
102.01,-58.30,303.35
102.13,-60.40,303.10
102.18,-62.50,302.86
102.16,-64.59,302.66
102.10,-66.64,302.49
102.02,-68.59,302.39
101.89,-70.40,302.38
101.64,-72.06,302.52
101.24,-73.57,302.88
100.71,-75.00,303.46
100.10,-76.41,304.21
99.24,-77.77,305.25
97.87,-78.99,306.81
95.80,-80.03,309.08
92.91,-80.89,312.18
89.07,-81.61,316.24
84.25,-82.22,321.31
78.38,-82.68,327.47
71.62,-82.92,334.53
64.53,-82.90,341.96
57.91,-82.60,348.97
52.25,-82.07,355.06
47.75,-81.42,0.15
44.28,-80.75,4.42
41.80,-80.09,7.87
40.41,-79.41,10.26
40.11,-78.69,11.49
40.71,-77.92,11.69
41.79,-77.06,11.28
41.47,-76.03,11.53
39.90,-75.59,12.65
38.08,-75.53,14.19
36.50,-75.61,15.67
35.79,-75.73,16.48
36.01,-75.83,16.47
36.85,-75.92,15.90
37.91,-76.07,15.08
39.27,-76.25,13.96
40.79,-76.42,12.70
42.34,-76.51,11.40
43.71,-76.52,10.20
44.76,-76.45,9.24
45.52,-76.34,8.48
46.11,-76.19,7.83
46.57,-76.00,7.30
46.89,-75.79,6.88
47.10,-75.57,6.55
47.20,-75.34,6.30
47.31,-75.10,6.04
47.48,-74.88,5.73
47.72,-74.68,5.38
47.97,-74.50,5.04
48.22,-74.37,4.73
48.44,-74.27,4.47
48.61,-74.22,4.28
48.75,-74.22,4.14
48.86,-74.25,4.06
48.98,-74.33,3.99
49.11,-74.43,3.93
49.25,-74.54,3.88
49.37,-74.65,3.85
49.43,-74.75,3.86
49.43,-74.82,3.92
49.39,-74.90,4.00
49.35,-74.96,4.10
49.36,-75.03,4.15
49.42,-75.08,4.17
49.52,-75.12,4.13
49.64,-75.13,4.06
49.78,-75.12,3.96
49.96,-75.10,3.80
50.19,-75.07,3.59
50.43,-75.03,3.34
50.70,-74.99,3.06
50.99,-74.95,2.75
51.30,-74.90,2.40
51.63,-74.84,2.02
52.02,-74.77,1.60
52.45,-74.70,1.13
52.95,-74.62,0.63
53.46,-74.53,0.12
53.96,-74.44,359.62
54.42,-74.34,359.16
54.81,-74.25,358.77
55.15,-74.17,358.43
55.41,-74.08,358.14
55.67,-74.00,357.84
55.90,-73.91,357.57
56.13,-73.82,357.30
56.35,-73.72,357.04
56.59,-73.61,356.76
56.83,-73.49,356.48
57.07,-73.37,356.20
57.30,-73.23,355.92
57.53,-73.08,355.64
57.80,-72.90,355.32
58.11,-72.70,354.95
58.49,-72.47,354.52
58.90,-72.21,354.06
59.32,-71.92,353.57
59.78,-71.59,353.05
60.25,-71.24,352.51
60.73,-70.86,351.95
61.24,-70.44,351.36
61.78,-70.00,350.75
62.34,-69.54,350.12
62.95,-69.05,349.45
63.63,-68.52,348.73
64.38,-67.94,347.97
65.25,-67.30,347.13
66.24,-66.61,346.21
67.32,-65.85,345.24
68.48,-65.01,344.22
69.72,-64.08,343.19
71.02,-63.04,342.12
72.36,-61.89,341.03
73.65,-60.60,339.94
74.92,-59.16,338.87
76.16,-57.56,337.80
77.26,-55.79,336.81
78.23,-53.87,335.94
79.08,-51.83,335.19
79.78,-49.71,334.58
80.38,-47.55,334.11
80.96,-45.43,333.76
81.48,-43.37,333.57
81.91,-41.38,333.47
82.27,-39.45,333.43
82.64,-37.67,333.46
83.12,-36.06,333.57
83.79,-34.59,333.74
84.55,-33.25,334.01
85.27,-32.06,334.53
85.87,-31.24,335.49
86.52,-30.67,336.66
87.17,-30.49,337.89
87.87,-30.65,339.06
88.61,-31.05,340.08
89.40,-31.56,340.85
90.27,-32.08,341.34
91.21,-32.53,341.52
92.19,-32.90,341.42
93.17,-33.18,341.07
94.11,-33.38,340.53
95.03,-33.56,339.86
95.94,-33.76,339.11
96.86,-34.02,338.33
97.78,-34.40,337.56
98.68,-34.94,336.83
99.55,-35.67,336.14
100.36,-36.60,335.51
101.14,-37.74,334.94
101.85,-39.05,334.44
102.44,-40.46,334.05
103.02,-41.92,333.72
103.60,-43.41,333.43
104.21,-44.92,333.16
104.82,-46.45,332.90
105.41,-47.99,332.64
105.96,-49.54,332.39
106.45,-51.09,332.13
106.88,-52.61,331.90
107.30,-54.12,331.68
107.71,-55.63,331.49
108.08,-57.14,331.33
108.40,-58.64,331.19
108.71,-60.12,331.07
109.07,-61.55,330.90
109.48,-62.92,330.67
109.97,-64.24,330.34
110.55,-65.49,329.92
111.20,-66.70,329.44
111.93,-67.88,328.92
112.74,-69.06,328.35
113.66,-70.21,327.74
114.64,-71.33,327.05
115.68,-72.39,326.28
116.76,-73.39,325.42
117.89,-74.32,324.50
119.00,-75.16,323.56
120.06,-75.91,322.68
121.09,-76.58,321.82
122.12,-77.15,320.95
123.22,-77.65,320.02
124.47,-78.05,318.93
125.78,-78.38,317.76
127.03,-78.63,316.64
128.09,-78.83,315.71
128.68,-78.97,315.22
128.58,-79.05,315.39
127.79,-79.10,316.26
126.47,-79.13,317.69
124.87,-79.20,319.38
123.30,-79.32,321.09
121.76,-79.48,322.78
120.16,-79.65,324.51
118.36,-79.78,326.42
116.33,-79.82,328.55
114.19,-79.78,330.83
112.06,-79.65,333.11
110.09,-79.44,335.26
108.43,-79.17,337.08
107.11,-78.84,338.54
106.10,-78.46,339.67
105.41,-78.05,340.47
104.86,-77.59,341.14
104.29,-77.11,341.78
103.70,-76.63,342.38
103.39,-76.15,342.66
103.25,-75.83,342.70
103.80,-76.01,342.06
104.28,-76.27,341.46
104.63,-76.48,341.14
105.00,-76.70,340.87
105.38,-76.96,340.51
105.71,-77.24,340.15
105.94,-77.49,339.87
106.09,-77.73,339.63
106.21,-77.96,339.42
106.21,-78.17,339.37
106.08,-78.34,339.47
105.83,-78.46,339.68
105.46,-78.54,339.99
104.98,-78.54,340.44
104.43,-78.47,340.95
103.87,-78.33,341.48
103.36,-78.12,341.97
102.95,-77.86,342.38
102.64,-77.57,342.71
102.43,-77.26,342.95
102.32,-76.93,343.11
102.32,-76.63,343.18
102.43,-76.36,343.16
102.58,-76.15,343.11
102.76,-76.00,343.05
102.97,-75.90,342.96
103.20,-75.83,342.85
103.45,-75.78,342.70
103.60,-75.73,342.63
103.56,-75.72,342.71
103.25,-75.76,343.01
102.64,-75.82,343.54
101.81,-75.87,344.26
101.01,-75.89,344.98
100.44,-75.88,345.51
100.22,-75.88,345.73
100.39,-75.89,345.62
100.86,-75.91,345.24
101.48,-75.95,344.74
102.06,-76.04,344.28
102.51,-76.16,343.92
102.76,-76.32,343.74
102.81,-76.48,343.73
102.68,-76.65,343.86
102.46,-76.83,344.06
102.18,-77.02,344.30
101.89,-77.22,344.54
101.59,-77.42,344.78
101.33,-77.62,344.99
101.12,-77.77,345.15
101.01,-77.89,345.23
101.00,-77.96,345.24
101.08,-77.98,345.16
101.21,-77.97,345.04
101.35,-77.92,344.91
101.49,-77.85,344.79
101.57,-77.75,344.73
101.58,-77.63,344.72
101.51,-77.50,344.78
101.38,-77.36,344.90
101.23,-77.20,345.03
101.06,-77.04,345.19
100.93,-76.87,345.32
100.86,-76.72,345.41
100.95,-76.58,345.38
101.11,-76.47,345.28
101.25,-76.38,345.19
101.32,-76.31,345.16
101.38,-76.25,345.13
101.46,-76.19,345.09
101.49,-76.15,345.08
101.45,-76.12,345.13
101.34,-76.09,345.23
101.19,-76.04,345.37
101.01,-75.97,345.53
100.78,-75.87,345.74
100.51,-75.73,345.98
100.25,-75.57,346.22
100.03,-75.40,346.41
99.85,-75.22,346.59
99.65,-75.04,346.77
99.45,-74.85,346.96
99.29,-74.66,347.12
99.22,-74.48,347.21
99.23,-74.33,347.23
99.32,-74.19,347.18
99.42,-74.09,347.13
99.53,-74.00,347.06
99.65,-73.92,346.99
99.78,-73.84,346.90
99.98,-73.75,346.78
100.20,-73.64,346.63
100.45,-73.54,346.45
100.72,-73.45,346.26
100.97,-73.36,346.07
101.12,-73.25,345.98
101.12,-73.13,346.03
100.96,-72.98,346.22
100.70,-72.82,346.50
100.42,-72.64,346.82
100.15,-72.46,347.15
99.86,-72.25,347.49
99.59,-72.01,347.85
99.32,-71.73,348.22
99.09,-71.40,348.56
98.93,-71.05,348.85
98.84,-70.68,349.06
98.77,-70.33,349.24
98.66,-69.98,349.44
98.51,-69.62,349.68
98.33,-69.21,349.93
98.19,-68.72,350.17
98.13,-68.12,350.36
98.13,-67.36,350.51
98.19,-66.46,350.61
98.26,-65.41,350.72
98.28,-64.22,350.87
98.21,-62.88,351.08
97.98,-61.40,351.38
97.56,-59.80,351.78
96.96,-58.13,352.25
96.24,-56.50,352.77
95.46,-55.03,353.30
94.65,-53.84,353.80
93.89,-52.94,354.20
93.21,-52.30,354.47
92.59,-51.88,354.61
92.05,-51.60,354.60
91.62,-51.30,354.45
91.32,-50.91,354.16
91.13,-50.38,353.83
90.88,-49.92,353.63
90.63,-49.59,353.51
90.43,-49.30,353.44
90.25,-48.98,353.36
90.10,-48.58,353.22
89.99,-48.12,353.01
89.89,-47.61,352.73
89.82,-47.07,352.41
89.84,-46.52,352.07
90.00,-45.95,351.72
90.32,-45.37,351.40
90.72,-44.79,351.13
91.16,-44.22,350.92
91.57,-43.68,350.74
91.96,-43.20,350.59
92.31,-42.78,350.44
92.60,-42.39,350.30
92.83,-42.02,350.18
93.01,-41.67,350.08
93.20,-41.37,350.01
93.39,-41.12,349.96
93.57,-40.93,349.95
93.74,-40.79,349.97
93.85,-40.72,350.04
93.91,-40.68,350.15
93.94,-40.67,350.30
93.95,-40.70,350.46
93.97,-40.78,350.62
94.03,-40.94,350.76
94.08,-41.18,350.88
94.12,-41.52,350.99
94.13,-41.98,351.08
94.11,-42.55,351.15
94.14,-43.21,351.20
94.15,-43.95,351.24
94.16,-44.77,351.28
94.17,-45.67,351.33
94.17,-46.65,351.38
94.14,-47.70,351.46
94.09,-48.84,351.55
93.96,-50.04,351.70
93.77,-51.23,351.92
93.54,-52.38,352.21
93.29,-53.49,352.55
93.05,-54.57,352.92
92.85,-55.66,353.24
92.68,-56.76,353.51
92.47,-57.84,353.75
92.28,-58.93,353.95
92.11,-60.00,354.13
91.98,-61.08,354.29
91.91,-62.17,354.38
91.99,-63.29,354.34
92.16,-64.39,354.23
92.46,-65.46,353.95
92.72,-66.53,353.56
92.90,-67.59,353.16
92.98,-68.61,352.83
92.97,-69.53,352.60
92.82,-70.35,352.52
92.54,-71.10,352.63
92.19,-71.78,352.87
91.82,-72.46,353.20
91.43,-73.16,353.58
91.01,-73.85,353.98
90.57,-74.54,354.37
90.17,-75.21,354.72
89.83,-75.86,355.00
89.58,-76.47,355.20
89.42,-77.05,355.34
89.23,-77.57,355.52
88.95,-78.00,355.83
88.43,-78.30,356.42
87.66,-78.47,357.28
86.66,-78.53,358.36
85.41,-78.48,359.68
83.95,-78.39,1.20
82.38,-78.30,2.87
80.66,-78.22,4.72
78.74,-78.12,6.76
76.71,-77.96,8.91
74.63,-77.67,11.09
72.61,-77.18,13.16
70.78,-76.51,14.98
69.18,-75.70,16.48
67.88,-74.84,17.67
67.45,-74.12,18.17
67.66,-73.80,18.11
68.12,-73.72,17.74
68.42,-73.68,17.43
68.45,-73.74,17.52
68.11,-73.85,17.96
67.57,-73.91,18.52
67.05,-73.93,19.10
66.46,-73.93,19.81
65.80,-73.94,20.57
65.20,-74.00,21.20
64.94,-74.02,21.50
65.10,-73.99,21.42
65.60,-73.92,21.01
66.39,-73.79,20.35
67.31,-73.63,19.59
68.30,-73.46,18.77
69.25,-73.31,18.00
70.04,-73.18,17.38
70.66,-73.11,16.93
71.11,-73.07,16.64
71.42,-73.09,16.48
71.57,-73.17,16.46
71.57,-73.31,16.58
71.47,-73.50,16.79
71.31,-73.69,17.04
71.13,-73.89,17.29
70.95,-74.08,17.53
70.76,-74.28,17.77
70.57,-74.48,18.01
70.36,-74.68,18.27
70.12,-74.89,18.55
69.91,-75.11,18.82
69.77,-75.37,19.04
69.67,-75.67,19.22
69.57,-76.00,19.43
69.35,-76.38,19.74
68.98,-76.77,20.18
68.50,-77.14,20.72
67.92,-77.49,21.33
67.27,-77.79,21.98
66.61,-78.03,22.61
65.94,-78.24,23.22
65.24,-78.39,23.83
64.56,-78.49,24.39
63.94,-78.53,24.88
63.45,-78.51,25.22
63.14,-78.44,25.39
62.98,-78.34,25.42
62.97,-78.22,25.31
63.10,-78.07,25.08
63.39,-77.92,24.73
63.77,-77.76,24.30
64.23,-77.61,23.82
64.77,-77.44,23.28
65.29,-77.28,22.78
66.00,-77.11,22.12
66.78,-76.93,21.40
67.39,-76.76,20.84
67.85,-76.59,20.39
68.27,-76.39,19.98
68.69,-76.19,19.57
69.12,-75.98,19.15
69.56,-75.76,18.73
70.03,-75.53,18.31
70.50,-75.29,17.89
70.95,-75.06,17.49
71.38,-74.85,17.12
71.77,-74.64,16.77
72.18,-74.45,16.43
72.60,-74.27,16.08
73.01,-74.12,15.74
73.37,-73.99,15.46
73.65,-73.89,15.24
73.89,-73.80,15.07
74.08,-73.75,14.93
74.22,-73.70,14.83
74.31,-73.67,14.78
74.41,-73.63,14.72
74.43,-73.60,14.73
74.36,-73.55,14.80
74.25,-73.50,14.88
74.15,-73.43,14.97
74.07,-73.34,15.02
74.07,-73.24,15.01
74.15,-73.11,14.92
74.29,-72.96,14.77
74.43,-72.78,14.61
74.53,-72.56,14.49
74.60,-72.33,14.38
74.68,-72.09,14.28
74.78,-71.84,14.16
74.94,-71.59,13.99
75.17,-71.35,13.79
75.44,-71.13,13.56
75.68,-70.93,13.34
75.87,-70.73,13.18
75.97,-70.55,13.09
75.99,-70.39,13.08
75.96,-70.25,13.11
75.91,-70.13,13.17
75.89,-70.03,13.21
75.91,-69.94,13.22
75.99,-69.87,13.19
76.12,-69.80,13.12
76.28,-69.73,13.02
76.45,-69.66,12.92
76.63,-69.58,12.81
76.81,-69.49,12.71
76.96,-69.39,12.62
77.11,-69.29,12.53
77.27,-69.19,12.45
77.44,-69.09,12.35
77.63,-69.00,12.24
77.81,-68.90,12.14
78.00,-68.79,12.04
78.21,-68.67,11.92
78.48,-68.51,11.76
78.82,-68.30,11.52
79.19,-68.05,11.26
79.56,-67.75,10.98
79.90,-67.40,10.72
80.22,-66.99,10.48
80.55,-66.51,10.23
80.89,-65.96,9.95
81.25,-65.30,9.66
81.61,-64.53,9.34
81.97,-63.64,9.01
82.29,-62.63,8.69
82.54,-61.50,8.39
82.69,-60.27,8.14
82.73,-58.94,7.96
82.63,-57.54,7.86
82.40,-56.13,7.81
82.10,-54.78,7.79
81.67,-53.57,7.76
81.20,-52.58,7.58
80.85,-51.86,7.13
80.59,-51.41,6.50
80.50,-51.17,5.70
80.74,-51.07,4.65
81.35,-51.02,3.31
82.25,-50.95,1.78
83.26,-50.96,0.21
84.28,-51.01,358.73
85.25,-50.94,357.46
86.10,-50.63,356.49
86.71,-50.04,355.87
87.01,-49.22,355.60
87.08,-48.23,355.59
87.04,-47.15,355.73
86.95,-46.05,355.94
86.79,-44.97,356.15
86.57,-43.93,356.29
86.34,-42.95,356.32
86.18,-42.03,356.22
86.11,-41.18,355.99
86.09,-40.41,355.65
86.11,-39.71,355.25
86.11,-39.10,354.83
86.08,-38.59,354.44
86.02,-38.20,354.11
85.94,-37.98,353.86
85.81,-37.94,353.71
85.62,-38.08,353.67
85.38,-38.38,353.73
85.10,-38.77,353.88
84.81,-39.19,354.11
84.53,-39.62,354.39
84.24,-40.09,354.69
83.92,-40.64,355.00
83.57,-41.26,355.32
83.19,-41.96,355.64
82.77,-42.70,355.99
82.35,-43.48,356.37
81.96,-44.28,356.78
81.63,-45.10,357.21
81.34,-45.93,357.68
80.90,-46.76,358.30
80.23,-47.61,359.06
79.46,-48.52,359.90
78.56,-49.47,0.76
77.71,-50.49,1.59
76.95,-51.58,2.37
76.34,-52.73,3.10
75.90,-53.90,3.79
75.55,-55.10,4.46
75.28,-56.31,5.10
75.07,-57.51,5.70
74.87,-58.67,6.26
74.68,-59.76,6.78
74.49,-60.74,7.29
74.30,-61.65,7.80
74.10,-62.51,8.32
73.86,-63.35,8.90
73.53,-64.19,9.54
73.03,-65.00,10.27
72.25,-65.81,11.18
71.18,-66.61,12.30
69.90,-67.33,13.61
68.51,-67.91,15.10
67.01,-68.35,16.78
65.41,-68.68,18.65
63.75,-68.93,20.65
62.09,-69.10,22.64
60.58,-69.16,24.45
59.29,-69.10,25.96
58.26,-68.97,27.14
57.38,-68.84,28.11
56.53,-68.78,29.00
55.72,-68.79,29.87
55.04,-68.78,30.68
54.54,-68.72,31.37
54.20,-68.59,31.97
53.98,-68.43,32.50
54.02,-68.33,32.89
54.17,-68.35,33.25
54.26,-68.35,33.60
54.47,-68.28,33.82
54.51,-68.19,34.01
54.24,-68.26,34.42
54.16,-68.33,34.75
54.39,-68.20,34.90
54.68,-68.02,34.98
54.82,-67.85,35.05
54.92,-67.68,35.07
55.05,-67.52,35.06
55.28,-67.37,34.95
55.61,-67.24,34.69
55.96,-67.14,34.40
56.33,-67.08,34.11
56.65,-67.05,33.85
56.93,-67.06,33.63
57.17,-67.09,33.46
57.36,-67.14,33.30
57.51,-67.19,33.15
57.65,-67.24,32.97
57.80,-67.28,32.81
57.95,-67.30,32.67
58.07,-67.31,32.55
58.16,-67.28,32.47
58.19,-67.23,32.43
58.15,-67.15,32.44
58.02,-67.05,32.51
57.79,-66.96,32.65
57.44,-66.87,32.90
56.94,-66.82,33.27
56.32,-66.78,33.75
55.65,-66.76,34.27
55.07,-66.73,34.74
54.65,-66.70,35.07
54.40,-66.66,35.26
54.32,-66.63,35.33
54.36,-66.61,35.31
54.46,-66.62,35.26
54.58,-66.66,35.21
54.74,-66.74,35.17
54.89,-66.85,35.13
55.05,-66.97,35.11
55.22,-67.09,35.08
55.46,-67.20,34.98
55.68,-67.28,34.89
55.76,-67.35,34.88
55.72,-67.41,34.96
55.67,-67.46,35.03
55.55,-67.50,35.12
55.40,-67.49,35.22
55.30,-67.44,35.26
55.28,-67.36,35.23
55.32,-67.27,35.13
55.44,-67.15,34.97
55.59,-67.03,34.80
55.74,-66.92,34.63
55.88,-66.82,34.47
56.02,-66.73,34.31
56.16,-66.64,34.16
56.31,-66.54,33.98
56.50,-66.41,33.77
56.76,-66.24,33.49
57.10,-66.06,33.13
57.49,-65.84,32.72
57.91,-65.59,32.27
58.33,-65.31,31.80
58.78,-64.99,31.32
59.28,-64.63,30.78
59.80,-64.26,30.22
60.31,-63.88,29.68
60.78,-63.52,29.18
61.20,-63.21,28.73
61.56,-62.93,28.36
61.85,-62.70,28.06
62.08,-62.51,27.82
62.28,-62.38,27.64
62.44,-62.28,27.50
62.59,-62.22,27.39
62.74,-62.19,27.28
62.88,-62.18,27.19
63.00,-62.17,27.11
63.12,-62.16,27.05
63.19,-62.15,27.00
63.22,-62.13,27.00
63.23,-62.10,27.01
63.23,-62.06,27.02
63.26,-62.02,27.02
63.31,-61.99,27.00
63.37,-61.94,26.96
63.45,-61.86,26.91
63.57,-61.77,26.82
63.74,-61.65,26.68
63.94,-61.51,26.52
64.19,-61.36,26.32
64.48,-61.21,26.09
64.80,-61.04,25.82
65.16,-60.84,25.54
65.51,-60.59,25.24
65.87,-60.30,24.93
66.25,-59.99,24.60
66.60,-59.68,24.30
66.88,-59.39,24.05
67.11,-59.15,23.86
67.28,-58.95,23.73
67.40,-58.78,23.64
67.48,-58.64,23.59
67.53,-58.50,23.56
67.59,-58.38,23.54
67.68,-58.27,23.50
67.79,-58.20,23.45
67.89,-58.15,23.40
67.99,-58.14,23.39
68.04,-58.16,23.41
68.05,-58.20,23.48
68.05,-58.23,23.55
68.09,-58.23,23.59
68.16,-58.19,23.59
68.29,-58.11,23.54
68.46,-57.98,23.45
68.68,-57.80,23.31
68.97,-57.57,23.10
69.32,-57.29,22.83
69.73,-56.96,22.51
70.18,-56.54,22.12
70.70,-56.03,21.67
71.28,-55.43,21.16
71.89,-54.70,20.60
72.50,-53.87,20.01
73.07,-52.93,19.42
73.56,-51.88,18.85
73.92,-50.70,18.32
74.13,-49.41,17.88
74.17,-48.02,17.53
74.05,-46.55,17.29
73.85,-45.09,17.11
73.58,-43.68,17.00
73.26,-42.41,16.96
72.94,-41.35,16.97
72.67,-40.54,16.95
72.47,-40.03,16.86
72.24,-39.81,16.72
72.01,-39.84,16.47
71.94,-40.08,15.94
72.06,-40.51,15.02
72.36,-41.05,13.73
72.76,-41.73,12.30
73.17,-42.47,10.84
73.62,-43.13,9.39
74.09,-43.57,8.00
74.62,-43.72,6.69
75.22,-43.55,5.49
75.87,-43.09,4.45
76.50,-42.46,3.60
77.06,-41.76,2.99
77.50,-41.10,2.62
77.84,-40.56,2.47
78.07,-40.12,2.50
78.21,-39.77,2.69
78.29,-39.43,2.98
78.32,-39.07,3.33
78.34,-38.66,3.71
78.37,-38.22,4.08
78.42,-37.79,4.44
78.48,-37.41,4.76
78.57,-37.11,5.03
78.70,-36.89,5.24
78.87,-36.76,5.38
79.08,-36.73,5.45
79.30,-36.80,5.46
79.53,-36.96,5.44
79.73,-37.20,5.41
79.93,-37.49,5.41
80.14,-37.83,5.45
80.35,-38.21,5.55
80.57,-38.61,5.71
80.82,-39.03,5.88
81.00,-39.46,6.09
80.91,-39.90,6.43
80.51,-40.37,6.89
79.92,-40.89,7.47
79.21,-41.45,8.11
78.56,-42.05,8.72
78.07,-42.64,9.29
77.69,-43.22,9.82
77.48,-43.81,10.29
77.33,-44.43,10.74
77.19,-45.10,11.19
77.02,-45.81,11.68
76.83,-46.56,12.21
76.59,-47.31,12.78
76.33,-48.07,13.37
76.03,-48.84,13.97
75.68,-49.65,14.58
75.27,-50.52,15.20
74.81,-51.44,15.85
74.30,-52.40,16.52
73.75,-53.36,17.24
73.16,-54.30,18.00
72.50,-55.20,18.83
71.76,-56.05,19.73
70.95,-56.83,20.72
70.09,-57.56,21.78
69.17,-58.27,22.90
68.19,-58.97,24.07
67.12,-59.69,25.29
65.97,-60.45,26.54
64.76,-61.23,27.82
63.56,-62.00,29.09
62.42,-62.73,30.34
61.33,-63.41,31.55
60.26,-63.98,32.72
59.25,-64.43,33.84
58.29,-64.75,34.91
57.37,-64.98,35.95
56.53,-65.13,36.92
55.80,-65.16,37.80
55.20,-65.09,38.55
54.79,-64.93,39.17
54.63,-64.71,39.61
54.71,-64.44,39.83
55.03,-64.13,39.78
55.48,-63.85,39.57
55.86,-63.62,39.32
56.16,-63.46,39.07
56.47,-63.26,38.77
56.98,-63.04,38.39
57.93,-62.98,37.96
59.08,-62.97,37.52
60.14,-62.98,37.07
60.37,-63.19,37.09
60.53,-63.42,37.12
60.72,-63.56,37.12
60.83,-63.73,37.08
60.97,-63.88,36.99
61.16,-64.01,36.91
61.38,-64.11,36.81
61.67,-64.19,36.61
62.02,-64.24,36.33
62.45,-64.26,35.97
62.94,-64.25,35.52
63.44,-64.22,35.05
63.98,-64.19,34.57
64.44,-64.16,34.18
64.76,-64.16,33.92
64.91,-64.17,33.83
64.89,-64.20,33.88
64.77,-64.21,34.01
64.59,-64.19,34.18
64.42,-64.14,34.34
64.31,-64.06,34.43
64.27,-63.96,34.47
64.24,-63.84,34.47
64.18,-63.70,34.49
64.03,-63.57,34.58
63.80,-63.44,34.73
63.51,-63.32,34.92
63.18,-63.22,35.13
62.86,-63.10,35.33
62.61,-62.97,35.46
62.48,-62.81,35.49
62.45,-62.60,35.42
62.52,-62.36,35.26
62.67,-62.08,35.04
62.88,-61.78,34.76
63.17,-61.44,34.43
63.54,-61.07,34.02
64.01,-60.68,33.55
64.53,-60.27,33.04
65.07,-59.86,32.52
65.60,-59.44,32.03
66.09,-59.05,31.58
66.54,-58.68,31.19
66.95,-58.38,30.84
67.33,-58.13,30.53
67.67,-57.94,30.27
68.00,-57.76,30.03
68.30,-57.60,29.80
68.60,-57.44,29.60
68.89,-57.28,29.39
69.17,-57.11,29.18
69.46,-56.95,28.98
69.74,-56.80,28.78
69.98,-56.67,28.61
70.17,-56.60,28.49
70.29,-56.59,28.44
70.36,-56.62,28.44
70.41,-56.67,28.46
70.45,-56.72,28.49
70.49,-56.73,28.51
70.56,-56.73,28.51
70.63,-56.71,28.50
70.72,-56.67,28.47
70.83,-56.62,28.44
70.94,-56.57,28.40
71.00,-56.50,28.39
71.03,-56.41,28.40
71.03,-56.30,28.42
71.05,-56.15,28.44
71.12,-55.98,28.41
71.25,-55.80,28.33
71.41,-55.61,28.23
71.57,-55.42,28.12
71.71,-55.24,28.03
71.84,-55.07,27.95
71.98,-54.90,27.88
72.14,-54.76,27.80
72.33,-54.63,27.69
72.53,-54.54,27.59
72.70,-54.47,27.51
72.83,-54.41,27.46
72.92,-54.37,27.44
73.01,-54.33,27.43
73.14,-54.29,27.39
73.28,-54.25,27.33
73.43,-54.22,27.28
73.54,-54.20,27.25
73.62,-54.18,27.25
73.68,-54.16,27.26
73.73,-54.12,27.27
73.81,-54.08,27.27
73.91,-54.02,27.25
74.04,-53.96,27.21
74.18,-53.91,27.17
74.32,-53.86,27.12
74.46,-53.81,27.09
74.57,-53.74,27.06
74.68,-53.66,27.03
74.79,-53.55,27.01
74.89,-53.43,26.98
74.97,-53.28,26.96
75.03,-53.15,26.97
75.05,-53.03,26.99
75.04,-52.91,27.04
75.02,-52.82,27.09
74.99,-52.72,27.15
74.96,-52.63,27.22
74.90,-52.52,27.30
74.82,-52.40,27.39
74.74,-52.27,27.48
74.66,-52.14,27.56
74.60,-51.99,27.63
74.60,-51.80,27.67
74.70,-51.54,27.63
74.91,-51.19,27.49
75.25,-50.73,27.26
75.69,-50.16,26.93
76.19,-49.48,26.55
76.69,-48.69,26.16
77.16,-47.78,25.77
77.62,-46.75,25.38
78.03,-45.62,24.99
78.38,-44.38,24.61
78.60,-43.06,24.29
78.68,-41.66,24.05
78.63,-40.19,23.89
78.45,-38.72,23.80
78.20,-37.32,23.80
77.95,-36.08,23.88
77.71,-35.05,24.04
77.55,-34.26,24.20
77.49,-33.67,24.35
77.53,-33.26,24.50
77.69,-33.01,24.64
77.95,-32.84,24.72
78.27,-32.74,24.66
78.64,-32.68,24.37
78.97,-32.64,23.95
79.24,-32.72,23.42
79.44,-32.83,22.82
79.60,-32.88,22.16
79.70,-32.82,21.47
79.73,-32.63,20.77
79.70,-32.35,20.07
79.65,-32.01,19.39
79.60,-31.64,18.76
79.57,-31.20,18.18
79.60,-30.69,17.68
79.71,-30.12,17.26
79.88,-29.53,16.93
80.07,-28.94,16.68
80.24,-28.35,16.51
80.36,-27.74,16.40
80.43,-27.10,16.35
80.49,-26.41,16.36
80.56,-25.71,16.41
80.64,-25.01,16.52
80.72,-24.38,16.68
80.82,-23.85,16.89
80.92,-23.43,17.15
81.00,-23.13,17.45
81.05,-22.92,17.80
81.08,-22.80,18.19
81.09,-22.75,18.61
81.07,-22.79,19.07
81.02,-22.91,19.57
81.00,-23.11,20.08
81.02,-23.40,20.59
81.07,-23.78,21.09
81.10,-24.24,21.58
81.13,-24.78,22.04
81.27,-25.39,22.42
81.49,-26.07,22.68
81.73,-26.82,22.87
81.74,-27.64,23.13
81.36,-28.54,23.46
81.00,-29.56,23.75
80.68,-30.68,23.99
80.46,-31.87,24.17
80.33,-33.10,24.29
80.25,-34.35,24.36
80.23,-35.63,24.38
80.26,-36.92,24.40
80.26,-38.25,24.44
80.23,-39.58,24.53
80.12,-40.90,24.67
79.90,-42.21,24.88
79.56,-43.50,25.17
79.14,-44.77,25.51
78.68,-46.01,25.91
78.22,-47.22,26.34
77.78,-48.40,26.78
77.38,-49.53,27.20
77.01,-50.62,27.58
76.66,-51.66,27.91
76.33,-52.64,28.20
76.03,-53.51,28.45
75.76,-54.26,28.67
75.55,-54.85,28.84
75.39,-55.28,28.99
75.30,-55.59,29.12
75.23,-55.80,29.27
75.17,-55.96,29.46
75.09,-56.08,29.69
74.97,-56.16,29.95
74.82,-56.18,30.22
74.63,-56.14,30.51
74.41,-56.01,30.80
74.15,-55.73,31.09
73.88,-55.31,31.36
73.58,-54.73,31.61
73.58,-54.08,31.59
74.19,-53.77,31.44
74.46,-53.94,31.62
74.18,-54.38,32.03
73.90,-54.86,32.47
73.67,-55.27,32.99
73.42,-55.62,33.56
73.15,-55.97,34.05
72.87,-56.31,34.37
72.65,-56.58,34.57
72.54,-56.75,34.69
72.53,-56.83,34.73
72.63,-56.81,34.68
72.78,-56.69,34.58
72.98,-56.46,34.43
73.19,-56.17,34.27
73.38,-55.82,34.11
73.52,-55.45,33.98
73.60,-55.11,33.90
73.59,-54.83,33.88
73.47,-54.64,33.94
73.27,-54.54,34.08
73.03,-54.51,34.27
72.83,-54.55,34.46
72.70,-54.60,34.60
72.67,-54.63,34.66
72.74,-54.61,34.63
72.88,-54.55,34.54
73.01,-54.46,34.46
73.12,-54.33,34.37
73.21,-54.16,34.30
73.27,-53.99,34.25
73.30,-53.83,34.23
73.30,-53.69,34.24
73.28,-53.57,34.27
73.26,-53.45,34.30
73.24,-53.33,34.34
73.21,-53.20,34.39
73.18,-53.05,34.43
73.13,-52.88,34.45
73.09,-52.71,34.47
73.05,-52.56,34.49
72.99,-52.43,34.52
72.94,-52.32,34.54
72.89,-52.19,34.55
72.86,-52.05,34.55
72.85,-51.89,34.53
72.84,-51.72,34.51
72.82,-51.53,34.49
72.78,-51.34,34.50
72.73,-51.17,34.53
72.66,-51.02,34.57
72.62,-50.90,34.60
72.60,-50.81,34.62
72.60,-50.75,34.63
72.60,-50.70,34.64
72.62,-50.66,34.66
72.67,-50.62,34.65
72.75,-50.57,34.62
72.87,-50.50,34.56
73.02,-50.41,34.48
73.19,-50.30,34.38
73.40,-50.17,34.27
73.64,-50.00,34.13
73.90,-49.79,33.96
74.15,-49.54,33.80
74.38,-49.25,33.64
74.60,-48.91,33.48
74.83,-48.55,33.31
75.05,-48.17,33.13
75.27,-47.77,32.96
75.47,-47.37,32.81
75.65,-46.98,32.66
75.81,-46.61,32.53
75.94,-46.25,32.43
76.06,-45.90,32.33
76.19,-45.57,32.23
76.34,-45.24,32.13
76.52,-44.94,32.01
76.71,-44.68,31.90
76.90,-44.46,31.80
77.09,-44.28,31.71
77.26,-44.14,31.64
77.40,-44.04,31.60
77.52,-43.97,31.57
77.63,-43.93,31.56
77.70,-43.95,31.58
77.73,-44.01,31.64
77.73,-44.12,31.73
77.71,-44.26,31.84
77.71,-44.43,31.94
77.72,-44.61,32.03
77.76,-44.80,32.10
77.79,-45.00,32.16
77.84,-45.18,32.22
77.88,-45.35,32.27
77.93,-45.49,32.32
78.00,-45.60,32.36
78.09,-45.69,32.38
78.23,-45.76,32.37
78.40,-45.78,32.33
78.59,-45.77,32.28
78.80,-45.70,32.22
78.98,-45.61,32.16
79.14,-45.48,32.11
79.28,-45.30,32.07
79.43,-45.09,32.03
79.59,-44.81,31.97
79.77,-44.48,31.90
79.98,-44.07,31.80
80.22,-43.60,31.67
80.52,-43.05,31.49
80.87,-42.44,31.27
81.23,-41.75,31.03
81.62,-40.99,30.78
81.99,-40.16,30.52
82.35,-39.23,30.25
82.69,-38.21,29.99
82.99,-37.10,29.73
83.23,-35.90,29.49
83.42,-34.61,29.26
83.53,-33.24,29.06
83.52,-31.82,28.92
83.39,-30.38,28.87
83.15,-28.96,28.88
82.83,-27.60,28.97
82.39,-26.35,29.11
81.89,-25.26,29.28
81.36,-24.35,29.44
80.75,-23.65,29.58
80.02,-23.18,29.68
79.23,-22.93,29.72
78.50,-22.90,29.73
77.94,-23.06,29.74
77.58,-23.39,29.75
77.42,-23.73,29.76
77.36,-24.04,29.77
77.43,-24.40,29.81
77.61,-24.72,29.83
77.89,-24.94,29.80
78.26,-24.98,29.70
78.70,-24.80,29.50
79.20,-24.40,29.19
79.70,-23.82,28.78
80.15,-23.16,28.28
80.51,-22.50,27.71
80.74,-21.90,27.08
80.81,-21.39,26.40
80.73,-21.02,25.69
80.55,-20.82,24.96
80.34,-20.78,24.23
80.17,-20.85,23.53
80.07,-20.97,22.89
80.06,-21.12,22.32
80.15,-21.30,21.85
80.30,-21.52,21.47
80.47,-21.79,21.18
80.62,-22.08,20.97
80.72,-22.39,20.81
80.74,-22.74,20.69
80.70,-23.18,20.60
80.64,-23.68,20.54
80.59,-24.21,20.51
80.58,-24.67,20.51
80.58,-25.03,20.56
80.58,-25.29,20.65
80.56,-25.46,20.80
80.54,-25.59,21.02
80.52,-25.73,21.32
80.48,-25.92,21.72
80.50,-26.17,22.14
80.45,-26.47,22.65
80.23,-26.79,23.27
79.83,-27.15,23.96
79.38,-27.55,24.66
78.89,-27.97,25.34
78.46,-28.42,25.97
78.16,-28.91,26.52
77.99,-29.45,27.01
77.91,-30.03,27.45
77.88,-30.67,27.84
77.89,-31.37,28.19
77.93,-32.10,28.52
77.98,-32.84,28.83
78.02,-33.56,29.13
78.04,-34.27,29.45
78.02,-34.98,29.80
77.94,-35.70,30.16
77.83,-36.44,30.55
77.69,-37.18,30.97
77.50,-37.90,31.44
77.28,-38.54,31.96
77.02,-39.08,32.51
76.75,-39.55,33.11
76.48,-39.99,33.71
76.21,-40.46,34.31
75.94,-40.98,34.89
75.64,-41.56,35.45
75.32,-42.19,36.00
74.97,-42.82,36.55
74.61,-43.44,37.08
74.30,-44.05,37.58
74.05,-44.63,38.03
73.87,-45.19,38.42
73.74,-45.72,38.76
73.65,-46.20,39.07
73.59,-46.60,39.36
73.56,-46.92,39.66
73.55,-47.15,39.98
73.54,-47.31,40.34
73.53,-47.43,40.73
73.45,-47.51,41.13
73.34,-47.54,41.53
73.22,-47.50,41.91
73.11,-47.38,42.24
73.05,-47.18,42.52
73.22,-46.88,42.68
73.88,-46.74,42.64
74.41,-46.77,42.65
74.59,-46.95,42.75
74.62,-47.22,42.87
74.51,-47.43,43.06
74.44,-47.49,43.25
74.33,-47.47,43.49
74.23,-47.44,43.76
74.20,-47.37,43.96
74.18,-47.23,44.04
74.22,-47.04,44.03
74.40,-46.78,43.96
74.67,-46.48,43.81
74.99,-46.16,43.61
75.37,-45.82,43.38
75.75,-45.49,43.14
76.11,-45.19,42.90
76.41,-44.93,42.71
76.60,-44.74,42.57
76.64,-44.62,42.53
76.49,-44.58,42.61
76.14,-44.62,42.85
75.64,-44.71,43.22
75.09,-44.85,43.65
74.58,-45.04,44.05
74.22,-45.26,44.33
74.01,-45.49,44.51
73.95,-45.71,44.58
74.00,-45.90,44.57
74.10,-46.06,44.53
74.15,-46.17,44.51
74.13,-46.25,44.53
74.09,-46.28,44.59
74.06,-46.29,44.66
74.06,-46.29,44.71
74.12,-46.30,44.73
74.20,-46.34,44.74
74.28,-46.40,44.77
74.33,-46.50,44.83
74.39,-46.62,44.90
74.47,-46.74,44.97
74.60,-46.85,45.01
74.76,-46.95,45.03
74.94,-47.05,45.04
75.12,-47.14,45.04
75.28,-47.22,45.06
75.45,-47.27,45.08
75.61,-47.31,45.10
75.83,-47.33,45.09
76.08,-47.31,45.04
76.31,-47.27,45.00
76.48,-47.21,44.99
76.61,-47.15,45.00
76.71,-47.09,45.03
76.80,-47.05,45.07
76.86,-47.02,45.13
76.90,-46.99,45.20
76.93,-46.97,45.27
76.96,-46.95,45.34
76.99,-46.93,45.41
77.02,-46.91,45.47
77.03,-46.88,45.53
77.02,-46.86,45.60
77.00,-46.84,45.67
77.00,-46.79,45.73
77.02,-46.71,45.76
77.08,-46.60,45.75
77.18,-46.44,45.71
77.30,-46.25,45.64
77.44,-46.02,45.54
77.61,-45.77,45.42
77.79,-45.48,45.29
77.95,-45.18,45.17
78.05,-44.90,45.10
78.07,-44.63,45.08
78.05,-44.38,45.09
78.04,-44.13,45.11
78.07,-43.90,45.10
78.15,-43.67,45.06
78.26,-43.43,44.99
78.40,-43.19,44.90
78.55,-42.94,44.80
78.70,-42.70,44.71
78.84,-42.45,44.63
78.97,-42.20,44.56
79.10,-41.95,44.50
79.23,-41.71,44.45
79.36,-41.48,44.40
79.48,-41.26,44.36
79.60,-41.04,44.32
79.71,-40.82,44.29
79.80,-40.61,44.26
79.90,-40.40,44.24
80.01,-40.19,44.21
80.12,-39.99,44.18
80.22,-39.81,44.16
80.32,-39.63,44.15
80.42,-39.47,44.14
80.52,-39.32,44.14
80.63,-39.18,44.13
80.75,-39.04,44.12
80.87,-38.90,44.11
80.98,-38.78,44.11
81.06,-38.68,44.12
81.12,-38.60,44.15
81.17,-38.54,44.19
81.23,-38.48,44.23
81.31,-38.41,44.26
81.42,-38.33,44.27
81.52,-38.23,44.27
81.62,-38.13,44.27
81.71,-38.03,44.28
81.80,-37.92,44.30
81.89,-37.82,44.31
81.98,-37.71,44.32
82.06,-37.57,44.33
82.14,-37.41,44.34
82.22,-37.23,44.35
82.31,-37.03,44.36
82.39,-36.82,44.37
82.47,-36.59,44.38
82.55,-36.33,44.38
82.64,-36.03,44.37
82.74,-35.69,44.36
82.87,-35.31,44.34
83.01,-34.89,44.30
83.17,-34.43,44.25
83.34,-33.92,44.19
83.53,-33.35,44.11
83.75,-32.71,44.01
84.00,-32.00,43.89
84.27,-31.20,43.74
84.55,-30.32,43.59
84.82,-29.35,43.42
85.07,-28.29,43.26
85.26,-27.15,43.10
85.39,-25.93,42.97
85.44,-24.63,42.86
85.40,-23.26,42.78
85.26,-21.82,42.73
85.01,-20.35,42.72
84.65,-18.87,42.77
84.21,-17.42,42.85
83.65,-16.04,42.97
82.93,-14.78,43.07
82.16,-13.65,43.10
81.39,-12.68,43.06
80.61,-11.90,42.95
79.85,-11.29,42.78
79.15,-10.88,42.57
78.58,-10.62,42.27
78.21,-10.45,41.91
78.00,-10.34,41.47
77.91,-10.19,41.00
77.89,-10.06,40.58
77.86,-9.95,40.25
77.84,-9.78,39.99
77.89,-9.52,39.78
78.00,-9.14,39.60
78.13,-8.64,39.42
78.24,-8.05,39.22
78.28,-7.43,39.00
78.23,-6.85,38.75
78.12,-6.35,38.46
78.00,-5.97,38.14
77.88,-5.70,37.78
77.74,-5.53,37.40
77.58,-5.45,37.03
77.40,-5.44,36.67
77.23,-5.47,36.33
77.10,-5.51,36.01
77.05,-5.53,35.72
77.09,-5.52,35.47
77.21,-5.48,35.25
77.39,-5.42,35.07
77.60,-5.36,34.95
77.83,-5.32,34.89
78.06,-5.31,34.89
78.27,-5.37,34.95
78.46,-5.48,35.09
78.62,-5.65,35.31
78.77,-5.85,35.61
78.93,-6.07,35.99
79.12,-6.31,36.44
79.35,-6.57,36.97
79.60,-6.86,37.55
79.86,-7.18,38.17
80.08,-7.56,38.80
80.25,-7.98,39.44
80.37,-8.49,40.05
80.44,-9.07,40.63
80.50,-9.73,41.17
80.60,-10.43,41.69
80.80,-11.17,42.17
81.07,-11.95,42.64
81.16,-12.77,43.18
80.85,-13.59,43.80
80.44,-14.44,44.42
80.09,-15.35,44.97
79.80,-16.30,45.46
79.60,-17.31,45.88
79.50,-18.34,46.23
79.46,-19.40,46.55
79.50,-20.45,46.84
79.59,-21.50,47.13
79.71,-22.55,47.41
79.83,-23.60,47.69
79.92,-24.66,47.97
80.00,-25.71,48.25
80.05,-26.74,48.52
80.09,-27.74,48.77
80.14,-28.71,49.02
80.18,-29.63,49.26
80.22,-30.49,49.50
80.25,-31.27,49.77
80.26,-31.95,50.07
80.22,-32.52,50.41
80.13,-33.03,50.79
79.98,-33.52,51.23
79.79,-33.98,51.71
79.56,-34.41,52.24
79.30,-34.80,52.81
79.03,-35.16,53.40
78.77,-35.51,53.99
78.56,-35.83,54.55
78.45,-36.12,55.02
78.49,-36.38,55.39
78.62,-36.62,55.66
78.83,-36.83,55.84
79.09,-36.98,55.94
79.38,-37.05,55.98
79.70,-37.06,55.99
80.03,-37.06,55.96
80.37,-37.06,55.90
80.72,-37.03,55.83
81.05,-36.93,55.79
81.36,-36.77,55.79
81.63,-36.54,55.88
81.82,-36.25,56.05
81.91,-35.95,56.31
81.99,-35.68,56.57
82.08,-35.80,56.70
82.14,-36.02,56.83
82.18,-36.37,57.04
82.20,-36.79,57.31
82.15,-37.23,57.55
82.00,-37.62,57.75
81.85,-37.97,57.94
81.73,-38.26,58.13
81.65,-38.48,58.27
81.68,-38.62,58.34
81.79,-38.66,58.33
82.01,-38.62,58.26
82.29,-38.53,58.14
82.63,-38.40,57.98
83.04,-38.24,57.80
83.42,-38.10,57.58
83.78,-37.99,57.40
84.07,-37.92,57.27
84.28,-37.90,57.18
84.39,-37.89,57.17
84.41,-37.90,57.20
84.38,-37.90,57.28
84.32,-37.90,57.39
84.23,-37.89,57.51
84.14,-37.86,57.64
84.06,-37.79,57.76
84.00,-37.71,57.86
83.95,-37.61,57.95
83.92,-37.52,58.04
83.88,-37.43,58.12
83.85,-37.36,58.21
83.82,-37.31,58.30
83.82,-37.28,58.38
83.87,-37.26,58.43
83.98,-37.25,58.44
84.11,-37.26,58.43
84.26,-37.29,58.41
84.42,-37.35,58.39
84.57,-37.43,58.38
84.75,-37.54,58.36
84.90,-37.67,58.36
84.99,-37.80,58.39
85.04,-37.91,58.47
85.04,-37.99,58.58
84.98,-38.05,58.73
84.91,-38.09,58.88
84.88,-38.10,59.01
84.89,-38.08,59.11
84.93,-38.02,59.18
85.01,-37.91,59.22
85.14,-37.77,59.22
85.30,-37.58,59.20
85.44,-37.37,59.17
85.56,-37.16,59.16
85.65,-36.94,59.19
85.71,-36.73,59.23
85.78,-36.52,59.29
85.84,-36.32,59.35
85.89,-36.12,59.40
85.94,-35.91,59.44
85.97,-35.69,59.48
86.00,-35.45,59.52
86.05,-35.18,59.56
86.12,-34.90,59.59
86.20,-34.62,59.60
86.25,-34.33,59.61
86.30,-34.03,59.62
86.33,-33.74,59.64
86.34,-33.47,59.68
86.35,-33.21,59.73
86.36,-32.99,59.79
86.36,-32.81,59.84
86.38,-32.65,59.88
86.42,-32.53,59.92
86.47,-32.43,59.95
86.51,-32.36,59.98
86.54,-32.30,60.01
86.54,-32.26,60.05
86.55,-32.22,60.10
86.57,-32.20,60.15
86.60,-32.17,60.19
86.63,-32.15,60.24
86.65,-32.12,60.29
86.66,-32.11,60.35
86.68,-32.12,60.41
86.73,-32.14,60.47
86.79,-32.16,60.51
86.86,-32.16,60.54
86.93,-32.14,60.56
86.99,-32.09,60.59
87.04,-32.03,60.63
87.07,-31.96,60.68
87.10,-31.88,60.74
87.13,-31.77,60.81
87.15,-31.63,60.88
87.15,-31.45,60.97
87.14,-31.24,61.07
87.14,-31.00,61.19
87.15,-30.74,61.30
87.17,-30.46,61.41
87.21,-30.17,61.51
87.28,-29.86,61.59
87.36,-29.55,61.66
87.47,-29.22,61.71
87.61,-28.87,61.73
87.77,-28.50,61.74
87.93,-28.11,61.74
88.08,-27.69,61.75
88.24,-27.24,61.77
88.40,-26.73,61.79
88.58,-26.17,61.80
88.77,-25.55,61.81
88.95,-24.86,61.80
89.13,-24.11,61.79
89.30,-23.30,61.79
89.45,-22.41,61.81
89.55,-21.44,61.84
89.61,-20.38,61.88
89.61,-19.26,61.95
89.53,-18.08,62.04
89.38,-16.88,62.18
89.14,-15.66,62.35
88.86,-14.46,62.57
88.53,-13.28,62.85
88.15,-12.18,63.16
87.78,-11.17,63.50
87.43,-10.29,63.82
87.15,-9.56,64.10
86.94,-9.00,64.32
86.78,-8.60,64.52
86.68,-8.38,64.69
86.65,-8.34,64.79
86.68,-8.40,64.73
86.73,-8.47,64.47
86.70,-8.53,64.12
86.57,-8.67,63.77
86.37,-8.81,63.45
86.17,-8.91,63.19
86.00,-8.93,62.99
85.86,-8.87,62.82
85.70,-8.77,62.66
85.48,-8.72,62.48
85.19,-8.75,62.27
84.88,-8.88,62.03
84.61,-9.05,61.71
84.39,-9.18,61.32
84.20,-9.21,60.86
83.99,-9.08,60.33
83.71,-8.81,59.74
83.35,-8.44,59.10
82.95,-8.03,58.43
82.56,-7.62,57.74
82.23,-7.22,57.06
81.99,-6.84,56.42
81.85,-6.50,55.87
81.79,-6.19,55.41
81.78,-5.91,55.07
81.80,-5.68,54.83
81.82,-5.52,54.70
81.80,-5.48,54.68
81.74,-5.57,54.74
81.64,-5.78,54.89
81.46,-6.11,55.13
81.19,-6.58,55.48
80.86,-7.15,55.95
80.54,-7.74,56.52
80.27,-8.29,57.20
80.06,-8.79,57.97
79.86,-9.30,58.78
79.61,-9.86,59.62
79.32,-10.51,60.46
79.05,-11.21,61.26
78.84,-11.97,62.02
78.68,-12.76,62.70
78.53,-13.62,63.30
78.37,-14.57,63.83
78.21,-15.62,64.31
78.08,-16.71,64.74
78.07,-17.87,65.11
78.13,-19.06,65.46
78.25,-20.28,65.77
78.30,-21.52,66.11
78.19,-22.77,66.53
77.94,-24.02,67.03
77.62,-25.26,67.58
77.32,-26.49,68.12
77.05,-27.72,68.68
76.78,-28.96,69.22
76.52,-30.21,69.77
76.31,-31.48,70.32
76.14,-32.73,70.87
75.98,-33.92,71.41
75.81,-35.03,71.97
75.64,-36.07,72.54
75.46,-37.04,73.11
75.22,-37.96,73.69
74.91,-38.80,74.28
74.58,-39.58,74.88
74.28,-40.34,75.50
74.02,-41.08,76.13
73.79,-41.78,76.73
73.58,-42.42,77.29
73.36,-43.02,77.82
73.24,-43.55,78.26
73.17,-43.97,78.62
73.17,-44.27,78.88
73.27,-44.48,79.07
73.45,-44.62,79.20
73.70,-44.71,79.28
73.98,-44.71,79.32
74.31,-44.63,79.35
