-,-,-
0.16,1.01,-0.03,-3.30,2.01,-1.40,1.02,4.11,164,632,59,28
0.18,0.98,-0.02,-4.21,1.53,-4.82,0.99,6.58,165,630,60,28
0.16,0.98,-0.03,-7.26,1.77,-7.93,0.99,10.90,160,630,59,27
0.17,0.95,-0.03,-8.97,1.89,-10.25,0.97,13.76,168,633,65,27
0.17,0.99,-0.02,-10.62,3.48,-9.58,1.01,14.72,184,636,68,25
0.19,0.93,-0.06,-7.39,4.03,-6.41,0.95,10.58,210,636,68,26
0.19,0.95,-0.07,-7.02,4.15,-2.81,0.97,8.62,222,629,69,23
0.19,0.96,-0.06,-4.76,3.72,-0.98,0.98,6.12,204,627,74,23
0.18,0.95,-0.06,-4.39,3.17,0.06,0.97,5.42,247,622,69,25
0.18,0.98,-0.05,-6.77,3.54,0.37,1.00,7.65,225,620,74,27
0.18,0.98,-0.08,-2.32,2.44,-1.40,1.00,3.65,241,617,75,26
0.18,0.96,-0.05,-1.16,1.77,-2.62,0.98,3.37,416,614,78,29
0.19,0.94,-0.07,-3.60,1.83,-4.03,0.96,5.71,314,613,85,28
0.19,0.96,-0.09,-4.39,1.46,-4.88,0.98,6.73,365,610,89,27
0.19,0.96,-0.07,-4.33,0.98,-5.68,0.98,7.21,429,608,92,29
0.20,0.91,-0.09,-4.09,1.28,-2.62,0.94,5.03,322,605,96,30
0.20,0.91,-0.10,-0.06,2.14,5.86,0.94,6.24,442,602,96,31
0.19,0.98,-0.11,5.43,2.32,13.92,1.01,15.12,593,595,103,34
0.17,1.03,-0.07,14.40,0.79,12.57,1.05,19.14,448,586,101,35
0.16,0.97,-0.04,16.60,-2.32,5.74,0.98,17.72,334,581,108,38
0.16,0.97,-0.05,11.35,-2.56,-2.26,0.98,11.86,597,584,111,39
0.17,0.98,-0.05,5.86,-1.16,-3.78,1.00,7.07,540,586,114,37
0.18,0.98,-0.06,4.58,-1.28,-5.49,1.00,7.26,600,590,113,37
0.18,0.97,-0.06,6.53,-1.59,-6.35,0.98,9.24,597,593,114,38
0.18,0.96,-0.05,6.16,-1.83,-6.53,0.98,9.17,450,597,116,36
0.19,0.95,-0.06,7.08,-1.65,-5.13,0.97,8.90,418,606,114,36
0.19,0.95,-0.05,9.70,-1.95,-1.46,0.97,10.01,416,614,120,35
0.19,0.97,-0.04,13.85,-2.50,0.06,0.99,14.08,384,623,118,37
0.18,0.95,-0.01,14.53,-2.87,0.61,0.97,14.82,354,625,122,35
0.19,0.97,-0.01,12.27,-2.87,-0.55,0.99,12.61,336,623,122,35
0.18,0.96,-0.01,10.19,-3.17,-2.38,0.98,10.94,312,626,121,34
0.20,0.96,-0.02,5.86,-3.54,-5.19,0.98,8.59,381,627,122,34
0.20,0.95,-0.02,5.25,-4.39,-5.80,0.97,8.97,445,628,121,35
0.20,0.97,-0.01,7.45,-6.29,-4.82,0.99,10.87,295,627,116,37
0.17,1.01,0.02,7.14,-6.90,-8.48,1.03,13.06,314,622,122,36
0.22,0.95,-0.04,3.97,-7.26,-13.98,0.98,16.24,336,624,119,36
0.24,1.02,-0.01,0.92,-9.46,-18.74,1.05,21.01,450,622,115,33
0.24,1.07,-0.00,-20.75,-17.70,-43.95,1.10,51.72,448,623,105,30
0.32,0.98,-0.20,-50.54,-30.03,-69.89,1.05,91.32,488,636,105,24
0.44,0.97,-0.44,-86.98,-55.11,-87.04,1.15,134.82,188,648,97,23
0.46,0.98,-0.58,-113.89,-91.67,-99.91,1.23,177.08,114,648,79,19
0.38,0.99,-0.51,-147.89,-123.17,-114.26,1.17,223.82,77,657,60,12
0.30,0.94,-0.54,-199.28,-150.88,-116.27,1.13,275.67,44,662,40,11
0.36,1.09,-0.54,-254.03,-160.46,-101.14,1.27,317.03,22,651,24,6
0.44,1.06,-0.62,-300.35,-165.71,-77.76,1.30,351.74,8,629,17,8
0.40,1.22,-0.55,-329.16,-184.51,-36.25,1.39,379.09,5,599,12,12
-0.47,2.09,0.46,-92.29,-229.86,157.90,2.19,293.74,4,575,6,13
-0.37,0.71,-0.08,-2.38,-343.08,225.04,0.81,410.30,3,576,7,12
-0.54,0.57,-0.03,-36.01,-360.78,189.15,0.78,408.94,4,573,5,13
-0.68,0.89,0.20,-54.63,-325.01,143.80,1.13,359.58,4,588,7,16
-0.65,1.04,0.32,-37.29,-258.36,124.76,1.27,289.32,4,597,9,16
-0.46,0.95,0.21,-30.46,-191.41,124.45,1.08,230.33,5,605,8,14
-0.18,0.97,0.16,-60.97,-144.96,128.97,1.00,203.38,5,606,9,17
0.04,1.23,0.33,-85.63,-106.99,113.65,1.27,178.04,6,611,10,16
0.25,1.42,0.44,-68.05,-73.36,92.96,1.51,136.58,6,611,11,15
0.54,1.22,0.34,-28.44,-73.36,109.68,1.38,134.99,7,612,9,15
1.17,1.10,0.31,-38.39,-105.71,80.81,1.64,138.49,8,616,11,16
1.20,1.20,0.56,-12.76,-126.59,34.61,1.79,131.85,8,620,14,16
0.97,0.60,0.40,9.64,-110.60,-15.75,1.21,112.13,8,620,15,16
0.80,0.83,0.56,-24.17,-55.42,-40.65,1.28,72.86,8,617,16,17
0.81,0.69,0.45,6.16,7.69,-60.12,1.16,60.92,8,618,16,16
-0.88,1.71,1.23,18.80,13.00,-71.35,2.28,74.92,11,661,31,18
0.31,1.24,0.06,26.25,3.66,26.98,1.28,37.82,30,691,61,19
0.22,1.40,-0.21,-28.44,15.44,40.10,1.44,51.53,83,678,87,26
0.13,1.22,0.01,32.17,0.92,-1.16,1.22,32.20,141,664,100,29
0.14,1.00,0.04,1.71,-1.83,-24.60,1.01,24.72,144,667,110,29
0.19,0.91,-0.01,-9.03,0.67,-29.91,0.93,31.25,153,673,119,28
0.24,0.88,-0.09,-11.41,2.99,-19.29,0.92,22.61,138,673,122,29
0.23,0.93,-0.09,3.60,3.11,-2.56,0.97,5.41,158,670,126,29
0.20,0.96,-0.01,17.46,2.38,7.32,0.98,19.08,202,666,129,30
0.18,0.97,0.01,18.01,1.59,8.48,0.99,19.97,163,661,130,29
0.18,0.98,0.02,10.93,1.22,5.68,0.99,12.37,254,657,126,30
0.18,0.98,0.02,5.00,0.98,1.10,1.00,5.22,232,656,126,31
0.19,0.98,-0.01,3.72,0.61,-1.59,1.00,4.09,212,659,131,30
0.20,0.96,-0.02,6.84,0.61,0.18,0.98,6.87,221,661,131,30
0.18,0.96,0.01,8.06,0.18,0.18,0.98,8.06,222,664,131,28
0.19,1.00,0.00,7.26,-0.37,-3.05,1.02,7.89,232,669,133,29
0.19,0.99,0.03,9.40,-1.34,-6.23,1.00,11.35,240,675,127,29
0.19,0.97,0.04,9.70,-1.95,-9.22,0.98,13.53,282,680,132,28
0.19,0.97,0.05,5.68,-1.65,-12.15,0.99,13.51,195,685,134,27
0.18,0.96,0.08,-1.65,0.00,-15.01,0.98,15.10,206,688,133,28
0.22,0.99,0.00,-9.22,2.26,-18.37,1.02,20.68,160,700,131,28
0.20,0.92,0.04,-4.94,3.30,-20.81,0.94,21.64,137,711,135,27
0.25,0.95,-0.01,-13.67,5.07,-20.94,0.98,25.51,133,719,137,26
0.26,0.99,-0.03,-11.23,4.39,-21.18,1.03,24.37,138,716,137,28
0.29,1.02,-0.07,-5.80,2.75,-25.39,1.06,26.19,111,716,136,30
0.28,1.04,-0.01,0.37,-0.79,-32.65,1.08,32.67,116,712,140,29
0.28,1.05,0.01,-8.36,-2.62,-46.51,1.09,47.33,107,706,145,28
0.32,1.07,-0.03,-14.28,-1.95,-61.10,1.12,62.77,88,694,146,27
0.32,1.24,-0.07,-18.92,-0.79,-84.29,1.28,86.39,82,677,143,24
0.34,1.42,-0.06,-20.87,-3.78,-117.80,1.46,119.69,59,673,134,21
0.40,1.38,-0.09,-25.45,-9.64,-182.56,1.44,184.57,35,668,96,13
0.72,1.29,-0.32,-111.88,-11.35,-225.89,1.52,252.33,15,669,48,10
0.84,1.47,-0.45,-164.12,-31.74,-224.91,1.75,280.23,5,622,24,12
-0.07,1.49,-0.37,-154.91,-93.14,-156.07,1.54,238.81,3,608,10,14
-0.67,1.23,-0.16,-79.90,-229.61,-8.79,1.41,243.28,3,595,11,15
-1.00,0.76,-0.14,-27.89,-257.51,54.50,1.26,264.69,3,599,7,17
-0.79,0.54,-0.15,-9.89,-198.06,92.53,0.97,218.83,3,618,7,17
-0.67,0.44,-0.16,-31.80,-134.46,108.09,0.82,175.43,3,627,6,19
-0.63,0.61,-0.06,-78.49,-87.22,152.10,0.87,192.10,3,631,8,18
-0.35,1.01,0.16,-108.28,-37.84,181.82,1.08,214.98,4,625,8,18
0.12,1.27,0.47,-126.83,-20.45,185.79,1.36,225.88,4,623,9,19
0.38,1.59,0.84,-112.00,-24.96,161.87,1.84,198.41,5,616,10,19
0.36,1.65,0.90,-48.40,-42.05,139.83,1.91,153.83,5,612,11,18
0.62,1.60,0.69,2.26,-68.05,145.51,1.85,160.65,5,621,10,18
0.66,1.39,0.52,43.76,-77.27,126.46,1.62,154.53,5,636,9,17
0.84,0.90,0.28,19.35,-52.12,99.67,1.26,114.13,5,636,12,19
1.15,1.22,0.50,-19.29,-11.54,57.19,1.75,61.45,5,641,12,21
1.48,0.88,0.45,-0.92,-2.69,17.82,1.78,18.05,5,642,13,18
1.42,0.99,0.61,-2.62,-33.14,-24.23,1.83,41.14,5,643,11,18
1.17,0.77,0.56,29.42,-22.28,-70.43,1.51,79.52,5,637,14,18
1.05,0.78,0.51,47.36,-1.95,-86.73,1.40,98.84,5,627,12,17
-0.51,-0.67,-0.58,50.84,5.37,-108.89,1.02,120.29,5,650,21,17
0.45,-1.00,-0.69,87.95,56.70,-1.40,1.29,104.65,8,672,41,16
0.37,1.11,-0.18,-61.16,17.27,-2.81,1.18,63.61,19,713,75,21
0.14,1.26,0.10,-49.68,15.44,23.19,1.27,56.96,71,700,98,28
0.27,1.61,-0.27,-20.69,16.11,28.81,1.66,38.96,158,670,111,31
0.14,0.95,0.09,20.75,0.18,-1.22,0.97,20.79,221,662,124,32
0.18,0.99,0.00,-1.65,0.06,-13.98,1.01,14.07,288,659,126,32
0.21,0.93,-0.06,-11.78,2.14,-12.21,0.95,17.10,308,656,132,31
0.21,0.93,-0.05,-7.75,1.77,-3.54,0.96,8.70,265,648,129,32
0.22,0.99,-0.06,7.57,1.83,7.20,1.01,10.61,360,641,132,32
0.20,0.97,-0.03,20.02,0.18,13.61,0.99,24.21,448,637,136,32
0.18,0.99,0.00,25.15,-2.81,16.85,1.01,30.40,488,636,133,31
0.17,0.98,0.02,26.18,-4.88,17.58,1.00,31.91,312,635,133,33
0.17,0.99,0.01,27.53,-5.68,18.43,1.01,33.61,485,638,129,37
0.14,0.98,0.05,28.56,-5.86,15.32,0.99,32.94,349,636,125,33
0.13,0.94,0.07,18.43,-4.15,9.28,0.95,21.05,254,638,124,34
0.15,0.96,0.05,7.75,-2.08,5.86,0.97,9.94,280,643,121,33
0.14,0.97,0.06,8.97,-2.01,4.52,0.99,10.24,316,645,121,34
0.14,0.97,0.05,9.52,-1.71,2.14,0.99,9.91,239,641,115,33
0.14,0.95,0.07,11.60,-1.71,3.48,0.96,12.23,279,641,121,33
0.13,0.96,0.08,11.47,-2.01,6.41,0.97,13.30,266,635,116,34
0.12,0.98,0.08,10.74,-2.20,3.66,0.99,11.56,262,626,116,36
0.12,0.98,0.09,7.63,-1.53,0.18,0.99,7.78,299,621,117,35
0.12,0.98,0.09,4.52,-0.79,-4.52,1.00,6.44,267,621,125,37
0.12,0.97,0.11,1.04,0.00,-9.52,0.99,9.58,282,627,128,33
0.13,0.99,0.09,-6.71,0.73,-15.32,1.01,16.74,324,638,131,33
0.16,0.99,0.07,-0.55,0.92,-17.94,1.00,17.98,326,651,132,29
0.14,1.00,0.07,1.59,1.16,-20.51,1.01,20.60,259,661,132,28
0.18,1.03,0.09,0.85,0.61,-24.23,1.05,24.25,214,679,135,28
0.16,1.04,0.12,-3.85,1.34,-30.03,1.06,30.30,171,701,131,28
0.20,1.12,0.06,-8.36,3.72,-39.12,1.14,40.18,142,716,128,25
0.21,1.34,0.04,-10.74,6.16,-60.73,1.36,61.98,83,725,131,26
0.20,1.45,0.04,-8.73,6.10,-91.74,1.46,92.35,43,696,121,27
0.19,1.48,0.05,-1.89,7.69,-133.67,1.49,133.90,22,680,115,22
0.25,1.64,-0.03,13.37,1.40,-200.62,1.66,201.07,12,661,90,18
0.21,1.68,0.20,28.99,2.14,-260.68,1.71,262.30,6,664,45,11
0.68,1.61,0.02,13.73,8.54,-285.64,1.75,286.10,3,648,23,10
0.46,1.30,-0.18,5.00,1.28,-256.53,1.39,256.58,2,621,14,14
-0.26,0.37,-0.57,4.46,-38.88,-183.47,0.72,187.60,2,638,8,16
-0.52,0.80,-0.10,-49.93,-105.47,-26.37,0.96,119.63,2,633,10,16
-0.34,0.80,0.09,-12.02,-87.34,81.73,0.87,120.22,2,633,8,16
-0.07,0.53,0.07,-1.22,-34.42,102.05,0.54,107.71,2,630,6,18
0.04,0.58,0.16,-18.13,12.45,98.88,0.60,101.29,2,624,9,17
0.18,0.65,0.16,-25.57,49.87,137.02,0.69,148.04,3,617,7,19
0.65,0.97,0.10,-18.49,50.35,174.99,1.17,183.03,3,615,5,19
0.96,0.96,0.01,-7.75,28.02,183.59,1.36,185.88,3,608,8,18
0.98,1.02,0.03,-18.07,-6.16,172.67,1.41,173.72,3,598,5,18
0.88,1.11,0.09,-17.52,-23.56,156.68,1.42,159.40,3,593,8,18
0.74,1.16,0.08,-24.78,-26.18,148.32,1.38,152.63,3,587,8,19
0.75,1.09,0.12,-20.87,-25.51,133.91,1.33,137.91,3,583,8,21
0.59,0.95,0.17,-21.85,-20.57,102.48,1.13,106.78,3,579,8,20
0.50,0.90,0.27,-18.74,-9.46,85.14,1.07,87.69,4,578,9,19
0.46,0.81,0.19,-19.35,1.95,80.87,0.95,83.18,4,579,8,19
0.51,0.82,0.18,-13.73,3.54,57.62,0.98,59.34,4,579,9,19
0.37,0.81,0.19,-8.97,3.42,35.28,0.91,36.56,4,580,6,19
0.22,0.79,0.19,-7.87,4.15,30.82,0.85,32.08,3,583,9,18
0.21,0.75,0.18,-4.64,11.23,32.41,0.81,34.61,3,584,7,19
0.31,0.76,0.15,-4.46,23.44,12.88,0.83,27.11,4,585,8,18
0.36,0.86,0.13,-1.34,32.78,-21.30,0.94,39.11,3,592,8,18
0.33,1.00,0.15,13.37,32.90,-32.04,1.06,47.83,3,596,8,17
0.57,0.87,0.11,34.67,18.19,-31.49,1.05,50.25,3,609,9,18
0.60,0.73,0.02,37.60,-19.35,-57.50,0.94,71.37,3,618,8,17
0.36,0.84,0.11,15.38,-29.97,-64.03,0.93,72.35,3,636,8,18
0.13,0.84,0.19,17.76,-10.13,-35.71,0.87,41.15,2,652,7,17
0.17,0.83,0.16,18.01,22.71,-0.37,0.86,28.98,2,658,10,19
0.28,0.80,0.10,20.81,38.27,9.95,0.85,44.68,3,647,10,17
0.34,0.84,0.13,10.93,34.42,-3.72,0.92,36.31,3,652,10,18
0.16,0.97,0.31,12.82,27.28,-12.82,1.03,32.76,3,649,10,19
1.20,0.68,0.62,37.72,49.13,-12.51,1.51,63.19,4,658,17,20
0.17,1.10,-0.03,1.46,55.73,55.36,1.12,78.56,5,659,19,19
-0.01,1.39,0.03,-0.55,59.27,1.34,1.39,59.28,6,665,23,19
0.29,1.31,-0.24,-0.06,41.81,-26.67,1.36,49.59,7,674,32,21
0.37,1.13,-0.24,12.15,13.18,-45.53,1.21,48.93,8,670,33,21
0.23,1.04,-0.00,31.80,-5.68,-55.66,1.06,64.36,8,670,37,22
0.23,0.76,0.17,30.46,-9.89,-57.01,0.82,65.38,9,677,43,22
0.17,0.68,0.26,6.35,-3.30,-42.36,0.75,42.96,9,669,47,20
0.20,0.60,0.25,-18.74,6.29,-28.56,0.68,34.74,10,650,53,19
0.34,0.77,0.20,-43.52,15.32,-21.18,0.87,50.76,11,667,65,21
0.40,0.99,-0.12,-31.56,6.90,-17.88,1.08,36.92,15,681,78,22
0.31,0.84,0.02,-10.93,0.00,-3.85,0.90,11.58,20,699,88,23
0.26,0.95,0.20,-35.89,8.30,-1.46,1.00,36.87,32,711,106,25
0.33,0.79,-0.25,-35.22,5.68,8.36,0.89,36.64,44,720,118,26
0.34,1.13,-0.14,-13.79,-0.37,7.75,1.19,15.83,60,720,123,27
0.27,0.95,0.04,5.07,-3.91,13.24,0.99,14.71,79,717,128,28
0.29,1.05,-0.03,3.48,-1.40,11.47,1.09,12.07,100,713,131,28
0.25,0.98,0.04,13.12,-2.01,3.54,1.01,13.74,101,712,129,29
0.26,0.99,0.04,7.87,-1.34,0.24,1.02,7.99,108,710,129,28
0.25,0.95,0.08,1.83,0.43,-4.64,0.99,5.01,113,707,133,29
0.27,0.96,0.02,-3.91,1.83,-9.64,0.99,10.56,128,704,135,27
0.26,0.93,0.02,-13.43,2.44,-10.86,0.97,17.44,124,704,132,25
0.31,0.98,-0.01,-11.29,5.31,-10.74,1.03,16.46,138,710,133,26
0.31,0.94,-0.03,-6.59,2.26,-7.93,0.99,10.56,135,711,134,26
0.30,0.93,-0.02,0.55,1.16,-7.39,0.98,7.50,149,711,132,24
0.31,0.96,-0.02,0.37,0.85,-8.06,1.00,8.11,120,710,130,23
0.30,0.95,0.01,2.32,-0.37,-11.60,1.00,11.83,128,715,135,22
0.29,0.83,0.05,-0.18,-1.34,-12.94,0.88,13.01,137,710,134,21
0.42,0.92,0.01,-7.08,2.44,-9.22,1.01,11.88,143,697,136,19
0.32,0.94,-0.06,3.85,-1.10,-9.70,0.99,10.50,127,693,130,17
0.30,0.95,0.04,-1.28,-1.16,-11.66,1.00,11.79,142,686,131,18
0.34,0.98,-0.04,-3.97,-0.73,-18.37,1.04,18.81,168,685,135,18
0.33,0.84,0.04,-0.61,-1.28,-19.29,0.90,19.34,188,684,137,19
0.35,0.83,-0.00,-6.04,1.22,-10.80,0.90,12.44,181,683,137,18
0.37,0.87,-0.04,-4.15,1.71,-1.95,0.94,4.90,192,681,138,20
0.35,0.93,-0.01,1.46,2.32,1.10,0.99,2.96,185,681,140,19
0.35,0.95,-0.00,-1.83,4.64,-1.22,1.01,5.13,176,681,140,17
0.36,0.91,-0.02,-3.60,3.42,-4.94,0.98,7.01,199,682,142,18
0.33,0.76,0.04,-13.79,3.85,-5.00,0.83,15.17,194,680,141,17
0.38,1.33,-0.14,-17.21,8.12,-17.88,1.39,26.11,179,687,141,19
0.36,1.20,-0.09,5.92,1.34,-43.88,1.26,44.30,128,708,141,18
0.37,1.05,-0.04,4.39,6.84,-59.45,1.12,60.00,67,724,137,19
0.43,1.14,-0.10,-0.92,10.50,-75.32,1.22,76.05,39,729,132,19
0.43,1.13,-0.06,4.03,7.69,-98.27,1.21,98.65,20,724,100,14
0.47,1.10,-0.02,3.60,7.87,-122.13,1.20,122.44,11,723,83,10
0.60,0.98,0.05,-9.40,12.76,-142.94,1.15,143.82,6,688,53,9
0.64,1.06,-0.03,-46.39,15.75,-148.32,1.24,156.20,3,643,26,7
1.13,0.86,-0.51,-83.98,11.66,-121.46,1.51,148.13,2,610,13,9
0.95,0.89,-0.67,-78.86,-44.37,-59.14,1.47,108.10,2,590,6,7
1.06,0.88,-0.55,-87.46,-123.35,55.05,1.49,160.92,2,605,7,11
0.74,1.97,-0.06,-103.94,-152.89,183.90,2.11,260.77,2,612,6,14
0.43,2.79,0.40,12.57,-131.90,265.26,2.85,296.51,3,606,7,14
0.36,1.25,-0.31,128.23,-98.02,166.08,1.34,231.59,3,600,8,17
-0.22,0.80,-0.05,36.07,-99.79,74.52,0.83,129.67,3,603,9,21
-0.76,0.78,0.32,34.18,-55.97,31.92,1.13,72.94,3,608,8,24
-0.34,0.27,0.22,27.89,-20.26,72.88,0.49,80.62,4,599,10,24
-0.31,0.46,0.36,21.30,-3.48,76.35,0.66,79.35,4,591,8,24
-0.19,0.33,0.13,21.61,26.06,104.37,0.40,109.72,4,591,10,25
-0.04,0.36,-0.17,-5.55,53.71,107.12,0.40,119.96,4,591,9,26
0.13,0.43,-0.33,-27.53,70.86,108.22,0.56,132.25,4,584,9,25
0.18,0.53,-0.45,-52.06,83.31,105.22,0.72,143.96,5,578,9,25
0.37,0.76,-0.42,-70.80,83.74,107.54,0.95,153.59,5,572,7,25
0.50,0.69,-0.41,-60.73,71.47,88.13,0.95,128.70,5,569,8,26
0.54,0.67,-0.29,-56.03,64.64,44.62,0.91,96.48,5,575,6,25
0.46,1.03,0.08,-16.17,64.09,-4.27,1.13,66.23,4,591,11,23
0.72,0.83,0.18,50.66,8.30,31.07,1.11,60.00,4,609,13,21
0.17,0.16,-0.10,18.49,-15.08,14.83,0.25,28.09,4,613,14,23
0.65,0.82,0.13,-1.04,52.80,19.29,1.05,56.22,4,620,15,22
1.04,1.19,0.33,-1.22,48.89,-0.43,1.61,48.91,4,618,17,23
0.99,1.12,0.32,20.57,10.99,-31.31,1.53,39.04,5,618,19,21
0.70,1.05,0.43,21.73,10.50,-60.97,1.34,65.58,5,618,19,22
0.71,0.92,0.50,32.71,9.52,-71.96,1.27,79.62,5,624,17,21
0.34,0.87,0.57,45.10,-30.27,-55.36,1.10,77.56,5,628,20,20
0.10,-2.26,-2.41,57.01,-41.50,-27.10,3.30,75.54,6,635,23,25
0.96,-0.23,-1.02,87.65,56.64,55.36,1.42,118.13,10,592,27,25
0.25,1.51,-0.13,53.65,-5.74,-58.11,1.54,79.29,15,596,39,28
0.12,0.66,0.21,14.40,-1.34,-56.34,0.70,58.16,16,618,48,29
0.24,0.63,0.11,-24.05,9.83,-31.07,0.68,40.50,21,632,61,30
0.24,1.21,-0.02,-41.56,11.35,-11.66,1.24,44.64,36,639,73,32
0.29,1.03,-0.09,-5.92,1.59,-22.40,1.07,23.22,47,653,90,34
0.21,0.85,0.09,1.40,-0.12,-16.97,0.88,17.03,53,661,98,34
0.25,0.94,0.04,-14.65,2.32,-12.94,0.97,19.68,56,662,109,35
0.29,1.02,-0.08,-2.87,0.00,-11.23,1.06,11.59,63,668,114,34
0.29,0.89,-0.02,10.74,-0.31,-2.38,0.94,11.01,70,669,118,34
0.29,0.85,-0.02,20.14,1.04,15.93,0.90,25.70,74,663,118,35
0.23,0.91,0.04,30.09,-0.98,30.76,0.94,43.04,86,652,120,37
0.17,1.01,0.14,21.30,-1.59,25.15,1.03,32.99,97,639,118,35
0.20,0.97,0.07,7.87,0.92,13.85,1.00,15.96,118,633,120,36
0.19,0.98,0.09,2.14,2.50,6.16,1.00,6.99,141,623,116,38
0.20,1.02,0.06,-0.18,1.40,-4.21,1.04,4.44,141,622,117,37
0.21,0.99,0.08,-11.66,1.77,-14.83,1.02,18.95,126,635,121,36
0.24,0.93,0.06,-22.89,2.44,-23.68,0.96,33.02,114,648,124,33
0.25,0.95,0.03,-33.20,0.85,-27.04,0.98,42.83,133,659,127,31
0.27,0.92,-0.01,-16.91,-1.59,-26.06,0.96,31.11,136,662,131,29
0.26,1.02,0.03,-27.10,-2.38,-25.09,1.06,37.00,163,652,128,28
0.31,0.96,-0.05,-14.83,-2.56,-22.83,1.01,27.34,192,656,131,25
0.30,0.90,-0.00,-7.14,-2.75,-18.01,0.95,19.56,172,655,125,23
0.28,0.96,-0.01,-8.54,-1.71,-17.33,1.01,19.40,214,651,124,23
0.30,0.90,-0.01,-10.62,0.12,-17.21,0.95,20.23,187,653,123,21
0.33,0.92,-0.08,-9.22,1.46,-12.88,0.98,15.90,210,657,125,22
0.35,0.91,-0.09,0.31,0.31,-10.50,0.98,10.51,187,659,123,21
0.32,0.87,-0.03,6.10,-0.37,-3.05,0.93,6.83,194,657,124,19
0.33,0.98,-0.06,7.26,-0.18,-1.65,1.03,7.45,197,653,124,19
0.32,0.94,-0.03,7.81,0.12,-3.85,0.99,8.71,215,654,129,17
0.34,0.96,-0.07,7.26,-0.18,-5.68,1.02,9.22,251,658,128,17
0.33,0.96,-0.03,9.89,-1.65,-8.00,1.02,12.82,208,663,129,19
0.33,0.95,0.02,8.61,-1.89,-13.12,1.00,15.81,176,671,130,18
0.35,1.03,-0.04,-0.31,-1.53,-19.23,1.09,19.29,199,680,135,20
0.32,0.97,0.02,-1.46,-2.62,-30.88,1.02,31.03,155,690,138,20
0.35,0.88,0.02,-12.94,1.04,-33.08,0.94,35.54,118,708,136,18
0.38,0.94,-0.02,-14.16,3.91,-31.37,1.02,34.64,92,711,135,18
0.41,0.90,-0.06,-3.78,3.91,-19.53,0.99,20.27,77,721,137,17
0.47,0.94,-0.09,7.93,4.64,-12.33,1.06,15.38,69,717,143,17
0.40,1.01,-0.01,15.69,2.75,-17.46,1.09,23.63,55,710,140,16
0.39,1.08,0.04,10.68,3.66,-34.24,1.15,36.05,46,712,140,16
0.43,1.13,-0.03,2.01,4.82,-59.08,1.21,59.31,34,707,137,15
0.43,1.17,0.02,-6.65,2.50,-91.67,1.24,91.95,29,699,122,10
0.38,1.13,0.21,-24.96,7.93,-129.15,1.21,131.78,25,701,95,7
0.44,1.08,0.26,-50.60,30.64,-160.58,1.19,171.13,21,702,65,5
0.68,1.01,-0.09,-71.11,56.46,-167.18,1.22,190.24,9,676,38,3
0.90,0.81,-0.29,-58.65,56.58,-128.05,1.25,151.79,4,637,19,3
1.06,0.60,-0.65,-19.47,1.22,-68.85,1.38,71.56,3,632,8,6
1.56,0.50,-0.89,2.44,-44.98,-34.36,1.86,56.66,3,646,7,10
1.75,0.27,-1.03,-49.80,-137.15,-58.59,2.05,157.23,3,670,5,9
1.58,1.52,-0.14,-123.78,-173.34,-17.82,2.20,213.74,3,661,4,10
1.07,1.94,0.33,-29.36,-141.78,-7.14,2.24,144.97,2,646,5,10
0.65,1.64,0.34,31.25,-88.32,29.36,1.80,98.18,2,646,4,14
0.26,1.55,0.41,59.02,-62.13,83.13,1.62,119.39,3,644,6,15
-0.01,1.12,0.21,69.52,-66.41,100.71,1.14,139.23,3,644,6,17
-0.40,0.52,0.06,56.82,-83.13,113.59,0.66,151.79,4,631,7,19
-0.59,0.20,0.08,39.86,-60.42,138.37,0.62,156.16,4,629,7,19
-0.38,-0.10,-0.14,7.51,-9.83,133.06,0.42,133.63,4,614,6,19
-0.55,0.25,-0.09,-56.70,54.14,121.40,0.61,144.51,5,602,7,23
0.00,0.42,-0.25,-90.27,80.87,195.07,0.50,229.65,6,591,7,22
0.51,0.70,-0.01,-89.72,47.36,163.88,0.86,192.74,7,574,6,22
0.44,0.70,0.07,-38.09,-2.20,132.57,0.83,137.95,7,563,8,22
0.43,0.60,0.09,-14.22,-41.08,126.53,0.75,133.78,7,562,8,24
0.44,0.72,0.20,0.79,-54.93,83.98,0.87,100.36,7,563,6,23
0.49,0.74,0.24,32.10,-60.85,61.52,0.92,92.30,6,575,9,22
0.65,0.98,0.34,58.35,-49.93,34.24,1.23,84.08,5,588,9,22
0.43,0.75,0.54,50.90,-54.08,27.28,1.02,79.12,5,600,11,21
0.29,0.78,0.58,25.45,2.87,20.75,1.01,32.96,5,600,12,21
0.67,0.85,0.39,14.89,57.25,31.56,1.15,67.05,4,607,14,19
0.86,0.75,0.30,-1.71,62.93,18.37,1.18,65.58,5,609,13,19
0.73,1.15,0.34,-28.99,51.27,-19.71,1.40,62.11,5,612,15,18
0.82,0.78,-0.03,36.13,41.93,-23.93,1.13,60.30,6,611,15,19
0.42,0.87,-0.17,3.60,38.57,-29.36,0.98,48.61,6,609,17,19
0.16,0.22,-0.56,9.03,80.14,-55.73,0.63,98.03,7,609,16,20
1.31,2.48,-0.25,-14.95,1.65,-13.55,2.82,20.25,10,627,45,23
0.18,1.99,-0.10,22.09,0.18,-23.93,2.00,32.57,15,622,64,24
0.10,1.02,0.26,-1.10,-2.87,-50.35,1.06,50.45,15,643,75,25
0.24,0.76,0.21,-15.50,6.53,-56.58,0.83,59.03,14,649,81,26
0.27,0.66,0.15,-30.88,12.94,-44.43,0.73,55.64,14,656,89,25
0.39,0.82,-0.03,-29.60,8.24,-26.67,0.91,40.69,15,675,99,26
0.30,0.94,0.11,-21.48,2.56,-13.43,1.00,25.46,18,695,109,24
0.32,0.95,0.04,-18.80,2.56,-12.27,1.01,22.59,21,704,116,24
0.32,1.05,0.07,-22.40,4.70,-17.09,1.10,28.56,21,720,116,25
0.30,1.00,0.11,-18.13,5.92,-22.22,1.05,29.28,22,717,123,22
0.35,0.80,0.02,-10.38,6.04,-23.93,0.88,26.77,19,719,124,22
0.37,0.76,0.04,-7.57,5.37,-13.06,0.85,16.02,19,722,126,23
0.38,0.97,-0.03,-4.82,5.00,-2.56,1.04,7.41,19,728,126,22
0.34,0.90,0.08,5.37,2.62,-1.16,0.97,6.09,21,720,123,24
0.35,0.81,0.06,-3.42,4.03,3.23,0.89,6.19,22,723,125,23
0.38,0.94,-0.01,-11.60,5.00,4.70,1.01,13.48,23,720,127,24
0.36,0.90,-0.01,-5.19,3.97,3.17,0.97,7.26,26,721,124,25
0.36,1.00,-0.01,-5.92,3.11,2.38,1.06,7.10,26,720,127,22
0.38,1.00,-0.04,7.75,0.43,-2.87,1.07,8.28,26,719,127,23
0.35,0.96,0.02,3.23,0.18,-5.37,1.02,6.27,25,723,126,24
0.34,0.90,0.03,0.18,0.43,-7.87,0.96,7.89,24,716,121,21
0.37,0.98,-0.01,2.56,-0.18,-8.24,1.05,8.63,25,722,124,21
0.31,0.70,0.18,2.01,0.12,-7.32,0.79,7.60,25,712,126,21
0.39,0.95,-0.06,-11.66,3.42,2.75,1.03,12.46,24,717,125,20
0.42,1.00,-0.10,2.62,1.46,-0.73,1.09,3.09,25,715,125,21
0.36,0.80,0.07,10.56,-0.55,-0.98,0.88,10.62,24,717,122,18
0.38,0.89,-0.02,1.95,-0.31,1.40,0.97,2.42,24,716,123,18
0.35,0.90,0.04,2.93,0.18,2.81,0.97,4.06,25,715,123,19
0.36,0.94,0.02,6.71,-0.85,3.78,1.01,7.75,26,718,124,19
0.36,0.95,0.03,5.86,0.06,2.75,1.02,6.47,28,715,119,18
0.32,0.98,0.09,7.14,-0.06,-1.95,1.03,7.40,29,716,125,19
0.38,0.87,-0.00,-1.04,1.53,-5.43,0.95,5.74,30,713,125,20
0.36,0.85,0.07,0.18,0.85,-2.20,0.92,2.36,32,711,128,22
0.36,0.87,0.03,-4.21,0.61,1.16,0.94,4.41,33,711,126,21
0.33,1.15,0.06,-9.40,1.65,-1.28,1.20,9.63,37,715,130,23
0.36,1.45,-0.06,0.31,4.88,-28.44,1.50,28.86,29,704,127,22
0.35,1.40,0.00,16.24,5.43,-78.80,1.44,80.63,15,696,115,20
0.39,1.22,0.01,18.13,3.05,-117.13,1.28,118.56,8,687,84,13
0.37,0.97,0.23,6.29,6.77,-143.31,1.06,143.61,4,661,50,9
0.47,0.86,0.19,-24.11,25.33,-155.88,1.00,159.76,3,659,32,5
0.65,0.94,0.06,-52.37,31.43,-171.39,1.15,181.94,3,660,17,6
0.74,0.87,-0.02,-63.84,26.92,-157.78,1.15,172.32,2,639,13,7
0.99,0.54,-0.40,-57.31,12.21,-121.58,1.19,134.97,3,660,5,12
1.11,0.49,-0.48,-57.98,-17.64,-71.23,1.31,93.52,3,688,4,12
1.99,0.52,-0.79,-66.04,-75.32,-1.22,2.21,100.18,4,659,6,7
2.03,1.44,-0.29,-108.15,-116.15,-62.87,2.50,170.71,3,646,6,7
1.06,1.66,0.11,-13.37,-65.00,-92.35,1.98,113.72,3,652,6,7
0.64,1.37,0.04,15.62,-9.64,-43.52,1.52,47.23,3,651,5,11
0.23,1.32,0.06,10.07,12.02,48.77,1.35,51.23,3,649,5,13
0.05,1.22,0.16,41.02,12.08,99.37,1.24,108.17,3,638,5,15
-0.11,0.49,-0.14,72.94,-4.15,82.03,0.53,109.85,4,634,6,17
-0.45,0.24,-0.11,32.29,-28.56,106.26,0.52,114.67,4,629,5,18
-0.62,0.20,-0.05,25.82,-21.91,141.36,0.65,145.36,4,626,6,20
-0.33,-0.20,-0.32,16.11,2.26,151.49,0.50,152.36,4,612,5,19
-0.26,-0.06,-0.23,-37.41,11.23,139.47,0.35,144.83,4,602,4,19
0.01,0.16,-0.18,-56.09,3.60,157.10,0.24,166.86,4,592,5,21
0.39,0.36,-0.03,-62.68,-50.96,165.77,0.53,184.41,5,573,5,19
0.47,0.84,0.36,-51.57,-114.20,142.70,1.03,189.91,5,560,4,19
0.49,0.86,0.45,0.24,-125.37,108.46,1.09,165.77,5,559,4,19
0.44,1.10,0.56,4.46,-92.47,88.13,1.31,127.82,5,569,5,19
0.59,0.79,0.45,9.89,-20.63,76.35,1.08,79.71,5,573,6,18
1.12,0.99,0.48,-29.05,56.34,52.49,1.58,82.30,5,571,6,18
1.37,1.35,0.50,-20.75,99.98,3.23,1.99,102.16,5,572,5,16
1.36,1.13,0.30,44.19,54.57,-2.26,1.79,70.25,5,584,5,16
0.70,0.68,0.11,94.79,14.59,-11.41,0.98,96.58,5,595,7,19
0.26,0.31,-0.09,84.23,24.35,-53.41,0.42,102.66,4,609,9,18
0.79,0.38,-0.18,-69.58,32.78,52.49,0.90,93.12,6,647,28,16
0.31,1.44,-0.24,2.93,6.90,27.34,1.49,28.35,8,652,44,19
0.30,1.35,-0.14,47.91,-14.65,15.75,1.39,52.52,10,650,54,20
0.06,1.01,0.37,49.87,-24.96,-16.78,1.07,58.24,13,653,67,19
-0.02,0.38,0.58,-3.66,3.85,-27.22,0.70,27.73,14,657,78,21
0.18,0.58,0.23,-82.34,29.42,-22.09,0.65,90.18,17,693,97,22
0.43,1.53,-0.41,-118.47,25.88,-23.68,1.64,123.55,27,715,111,28
0.33,0.78,-0.03,-8.73,2.93,-29.85,0.85,31.23,31,728,116,24
0.30,0.95,-0.06,-23.44,4.52,-14.59,0.99,27.97,39,729,122,26
0.31,0.93,-0.06,-4.58,1.65,-7.45,0.98,8.89,50,726,128,26
0.31,0.96,-0.03,2.44,-0.55,-1.71,1.01,3.03,68,714,130,26
0.28,0.98,-0.03,8.73,-0.12,0.24,1.01,8.73,75,705,134,26
0.27,0.96,-0.00,9.95,-0.55,0.00,1.00,9.96,84,705,134,26
0.29,0.93,0.00,9.40,0.18,-1.34,0.98,9.50,92,706,131,27
0.27,0.88,0.00,4.39,0.73,0.43,0.92,4.48,103,704,132,27
0.28,0.96,-0.01,3.78,2.01,4.46,1.00,6.18,103,699,135,27
0.28,0.95,0.02,5.25,0.12,-1.34,0.99,5.42,115,696,139,27
0.29,0.92,-0.01,-0.37,0.00,-0.12,0.96,0.39,144,694,137,26
0.28,0.97,-0.01,2.99,0.18,2.81,1.01,4.11,134,687,130,24
0.28,0.99,-0.03,7.63,-2.01,-2.69,1.03,8.34,135,687,129,24
0.25,0.91,0.05,5.55,-3.30,-7.32,0.94,9.77,160,687,132,22
0.30,0.94,-0.03,4.15,-1.95,-2.75,0.98,5.35,155,681,131,22
0.26,0.93,0.04,8.42,-2.08,-0.24,0.96,8.68,153,679,132,23
0.28,0.92,0.02,3.85,-0.37,2.56,0.96,4.64,153,675,129,24
0.28,0.96,0.00,3.66,0.67,3.30,1.00,4.97,153,676,131,23
0.27,0.95,-0.01,2.14,1.22,2.01,0.99,3.18,171,678,131,23
0.26,0.92,0.03,2.44,1.40,2.01,0.96,3.46,157,677,131,23
0.27,0.91,0.03,-3.66,2.20,2.93,0.95,5.18,169,679,135,26
0.28,1.01,-0.02,-2.08,2.01,2.20,1.05,3.63,171,674,132,23
0.26,0.95,0.04,5.13,0.92,-1.65,0.98,5.46,177,673,132,23
0.27,0.97,0.01,-1.22,0.37,-4.33,1.00,4.52,147,676,131,25
0.27,0.90,0.02,-5.25,0.67,-7.75,0.94,9.39,208,678,135,23
0.29,0.95,-0.02,-8.48,1.16,-6.96,1.00,11.03,153,675,136,24
0.29,0.97,-0.02,-5.19,1.46,-6.59,1.01,8.52,218,674,137,26
0.28,0.93,0.01,-4.88,2.01,-4.46,0.97,6.91,172,673,132,26
0.28,1.02,-0.01,-2.87,2.38,-9.95,1.05,10.62,202,683,136,26
0.30,1.06,-0.00,-4.03,2.44,-19.29,1.10,19.85,140,712,137,26
0.32,1.33,-0.09,-7.51,1.83,-40.95,1.37,41.68,87,731,131,23
0.32,1.42,-0.12,9.28,2.87,-74.34,1.46,74.97,36,706,125,18
0.27,1.29,0.06,11.78,0.43,-116.33,1.31,116.93,20,696,104,12
0.34,1.26,0.08,0.06,4.70,-156.68,1.30,156.75,11,691,67,6
0.55,1.29,0.09,-19.90,17.09,-183.41,1.40,185.28,5,644,33,4
0.95,1.25,-0.33,-61.46,13.37,-178.10,1.60,188.88,3,648,13,5
1.16,1.18,-0.59,-20.75,-39.79,-120.85,1.76,128.91,2,628,7,10
1.75,0.70,-0.62,-44.62,-125.67,-107.67,1.99,171.39,3,621,6,11
1.01,1.76,0.09,-39.06,-169.49,28.44,2.03,176.25,2,623,6,13
0.34,1.99,0.30,9.89,-120.36,64.64,2.04,136.98,2,621,5,13
-0.01,1.66,0.19,56.46,-28.14,64.58,1.67,90.27,3,615,6,15
-0.45,1.27,0.11,30.94,24.11,88.62,1.35,96.92,3,620,6,18
-0.45,0.92,0.09,20.39,36.19,129.82,1.03,136.31,4,608,7,21
-0.38,0.48,0.05,-1.89,36.01,128.72,0.61,133.68,4,597,7,21
-0.35,0.21,0.05,-7.26,49.50,90.39,0.41,103.31,5,585,8,24
-0.43,0.08,-0.05,-17.27,57.31,99.61,0.44,116.21,5,572,6,23
-0.22,0.08,-0.19,-25.09,62.81,117.80,0.31,135.83,5,562,8,23
-0.15,0.16,-0.27,-33.75,64.03,126.95,0.35,146.14,6,560,7,25
0.02,0.33,-0.29,-37.66,58.72,134.28,0.44,151.31,5,557,8,24
0.21,0.48,-0.28,-27.59,40.16,129.70,0.59,138.55,5,555,7,23
0.39,0.67,-0.21,-10.74,2.38,123.29,0.80,123.78,5,571,8,23
0.85,0.58,-0.15,0.55,-16.11,114.38,1.04,115.51,4,569,9,21
0.89,1.23,0.14,26.98,-59.81,77.27,1.53,101.37,5,582,9,22
0.91,1.06,0.24,53.77,-79.47,29.36,1.42,100.34,5,596,10,23
0.60,0.82,0.39,7.45,-26.55,11.11,1.09,29.73,5,607,12,23
1.14,1.65,1.00,-6.59,29.91,-11.47,2.24,32.70,5,603,13,21
1.09,1.07,0.60,63.35,21.42,-50.60,1.64,83.86,5,610,13,21
0.49,0.93,0.45,58.90,10.31,-71.04,1.15,92.86,5,616,16,22
0.26,0.40,0.05,62.01,37.41,-86.36,0.48,112.71,5,618,15,21
-0.16,-0.08,-0.19,54.81,33.26,-86.67,0.25,107.81,5,622,15,21
1.28,2.55,-0.79,-35.52,47.97,-100.04,2.96,116.49,8,631,46,25
-0.24,3.94,0.19,-178.34,9.46,132.93,3.95,222.64,25,660,75,26
0.06,1.15,-0.06,81.54,-6.04,5.25,1.16,81.93,51,639,89,43
0.07,0.33,0.37,-6.47,-1.83,-21.85,0.50,22.86,56,657,94,33
0.25,1.05,-0.06,-5.80,-1.16,-15.26,1.08,16.36,62,668,106,30
0.12,0.80,0.20,2.87,-1.59,-14.83,0.83,15.19,62,677,108,29
0.20,0.98,0.03,-15.26,2.99,-5.86,1.01,16.62,65,686,116,30
0.14,0.98,0.10,-10.19,1.59,-9.22,0.99,13.83,69,687,119,30
0.16,1.01,0.03,-18.62,3.97,-13.92,1.02,23.58,73,693,122,29
0.19,1.04,0.06,-16.97,3.23,-21.79,1.05,27.81,65,709,122,28
0.23,0.93,0.02,-17.15,2.50,-22.52,0.96,28.42,65,722,131,28
0.24,0.93,-0.03,-9.40,3.05,-15.99,0.96,18.80,66,723,130,26
0.26,0.87,-0.02,0.37,-0.24,2.69,0.91,2.72,68,718,127,27
0.20,0.97,0.02,9.52,-1.04,14.04,0.99,16.99,89,710,134,27
0.19,1.03,0.04,13.18,-1.16,12.27,1.05,18.05,99,702,129,29
0.15,0.99,0.12,11.47,-1.40,3.54,1.01,12.09,95,697,128,28
0.20,0.96,0.05,3.54,0.49,-0.85,0.99,3.67,105,695,130,27
0.19,1.02,0.07,-2.44,1.59,-3.36,1.04,4.44,104,695,131,28
0.21,1.03,0.02,-1.28,0.73,-13.37,1.06,13.45,100,702,136,28
0.20,0.95,0.09,-4.94,0.49,-19.65,0.97,20.27,80,712,132,27
0.25,0.94,-0.01,-6.53,0.98,-17.27,0.97,18.49,69,725,138,27
0.25,0.92,0.03,3.36,-0.43,-9.40,0.95,9.99,65,733,139,26
0.23,0.95,0.00,6.77,-0.73,-6.77,0.97,9.61,59,734,136,25
0.24,0.95,0.04,9.28,-1.59,-6.96,0.98,11.70,55,737,138,26
0.25,0.94,0.05,8.61,-1.10,-6.71,0.97,10.97,49,736,136,24
0.29,1.02,-0.00,9.03,-1.71,-7.75,1.06,12.03,48,739,136,23
0.28,0.91,0.03,15.20,-5.49,-9.77,0.95,18.88,43,730,132,25
0.21,0.94,0.16,13.55,-6.53,-9.34,0.98,17.70,39,726,133,23
0.22,0.89,0.15,5.98,-1.65,-11.84,0.93,13.37,39,718,134,23
0.28,0.88,0.06,-1.16,1.46,-11.11,0.92,11.26,39,718,136,24
0.27,0.93,0.09,-2.20,1.16,-9.34,0.98,9.66,39,715,136,24
0.28,0.87,0.10,-4.03,1.59,-8.00,0.91,9.09,41,714,132,25
0.30,0.92,0.04,-3.05,0.85,-3.60,0.97,4.80,44,719,140,28
0.25,0.95,0.14,-1.53,1.34,-3.91,0.99,4.40,48,724,141,28
0.29,1.02,0.02,-9.64,4.58,-10.62,1.06,15.06,46,727,136,27
0.29,1.27,0.02,-6.04,6.53,-26.00,1.30,27.48,37,723,137,26
0.34,1.57,-0.12,10.31,6.84,-57.37,1.61,58.69,23,704,135,23
0.29,1.58,-0.06,23.13,-2.32,-104.31,1.61,106.87,13,702,119,19
0.44,1.10,-0.12,21.24,-14.40,-157.10,1.19,159.19,8,690,68,12
1.10,1.16,-0.63,-131.10,-39.31,-200.44,1.72,242.71,3,666,23,8
0.54,1.65,-0.34,-122.56,-84.59,-167.42,1.77,224.07,3,645,12,12
1.42,0.98,-0.22,-112.92,-124.45,-172.85,1.74,241.07,3,653,6,14
1.00,1.88,0.35,-106.87,-159.79,-94.48,2.16,214.20,3,666,7,13
0.97,1.31,0.13,29.24,-107.91,-56.40,1.64,125.22,3,669,8,16
0.94,1.12,0.06,4.58,-52.61,-86.24,1.46,101.13,3,673,7,13
0.67,1.27,0.25,-19.78,-18.19,-112.61,1.46,115.77,3,672,8,14
0.25,0.98,0.18,-10.56,10.44,-100.46,1.03,101.55,3,669,7,18
-0.12,0.94,0.22,-7.81,29.60,-9.70,0.97,32.12,3,666,5,18
-0.31,0.71,0.12,13.43,42.30,118.04,0.78,126.11,3,647,7,16
-0.25,0.48,-0.03,3.05,44.49,148.32,0.54,154.88,4,642,6,18
-0.35,0.14,-0.10,0.98,33.14,161.25,0.39,164.63,4,628,7,20
-0.36,0.21,-0.07,-25.88,12.57,192.93,0.43,195.07,4,617,7,19
-0.26,0.29,-0.05,-15.14,5.80,183.96,0.40,184.67,4,608,6,20
-0.11,0.08,-0.21,-9.28,-3.85,176.70,0.25,176.98,4,600,5,21
-0.13,0.40,-0.08,-25.51,-10.01,174.80,0.43,176.94,5,600,5,22
0.13,0.56,-0.07,-21.73,1.22,170.17,0.58,171.55,6,598,5,22
0.51,0.70,0.07,-28.02,26.12,124.51,0.87,130.27,6,597,6,20
0.78,1.48,0.52,-27.34,59.94,76.35,1.75,100.85,6,601,7,19
1.16,1.07,0.43,105.47,54.44,32.90,1.63,123.17,6,604,9,21
1.26,0.89,0.25,45.35,31.31,47.61,1.56,72.82,5,616,8,19
1.44,0.77,0.06,34.18,70.80,-27.95,1.64,83.44,6,619,10,21
1.48,0.67,-0.06,21.36,87.28,-113.46,1.62,144.74,5,627,10,19
2.53,0.43,0.64,31.68,50.60,-163.09,2.64,173.67,4,654,28,17
0.49,0.97,-0.77,56.34,0.18,104.06,1.33,118.34,6,661,43,17
0.27,1.35,0.02,56.52,-16.17,7.75,1.38,59.30,9,662,65,20
-0.09,0.98,0.59,10.80,-5.07,-18.07,1.15,21.65,11,668,77,21
0.21,0.60,0.24,-45.90,20.69,-38.15,0.68,63.17,11,686,88,21
0.49,0.64,-0.20,-57.37,11.84,-7.75,0.83,59.09,14,716,103,23
0.37,0.74,-0.15,-36.50,0.55,23.38,0.84,43.35,28,731,117,24
0.31,1.02,-0.12,-24.48,-4.88,48.52,1.07,54.57,70,716,129,24
0.25,1.38,-0.15,-0.67,-0.43,38.94,1.41,38.95,141,696,129,26
0.17,1.10,0.05,13.67,-0.55,11.41,1.12,17.82,164,689,135,26
0.22,1.03,0.04,-7.39,-2.08,-6.59,1.05,10.11,235,682,141,28
0.25,0.91,-0.01,-15.87,-1.83,-18.31,0.95,24.30,208,679,136,26
0.25,0.88,-0.03,-24.11,1.89,-17.03,0.92,29.58,281,668,139,25
0.24,0.79,0.02,-37.96,7.45,-14.65,0.82,41.37,282,651,130,23
0.27,1.14,-0.08,-54.14,14.83,-12.02,1.17,57.41,336,634,120,21
0.30,0.88,-0.15,-48.22,14.59,-8.12,0.94,51.03,338,628,109,17
0.31,1.01,-0.25,-33.45,11.84,1.53,1.08,35.51,279,621,90,13
0.26,0.88,-0.13,-9.34,6.16,10.56,0.93,15.39,310,614,73,16
0.28,1.03,-0.24,-4.39,6.90,22.03,1.10,23.50,524,605,64,15
0.27,1.14,-0.26,41.75,-4.21,19.23,1.20,46.15,403,605,65,15
0.23,0.92,-0.09,73.49,-13.98,12.33,0.96,75.81,524,599,71,17
0.22,0.90,0.00,56.58,-10.62,8.91,0.92,58.25,306,594,83,18
0.23,0.92,-0.04,27.53,-6.29,2.93,0.95,28.39,310,589,88,21
0.24,0.93,-0.04,7.45,-2.50,-1.77,0.96,8.05,379,587,92,22
0.26,1.00,-0.05,5.62,-1.40,-2.26,1.03,6.21,408,584,94,19
0.22,0.93,-0.03,10.01,-3.48,-4.82,0.96,11.64,416,582,92,20
0.25,0.96,-0.03,1.65,-1.34,-5.49,0.99,5.89,312,581,97,20
0.25,0.94,-0.06,2.87,-1.83,-5.25,0.98,6.26,418,583,98,19
0.23,0.94,-0.00,-0.79,0.06,-7.87,0.97,7.91,450,587,100,16
0.26,0.95,-0.07,-11.23,2.99,-7.45,0.99,13.80,420,590,103,17
0.26,0.94,-0.06,-9.03,2.50,-5.31,0.97,10.77,423,592,108,16
0.26,1.04,-0.08,-5.25,1.95,-3.23,1.07,6.47,458,593,107,14
0.27,1.01,-0.09,1.40,-0.12,-13.06,1.05,13.14,611,600,109,14
0.30,1.15,-0.12,15.08,-3.72,-26.18,1.20,30.44,393,618,112,12
0.27,1.12,-0.02,13.12,-2.56,-36.74,1.15,39.10,298,648,112,11
0.27,1.19,-0.06,8.67,-0.49,-55.85,1.22,56.52,201,681,114,10
0.28,1.26,-0.04,-1.34,3.60,-86.98,1.29,87.06,75,691,105,8
0.39,1.35,-0.09,-14.83,15.87,-123.72,1.41,125.61,32,694,64,4
1.15,0.99,-1.09,-57.98,14.47,-143.49,1.87,155.44,7,634,20,4
1.11,1.82,-0.90,-133.85,-52.06,-135.62,2.32,197.53,4,611,7,10
1.49,1.14,-0.63,-84.96,-74.65,-114.20,1.98,160.72,4,585,5,12
1.90,2.31,-0.13,-97.96,-108.03,-33.20,2.99,149.57,4,593,5,10
0.90,1.90,0.23,-2.14,-125.31,-49.44,2.12,134.72,3,587,6,13
0.31,1.47,0.25,29.24,-137.51,-50.96,1.53,149.54,3,595,6,14
-0.37,1.04,0.32,53.34,-131.59,-41.63,1.15,147.97,3,592,6,15
-0.64,0.59,0.28,84.84,-104.49,-5.25,0.92,134.70,4,599,6,17
-0.67,0.05,0.03,86.79,-72.45,18.98,0.67,114.64,3,594,5,19
-0.80,0.09,-0.05,49.80,-29.79,47.79,0.80,75.18,4,598,5,19
-0.62,0.04,-0.29,15.08,24.48,76.97,0.69,82.16,4,594,6,19
-0.36,0.12,-0.39,-25.63,52.37,99.61,0.54,115.42,4,591,5,20
-0.19,0.34,-0.35,-50.78,37.05,115.17,0.52,131.21,4,584,5,19
-0.01,0.49,-0.30,-43.82,1.34,126.95,0.57,134.31,5,574,6,20
0.04,0.63,-0.20,-35.46,-31.86,133.00,0.66,141.28,5,571,5,20
-0.11,0.88,1.22,16.85,-6.90,132.45,1.50,133.69,4,562,3,17
0.81,0.84,0.14,-24.90,31.86,109.68,1.18,116.90,4,557,4,17
1.15,0.16,-0.69,34.36,-24.84,98.39,1.35,107.14,4,558,7,17
0.06,1.88,0.50,-11.17,-92.77,103.45,1.95,139.41,4,576,7,18
0.43,0.02,-0.57,66.65,-12.15,92.29,0.71,114.48,4,571,7,17
0.61,1.06,-0.25,-78.00,70.25,67.32,1.25,124.71,5,569,9,17
0.85,1.44,0.00,-66.65,64.58,49.56,1.67,105.21,5,590,11,13
0.82,1.13,0.09,3.11,15.87,29.60,1.40,33.73,5,596,10,15
0.23,0.85,0.07,11.84,35.10,-4.15,0.88,37.27,4,604,12,15
0.46,1.00,0.15,-8.91,101.93,3.97,1.11,102.39,4,610,14,15
1.08,0.74,0.01,18.74,104.31,-24.90,1.31,108.87,5,625,17,14
1.08,0.55,-0.01,40.89,40.59,-75.44,1.21,94.93,5,630,19,14
1.17,1.63,0.33,20.57,-51.09,-79.16,2.03,96.43,11,656,39,18
-0.17,0.71,0.28,-5.31,-3.11,16.60,0.78,17.71,20,657,67,24
0.08,0.95,0.22,-14.28,3.30,-37.35,0.98,40.13,32,679,90,24
0.36,0.82,-0.15,-69.27,13.18,-18.49,0.90,72.90,55,688,107,26
0.29,0.92,-0.08,13.43,-0.79,-11.29,0.97,17.56,93,679,118,29
0.16,0.98,0.05,17.46,0.61,-2.01,0.99,17.58,112,664,126,31
0.19,0.99,0.01,9.64,-1.46,-4.76,1.01,10.85,134,661,131,31
0.18,0.93,0.02,16.36,-1.34,-3.66,0.95,16.82,194,662,135,33
0.20,0.93,0.03,17.88,-2.32,-1.77,0.95,18.12,211,660,132,33
0.18,0.94,0.08,11.96,-1.10,6.10,0.96,13.47,234,654,140,35
0.18,0.92,0.07,4.94,0.49,3.60,0.94,6.14,234,646,137,34
0.18,1.00,0.05,-4.39,2.20,4.27,1.02,6.51,197,643,138,34
0.18,0.96,0.05,-6.53,0.98,-3.36,0.98,7.41,248,643,138,37
0.19,0.95,0.03,-14.65,0.49,-3.42,0.97,15.05,277,642,139,35
0.20,0.91,0.01,-11.54,0.24,-6.84,0.93,13.41,215,649,139,30
0.22,0.99,-0.02,-15.87,2.81,-3.60,1.01,16.51,208,647,136,30
0.21,1.01,0.00,-7.57,1.65,-5.43,1.03,9.46,279,648,137,28
0.21,0.99,-0.01,-4.70,0.55,-11.23,1.01,12.19,192,661,135,25
0.22,1.05,-0.01,-3.78,0.55,-16.36,1.07,16.80,174,677,133,23
0.21,0.93,0.02,3.05,-0.31,-18.49,0.95,18.75,165,684,138,21
0.25,0.96,-0.05,0.24,0.00,-17.15,0.99,17.15,150,697,138,21
0.23,0.91,-0.01,6.29,-1.59,-13.24,0.94,14.75,151,699,135,17
0.23,0.89,0.00,1.22,-0.24,-6.96,0.92,7.07,150,698,136,18
0.27,0.96,-0.01,1.59,0.31,-2.50,1.00,2.98,167,693,133,18
0.24,0.95,0.01,6.71,-0.73,-0.67,0.98,6.79,161,692,139,20
0.25,0.99,0.01,7.57,-0.31,0.73,1.02,7.61,156,691,138,17
0.23,0.95,-0.00,8.61,-1.10,-0.98,0.97,8.73,141,694,140,17
0.20,1.04,0.06,8.00,-1.83,-7.63,1.06,11.20,168,692,138,17
0.23,0.93,0.07,-3.60,0.24,-17.76,0.96,18.12,151,692,143,20
0.27,0.92,0.01,-10.44,2.50,-20.26,0.96,22.93,127,698,140,18
0.29,0.90,-0.01,-10.19,2.14,-18.62,0.94,21.33,131,699,140,18
0.30,0.88,-0.03,-9.03,2.81,-10.13,0.93,13.86,149,699,141,20
0.30,0.88,-0.03,-0.37,1.71,-3.05,0.93,3.52,160,693,142,19
0.28,0.97,-0.02,5.43,0.73,1.16,1.01,5.60,217,688,143,21
0.29,1.20,-0.00,8.36,0.79,-8.00,1.24,11.60,225,692,150,21
0.29,1.43,-0.06,14.77,-1.53,-36.38,1.46,39.29,108,707,149,20
0.28,1.57,-0.09,15.50,0.79,-79.77,1.60,81.27,50,701,135,15
0.29,1.40,-0.06,22.03,-2.14,-131.53,1.43,133.38,21,693,105,6
0.41,1.03,-0.12,-0.92,-6.65,-180.91,1.12,181.03,9,672,50,4
0.90,1.39,-0.22,-129.70,-17.94,-199.65,1.67,238.75,4,631,18,2
0.78,1.22,-0.17,-54.57,-45.47,-118.29,1.46,137.97,3,629,7,7
1.28,0.46,-0.31,-32.35,-44.07,-145.94,1.40,155.84,3,604,7,7
1.35,1.58,0.21,-48.34,-50.42,-81.48,2.09,107.32,3,616,8,8
1.01,1.32,0.17,15.01,-30.58,-110.60,1.67,115.72,3,616,8,11
0.68,1.43,0.32,6.47,-6.59,-117.37,1.61,117.73,3,611,7,11
0.30,1.56,0.35,41.14,12.57,-61.34,1.63,74.92,3,620,8,12
-0.20,1.48,0.19,87.46,26.25,45.23,1.50,101.90,3,621,6,15
-0.26,1.04,-0.15,112.43,19.59,147.58,1.08,186.56,4,614,8,17
-0.12,0.32,-0.57,93.14,-38.27,219.54,0.67,241.53,4,603,7,19
-0.16,0.26,-0.31,-17.09,-90.70,186.22,0.44,207.84,4,599,7,19
-0.44,0.20,-0.18,-14.34,-28.14,115.78,0.52,120.01,5,587,7,20
-0.15,0.29,-0.09,-63.42,8.61,118.65,0.34,134.81,5,579,8,22
0.02,0.38,-0.10,-58.90,5.07,117.07,0.39,131.15,5,570,7,21
0.06,0.53,-0.07,-46.14,-26.67,125.06,0.54,135.94,5,565,5,23
0.17,0.37,-0.17,-20.45,-54.75,133.85,0.44,146.05,6,560,6,22
0.16,0.32,-0.24,-22.83,-57.50,114.99,0.43,130.57,5,566,7,21
0.15,0.54,-0.12,-33.02,-49.80,90.33,0.57,108.31,5,570,8,22
0.64,1.10,0.28,-13.85,-61.40,72.27,1.30,95.84,5,584,9,19
0.94,0.85,0.29,24.54,-84.05,49.99,1.30,100.82,5,599,10,20
0.98,1.00,0.68,30.21,-69.89,-0.31,1.56,76.14,4,602,8,22
0.90,0.91,0.72,7.63,-29.17,-38.21,1.46,48.67,4,601,11,21
0.89,0.90,0.70,10.01,13.85,-40.95,1.44,44.38,4,606,9,21
0.92,0.73,0.45,17.03,53.41,-39.43,1.26,68.53,4,611,12,18
0.68,0.50,0.22,23.68,70.80,-66.16,0.87,99.75,4,616,12,18
0.93,1.75,-0.53,41.20,41.93,-96.56,2.05,113.04,5,637,29,21
-0.25,2.26,0.27,-34.97,8.00,72.88,2.29,81.23,6,648,38,17
0.29,1.42,-0.17,8.54,4.70,18.13,1.46,20.58,10,661,59,20
0.15,1.44,0.03,23.86,-1.46,-39.55,1.45,46.22,12,664,70,21
0.18,0.36,0.23,19.65,0.49,-27.59,0.46,33.88,13,659,74,23
0.12,0.53,0.31,-9.95,9.89,11.78,0.63,18.32,16,671,90,24
0.30,1.13,-0.12,-38.70,16.36,23.25,1.18,48.02,24,681,99,24
0.29,1.18,-0.14,0.61,2.75,14.59,1.23,14.86,33,681,102,25
0.15,0.85,0.16,17.15,-2.62,10.44,0.88,20.25,43,683,111,27
0.19,0.90,0.08,-5.49,0.67,12.70,0.93,13.85,58,680,117,27
0.14,1.10,0.12,-21.73,2.62,7.69,1.11,23.20,98,665,117,27
0.18,1.10,0.02,-14.16,1.10,-3.72,1.12,14.68,115,661,122,26
0.17,0.92,0.06,-3.91,0.12,-1.71,0.94,4.27,127,661,126,27
0.17,0.98,0.06,-1.10,-0.06,-2.32,1.00,2.57,116,661,126,27
0.18,0.95,0.06,-1.22,0.85,-2.14,0.97,2.60,123,661,129,27
0.17,1.02,0.07,-1.77,1.10,-4.70,1.04,5.14,155,664,126,25
0.17,0.94,0.06,-6.23,1.65,-12.15,0.96,13.75,124,669,130,26
0.21,0.93,0.00,-12.39,2.32,-10.56,0.95,16.44,127,677,129,27
0.21,0.94,0.01,-5.55,1.46,-5.19,0.96,7.74,127,677,130,26
0.22,0.91,0.00,0.31,0.67,1.40,0.94,1.59,135,676,127,25
0.20,1.00,0.03,8.42,0.00,6.29,1.02,10.51,142,673,133,26
0.18,0.98,0.02,12.27,-1.28,2.01,0.99,12.50,122,676,131,24
0.21,0.92,0.04,9.34,-1.59,4.82,0.94,10.63,130,677,129,26
0.20,0.96,0.01,11.72,-1.59,12.33,0.99,17.08,163,675,131,24
0.17,0.99,0.08,17.21,-3.66,13.61,1.00,22.25,149,673,133,25
0.17,0.97,0.08,17.21,-3.72,10.62,0.99,20.56,134,672,131,27
0.18,0.99,0.06,15.14,-3.11,8.67,1.00,17.72,153,671,129,27
0.15,0.97,0.08,15.56,-3.30,7.45,0.99,17.57,132,676,127,25
0.19,0.95,0.06,18.31,-5.19,8.48,0.97,20.84,147,672,125,25
0.12,0.99,0.16,22.95,-6.65,9.03,1.01,25.54,139,661,120,25
0.14,1.02,0.13,13.31,-3.54,-2.69,1.03,14.03,143,654,120,24
0.10,1.41,0.21,-7.81,-3.48,-31.49,1.43,32.63,132,667,123,22
0.14,1.73,0.09,-22.16,-1.59,-84.53,1.74,87.40,55,709,115,20
0.03,1.96,0.10,-22.16,10.74,-150.39,1.96,152.39,18,687,104,17
-0.10,2.03,0.10,-12.51,8.73,-247.31,2.03,247.78,7,664,74,8
0.34,1.19,0.02,-13.55,5.74,-315.19,1.24,315.53,4,637,30,6
0.38,0.77,-0.12,-45.35,-2.08,-266.66,0.87,270.50,2,615,15,11
-0.16,0.54,-0.28,-72.39,-40.65,-184.51,0.63,202.33,2,586,6,13
-0.45,0.58,-0.18,-69.03,-124.57,-74.28,0.75,160.63,2,607,8,14
-0.57,0.45,-0.06,-54.99,-137.63,78.98,0.73,167.94,2,608,5,12
-0.36,0.45,-0.04,-41.02,-89.11,126.71,0.58,160.24,2,609,5,14
0.04,0.37,-0.10,-43.76,-54.81,123.54,0.39,142.06,2,612,7,13
0.07,0.63,0.01,-62.81,-24.66,91.86,0.63,113.98,2,614,7,14
0.04,0.79,0.13,-70.50,8.24,74.04,0.81,102.56,2,611,7,11
0.10,1.08,0.27,-75.68,35.58,91.31,1.12,123.82,2,611,6,12
0.28,1.23,0.36,-54.50,48.77,134.89,1.31,153.44,3,610,7,12
0.53,1.21,0.36,-34.18,53.96,144.71,1.37,158.18,3,602,5,10
0.65,1.22,0.32,-22.64,52.86,105.59,1.42,120.23,3,607,7,9
0.60,1.17,0.18,-3.54,38.27,74.16,1.33,83.52,3,609,7,9
0.59,1.09,0.01,8.67,12.33,73.97,1.24,75.49,3,610,7,10
0.63,1.05,-0.03,18.55,6.23,84.84,1.23,87.07,3,610,8,10
0.72,0.99,-0.10,24.54,16.30,62.74,1.22,69.31,3,611,7,7
0.77,0.89,-0.19,20.02,31.37,22.77,1.20,43.63,3,610,8,9
0.89,0.79,-0.26,5.19,37.54,-11.05,1.21,39.47,3,612,7,7
0.93,0.76,-0.18,-4.52,27.47,-27.40,1.22,39.06,4,616,9,5
0.91,0.62,-0.23,0.37,11.41,-33.33,1.13,35.23,4,611,8,7
0.66,0.63,-0.22,-21.24,20.32,-70.86,0.94,76.72,4,609,9,6
0.67,0.94,-0.09,3.54,44.37,-63.84,1.15,77.83,4,624,19,8
0.96,-1.30,-0.30,74.34,-30.52,56.40,1.65,98.18,8,643,37,10
0.01,1.40,0.26,71.59,-20.75,34.67,1.42,82.21,10,654,53,15
0.00,1.04,0.32,33.87,-4.03,11.17,1.08,35.90,14,657,64,18
0.12,0.86,0.19,-20.32,9.77,-15.38,0.88,27.30,17,674,71,21
0.24,1.03,-0.07,-37.35,14.34,-25.88,1.06,47.65,23,686,88,21
0.28,0.80,-0.11,-19.90,5.55,-21.00,0.86,29.45,29,700,99,24
0.22,0.86,0.06,-13.73,1.16,-11.05,0.89,17.66,50,703,113,23
0.22,1.05,-0.02,-14.83,1.28,-4.33,1.07,15.50,73,693,121,23
0.19,1.01,0.03,-10.38,1.59,-6.90,1.03,12.56,101,685,128,25
0.22,1.02,-0.03,-9.40,2.08,-13.85,1.05,16.87,122,686,127,24
0.24,0.93,-0.02,-3.97,2.01,-15.01,0.96,15.66,138,694,135,25
0.23,0.97,-0.01,2.26,1.83,-12.63,0.99,12.96,135,701,132,24
0.25,0.97,-0.03,1.16,2.32,-9.40,1.00,9.75,116,708,137,22
0.23,0.95,0.02,3.91,2.01,-10.74,0.98,11.61,120,716,141,24
0.26,0.97,-0.03,0.79,2.44,-10.31,1.00,10.63,98,723,134,24
0.26,0.95,0.00,3.11,2.20,-10.38,0.98,11.05,87,732,138,21
0.25,0.96,-0.00,1.04,2.62,-10.44,0.99,10.81,81,734,141,23
0.27,0.89,-0.00,-0.37,2.81,-8.54,0.93,9.00,66,734,140,24
0.27,0.93,-0.02,-0.73,3.66,-4.46,0.97,5.81,60,736,138,24
0.28,0.93,-0.03,3.30,3.23,-1.59,0.97,4.88,58,732,136,21
0.27,0.94,-0.01,7.32,2.32,0.98,0.98,7.74,58,732,137,25
0.27,0.93,-0.00,7.02,1.83,2.14,0.96,7.56,64,728,135,25
0.27,0.95,-0.01,6.29,1.46,2.69,0.99,6.99,64,725,133,26
0.27,0.96,-0.01,7.20,1.22,1.46,1.00,7.45,74,721,137,24
0.27,0.96,0.00,6.04,0.55,-1.16,1.00,6.18,80,717,136,24
0.28,0.98,-0.01,5.49,0.12,-2.50,1.02,6.04,78,714,137,23
0.28,1.00,0.00,7.81,-1.65,-4.52,1.04,9.17,78,714,143,25
0.27,1.00,0.02,8.30,-3.91,-9.89,1.03,13.49,77,717,144,24
0.27,1.00,0.03,5.62,-2.93,-14.28,1.04,15.62,66,718,144,24
0.27,1.07,0.05,3.78,-1.65,-21.00,1.10,21.40,64,717,142,23
0.30,1.10,-0.02,1.53,0.00,-34.61,1.14,34.64,46,699,138,21
0.33,1.22,-0.05,1.83,-0.49,-54.63,1.26,54.66,35,689,130,19
0.36,1.31,-0.08,2.50,-6.47,-79.71,1.36,80.01,26,675,119,20
0.31,1.49,-0.04,3.11,-16.78,-119.87,1.52,121.08,17,673,112,18
0.41,1.55,-0.16,-0.98,-26.12,-183.90,1.61,185.75,11,665,85,10
0.63,1.86,-0.20,-37.17,-39.18,-257.39,1.98,262.99,7,668,40,6
0.50,1.92,0.06,-12.15,-37.72,-255.49,1.99,258.55,3,656,19,11
0.13,0.97,-0.56,-68.91,-101.68,-223.21,1.13,254.77,3,622,9,15
-1.06,1.22,-0.06,-81.97,-241.46,-91.80,1.62,271.01,3,633,9,15
-1.34,0.74,0.02,-65.67,-199.46,6.96,1.53,210.11,3,629,9,17
-1.06,0.43,-0.06,-54.75,-90.03,63.60,1.15,123.07,2,631,9,14
-0.75,0.38,-0.14,-82.70,-12.51,104.98,0.85,134.23,3,636,9,18
-0.59,0.63,-0.03,-110.47,12.70,154.72,0.86,190.54,3,636,10,16
-0.49,0.86,0.10,-116.03,19.41,198.97,1.00,231.15,3,616,7,17
-0.37,1.07,0.19,-129.94,23.01,223.39,1.15,259.46,3,611,6,18
-0.16,1.60,0.37,-124.82,38.82,234.50,1.65,268.47,4,611,4,16
0.38,1.87,0.30,-72.94,38.09,191.22,1.93,208.17,5,606,5,15
0.47,3.71,1.82,-26.31,14.10,177.37,4.16,179.86,5,609,5,18
1.62,0.57,-1.00,-2.50,-8.42,171.69,1.99,171.92,6,622,7,14
1.28,2.35,0.61,-54.38,-114.56,78.31,2.75,149.04,5,629,10,15
1.38,1.01,0.19,2.62,-120.00,27.34,1.72,123.10,5,639,6,12
1.67,0.90,0.31,-20.75,-112.30,27.95,1.92,117.58,4,645,9,13
1.82,0.71,0.45,-29.60,-92.65,-38.45,2.00,104.59,4,638,8,12
1.72,0.69,0.55,-14.89,-82.34,-63.78,1.94,105.21,4,634,9,11
1.48,0.58,0.41,-3.17,-62.07,-136.17,1.64,149.68,4,633,11,11
0.81,-0.85,0.24,133.73,-36.13,7.87,1.20,138.75,7,641,34,15
-0.28,0.86,0.87,10.86,-21.85,24.66,1.25,34.69,14,676,57,17
0.08,1.50,-0.04,-32.29,14.59,37.05,1.50,51.26,49,686,89,22
0.26,1.52,-0.16,42.48,8.24,38.94,1.55,58.21,128,661,107,26
0.06,0.94,0.31,63.23,1.40,30.76,0.99,70.33,197,628,116,30
0.12,1.15,0.05,7.26,0.24,4.64,1.16,8.62,273,618,124,31
0.14,1.00,0.07,-7.20,-1.40,-19.65,1.01,20.98,222,624,127,30
0.20,0.91,-0.03,-20.51,0.49,-23.25,0.93,31.01,236,637,130,28
0.23,0.94,-0.11,-10.50,2.81,-6.84,0.97,12.84,280,643,135,30
0.21,0.97,-0.02,13.00,1.77,0.00,0.99,13.12,252,643,135,30
0.19,0.93,-0.02,13.92,1.59,5.07,0.95,14.89,363,640,133,29
0.19,0.95,0.00,15.32,1.83,10.99,0.97,18.94,279,639,131,29
0.18,0.98,0.00,13.43,1.65,14.47,1.00,19.81,279,635,129,29
0.17,1.01,0.02,15.26,0.31,10.86,1.02,18.73,262,642,133,29
0.17,0.98,0.02,15.62,-1.59,4.09,0.99,16.23,288,648,129,27
0.17,1.00,0.02,13.98,-2.32,0.06,1.01,14.17,210,658,129,26
0.17,0.98,0.03,13.79,-3.36,-3.72,1.00,14.68,163,670,123,24
0.16,0.97,0.05,12.70,-4.21,-6.04,0.98,14.68,157,676,124,21
0.17,0.91,0.07,16.05,-3.97,-4.94,0.93,17.26,152,679,120,20
0.17,0.91,0.07,10.74,-1.53,-0.92,0.93,10.89,147,675,126,21
0.18,0.98,0.04,13.31,-1.53,0.85,1.00,13.42,153,673,126,23
0.15,0.95,0.11,16.72,-1.95,0.12,0.97,16.84,190,669,129,23
0.15,1.01,0.12,7.69,-0.55,-3.72,1.03,8.56,185,663,128,23
0.16,1.10,0.05,0.06,0.12,-17.46,1.11,17.46,205,667,132,25
0.19,1.11,0.09,-1.40,-1.04,-33.45,1.13,33.49,148,684,130,25
0.18,1.25,0.13,-10.01,-0.37,-48.71,1.27,49.73,106,704,128,23
0.25,1.38,-0.07,-11.05,3.72,-84.47,1.40,85.27,52,710,132,24
0.26,1.45,-0.04,4.64,1.83,-116.15,1.47,116.26,28,678,122,20
0.24,1.60,-0.06,21.36,-8.54,-159.18,1.61,160.83,14,663,105,15
0.30,1.82,-0.17,41.99,-21.36,-219.36,1.85,224.36,8,667,63,8
0.54,2.19,-0.04,36.74,-33.75,-287.35,2.26,291.65,5,657,25,6
0.35,1.48,-0.10,28.44,-32.04,-294.31,1.52,297.41,3,625,16,10
-0.78,1.34,-0.39,-2.01,-51.64,-287.05,1.60,291.66,2,604,9,15
-1.34,0.97,-0.30,-52.25,-88.81,-150.76,1.68,182.60,2,614,9,17
-1.54,0.69,-0.13,-49.50,-40.89,11.54,1.69,65.23,2,613,9,15
-1.11,0.43,-0.29,-54.69,22.71,121.46,1.23,135.12,2,598,9,16
-0.74,0.54,-0.25,-80.38,44.43,171.26,0.95,194.34,2,595,9,17
-0.48,0.92,-0.12,-81.67,33.20,228.70,1.05,245.10,2,593,7,15
-0.17,1.29,-0.01,-75.50,19.96,274.35,1.30,285.25,3,592,8,14
0.32,1.49,0.12,-68.18,8.67,257.32,1.53,266.34,3,594,10,15
0.62,1.99,0.42,-50.66,-11.60,214.90,2.12,221.10,3,606,9,14
0.55,1.65,0.26,0.67,-38.45,174.93,1.76,179.10,4,612,9,15
0.58,1.61,0.25,-30.27,-47.00,159.06,1.73,168.60,4,621,11,15
1.00,1.67,0.51,-46.39,0.37,138.12,2.01,145.70,4,621,13,14
2.03,1.21,0.47,-49.74,48.34,71.90,2.41,99.90,5,626,12,12
2.76,0.81,0.46,-25.82,-9.64,21.24,2.92,34.80,5,622,13,11
2.54,0.31,0.35,-7.45,-55.73,-36.56,2.58,67.06,5,620,13,10
1.95,0.49,0.16,-2.20,-22.83,-111.69,2.02,114.02,5,619,13,11
1.33,-2.80,-0.50,267.70,-27.65,20.69,3.14,269.92,16,653,50,18
-0.14,1.03,0.21,76.54,-7.87,25.39,1.06,81.02,33,660,68,22
-0.00,0.99,0.18,-21.42,6.84,-10.86,1.00,24.97,52,665,84,25
0.28,1.07,-0.31,-8.00,3.17,-21.06,1.15,22.75,90,657,103,31
0.13,0.91,0.10,28.44,1.04,0.31,0.92,28.46,164,642,115,34
0.14,1.07,0.03,8.12,3.42,6.29,1.08,10.82,241,624,123,35
0.13,1.02,0.04,-0.49,-0.61,-10.56,1.03,10.59,243,621,132,35
0.18,0.95,-0.02,-6.90,-0.67,-14.34,0.97,15.93,248,628,135,34
0.18,0.98,-0.02,-1.34,0.61,-10.01,1.00,10.12,237,630,136,30
0.17,1.00,0.00,2.08,0.24,-10.50,1.01,10.70,299,635,140,30
0.17,0.98,0.01,1.22,-0.06,-13.67,1.00,13.73,228,649,140,30
0.19,0.95,0.00,-0.37,0.00,-14.83,0.96,14.84,242,662,142,26
0.20,0.94,-0.00,0.00,0.55,-11.29,0.96,11.30,193,673,142,25
0.21,0.94,-0.01,3.30,0.61,-7.39,0.96,8.11,203,683,141,23
0.21,0.91,-0.01,7.63,0.49,-1.71,0.93,7.83,179,685,135,20
0.21,0.97,-0.01,15.20,-0.24,7.63,0.99,17.01,183,685,139,23
0.19,0.92,0.04,19.41,-1.59,9.52,0.94,21.68,189,690,135,22
0.20,0.98,0.00,17.21,-1.95,10.38,1.00,20.19,168,692,135,24
0.18,0.96,0.05,20.26,-3.42,9.40,0.98,22.60,146,690,133,24
0.16,0.96,0.08,18.19,-3.91,8.24,0.98,20.35,205,681,132,24
0.15,0.98,0.11,14.34,-3.36,7.14,1.00,16.37,195,673,128,24
0.10,0.97,0.08,11.90,-2.81,2.14,0.98,12.41,182,669,133,24
0.20,1.07,0.06,8.36,-2.44,-8.91,1.09,12.46,225,666,133,24
0.18,1.06,0.10,3.78,-2.81,-21.55,1.08,22.05,228,673,131,22
0.14,1.17,0.11,-7.32,-1.65,-42.85,1.18,43.50,150,694,134,23
0.23,1.33,0.00,-12.21,2.99,-69.82,1.35,70.95,81,705,128,22
0.17,1.42,0.06,-10.80,7.08,-103.39,1.43,104.20,42,680,131,22
0.20,1.61,-0.02,-12.94,8.06,-149.78,1.62,150.55,24,671,121,19
0.29,1.77,-0.27,-5.86,-4.46,-221.62,1.82,221.74,13,669,106,11
0.46,2.06,-0.28,-34.91,-35.46,-337.22,2.13,340.87,8,681,50,6
0.44,2.58,0.21,-47.00,-31.19,-382.02,2.63,386.16,2,656,23,4
0.23,1.93,-0.44,-66.59,-42.60,-347.53,2.00,356.41,2,609,11,10
-0.39,1.26,-0.37,-67.02,-122.86,-245.79,1.37,282.84,2,616,9,15
-0.89,1.00,-0.05,-34.36,-101.68,144.53,1.34,180.03,2,615,8,14
-0.20,0.97,-0.10,-35.77,-30.15,233.40,1.00,238.04,2,605,7,14
-0.13,0.71,-0.05,-51.70,3.17,217.90,0.72,223.97,3,606,6,17
-0.01,0.96,0.14,-52.80,-9.58,255.55,0.97,261.13,3,595,9,18
0.16,0.71,0.20,-37.29,-53.96,265.32,0.75,273.31,3,587,8,18
-0.01,0.59,0.33,-18.98,-72.20,247.80,0.68,258.80,3,585,8,19
-0.02,0.53,0.31,-25.15,-52.43,223.08,0.62,230.54,3,581,8,20
0.32,0.95,0.52,-25.51,-23.93,211.55,1.13,214.42,4,584,10,19
0.99,0.75,0.48,-0.43,-12.15,159.67,1.34,160.13,4,598,12,17
1.11,1.01,0.84,8.30,-14.65,87.10,1.72,88.71,4,605,12,19
1.63,0.51,0.63,-16.30,21.06,32.78,1.82,42.23,4,619,11,20
1.41,0.77,0.85,0.67,30.70,-28.63,1.81,41.98,3,624,10,16
1.64,0.54,0.58,3.36,34.73,-21.67,1.82,41.07,3,628,12,16
1.53,0.68,0.45,3.17,41.69,-63.42,1.73,75.96,3,627,11,15
1.36,0.59,0.09,-1.53,51.39,-88.93,1.49,102.72,3,617,8,14
1.01,0.78,-0.07,-17.70,70.50,-131.41,1.28,150.17,3,615,10,14
0.73,0.51,-0.30,2.87,101.44,-188.42,0.94,214.01,3,648,30,12
-0.38,0.06,0.91,-92.77,3.17,157.65,0.98,182.95,5,620,43,14
-0.51,2.15,0.80,27.83,3.91,61.04,2.35,67.20,16,616,64,24
0.12,0.85,0.22,-2.38,1.22,-28.08,0.89,28.20,27,610,84,29
0.24,0.72,0.12,-70.13,12.88,-47.42,0.76,85.63,30,627,94,28
0.45,0.88,-0.26,-57.37,15.44,-23.38,1.02,63.85,37,644,108,30
0.32,0.90,-0.09,-22.09,4.94,-1.83,0.96,22.72,67,637,114,32
0.25,1.01,0.01,-9.64,4.88,8.06,1.04,13.48,117,626,123,34
0.26,1.07,-0.03,-15.32,1.10,-1.71,1.10,15.45,139,621,129,32
0.26,0.92,-0.01,-9.58,-0.55,-7.57,0.96,12.22,185,615,133,32
0.27,1.01,-0.06,-10.01,-0.98,-9.70,1.05,13.98,179,618,136,32
0.26,0.92,-0.06,-5.68,-0.73,-6.16,0.95,8.41,166,619,133,30
0.27,0.95,-0.03,3.36,0.73,-1.59,0.99,3.78,201,620,136,29
0.26,0.92,-0.02,2.44,0.98,1.46,0.96,3.01,219,619,135,30
0.27,0.91,-0.02,2.69,0.61,1.10,0.95,2.97,270,615,133,30
0.27,0.94,-0.02,2.44,1.59,4.27,0.98,5.17,289,613,135,29
0.27,0.94,-0.02,3.60,1.46,7.39,0.98,8.35,219,613,134,30
0.25,0.97,-0.03,4.70,0.98,8.00,1.00,9.33,268,611,133,31
0.27,0.94,-0.02,8.42,0.49,9.52,0.98,12.72,349,612,130,31
0.26,0.96,-0.02,11.96,-0.24,13.06,1.00,17.71,228,609,128,33
0.25,0.96,-0.01,12.21,-1.28,12.21,0.99,17.31,266,608,126,34
0.23,0.95,0.01,9.77,-2.14,9.22,0.98,13.60,225,610,123,34
0.22,0.97,0.00,4.58,-0.73,5.43,0.99,7.14,280,608,120,32
0.23,0.95,-0.01,4.46,-0.79,4.46,0.98,6.35,236,605,120,31
0.22,0.97,0.00,5.86,-0.92,5.62,0.99,8.17,250,604,115,35
0.23,0.95,-0.00,7.39,-1.10,6.10,0.98,9.64,317,600,115,34
0.22,0.98,0.02,8.12,-1.46,6.10,1.00,10.26,236,598,119,33
0.20,1.02,0.01,7.32,-1.28,2.01,1.04,7.70,250,593,118,34
0.20,0.97,0.05,5.07,-0.06,-6.59,0.99,8.31,324,595,122,32
0.20,0.97,0.04,-4.21,-0.61,-14.47,0.99,15.08,286,602,125,26
0.23,0.97,0.00,-9.52,-0.12,-17.82,1.00,20.21,324,612,125,28
0.25,1.00,-0.02,-5.98,0.43,-19.41,1.03,20.31,272,620,134,27
0.27,0.80,0.01,-9.70,0.55,-20.02,0.84,22.25,244,628,131,25
0.29,0.92,-0.05,-8.00,2.38,-7.51,0.96,11.22,312,621,134,25
0.26,0.97,-0.02,3.23,1.71,0.61,1.00,3.71,246,614,132,27
0.25,1.00,0.01,6.04,0.67,0.12,1.03,6.08,297,611,137,27
0.21,1.07,0.06,3.36,-0.06,-9.52,1.09,10.10,251,612,135,28
0.24,1.14,0.03,-7.69,0.43,-29.72,1.16,30.71,295,644,139,25
0.26,1.22,0.03,-14.28,1.16,-59.94,1.24,61.63,123,696,139,19
0.27,1.36,0.01,-43.46,5.62,-125.73,1.38,133.15,36,713,135,17
0.30,1.62,-0.02,-34.24,17.82,-174.19,1.65,178.42,18,694,98,8
0.64,1.50,0.08,-43.76,39.06,-206.60,1.64,214.77,6,648,43,5
0.71,2.22,0.29,-9.16,41.14,-140.75,2.35,146.92,4,600,12,7
1.47,0.06,-0.84,102.60,-44.74,-69.64,1.69,131.83,3,590,9,12
0.59,1.20,-0.16,-52.25,-166.32,29.85,1.35,176.87,3,604,9,12
0.33,1.48,0.19,-30.76,-151.92,51.33,1.53,163.28,2,608,7,15
0.31,1.61,0.16,24.11,-102.05,24.96,1.65,107.79,2,616,6,16
0.09,1.21,-0.08,48.71,-68.54,4.39,1.22,84.20,2,613,9,17
-0.12,1.08,-0.06,0.00,-47.67,50.96,1.09,69.78,3,606,7,17
-0.17,0.79,-0.06,-3.11,-24.23,93.87,0.81,97.00,3,601,8,19
-0.07,0.55,-0.10,-27.28,-8.18,100.71,0.56,104.66,3,590,6,21
-0.08,0.45,-0.06,-43.46,9.34,94.97,0.46,104.86,4,580,8,22
-0.04,0.26,-0.08,-56.46,25.45,96.01,0.27,114.25,4,561,7,22
-0.09,0.33,0.01,-60.30,33.75,94.30,0.34,116.91,4,559,6,21
0.03,0.34,0.02,-47.24,27.83,101.44,0.34,115.31,5,553,7,22
0.11,0.36,0.02,-23.62,4.82,107.60,0.37,110.27,5,550,6,22
0.17,0.45,0.07,-5.37,-26.37,112.18,0.49,115.36,5,547,8,23
0.27,0.50,0.06,9.77,-46.75,92.04,0.57,103.70,5,553,7,21
0.35,0.98,0.33,30.03,-45.47,71.84,1.09,90.17,4,566,8,22
0.36,0.84,0.25,85.51,-26.37,46.94,0.95,101.05,4,596,8,21
0.38,0.60,0.21,77.64,-1.28,18.19,0.74,79.75,3,617,9,20
0.60,0.79,0.27,26.12,41.14,-1.95,1.03,48.77,3,615,10,21
0.92,1.02,0.27,42.54,64.76,-9.46,1.40,78.06,3,605,10,22
1.12,0.97,0.16,31.31,32.04,-24.96,1.49,51.29,3,608,13,19
0.81,0.68,0.05,41.69,24.11,-92.10,1.06,103.93,3,606,12,20
0.64,0.60,0.05,26.00,39.06,-96.37,0.88,107.19,3,611,12,19
1.35,0.87,-0.56,-112.06,-27.28,-19.47,1.70,116.97,4,629,19,22
0.06,0.89,-0.06,-35.16,15.50,54.69,0.90,66.84,10,652,28,21
0.31,1.51,-0.08,-4.64,5.80,-35.77,1.55,36.53,18,661,44,26
0.16,0.47,0.24,0.31,5.31,-70.92,0.55,71.12,22,674,59,26
0.18,0.41,0.30,-57.92,20.69,-27.16,0.54,67.24,26,675,74,29
0.39,1.39,-0.27,-80.69,27.28,-16.66,1.47,86.79,53,675,83,32
0.32,1.12,-0.08,-19.47,8.30,-30.94,1.17,37.49,69,679,91,32
0.24,0.70,0.14,-24.29,7.14,-27.89,0.75,37.67,69,687,94,32
0.37,0.99,-0.19,-33.02,8.91,-13.85,1.08,36.90,81,693,100,31
0.29,0.93,-0.02,-4.88,2.99,-4.27,0.98,7.14,93,690,103,31
0.31,0.96,-0.06,-5.98,2.99,-0.37,1.01,6.70,93,691,108,30
0.29,0.91,-0.01,0.98,2.20,0.73,0.96,2.51,105,691,109,30
0.29,0.92,-0.03,-1.65,2.26,3.66,0.97,4.61,100,690,105,29
0.29,0.94,-0.04,1.83,2.50,5.43,0.99,6.25,105,691,110,30
0.29,0.90,-0.04,5.25,2.32,9.89,0.95,11.43,109,689,109,30
0.29,0.91,-0.03,7.08,2.32,13.79,0.95,15.68,128,682,108,29
0.26,0.93,0.00,7.93,2.44,18.37,0.97,20.16,128,676,108,31
0.26,0.98,-0.02,6.84,1.34,17.82,1.02,19.14,140,670,104,30
0.25,0.98,-0.01,13.06,-2.14,15.87,1.02,20.66,155,664,101,30
0.22,0.97,-0.00,11.72,-2.81,10.38,0.99,15.90,165,660,103,29
0.23,0.96,0.02,10.07,-3.30,8.79,0.98,13.77,210,657,103,28
0.22,0.95,0.02,7.26,-2.38,6.29,0.97,9.90,157,653,101,31
0.22,0.95,0.02,6.77,-1.77,6.65,0.98,9.66,200,651,98,31
0.23,0.98,0.00,4.58,-0.92,6.41,1.01,7.93,203,646,100,30
0.22,0.97,0.01,6.23,-1.53,1.89,1.00,6.68,205,647,100,32
0.22,1.02,0.01,5.80,-2.01,-3.17,1.05,6.91,249,645,106,28
0.20,1.04,0.06,3.42,-2.01,-12.82,1.06,13.42,215,653,106,26
0.22,1.09,0.03,-5.43,-2.08,-34.06,1.11,34.55,175,671,109,23
0.23,0.86,0.07,-5.98,-3.17,-46.14,0.90,46.64,122,701,111,24
0.25,0.81,0.05,-29.54,2.75,-41.44,0.85,50.97,92,720,111,21
0.32,0.85,-0.04,-34.79,8.73,-32.65,0.91,48.51,79,723,118,22
0.35,0.84,-0.09,-22.28,9.34,-18.55,0.91,30.46,92,726,124,22
0.33,0.82,-0.04,-8.30,7.45,-1.83,0.89,11.30,110,718,125,26
0.33,0.94,-0.08,0.55,5.92,11.78,1.00,13.20,135,707,123,27
0.28,1.09,-0.01,10.13,3.54,9.95,1.13,14.63,138,703,130,28
0.29,1.23,-0.06,2.93,1.59,-11.78,1.26,12.24,158,712,129,27
0.27,1.48,-0.01,-1.71,-1.77,-66.16,1.51,66.21,60,745,123,23
0.23,1.68,-0.18,3.97,-1.46,-128.17,1.71,128.24,14,715,116,17
0.40,1.43,-0.06,19.04,1.53,-186.89,1.48,187.86,6,704,84,11
0.44,1.19,0.16,-5.25,14.77,-231.99,1.28,232.52,4,652,38,5
1.03,1.38,-0.38,-89.29,16.48,-220.21,1.77,238.20,2,625,14,3
1.24,1.63,-0.24,-114.99,-18.62,-146.42,2.06,187.11,2,587,6,8
1.39,1.67,-0.12,-39.79,-48.89,-55.79,2.18,84.18,2,595,6,10
1.22,1.59,-0.26,5.68,-64.58,12.82,2.02,66.08,2,599,4,12
0.58,1.70,-0.02,-10.44,-91.86,60.12,1.80,110.28,2,598,5,13
0.07,1.91,0.31,25.45,-64.09,117.86,1.94,136.55,3,598,6,15
-0.25,0.70,-0.03,101.50,-30.15,113.65,0.75,155.33,3,595,7,15
-0.47,0.24,-0.15,74.28,1.77,118.77,0.54,140.10,3,579,5,21
-0.40,-0.30,-0.31,42.48,28.93,91.74,0.59,105.15,3,580,6,22
-0.37,-0.15,-0.11,-0.31,32.78,101.50,0.42,106.66,4,584,7,24
-0.12,-0.17,-0.10,-1.16,18.43,121.15,0.23,122.55,4,581,6,21
0.05,0.01,-0.03,-1.10,-14.40,131.59,0.06,132.38,4,574,6,23
0.23,0.10,0.01,13.06,-47.00,120.18,0.25,129.70,4,574,7,21
0.31,0.26,0.12,16.11,-70.68,97.90,0.42,121.82,4,577,7,20
0.57,0.53,0.23,28.93,-64.03,83.25,0.82,108.94,4,581,8,20
1.12,0.78,0.35,38.82,-96.25,58.41,1.41,119.09,4,584,9,17
0.54,0.89,0.70,39.73,-109.31,58.47,1.25,130.18,4,591,11,16
0.61,0.53,0.53,36.01,-6.96,49.56,0.96,61.66,4,600,12,17
0.79,0.75,0.44,19.10,50.96,47.91,1.17,72.51,4,604,14,17
0.92,0.79,0.26,21.61,55.79,25.88,1.24,65.18,4,610,14,16
1.01,0.74,0.19,19.17,23.01,2.14,1.26,30.02,4,616,15,16
0.81,0.86,0.27,6.59,13.24,-27.59,1.21,31.30,4,621,16,15
1.46,0.43,-0.12,5.25,24.60,-52.43,1.52,58.15,5,621,17,17
-0.35,2.87,0.11,-165.53,12.51,31.07,2.89,168.88,6,587,21,24
0.29,1.78,-0.21,3.54,8.79,-59.45,1.82,60.20,10,598,30,23
0.10,0.71,0.26,30.15,-4.27,-93.32,0.76,98.17,9,649,42,23
0.09,0.31,0.42,-21.12,8.12,-58.11,0.53,62.35,10,663,56,20
0.26,0.53,0.20,-75.74,27.47,-23.25,0.62,83.86,14,663,79,26
0.46,1.34,-0.40,-89.84,22.64,-3.23,1.48,92.71,27,654,98,31
0.24,1.09,0.01,-1.59,4.70,-3.42,1.12,6.02,51,644,107,31
0.22,0.85,0.10,-12.02,4.15,6.41,0.88,14.24,77,623,110,36
0.27,1.07,-0.06,-10.38,2.81,6.16,1.11,12.39,111,616,113,36
0.23,0.96,0.02,4.03,1.53,7.32,0.99,8.50,111,612,119,35
0.22,0.97,0.04,7.69,-0.49,9.46,0.99,12.20,131,606,120,37
0.18,0.90,0.06,1.83,-1.16,2.93,0.92,3.64,185,604,124,38
0.20,0.97,0.03,-6.90,0.43,3.42,0.99,7.71,168,601,124,40
0.22,0.93,0.05,-7.39,0.55,2.99,0.96,7.99,213,596,123,38
0.20,1.00,0.02,-5.43,-0.12,4.33,1.02,6.95,224,591,120,39
0.20,0.94,0.02,-8.67,0.06,0.24,0.97,8.67,237,594,123,37
0.21,0.96,0.01,-8.00,0.12,1.83,0.99,8.20,171,595,123,40
0.19,0.97,0.02,-1.65,-0.12,4.15,0.99,4.47,180,595,119,40
0.21,0.96,0.01,0.85,-0.18,5.19,0.98,5.26,188,592,119,40
0.19,0.98,0.01,5.31,-0.18,4.70,1.00,7.09,252,590,119,41
0.20,0.95,0.02,5.13,-0.18,7.20,0.97,8.84,205,587,118,40
0.18,0.97,0.03,6.96,-0.67,7.57,0.98,10.30,252,586,117,42
0.19,0.95,0.02,5.86,-0.67,6.65,0.97,8.89,194,580,115,42
0.16,0.98,0.04,7.32,-1.95,4.09,0.99,8.61,193,578,117,41
0.18,0.97,0.03,2.81,-1.04,1.46,0.99,3.33,194,576,112,42
0.18,0.97,0.04,4.76,-1.53,1.16,0.98,5.13,282,574,115,40
0.19,0.96,0.02,7.14,-1.22,1.04,0.98,7.32,203,575,117,42
0.19,0.97,0.03,13.61,-2.62,5.00,0.99,14.74,203,575,114,43
0.15,0.96,0.05,15.81,-3.60,3.60,0.97,16.61,252,573,111,39
0.14,0.97,0.06,8.97,-2.14,-0.92,0.98,9.27,286,573,114,37
0.17,1.00,0.05,5.55,-0.67,-5.74,1.01,8.01,286,575,114,39
0.16,0.99,0.08,6.77,-0.37,-9.09,1.00,11.35,216,579,118,36
0.17,0.96,0.08,0.43,0.06,-14.34,0.98,14.35,242,588,116,32
0.18,0.97,0.07,-4.46,-0.24,-16.66,0.99,17.25,254,600,121,28
0.21,0.97,0.03,-10.56,0.24,-19.17,0.99,21.88,168,620,126,29
0.22,0.92,0.04,-5.13,0.24,-16.24,0.95,17.03,192,623,125,25
0.23,0.92,0.03,-1.28,0.85,-8.30,0.95,8.44,212,619,131,28
0.22,0.89,0.05,3.05,1.16,3.66,0.92,4.91,235,610,132,30
0.21,0.99,0.06,2.75,0.67,9.58,1.02,9.99,250,600,134,30
0.17,0.98,0.11,-0.18,0.43,3.91,1.00,3.93,252,594,136,32
0.17,1.15,0.07,-11.60,1.71,-8.30,1.16,14.36,304,595,131,30
0.17,1.33,0.03,-11.23,0.73,-38.15,1.34,39.77,182,648,138,26
0.23,1.49,0.00,-4.39,0.18,-87.34,1.51,87.45,44,715,126,19
0.28,1.43,-0.23,3.97,16.85,-136.66,1.47,137.75,14,700,115,15
0.19,1.48,0.02,14.47,4.33,-198.61,1.50,199.18,7,663,65,5
0.62,1.12,-0.08,-24.41,6.04,-246.22,1.29,247.50,4,615,25,3
0.82,1.39,-0.24,-64.88,-12.45,-170.17,1.63,182.54,3,591,9,8
0.80,1.04,-0.27,-33.39,-47.91,-98.27,1.33,114.31,3,592,8,9
0.94,1.26,-0.16,-26.25,-40.28,-21.30,1.58,52.59,3,598,8,8
0.60,1.07,-0.21,-24.84,-41.99,-1.28,1.25,48.81,3,579,7,11
0.19,1.36,0.08,-33.33,-41.56,57.07,1.37,78.07,2,579,6,14
0.05,1.26,0.17,13.73,-16.42,94.24,1.27,96.64,3,578,5,14
-0.08,0.69,-0.02,31.25,5.62,85.57,0.70,91.27,3,573,6,14
-0.28,0.55,0.04,16.11,22.77,96.01,0.61,99.98,3,564,5,18
-0.23,0.36,-0.02,7.81,42.42,107.67,0.42,115.98,3,557,7,18
-0.06,0.26,-0.13,-22.40,49.80,110.29,0.30,123.07,3,551,5,17
0.04,0.49,-0.05,-28.08,41.26,116.03,0.49,126.31,4,546,7,18
0.24,0.52,-0.14,-10.25,25.15,131.59,0.59,134.36,4,535,7,21
0.32,0.52,-0.18,-9.34,-4.27,131.53,0.64,131.93,4,528,6,20
0.30,0.62,-0.12,-5.43,-24.84,127.93,0.70,130.43,4,526,5,21
0.33,0.65,-0.11,-8.79,-37.05,116.82,0.74,122.87,4,525,5,21
0.35,0.75,-0.01,-10.25,-45.35,103.45,0.83,113.42,4,532,6,21
0.36,0.80,0.08,-6.90,-47.12,78.12,0.88,91.49,4,544,8,23
0.43,0.93,0.17,3.42,-49.93,60.12,1.03,78.22,4,562,6,20
0.53,1.01,0.25,5.00,-60.67,32.84,1.17,69.17,4,568,7,19
0.69,1.05,0.29,69.34,-64.45,8.85,1.29,95.08,4,593,7,20
0.56,0.88,0.26,79.53,-77.09,-21.85,1.07,112.89,3,610,10,22
0.38,0.72,0.30,51.88,-68.85,-39.18,0.87,94.69,3,611,9,19
0.35,0.85,0.40,26.92,-23.74,-43.21,1.00,56.17,3,615,9,20
0.30,0.77,0.30,25.45,21.67,-58.59,0.88,67.46,3,617,9,21
0.24,0.64,0.22,24.23,34.00,-47.42,0.71,63.18,3,620,11,20
0.09,0.35,0.04,23.93,40.04,-71.29,0.37,85.19,4,618,11,21
0.27,3.81,-0.78,-70.56,21.61,-79.47,3.90,108.44,12,641,18,25
-0.03,1.83,-0.03,-47.79,0.73,42.30,1.83,63.82,32,639,25,27
0.07,0.87,0.31,47.36,-6.10,-50.60,0.93,69.58,51,635,39,29
0.08,0.46,0.34,-30.58,6.65,-56.70,0.57,64.76,65,651,54,31
0.27,1.31,-0.16,-66.22,16.36,-18.86,1.35,70.77,93,650,67,32
0.24,0.87,-0.00,-0.55,4.33,-12.82,0.90,13.54,122,650,71,35
0.19,0.86,0.04,-4.64,4.21,7.69,0.88,9.92,140,643,76,37
0.20,1.07,-0.05,6.16,7.57,17.70,1.09,20.21,170,632,82,42
0.14,0.96,0.11,18.68,4.46,16.97,0.97,25.62,225,624,83,42
0.13,1.03,0.07,8.79,-0.85,9.09,1.04,12.68,225,613,81,45
0.15,0.97,0.06,8.42,-2.62,3.78,0.98,9.60,304,612,86,45
0.15,0.94,0.06,12.15,-3.54,5.86,0.95,13.94,268,604,85,46
0.09,0.99,0.11,11.84,-2.50,4.27,1.01,12.83,240,601,85,44
0.14,0.95,0.08,0.24,0.49,-2.20,0.96,2.26,288,597,88,46
0.13,0.98,0.09,-1.83,1.04,-2.14,0.99,3.00,306,595,91,47
0.13,0.98,0.09,-7.75,1.28,-6.77,1.00,10.37,272,595,90,44
0.14,0.98,0.07,-8.12,0.06,-10.68,0.99,13.42,310,603,96,41
0.16,0.97,0.07,-8.67,-0.24,-17.82,0.98,19.82,273,618,101,38
0.17,0.93,0.03,-8.42,-0.31,-14.10,0.95,16.43,222,628,101,36
0.17,0.95,0.05,1.89,0.67,-2.69,0.97,3.35,273,625,98,35
0.19,0.94,0.01,9.03,-0.12,4.64,0.96,10.16,275,623,101,35
0.17,0.96,0.07,11.72,-0.67,8.48,0.97,14.48,314,617,100,37
0.17,0.94,0.07,16.36,-5.31,10.07,0.96,19.93,273,611,96,37
0.17,0.97,0.09,11.41,-4.52,9.52,0.99,15.53,358,606,99,36
0.16,0.95,0.09,14.71,-5.55,12.94,0.96,20.36,314,600,95,41
0.12,0.98,0.11,15.75,-5.25,11.47,1.00,20.18,505,594,92,39
0.13,0.95,0.12,9.95,-3.17,6.41,0.96,12.25,291,588,92,42
0.12,0.97,0.10,4.03,-2.01,4.46,0.98,6.34,330,583,92,45
0.12,0.99,0.10,4.70,-1.77,3.42,1.00,6.07,289,580,91,46
0.12,1.01,0.10,5.86,-1.04,-2.26,1.02,6.36,456,580,90,41
0.13,0.97,0.11,4.70,-0.98,-8.91,0.99,10.12,388,585,90,39
0.12,0.94,0.12,4.46,-0.43,-10.56,0.96,11.47,275,596,95,36
0.13,1.00,0.11,-0.98,-0.24,-13.43,1.02,13.47,293,608,96,34
0.13,0.98,0.12,-4.94,-0.92,-20.14,0.99,20.76,314,631,102,30
0.14,0.98,0.12,-11.96,0.98,-27.16,1.00,29.69,237,654,105,26
0.17,0.98,0.10,-17.70,3.85,-34.06,1.00,38.57,240,675,109,21
0.20,0.96,0.07,-18.86,7.32,-35.22,0.98,40.62,222,684,112,20
0.21,0.89,0.08,-16.60,9.09,-33.87,0.92,38.80,212,686,114,22
0.28,0.83,0.01,-13.92,7.26,-18.86,0.88,24.54,246,682,121,22
0.26,0.90,0.01,-4.64,3.72,-0.37,0.93,5.96,328,667,126,25
0.24,0.99,0.05,4.82,1.83,10.19,1.02,11.42,334,655,128,24
0.19,1.04,0.12,7.51,1.34,4.52,1.06,8.86,388,645,130,25
0.19,1.06,0.09,-7.26,3.05,-7.14,1.08,10.63,281,646,128,29
0.18,1.24,0.11,-18.25,6.53,-30.03,1.25,35.74,267,676,134,27
0.20,1.45,0.05,-25.39,13.49,-68.97,1.47,74.72,179,720,129,21
0.17,1.59,-0.01,-23.32,14.22,-116.52,1.60,119.67,38,730,119,17
0.17,1.45,0.05,-11.41,24.35,-168.70,1.46,170.83,10,705,86,11
0.44,1.48,-0.11,-20.14,28.63,-217.29,1.55,220.09,5,692,40,5
0.80,1.48,-0.24,-14.40,25.63,-210.39,1.70,212.43,3,646,16,7
1.20,1.15,-0.40,-29.48,2.26,-156.37,1.71,159.14,3,611,7,10
0.87,0.85,-0.42,-48.10,-25.27,-144.71,1.29,154.58,3,615,7,12
0.76,1.50,-0.09,-32.90,-11.78,-1.65,1.68,34.98,3,619,5,11
0.61,1.20,-0.17,-1.59,-11.29,43.15,1.35,44.63,3,615,6,14
0.36,1.17,-0.00,-4.58,-23.80,80.38,1.23,83.96,3,601,5,14
0.20,0.79,-0.05,23.13,-32.17,73.12,0.81,83.16,3,597,7,16
0.09,0.36,-0.07,39.79,-49.99,64.70,0.38,90.93,4,592,7,17
-0.01,-0.08,-0.16,35.71,-86.73,85.08,0.17,126.63,4,589,7,20
0.06,-0.20,-0.01,44.01,-90.64,107.67,0.21,147.46,4,584,7,21
0.20,-0.47,-0.04,18.86,-81.05,83.13,0.51,117.63,4,578,5,21
0.17,-0.18,0.19,-12.76,-74.95,56.34,0.31,94.63,4,571,8,20
0.21,-0.08,0.27,-15.56,-27.65,39.00,0.35,50.28,4,570,7,18
0.59,0.38,0.33,-55.24,20.08,62.81,0.78,86.02,4,573,7,19
0.98,0.81,0.36,-50.35,43.27,50.17,1.32,83.22,5,569,6,18
1.02,1.13,0.35,-40.47,27.10,34.85,1.57,59.89,5,570,7,18
0.82,1.19,0.34,-9.95,-4.82,63.66,1.48,64.61,5,573,7,19
0.66,0.87,0.20,21.24,-28.81,52.92,1.11,63.89,5,573,8,18
0.37,0.67,0.08,20.69,-29.60,26.18,0.77,44.61,5,575,8,17
0.40,0.62,-0.13,10.01,-24.66,0.12,0.75,26.61,5,580,7,17
0.26,0.84,0.28,30.94,-11.78,-44.01,0.92,55.07,4,586,7,19
0.17,0.38,0.03,42.54,3.54,-34.91,0.42,55.15,4,589,8,17
0.20,0.54,0.06,-4.82,8.06,-5.55,0.58,10.91,4,594,7,16
0.43,0.68,0.06,-8.91,22.95,-15.14,0.81,28.90,4,612,7,16
0.42,0.94,0.15,4.15,27.22,-78.86,1.04,83.53,3,626,8,15
2.68,1.76,0.58,32.10,-19.84,-66.65,3.26,76.59,3,652,28,17
0.23,1.19,-0.65,-36.99,-4.52,109.38,1.38,115.55,5,661,45,19
-0.04,1.05,0.37,-24.05,6.29,101.20,1.11,104.20,7,657,65,20
