-,-,-
0.36,1.27,-0.17,18.86,-0.37,-151.49,1.34,152.66,1,380,105,9
0.34,1.49,-0.13,-81.30,-41.38,-214.36,1.53,232.96,1,440,75,5
0.73,1.78,-0.15,-12.94,17.76,-281.56,1.93,282.41,1,524,42,5
0.60,1.88,-0.06,4.03,34.18,-285.77,1.98,287.83,1,562,25,7
-0.50,1.45,0.18,45.41,40.65,-244.32,1.54,251.81,1,511,16,12
-0.57,0.77,-0.83,135.93,-42.60,4.76,1.27,142.52,1,546,15,14
-0.99,0.90,0.30,-151.86,-134.70,48.58,1.37,208.72,1,561,15,15
-0.80,0.80,0.62,85.88,-26.98,121.46,1.28,151.18,1,552,13,15
-0.55,0.03,-0.31,202.09,37.96,124.15,0.64,240.19,1,515,13,16
-0.32,0.04,-0.47,-1.16,-59.88,213.01,0.57,221.27,2,487,15,18
-0.09,0.73,0.19,-69.89,-100.52,265.81,0.76,292.65,1,472,14,17
0.17,0.96,0.39,-14.40,-65.92,242.86,1.05,252.06,2,439,16,15
0.31,1.30,0.26,1.89,-29.30,208.50,1.36,210.55,1,418,13,16
0.99,1.58,0.39,-30.76,-17.58,262.33,1.90,264.71,2,401,18,12
2.65,1.87,0.48,25.94,36.25,224.79,3.28,229.17,2,388,19,13
3.57,1.35,0.28,33.63,4.33,65.43,3.83,73.69,2,379,21,12
2.95,0.80,-0.05,78.86,68.85,-67.57,3.05,124.59,1,385,20,13
3.18,-0.02,-0.24,48.28,61.10,-160.40,3.19,178.30,1,412,35,16
-0.46,0.12,0.14,-142.58,72.57,-52.12,0.50,168.26,1,355,73,14
0.28,0.66,0.38,-180.91,20.45,58.96,0.81,191.37,2,271,107,16
0.14,2.94,-0.47,226.26,76.97,155.70,2.98,285.23,2,212,123,24
0.01,0.64,-0.06,46.02,-0.79,-132.93,0.64,140.68,2,198,131,24
0.11,0.85,0.32,-103.94,-43.09,-11.84,0.92,113.14,3,197,138,25
0.20,1.48,0.35,-80.14,10.44,-32.65,1.53,87.16,2,204,142,24
0.20,0.83,0.06,36.62,61.65,-73.49,0.85,102.67,2,208,146,23
0.30,0.74,-0.36,-4.15,8.30,-26.18,0.88,27.78,2,211,146,22
0.25,1.10,0.07,-86.73,-25.76,-11.47,1.13,91.20,2,217,147,23
0.24,1.20,0.28,-51.94,-8.06,-34.97,1.26,63.13,2,227,147,21
0.27,1.11,0.03,25.39,30.88,-50.35,1.15,64.30,2,240,143,20
0.31,1.08,-0.21,6.53,7.69,-52.98,1.14,53.93,2,269,141,18
0.30,1.19,0.03,-21.48,-11.47,-78.31,1.23,82.01,1,323,129,15
0.32,1.05,0.08,22.89,2.50,-99.12,1.10,101.76,1,401,121,13
0.36,1.08,0.00,31.07,9.40,-108.03,1.13,112.80,1,450,105,12
0.51,1.04,-0.00,54.20,13.85,-121.77,1.16,134.00,1,499,61,9
0.62,1.65,-0.19,37.78,-7.93,-116.09,1.77,122.34,1,576,35,10
0.43,2.22,0.32,-32.47,-50.72,-127.50,2.28,141.01,1,574,22,12
-2.47,1.57,0.35,129.09,96.13,-158.87,2.94,226.16,1,527,15,15
-0.79,1.09,-1.21,109.07,44.13,21.79,1.81,119.66,1,532,13,15
-0.86,1.20,0.11,-86.18,-129.52,70.07,1.48,170.62,1,535,15,17
-1.34,0.96,0.74,-51.45,-150.88,76.66,1.81,176.89,1,537,13,18
-1.17,0.73,0.32,95.70,-39.25,132.63,1.41,168.20,1,527,12,17
-0.62,0.77,-0.11,67.32,-6.84,199.28,0.99,210.46,1,509,15,20
-0.25,1.19,-0.07,-28.56,-19.17,227.60,1.22,230.18,2,497,12,17
-0.00,1.66,-0.03,-21.91,17.21,205.93,1.66,207.81,1,492,11,16
0.06,1.46,-0.39,34.30,157.17,77.51,1.51,178.57,1,505,14,14
0.89,1.61,-1.42,51.33,221.98,69.89,2.33,238.32,1,510,13,11
1.87,1.42,-0.91,-59.08,109.80,152.28,2.52,196.82,2,472,12,10
4.00,-0.16,-1.27,-35.34,152.47,16.05,4.20,157.33,2,422,14,8
3.85,-0.03,-0.72,-273.01,-81.42,-75.20,3.91,294.65,2,420,14,4
1.89,1.45,4.00,-400.63,-280.33,-143.13,4.66,509.49,1,438,17,4
1.41,1.08,3.10,64.09,22.34,-16.05,3.57,69.74,1,336,72,10
-0.03,1.37,-0.56,315.92,57.31,156.80,1.48,357.32,2,237,100,13
0.30,2.76,-0.56,63.60,-49.56,229.37,2.83,243.13,2,195,123,21
-0.04,0.45,1.75,-155.03,-83.68,-146.79,1.81,229.31,3,189,133,25
0.16,1.27,-0.03,139.28,104.61,6.41,1.28,174.31,3,188,138,24
0.23,0.62,-0.52,-24.84,6.35,-84.84,0.84,88.63,3,187,137,25
0.22,1.22,0.12,-67.26,-40.83,11.96,1.25,79.59,3,192,144,25
0.20,1.03,0.33,-22.83,3.17,-39.49,1.10,45.72,3,193,143,23
0.25,0.97,-0.22,41.02,31.98,-24.60,1.02,57.53,3,196,147,23
0.25,0.93,-0.16,-12.82,-6.59,-16.54,0.98,21.94,3,200,149,22
0.24,1.04,0.18,-32.41,-21.85,-18.49,1.08,43.24,2,203,148,22
0.25,1.11,0.13,13.79,5.98,-19.47,1.15,24.60,2,212,146,19
0.27,1.12,-0.12,21.00,11.72,-30.03,1.16,38.47,2,226,145,14
0.26,1.27,-0.05,-18.62,-8.36,-38.64,1.30,43.69,2,243,133,12
0.22,1.44,0.07,-2.81,5.25,-96.13,1.46,96.31,1,284,132,12
0.28,1.00,-0.00,11.17,12.08,-133.42,1.04,134.43,1,354,115,9
0.30,0.93,0.07,-36.56,-0.24,-145.87,0.98,150.39,1,413,100,6
0.37,1.26,0.22,-83.92,-6.90,-173.46,1.33,192.82,1,445,70,3
0.48,1.84,0.26,-112.61,0.43,-207.64,1.92,236.21,1,492,47,0
0.64,2.23,0.00,-58.65,52.37,-247.62,2.32,259.80,1,549,26,3
-0.49,1.89,0.14,7.51,65.55,-243.16,1.96,251.96,1,509,16,10
-0.39,1.03,-0.60,179.50,-41.99,-48.28,1.25,190.57,1,551,14,10
-1.06,0.75,-0.05,-38.76,-203.00,0.55,1.29,206.67,1,548,12,15
-1.41,0.80,0.38,11.84,-127.56,125.85,1.66,179.59,1,547,12,14
-0.96,0.09,-0.03,146.36,23.07,160.83,0.97,218.68,1,508,12,15
-0.25,0.18,-1.10,80.14,44.92,236.69,1.14,253.90,2,476,11,13
0.06,1.16,-0.09,-114.14,-34.24,280.70,1.17,304.95,2,451,13,14
0.26,1.49,0.34,-27.47,-1.77,238.59,1.55,240.17,2,423,13,13
0.39,1.51,-0.08,77.76,49.99,226.14,1.56,244.30,1,414,16,13
1.19,1.66,-0.10,28.02,48.28,216.98,2.05,224.04,1,415,17,12
2.64,1.74,0.02,38.15,84.96,161.01,3.16,186.01,1,404,20,11
3.86,0.84,-0.51,126.89,108.58,33.02,3.98,170.24,1,398,23,9
2.95,-0.04,-0.94,7.20,-8.12,-87.83,3.09,88.50,1,414,27,12
1.45,-0.85,1.13,-281.37,26.31,-72.75,2.03,291.81,2,361,62,12
0.55,1.14,0.19,-12.94,41.02,148.56,1.28,154.66,2,262,102,17
0.05,2.63,-1.32,211.12,93.08,169.01,2.95,286.00,2,202,119,22
0.04,0.13,0.31,-65.61,-76.17,-123.11,0.33,158.94,3,190,128,23
0.08,1.36,0.46,-43.88,-37.35,60.42,1.44,83.50,3,190,136,25
0.14,1.27,0.20,21.61,46.02,-60.73,1.29,79.20,3,191,139,21
0.18,0.72,-0.19,43.52,62.62,-77.58,0.77,108.78,3,195,141,23
0.22,0.96,-0.05,-65.19,-21.61,-24.17,0.99,72.80,2,199,143,22
0.21,1.16,0.20,-34.97,8.48,-31.13,1.20,47.58,2,204,143,22
0.22,1.02,-0.08,5.74,16.17,-32.29,1.04,36.57,2,209,147,22
0.24,1.07,0.03,-43.88,-0.79,-37.66,1.10,57.83,2,219,144,20
0.23,1.15,0.15,-38.76,2.87,-50.78,1.18,63.95,2,236,147,16
0.29,1.20,-0.07,3.36,16.78,-63.48,1.24,65.74,2,262,144,14
0.31,1.11,-0.14,5.62,2.26,-84.23,1.16,84.45,1,304,138,12
0.30,1.05,0.09,-7.02,-9.46,-103.09,1.10,103.76,1,352,130,10
0.33,1.09,0.08,-7.51,3.23,-119.75,1.14,120.03,1,413,119,6
0.39,1.12,-0.04,-14.71,4.58,-154.66,1.18,155.43,1,437,96,5
0.38,1.28,0.15,-72.69,-9.28,-204.77,1.34,217.49,1,417,67,2
0.58,1.64,0.71,-113.22,24.41,-228.52,1.88,256.19,1,466,38,2
0.43,1.83,0.19,-28.75,86.67,-239.50,1.89,256.32,1,532,20,2
-0.70,1.58,0.17,32.29,92.71,-218.81,1.73,239.83,1,520,12,8
-0.48,0.82,-0.94,159.73,38.57,-8.30,1.34,164.53,1,537,13,9
-0.65,0.98,-0.11,-82.09,-80.20,66.71,1.19,132.75,1,537,11,8
-0.65,1.07,0.53,1.95,-62.56,91.86,1.36,111.16,1,531,10,11
-0.42,0.62,-0.18,200.38,5.55,117.92,0.77,232.57,1,502,10,12
-0.21,0.22,-0.93,157.35,-53.71,203.74,0.98,262.97,2,489,11,11
-0.02,0.72,-0.24,1.89,-129.82,254.39,0.76,285.61,2,467,11,12
0.14,1.18,-0.07,5.19,-98.14,207.64,1.19,229.73,1,449,12,11
0.36,1.12,0.01,1.46,-46.75,167.42,1.18,173.83,1,443,14,12
0.83,1.37,0.03,-48.52,8.67,200.07,1.60,206.06,1,436,16,9
2.39,1.28,0.31,-45.17,75.50,163.88,2.73,186.00,2,411,16,10
3.42,0.26,-0.36,71.66,130.07,64.21,3.45,161.79,2,393,17,9
2.91,-0.00,-0.40,-100.22,15.87,6.77,2.93,101.69,2,378,20,6
4.00,0.65,0.77,-235.78,-60.79,-95.58,4.12,261.58,1,348,52,12
0.23,-0.20,0.91,5.86,267.82,99.37,0.96,285.72,2,241,81,12
0.54,1.91,-2.00,346.92,52.43,195.31,2.82,401.56,2,196,106,15
0.07,0.63,0.25,-164.12,-154.11,-117.55,0.68,253.98,3,188,121,20
0.17,1.30,0.13,209.59,67.57,76.72,1.31,233.20,3,187,131,23
0.17,0.99,-0.52,75.44,79.96,-51.51,1.13,121.40,3,187,136,24
0.16,0.80,0.04,-71.11,-18.92,-67.50,0.82,99.85,3,190,137,22
0.23,1.28,0.15,-25.15,-12.33,-9.28,1.31,29.50,3,191,141,21
0.20,0.89,0.04,12.82,27.10,-45.72,0.91,54.67,3,196,144,21
0.25,0.98,-0.15,-16.24,-0.31,-27.34,1.03,31.80,2,204,145,21
0.25,1.19,0.11,-45.29,-11.90,-27.95,1.22,54.54,2,215,144,18
0.25,1.10,0.02,-19.04,17.09,-55.42,1.13,61.04,2,232,145,18
0.29,1.05,-0.10,-22.71,1.95,-56.95,1.09,61.34,2,250,142,15
0.34,1.10,-0.06,7.32,-5.80,-56.27,1.15,57.04,2,275,134,12
0.35,1.04,-0.08,19.04,-3.97,-96.92,1.10,98.86,1,313,134,9
0.38,0.96,-0.07,15.56,-8.06,-97.96,1.03,99.52,1,353,121,7
0.41,1.12,0.01,0.49,-12.27,-111.33,1.19,112.00,1,405,117,5
0.45,1.03,-0.06,9.34,-7.81,-137.70,1.12,138.23,1,442,100,4
0.49,1.41,0.07,-56.34,-26.31,-167.05,1.49,178.25,1,472,71,2
0.63,1.71,0.22,-79.47,-23.68,-211.91,1.83,227.56,1,532,47,2
0.66,1.91,0.07,-30.03,19.41,-257.26,2.02,259.74,1,603,29,3
0.45,2.03,-0.01,-7.39,24.29,-277.65,2.07,278.81,1,612,16,7
-0.60,0.76,-0.02,140.08,17.64,-190.86,0.97,237.40,1,588,14,11
-0.75,1.12,-0.69,57.86,-98.39,53.65,1.51,126.12,1,601,13,12
-1.09,0.91,0.45,-40.47,-126.34,137.15,1.49,190.81,1,583,11,13
-0.63,0.72,0.04,184.51,13.37,194.64,0.96,268.53,1,563,11,14
-0.29,0.06,-1.24,180.73,15.38,231.75,1.27,294.29,1,539,12,13
-0.27,0.67,-0.29,-74.22,-72.27,280.03,0.77,298.58,1,517,13,16
-0.09,1.17,-0.03,-49.56,-51.57,294.19,1.18,302.76,1,487,12,15
0.06,1.14,-0.07,-16.72,-7.32,250.06,1.15,250.73,2,449,12,14
0.51,1.45,-0.06,-73.67,-10.86,216.67,1.54,229.11,2,419,16,13
1.74,1.81,0.37,-65.31,19.10,219.79,2.53,230.08,2,394,17,11
3.02,0.77,-0.23,-49.07,107.54,119.75,3.12,168.27,2,365,15,11
4.00,1.05,-0.85,-61.71,86.12,56.52,4.22,120.08,2,340,13,10
2.82,0.53,0.43,-259.46,-130.62,-91.86,2.90,304.66,2,335,15,13
0.45,2.67,0.11,132.14,-91.19,87.34,2.71,182.77,2,228,65,20
0.24,1.27,-0.23,416.69,101.62,-34.67,1.32,430.30,2,188,102,27
0.12,0.27,0.04,-80.51,12.57,-70.07,0.29,107.47,3,179,116,33
0.13,1.73,0.05,-13.49,-47.18,61.28,1.74,78.51,3,185,126,28
0.15,0.93,0.50,-106.14,15.99,-157.47,1.06,190.57,3,193,134,23
0.27,1.20,-0.42,95.70,62.62,-9.09,1.30,114.73,2,200,135,22
0.24,0.55,-0.07,-47.85,0.73,-46.81,0.60,66.95,2,202,139,20
0.28,1.23,0.06,-23.01,-23.99,9.89,1.27,34.68,2,204,142,19
0.25,1.02,0.16,10.44,9.52,-26.49,1.06,30.02,2,209,144,20
0.28,0.94,-0.10,9.22,12.51,-27.40,0.99,31.50,2,216,144,18
0.29,1.10,0.01,-20.81,-6.77,-22.58,1.14,31.45,2,230,140,16
0.30,1.04,0.13,-10.07,2.38,-40.16,1.09,41.47,2,248,134,12
0.30,0.97,0.01,16.24,6.10,-36.50,1.02,40.41,1,269,133,12
0.32,0.90,-0.02,-4.03,0.06,-42.66,0.96,42.85,1,296,129,10
0.35,0.98,0.05,-4.88,3.05,-54.20,1.05,54.50,1,327,121,9
0.40,1.03,-0.03,3.30,5.55,-62.50,1.11,62.83,1,342,109,8
0.41,1.24,-0.04,-17.52,-2.08,-82.15,1.30,84.03,1,342,85,8
0.44,1.41,0.00,-46.51,-3.60,-122.44,1.47,131.02,1,346,52,7
0.56,1.85,-0.07,-138.06,12.08,-178.41,1.94,225.91,2,410,27,9
0.53,2.57,0.11,-248.54,-19.41,-220.09,2.62,332.55,2,458,13,13
-1.78,1.93,0.47,-52.00,15.26,-236.08,2.67,242.22,2,456,10,15
-1.02,1.40,-0.41,159.36,-42.48,-31.25,1.78,167.86,1,467,7,14
-1.24,0.54,-0.18,100.16,-74.34,54.87,1.37,136.27,2,475,7,16
-1.03,0.21,0.12,87.40,-33.33,82.95,1.06,125.02,2,477,8,15
-0.51,0.14,-0.43,124.94,21.12,127.32,0.68,179.63,2,448,9,14
-0.00,0.68,-0.26,11.35,-30.21,170.90,0.73,173.92,2,426,11,12
0.07,0.85,-0.05,27.16,-38.88,180.11,0.86,186.25,1,411,12,12
0.24,1.07,-0.25,42.11,-32.84,214.60,1.12,221.14,2,398,12,12
0.55,1.57,-0.07,-22.34,-29.66,203.25,1.67,206.61,2,399,16,11
1.13,1.66,0.28,12.33,7.20,123.96,2.03,124.78,2,415,17,11
1.39,1.12,-0.18,85.75,83.31,86.18,1.80,147.38,1,428,14,10
2.11,1.00,-0.46,33.81,72.45,97.05,2.38,125.74,1,428,18,10
2.90,0.71,-0.14,-30.46,63.84,27.28,2.99,75.81,1,426,18,12
2.64,0.50,-0.31,6.53,29.79,-60.91,2.71,68.12,1,432,18,10
1.60,0.17,-0.31,-50.84,-36.93,-127.75,1.64,142.36,1,453,18,8
0.22,2.07,2.58,-129.94,-106.63,-20.63,3.32,169.35,1,354,57,14
0.02,0.47,0.06,179.44,73.67,38.51,0.48,197.76,2,230,89,15
0.19,2.02,-0.28,37.23,-25.15,138.00,2.05,145.13,3,190,107,22
0.15,0.92,0.40,-38.64,-48.65,-64.64,1.01,89.65,3,183,123,25
0.19,0.78,0.55,-46.81,6.16,-50.84,0.97,69.39,3,187,128,24
0.24,1.19,0.02,72.51,53.83,-32.65,1.21,96.03,3,188,135,21
0.22,0.78,-0.09,-7.69,1.22,-24.90,0.82,26.09,3,188,136,23
0.26,1.08,0.23,-21.36,-37.60,5.55,1.14,43.60,3,189,142,22
0.24,1.05,0.32,7.75,11.23,-10.74,1.12,17.37,3,191,142,23
0.26,1.04,0.08,1.34,19.17,-31.86,1.08,37.20,3,193,139,23
0.27,1.11,0.11,-39.25,5.80,-42.36,1.15,58.04,2,204,141,20
0.30,1.03,0.16,-37.54,8.79,-66.65,1.09,77.00,2,221,143,12
0.33,0.99,-0.01,-21.00,18.62,-66.22,1.04,71.92,2,243,140,13
0.38,1.02,-0.00,-17.09,-1.04,-52.61,1.08,55.33,2,270,134,11
0.41,1.11,-0.01,-9.89,7.02,-96.25,1.18,97.01,1,296,127,7
0.41,1.06,-0.01,-15.26,-6.41,-87.34,1.14,88.90,1,312,122,8
0.42,1.23,0.10,-37.96,-12.88,-115.30,1.30,122.07,1,337,119,6
0.44,1.36,0.08,-29.30,-5.74,-154.24,1.43,157.10,1,380,102,3
0.48,1.71,0.13,-84.29,-19.41,-216.31,1.78,232.96,1,419,65,1
0.64,2.26,0.28,-77.70,19.35,-290.10,2.37,300.95,1,524,40,2
0.56,1.90,0.05,-39.06,46.57,-321.47,1.98,327.17,1,600,24,2
-0.58,1.82,0.24,1.59,35.64,-270.14,1.93,272.49,1,561,13,10
-0.52,0.97,-0.38,216.19,-30.03,12.76,1.16,218.63,1,603,11,8
-0.71,0.60,0.11,68.30,-101.68,66.96,0.93,139.60,1,587,9,14
-0.85,0.44,-0.23,146.91,-46.57,195.19,0.98,248.70,1,582,8,15
-0.12,0.31,-0.49,117.37,-21.97,254.09,0.59,280.75,1,562,10,17
0.04,0.59,-0.43,16.91,-47.30,269.04,0.73,273.69,1,540,7,15
0.17,0.92,-0.13,-8.67,-50.96,268.68,0.95,273.60,1,512,13,15
0.18,1.02,-0.16,-14.53,-13.55,222.78,1.05,223.66,2,479,14,14
0.28,1.38,-0.03,-63.78,11.60,230.22,1.41,239.18,1,463,13,14
0.90,1.59,0.17,-22.28,43.64,240.48,1.84,245.42,1,449,14,12
1.96,1.51,-0.10,46.02,48.95,195.43,2.47,206.66,2,433,16,11
2.51,1.27,-0.06,1.34,18.01,43.21,2.81,46.83,2,423,17,9
2.61,0.80,-0.24,11.66,63.11,-12.02,2.74,65.29,1,429,14,9
2.25,0.21,-0.39,-18.37,35.22,-79.35,2.30,88.73,1,436,16,9
1.99,1.32,-0.28,-56.52,-107.60,-123.60,2.40,173.35,2,394,45,14
-0.21,-0.18,0.74,73.67,80.75,20.94,0.79,111.29,1,313,69,13
0.10,0.39,0.01,40.71,21.91,63.48,0.40,78.53,2,229,100,16
-0.13,2.62,-0.36,68.54,-16.78,263.61,2.64,272.89,3,187,111,22
0.04,0.63,0.60,-46.81,-51.45,-147.34,0.87,162.93,3,184,120,28
0.12,0.72,0.47,21.67,15.38,-8.97,0.87,28.05,3,183,123,28
0.20,1.41,-0.03,44.74,50.05,-38.21,1.43,77.24,3,186,131,25
0.20,0.63,0.06,4.21,18.62,-61.95,0.66,64.82,3,188,138,24
0.22,1.10,0.11,-22.77,-23.19,-5.98,1.12,33.05,3,188,135,24
0.19,1.00,0.25,-7.57,3.72,-20.02,1.05,21.72,3,191,141,24
0.22,1.02,0.14,1.10,9.03,-23.32,1.06,25.03,3,193,138,22
0.23,1.00,0.11,-6.71,7.26,-29.79,1.03,31.38,2,201,141,16
0.24,0.99,0.14,-17.82,3.97,-36.38,1.03,40.70,2,212,144,17
0.25,0.98,0.14,-14.16,5.49,-33.45,1.02,36.73,2,225,137,16
0.28,0.99,0.05,-5.62,7.69,-33.81,1.03,35.13,2,240,141,13
0.30,1.02,0.05,-7.57,2.20,-33.94,1.06,34.84,2,251,138,14
0.30,1.03,0.10,-13.24,-0.67,-65.86,1.08,67.18,2,264,132,13
0.33,1.09,0.12,-13.43,3.23,-65.19,1.14,66.63,2,278,129,12
0.37,1.21,0.02,-9.28,5.37,-83.56,1.27,84.24,2,304,120,10
0.37,1.46,-0.07,-22.22,-5.07,-115.54,1.51,117.77,1,344,114,7
0.28,1.87,-0.06,-49.62,-27.28,-180.60,1.89,189.27,1,395,96,4
0.26,2.16,0.66,-91.31,-48.34,-280.46,2.27,298.88,1,468,62,1
0.58,2.11,0.46,-50.54,1.59,-351.14,2.23,354.76,1,594,36,1
0.37,1.83,0.20,-27.40,31.49,-349.37,1.88,351.85,1,638,17,4
-0.94,1.38,0.31,55.54,45.23,-279.48,1.70,288.51,1,576,13,12
-0.96,0.56,-0.76,89.11,-37.41,138.85,1.34,169.18,1,609,13,10
-0.34,0.86,0.33,19.84,-44.31,171.02,0.98,177.78,1,579,12,12
-0.06,0.36,-0.54,181.58,27.95,148.13,0.65,236.00,1,542,11,12
-0.07,0.22,-0.48,8.79,-56.40,175.17,0.53,184.24,1,506,13,14
-0.09,0.68,-0.14,-4.76,-55.97,216.06,0.70,223.25,1,493,14,12
0.10,0.81,-0.16,-8.42,-43.09,247.01,0.83,250.88,1,475,13,13
0.33,1.04,-0.08,-39.86,-27.53,262.27,1.10,266.70,2,455,12,14
0.73,1.34,0.06,-49.50,-23.93,259.46,1.53,265.22,2,439,14,14
1.42,1.33,0.34,-35.34,-3.85,227.23,1.98,230.00,1,417,16,12
2.50,1.28,0.17,22.77,46.88,139.10,2.82,148.54,2,401,17,9
3.36,0.61,0.04,36.32,7.32,53.41,3.41,65.00,2,384,19,9
2.62,0.38,-0.02,16.30,9.95,-30.82,2.64,36.26,2,380,17,10
0.93,-0.20,0.09,-31.43,7.75,-119.57,0.96,123.87,2,380,22,11
0.34,1.11,3.13,-85.21,-103.09,-18.31,3.34,134.99,2,272,84,14
0.03,2.11,0.02,40.77,65.55,125.31,2.11,147.18,2,192,107,21
0.35,2.53,-0.27,4.09,-16.97,168.76,2.57,169.66,3,180,120,26
0.11,0.35,0.48,-155.09,-16.85,-202.88,0.60,255.92,3,180,127,28
0.22,1.28,0.22,29.91,28.63,56.70,1.31,70.21,3,184,130,25
0.20,1.10,-0.01,-9.77,8.42,-90.70,1.12,91.61,3,185,136,21
0.22,0.97,-0.06,-13.49,4.76,18.43,1.00,23.33,3,188,139,23
0.21,1.04,0.25,-53.89,-22.34,-19.10,1.09,61.39,3,188,141,23
0.21,0.94,0.27,8.00,1.83,-16.36,1.00,18.30,3,189,139,21
0.22,1.05,0.10,19.84,18.98,-23.19,1.08,35.94,3,193,140,21
0.25,0.87,0.03,3.17,7.02,-27.95,0.91,29.00,2,200,145,18
0.25,0.98,0.10,-15.14,-1.71,-17.76,1.02,23.40,2,206,143,16
0.25,1.00,0.18,-11.66,-1.40,-20.08,1.04,23.26,2,215,143,15
0.27,0.98,0.12,0.67,4.39,-20.14,1.02,20.63,2,225,140,14
0.27,0.91,0.08,-6.53,7.32,-23.13,0.95,25.13,2,233,136,13
0.30,1.05,0.06,-15.87,5.07,-26.49,1.09,31.29,2,241,133,10
0.31,1.06,0.10,-17.15,3.30,-45.10,1.11,48.37,2,253,129,9
0.34,1.06,0.08,-8.79,3.17,-56.95,1.12,57.71,2,263,130,10
0.36,1.12,0.05,-16.36,-1.22,-70.37,1.18,72.26,1,281,127,9
0.36,1.47,0.01,-32.35,-11.90,-95.76,1.51,101.78,2,302,113,9
0.30,1.93,-0.01,-39.55,-22.28,-157.47,1.96,163.88,1,340,107,4
0.18,2.30,0.15,-74.77,-34.61,-263.61,2.31,276.19,1,415,70,2
0.69,2.37,0.13,-35.64,17.70,-355.41,2.47,357.63,1,564,36,1
0.40,2.17,0.17,39.25,45.72,-331.79,2.21,337.21,1,598,17,7
-1.13,0.38,-0.27,223.21,16.36,-170.04,1.23,281.08,1,572,14,10
-1.29,0.58,-0.11,-33.94,-135.56,47.91,1.42,147.73,1,594,13,14
-1.18,0.61,0.57,21.85,-76.72,151.67,1.45,171.37,1,583,13,14
-0.59,0.35,-0.55,213.26,41.99,194.09,0.88,291.40,1,551,11,14
-0.28,0.34,-0.66,13.85,-22.28,234.74,0.79,236.20,1,520,12,13
-0.16,1.04,-0.29,-12.63,-6.96,266.42,1.09,266.81,1,490,15,13
-0.07,1.18,-0.27,-17.27,24.11,271.97,1.21,273.58,2,457,14,12
0.46,1.60,-0.17,-48.65,62.56,290.10,1.67,300.73,2,431,14,11
1.60,1.69,-0.12,57.68,38.82,213.07,2.33,224.13,1,400,14,9
2.17,1.18,-0.22,-0.98,-31.86,146.73,2.47,150.15,2,391,17,8
2.93,0.64,-0.16,-23.99,23.01,83.74,3.00,90.10,2,384,15,8
3.24,0.61,-0.47,-17.52,72.08,15.01,3.34,75.68,1,381,12,7
2.32,0.27,-0.15,-109.92,-19.96,-62.99,2.34,128.25,1,387,13,9
0.36,2.48,2.01,-5.62,-209.78,4.58,3.21,209.90,2,297,55,15
-0.19,-0.38,0.32,249.94,9.28,-23.56,0.54,251.22,2,203,90,20
0.01,1.39,0.38,6.65,-49.19,146.85,1.45,155.01,3,182,108,30
0.04,2.21,0.23,22.28,0.79,21.00,2.23,30.62,4,180,118,29
0.13,0.23,0.44,46.14,56.34,-101.38,0.52,124.82,3,184,127,29
0.23,1.36,-0.27,73.79,43.70,47.24,1.41,97.91,3,185,133,25
0.17,0.69,0.09,-48.03,-47.67,-53.53,0.72,86.28,4,186,134,27
0.15,1.22,0.30,-38.45,-3.11,1.34,1.27,38.60,3,187,139,22
0.18,0.97,0.28,-7.81,10.50,-26.92,1.02,29.93,3,189,136,23
0.20,1.04,0.07,24.17,19.84,-19.65,1.06,36.93,3,191,143,23
0.22,0.91,0.04,-16.66,9.22,-31.86,0.93,37.12,3,195,142,20
0.23,1.00,0.16,-20.02,1.59,-23.01,1.03,30.54,2,200,138,17
0.23,0.99,0.18,-7.57,6.96,-31.98,1.04,33.59,2,209,141,15
0.24,1.04,0.10,13.61,14.95,-32.35,1.07,38.15,2,217,135,14
0.28,1.01,0.03,-17.88,5.55,-32.23,1.04,37.27,2,231,136,11
0.30,1.01,0.10,-18.01,1.59,-34.06,1.06,38.56,2,237,134,11
0.34,0.93,0.07,-9.46,3.60,-69.58,0.99,70.31,2,252,130,10
0.34,1.09,-0.02,-12.39,-2.93,-57.07,1.14,58.47,2,262,126,9
0.36,1.08,0.09,-36.68,-14.10,-79.59,1.14,88.76,1,282,120,8
0.36,1.17,0.14,-33.14,-15.38,-95.76,1.23,102.50,1,304,114,8
0.34,1.63,0.11,-53.77,-18.31,-134.28,1.67,145.80,1,337,105,6
0.37,2.05,-0.03,-30.21,-12.76,-212.28,2.09,214.80,1,414,70,1
0.69,2.11,0.14,-56.88,14.10,-315.67,2.22,321.07,1,523,42,1
0.53,2.09,0.05,-42.66,26.25,-304.57,2.16,308.66,1,572,19,6
-0.89,1.23,0.16,25.88,-15.08,-217.10,1.53,219.16,1,522,10,11
-0.96,1.30,-0.29,35.40,-143.55,-7.32,1.64,148.04,1,544,11,11
-1.32,0.79,0.45,38.51,-127.20,88.87,1.61,159.87,1,552,7,12
-0.82,0.40,0.17,167.66,25.82,129.58,0.92,213.47,1,536,9,15
-0.39,-0.19,-1.30,152.59,55.73,177.37,1.37,240.52,1,512,11,15
-0.29,0.59,-0.13,-46.94,-49.07,250.92,0.67,259.94,1,510,9,16
-0.08,0.85,-0.12,22.22,-61.22,277.04,0.86,284.59,1,497,12,17
0.13,0.86,-0.27,-0.73,-49.07,233.83,0.91,238.92,1,468,13,15
0.13,1.61,0.02,-94.12,-42.60,248.54,1.62,269.15,1,438,13,12
1.23,2.08,0.17,-76.97,8.79,270.32,2.42,281.21,1,407,15,12
2.86,1.96,0.32,-26.55,133.12,166.26,3.48,214.63,2,392,16,9
3.71,0.85,-0.15,47.24,141.66,26.67,3.81,151.70,1,386,15,8
3.34,0.50,-0.56,8.12,58.29,-7.08,3.42,59.28,2,389,15,9
4.00,0.52,0.13,-102.42,-14.10,-143.07,4.03,176.51,1,396,41,13
-0.11,-0.02,1.09,-33.45,72.20,85.82,1.10,117.03,2,297,74,11
0.13,0.30,0.28,37.78,25.94,-47.00,0.43,65.64,2,224,103,13
0.13,2.58,-0.69,108.83,32.65,181.09,2.67,213.78,2,196,119,18
0.08,0.60,0.51,-143.80,-50.66,-161.44,0.79,222.05,3,190,121,20
0.19,1.19,0.23,35.03,14.40,39.67,1.23,54.85,3,192,132,21
0.18,1.06,-0.07,27.40,42.66,-46.51,1.08,68.81,3,191,132,20
0.18,0.67,-0.02,-1.16,11.60,-30.64,0.69,32.78,3,192,134,19
0.21,1.15,0.08,-15.81,-25.45,4.82,1.17,30.35,3,193,140,20
0.20,0.89,0.25,10.07,-1.53,-11.54,0.95,15.39,3,191,139,20
0.20,1.07,0.04,45.59,13.24,-7.93,1.09,48.14,3,195,141,19
0.21,0.93,0.05,5.00,1.46,-16.24,0.96,17.05,2,200,144,18
0.21,0.99,0.15,-11.23,-8.91,-7.20,1.02,16.04,2,204,138,17
0.22,1.08,0.14,10.38,2.20,-15.08,1.11,18.43,2,216,136,14
0.22,1.00,0.03,8.54,5.37,-23.80,1.03,25.85,2,232,133,13
0.24,1.09,0.12,-13.43,-5.74,-47.24,1.12,49.45,2,251,131,9
0.27,1.04,0.14,9.09,0.18,-53.34,1.09,54.11,2,273,122,11
0.27,0.88,0.11,10.56,3.11,-60.97,0.93,61.96,1,292,115,8
0.29,1.06,0.14,-16.85,-2.81,-60.06,1.10,62.44,2,310,109,9
0.25,1.31,0.17,-30.33,-1.83,-81.60,1.34,87.08,1,335,106,8
0.31,1.63,0.01,-17.33,4.64,-123.90,1.66,125.19,1,378,101,6
0.27,1.93,-0.15,-24.23,-8.67,-227.54,1.95,228.99,1,438,79,3
0.30,2.68,1.37,-27.71,-14.22,-337.71,3.02,339.14,1,528,46,1
0.31,2.16,0.12,-24.96,15.08,-362.18,2.19,363.35,1,647,23,1
-0.76,2.04,0.24,43.76,25.02,-297.36,2.19,301.61,1,602,14,9
-0.94,-0.04,-0.28,177.00,51.33,-144.41,0.98,234.13,1,574,12,10
-0.44,0.68,-0.22,-59.02,-13.12,63.48,0.84,87.66,1,573,13,10
-0.12,0.66,0.33,-14.28,17.88,72.69,0.75,76.21,1,529,14,11
-0.03,0.14,-0.55,140.20,40.89,122.74,0.57,190.77,1,512,16,12
-0.16,0.21,-0.25,-44.43,-61.34,202.76,0.37,216.44,1,489,15,9
-0.06,0.57,0.12,-41.50,-53.77,253.72,0.59,262.66,2,479,15,12
0.27,0.61,0.06,10.31,15.93,242.74,0.66,243.48,2,458,16,12
0.92,0.59,-0.15,6.71,39.31,258.06,1.10,261.12,2,443,18,12
1.94,0.65,-0.08,-17.03,11.54,231.45,2.05,232.36,2,421,18,10
2.56,1.00,0.08,-28.20,-44.98,197.02,2.75,204.05,2,412,17,9
2.65,0.53,0.45,-16.85,-31.74,64.88,2.74,74.17,2,402,19,11
3.95,0.33,0.33,73.36,47.61,-6.77,3.97,87.72,2,398,39,13
-0.32,-0.44,2.54,-181.58,48.58,3.85,2.59,188.01,1,357,64,11
0.43,0.54,0.13,-8.73,42.54,117.86,0.71,125.61,2,293,104,13
0.13,2.45,-1.07,97.11,92.83,142.09,2.68,195.54,2,240,122,17
0.10,1.20,-0.09,16.91,-35.46,-21.36,1.20,44.72,2,212,130,21
0.03,1.16,0.53,-3.48,-27.53,35.64,1.27,45.17,2,201,133,23
0.09,1.42,0.02,117.37,47.36,-5.07,1.42,126.67,3,198,137,23
0.12,0.58,-0.24,27.71,20.14,-53.59,0.64,63.60,3,199,141,23
0.14,1.06,0.11,-40.41,-35.46,10.68,1.07,54.81,2,198,141,22
0.11,1.04,0.22,6.59,-4.15,-7.14,1.07,10.57,2,199,137,22
0.14,1.01,-0.08,33.02,8.61,-6.77,1.02,34.79,2,205,143,20
0.14,1.10,0.06,-18.62,-15.32,-12.39,1.11,27.11,2,212,140,16
0.11,1.13,0.18,-24.23,-8.73,-35.71,1.15,44.03,2,230,137,13
0.15,1.05,0.11,16.30,5.92,-44.37,1.07,47.64,2,251,128,14
0.20,0.99,-0.02,10.80,-0.85,-45.53,1.01,46.80,2,264,121,14
0.19,0.98,0.09,-3.36,-12.82,-46.39,1.00,48.24,2,272,111,12
0.20,1.08,0.16,-11.72,-9.40,-50.66,1.11,52.84,2,285,110,12
0.22,1.21,0.11,-7.69,-0.92,-67.93,1.23,68.37,2,304,98,12
0.20,1.56,-0.02,-15.87,-1.83,-99.00,1.58,100.28,2,337,89,11
0.16,2.02,-0.05,-35.64,-17.15,-161.13,2.03,165.92,1,378,76,8
-0.09,2.37,-0.07,-43.58,-30.76,-274.66,2.37,279.79,1,469,54,2
0.63,2.19,0.27,-13.12,-15.56,-376.71,2.29,377.26,1,596,33,2
0.37,1.53,0.05,15.99,31.80,-349.91,1.57,351.72,1,627,19,6
-1.40,0.21,-0.04,66.71,34.42,-281.86,1.42,291.69,1,576,13,11
-1.42,0.61,-0.59,-67.44,-97.35,83.74,1.66,145.05,1,602,11,12
-1.02,1.00,0.62,-156.49,-96.80,185.67,1.56,261.41,1,595,12,12
-0.46,0.55,0.13,90.03,23.32,177.37,0.73,200.27,1,557,10,12
-0.21,0.26,-0.68,58.59,-24.29,220.89,0.76,229.81,1,529,11,12
-0.44,0.70,0.09,-105.90,-76.17,261.96,0.83,292.64,2,511,11,12
-0.39,1.29,0.48,-92.83,-52.25,312.74,1.43,330.39,1,492,14,12
0.23,1.48,0.33,10.19,-7.93,334.59,1.53,334.84,1,456,16,10
1.09,2.09,0.77,62.56,77.15,162.66,2.48,190.59,2,425,20,9
2.57,1.40,0.20,48.77,91.31,153.14,2.94,184.84,2,401,19,8
3.53,1.22,0.15,41.63,50.35,40.10,3.74,76.66,2,390,23,9
3.95,0.17,0.11,128.60,125.98,-114.20,3.96,213.19,2,393,32,13
0.29,-0.34,-0.27,-59.33,72.88,-39.37,0.53,101.88,2,324,58,14
0.35,0.86,0.21,-83.98,-77.39,100.10,0.96,151.86,2,224,88,19
0.03,2.31,0.17,2.93,79.77,118.10,2.32,142.55,3,188,108,24
0.13,0.50,0.15,-6.23,12.02,-110.72,0.54,111.54,3,183,116,23
0.14,0.80,0.01,-21.79,-9.16,9.70,0.82,25.55,3,183,123,22
0.16,1.31,0.11,-33.94,-13.85,-29.36,1.32,46.96,3,183,130,24
0.15,1.05,0.15,72.94,13.55,14.83,1.07,75.65,3,184,134,23
0.16,0.93,0.02,55.73,15.62,-10.44,0.95,58.81,3,183,132,23
0.14,0.96,0.11,10.93,-8.30,2.08,0.97,13.88,3,185,134,21
0.13,1.04,0.25,-8.30,-6.10,-7.75,1.07,12.89,3,185,134,22
0.16,0.98,0.13,5.25,7.26,-16.17,1.01,18.49,3,189,133,19
0.18,0.98,0.10,-7.51,1.40,-15.99,1.00,17.72,2,196,136,17
0.17,1.00,0.16,-11.11,-2.69,-18.25,1.03,21.53,2,204,128,15
0.20,1.04,0.13,0.98,0.06,-19.29,1.06,19.31,2,220,125,13
0.23,1.14,0.04,11.90,-7.14,-29.24,1.16,32.36,2,242,122,11
0.18,0.99,0.16,1.16,-18.92,-44.19,1.02,48.08,2,253,118,13
0.15,1.14,0.32,-25.33,-17.09,-46.26,1.19,55.44,2,266,104,11
0.18,1.39,0.27,-7.32,4.70,-72.27,1.43,72.79,2,293,96,11
0.22,1.82,0.11,-21.12,6.23,-125.00,1.84,126.92,1,338,88,11
0.03,2.43,-0.07,-13.61,-5.37,-204.47,2.43,204.99,1,405,58,7
0.28,2.45,0.12,-0.43,-1.71,-310.67,2.47,310.67,1,490,27,4
-0.00,2.01,0.21,28.38,11.60,-301.27,2.02,302.83,1,474,18,12
-1.73,0.23,-0.78,170.72,26.55,-239.75,1.92,295.51,1,454,13,13
-1.76,0.33,-0.15,-134.52,-66.28,-11.90,1.80,150.44,1,449,15,14
-1.27,0.40,0.15,-41.75,38.57,102.29,1.35,117.03,1,473,13,14
-0.57,0.26,-0.26,29.17,83.31,175.48,0.68,196.43,2,483,14,14
-0.07,0.54,-0.27,-28.99,44.49,185.73,0.60,193.17,1,460,13,13
0.08,0.95,0.08,-36.07,11.60,188.96,0.96,192.73,1,442,13,13
0.32,1.24,0.01,28.63,6.10,196.53,1.28,198.70,2,431,16,13
0.62,1.30,0.01,14.59,-10.99,195.98,1.44,196.83,2,419,18,11
1.59,1.11,0.24,-38.76,49.32,135.44,1.95,149.26,2,408,18,9
2.98,1.28,0.25,6.16,78.55,130.98,3.25,152.85,1,405,19,9
3.22,0.44,0.19,17.21,42.97,15.75,3.26,48.89,2,402,16,8
2.47,0.20,0.10,10.44,22.22,-79.47,2.48,83.17,2,431,19,8
0.60,1.94,0.00,14.47,-141.30,-93.44,2.03,170.02,2,342,66,17
-0.36,1.26,0.88,56.52,66.16,83.74,1.58,120.77,2,204,101,24
0.52,2.66,-0.16,174.87,34.85,201.05,2.71,268.73,4,174,117,41
0.14,0.02,0.29,-127.44,27.95,-247.13,0.32,279.46,4,178,125,36
0.28,1.23,-0.11,29.60,29.24,80.26,1.27,90.40,3,183,134,29
0.28,1.00,0.17,-54.38,-15.26,-26.18,1.05,62.26,3,184,140,30
0.24,0.94,0.16,41.87,10.50,-2.14,0.98,43.22,3,184,139,26
0.25,0.98,0.08,5.49,-11.54,-32.53,1.01,34.95,3,187,141,26
0.26,1.15,0.14,-17.46,-3.42,-18.62,1.18,25.75,2,194,135,19
0.28,1.09,0.21,-28.38,6.90,-46.45,1.14,54.87,2,211,140,16
0.30,0.95,0.12,-12.33,17.70,-52.37,1.01,56.64,2,237,139,15
0.34,0.83,0.03,0.31,5.80,-39.86,0.90,40.28,2,268,136,13
0.37,0.97,0.01,4.09,-4.39,-19.53,1.04,20.43,1,286,131,12
0.35,0.96,0.11,5.68,-10.50,-23.56,1.03,26.41,1,297,129,10
0.34,0.78,0.17,-2.26,-4.70,-40.41,0.87,40.74,1,307,122,11
0.36,0.85,0.18,-13.85,-2.56,-25.76,0.94,29.36,2,314,121,12
0.39,1.18,0.11,-21.61,2.50,-46.63,1.25,51.45,2,316,124,11
0.38,1.25,0.06,-20.81,0.85,-80.38,1.31,83.04,2,327,120,12
0.47,2.03,-0.23,-5.25,-13.92,-112.73,2.09,113.71,1,349,104,9
0.12,2.46,-0.33,-8.79,-44.80,-225.22,2.49,229.80,1,419,80,6
0.13,2.88,1.27,-20.87,-60.79,-337.59,3.15,343.65,1,506,44,4
0.19,2.17,0.00,59.02,-0.61,-364.87,2.18,369.61,1,572,26,10
-2.52,0.24,0.04,124.02,58.11,-262.33,2.53,295.93,1,548,18,11
-1.53,1.09,-0.33,-63.23,-14.04,27.28,1.91,70.28,1,538,20,14
-1.18,0.34,0.49,-21.42,48.77,75.01,1.32,92.00,1,555,17,13
-0.47,0.43,-0.20,114.87,70.50,226.93,0.67,263.93,1,571,16,14
-0.19,0.57,-0.39,28.44,-65.43,284.30,0.72,293.12,1,576,15,13
0.03,1.15,-0.13,-16.48,-105.22,286.80,1.16,305.94,1,551,16,14
0.15,1.36,-0.00,-34.91,-69.21,247.74,1.37,259.59,1,515,17,13
0.40,1.62,-0.00,-47.06,-33.39,232.91,1.67,239.95,1,497,19,13
1.01,1.54,0.11,-61.83,-67.32,246.89,1.85,263.26,1,478,19,12
1.55,2.11,1.32,-124.15,-55.30,199.34,2.93,241.26,1,466,19,8
2.48,1.49,0.70,-50.90,82.95,85.45,2.98,129.51,2,443,20,8
3.44,0.55,0.45,-48.95,69.09,34.48,3.51,91.43,1,426,20,11
3.13,0.73,0.43,8.97,8.42,-65.43,3.24,66.58,1,411,21,12
1.47,2.45,0.31,114.87,-23.44,-63.54,2.87,133.35,2,252,64,21
0.29,1.05,0.26,156.25,4.46,34.79,1.12,160.14,3,177,92,30
0.09,1.15,0.16,-51.27,59.57,-14.77,1.16,79.97,3,175,109,29
0.17,0.76,0.26,-117.49,-10.31,-59.63,0.82,132.16,3,182,122,25
0.23,1.21,0.20,-21.06,17.33,-26.18,1.25,37.81,3,184,126,24
0.22,0.75,0.01,22.09,37.41,-38.51,0.79,58.06,3,186,138,24
0.22,1.01,-0.06,6.71,1.46,0.12,1.04,6.87,3,186,136,21
0.20,1.04,0.24,-1.16,-11.17,-8.24,1.08,13.93,3,189,140,21
0.20,0.94,0.15,22.83,8.67,-17.82,0.98,30.23,2,191,139,20
0.21,0.99,0.08,-9.83,-2.75,-18.74,1.02,21.34,2,195,138,17
0.23,1.05,0.20,-14.65,-0.67,-30.03,1.09,33.42,2,206,141,16
0.25,0.97,0.13,2.01,11.29,-36.01,1.01,37.79,2,219,141,14
0.28,0.92,0.01,11.11,3.17,-20.81,0.96,23.80,2,235,136,13
0.30,1.02,0.09,-0.37,-14.04,-12.02,1.07,18.49,2,246,131,12
0.29,1.03,0.14,0.73,-4.94,-41.26,1.08,41.56,2,254,134,12
0.30,0.78,0.11,8.12,-4.46,-44.62,0.84,45.57,2,255,131,13
0.27,0.84,0.17,-14.28,-11.47,-28.69,0.90,34.04,2,259,130,12
0.30,1.15,0.23,-27.10,-7.14,-28.93,1.21,40.28,2,265,121,12
0.31,1.25,0.15,-11.29,9.46,-68.60,1.30,70.17,2,278,123,13
0.29,1.63,0.09,-45.78,-0.43,-107.79,1.66,117.11,1,300,113,15
0.30,2.32,-0.05,-20.75,-5.00,-173.71,2.35,175.01,1,337,101,13
0.08,2.81,-0.18,19.35,-16.54,-294.62,2.82,295.71,1,439,58,4
0.32,3.05,0.81,83.01,6.53,-378.54,3.17,387.59,1,602,30,4
-0.77,1.72,0.27,140.38,53.16,-354.61,1.90,385.08,1,515,16,15
-2.28,-0.69,-0.99,262.15,112.24,-209.05,2.58,353.58,1,524,15,13
-1.18,1.26,0.07,-182.25,-46.14,158.75,1.73,246.06,1,515,14,12
-0.89,0.63,0.63,-1.40,28.99,129.82,1.26,133.03,1,543,15,12
-0.48,0.44,-0.73,94.97,-14.59,235.29,0.98,254.15,1,536,12,13
-0.30,0.81,-0.04,-47.18,-89.29,285.16,0.86,302.51,2,503,14,13
-0.07,1.29,0.07,-38.21,-66.16,273.68,1.29,284.15,2,471,15,14
0.21,1.56,0.16,-28.56,-39.92,256.23,1.58,260.88,1,449,15,14
0.81,1.72,0.06,-14.16,-42.24,251.77,1.90,255.68,2,428,17,11
1.45,1.70,0.38,-80.51,-36.99,224.67,2.26,241.51,1,417,17,7
2.70,1.67,0.28,25.94,112.98,125.37,3.19,170.74,1,418,18,10
4.00,0.56,-0.22,65.92,105.53,42.05,4.04,131.34,2,413,17,9
3.47,0.39,-0.54,-4.64,29.66,-59.63,3.53,66.76,1,404,29,11
3.67,1.32,0.30,-75.87,-200.44,-42.60,3.91,218.51,2,283,68,18
0.08,-0.03,0.74,19.59,2.87,-129.70,0.75,131.20,2,227,101,18
0.18,2.15,-0.26,-9.95,80.20,158.08,2.17,177.54,2,196,118,22
0.23,1.51,-0.11,-67.63,-61.83,25.70,1.53,95.17,2,194,132,23
-0.02,0.34,0.54,-124.63,40.41,-186.04,0.64,227.54,2,194,138,21
0.24,1.43,0.04,89.90,0.85,31.01,1.45,95.11,2,193,134,19
0.20,0.60,0.05,-26.98,44.62,-65.80,0.64,83.95,3,194,142,19
0.24,1.08,-0.14,53.22,0.18,24.96,1.11,58.79,3,193,144,21
0.23,1.00,0.22,-32.35,-38.39,-7.57,1.05,50.77,3,197,144,18
0.20,1.10,0.32,38.57,9.40,-2.38,1.16,39.77,2,201,145,18
0.22,1.00,0.08,29.42,24.11,-37.72,1.03,53.57,2,207,140,15
0.26,0.93,0.04,0.49,0.73,-27.77,0.97,27.78,2,224,143,14
0.27,0.93,0.15,-17.09,-9.46,-24.78,0.98,31.55,2,236,142,13
0.31,1.05,0.09,16.30,-0.92,-22.28,1.09,27.62,2,247,137,13
0.31,0.88,0.07,11.90,-2.32,-48.95,0.93,50.43,2,255,134,10
0.32,0.91,0.12,-0.85,-12.21,-34.30,0.97,36.42,2,259,130,11
0.29,1.07,0.25,-19.29,-15.69,-40.53,1.13,47.54,2,272,122,12
0.33,1.30,0.19,-2.32,-0.12,-62.50,1.36,62.54,2,290,116,10
0.35,1.34,0.03,-5.07,0.55,-115.36,1.39,115.47,1,313,107,11
0.22,2.22,0.06,-69.64,-34.85,-170.72,2.23,187.64,1,359,88,10
0.01,3.00,0.23,-9.52,-2.38,-326.23,3.01,326.38,1,478,60,2
0.50,2.99,0.80,-24.90,-9.46,-399.29,3.13,400.18,1,629,28,1
-0.69,2.23,0.04,54.75,27.04,-366.21,2.33,371.27,1,595,16,9
-1.93,-0.12,-0.46,188.42,52.73,-226.50,1.99,299.31,1,580,16,12
-1.40,0.77,-0.20,-101.50,-61.10,133.00,1.61,178.11,1,592,14,13
-0.97,0.82,0.50,-59.75,13.79,163.88,1.37,174.98,1,570,13,13
-0.50,0.74,-0.17,130.92,94.42,189.64,0.91,249.03,1,535,13,12
-0.27,0.41,-0.63,29.60,9.70,271.85,0.80,273.63,1,502,13,13
-0.09,1.12,-0.13,-22.77,-15.01,311.34,1.13,312.53,1,486,14,10
0.34,1.49,0.04,-19.53,-15.32,299.56,1.53,300.59,1,455,16,11
0.94,1.58,-0.06,32.84,6.35,222.41,1.84,224.91,1,429,17,9
1.52,1.56,-0.21,25.88,-5.55,244.51,2.19,245.94,1,420,18,10
2.81,1.12,-0.04,-37.41,77.70,162.72,3.03,184.16,2,405,17,8
4.00,0.99,-0.50,84.35,168.82,90.82,4.15,209.44,2,396,19,7
3.58,0.16,-1.02,7.63,90.39,-85.57,3.73,124.71,1,405,19,9
0.97,1.86,-0.35,-46.75,-234.01,-98.33,2.13,258.10,1,311,69,17
-0.80,-1.22,0.87,266.17,-8.48,-214.23,1.70,341.78,2,243,99,16
0.12,3.22,-0.58,-10.68,34.42,277.16,3.27,279.49,2,191,120,24
0.02,1.38,0.20,-61.89,-74.71,-109.07,1.40,145.97,3,187,128,23
0.01,-0.22,1.19,-139.89,4.15,-173.03,1.21,222.55,2,194,137,22
0.19,1.95,-0.36,204.90,94.36,60.36,1.99,233.52,2,200,138,17
0.36,0.30,-0.11,-26.49,-34.30,-142.40,0.48,148.84,2,204,143,19
0.27,1.10,-0.07,1.22,11.23,48.77,1.14,50.06,2,204,145,18
0.25,1.01,0.24,-38.57,-19.90,-21.85,1.06,48.59,2,203,145,16
0.25,1.03,0.20,29.48,8.00,-12.70,1.07,33.08,2,208,146,18
0.26,1.03,0.09,2.50,-9.09,-31.68,1.07,33.05,2,215,143,16
0.27,0.95,0.13,-10.62,-0.24,-29.91,0.99,31.74,2,225,143,14
0.30,0.92,0.14,-6.59,2.20,-29.66,0.97,30.47,2,233,142,14
0.32,0.91,0.03,12.82,6.77,-25.57,0.96,29.40,2,239,143,13
0.33,0.99,0.02,-6.59,-0.31,-33.14,1.05,33.79,2,249,136,12
0.36,0.94,0.08,-7.45,-9.64,-39.49,1.01,41.33,2,256,132,13
0.32,1.05,0.11,-19.17,-10.74,-44.49,1.10,49.62,2,264,130,12
0.36,1.26,0.15,-29.97,-8.67,-66.10,1.32,73.09,2,281,120,9
0.33,1.50,-0.07,-6.53,-0.12,-101.20,1.54,101.41,1,304,111,11
0.28,1.75,-0.01,-50.60,-41.44,-190.00,1.77,200.94,1,366,99,6
0.21,2.36,0.14,-37.29,-19.04,-303.53,2.37,306.40,1,455,65,2
0.45,2.44,0.18,-69.15,-8.42,-363.95,2.49,370.56,1,589,34,1
-0.14,2.39,0.16,-24.72,-3.17,-346.44,2.40,347.33,1,622,17,8
-1.73,0.54,0.26,81.05,15.56,-278.14,1.83,290.12,1,574,15,11
-1.46,0.84,-0.80,16.78,-80.32,125.55,1.86,149.99,1,587,14,9
-1.22,0.78,0.51,-133.18,-79.16,182.50,1.53,239.39,1,565,14,11
-0.67,0.86,0.27,30.88,16.85,230.65,1.12,233.32,1,539,13,8
-0.19,0.64,-0.38,67.87,0.61,258.67,0.77,267.42,1,508,14,12
-0.18,0.85,-0.07,-48.95,-95.52,321.47,0.87,338.92,1,487,14,11
-0.05,1.63,0.40,-89.84,-130.00,326.05,1.68,362.33,2,456,15,11
0.65,1.93,0.43,3.54,1.65,263.37,2.08,263.40,2,442,16,9
2.52,1.44,0.01,51.94,157.47,196.96,2.91,257.47,1,416,19,8
4.00,1.36,-0.44,73.55,199.89,155.82,4.25,263.91,2,400,18,9
3.99,-0.17,-1.29,90.27,189.82,-79.35,4.20,224.67,1,392,17,8
4.00,1.26,-0.15,-74.77,-47.00,-163.70,4.20,186.00,2,344,65,16
0.38,-1.53,1.19,129.76,216.31,129.33,1.98,283.47,2,261,98,14
-0.22,-0.28,0.17,-36.19,32.47,148.44,0.40,156.20,2,195,118,21
0.43,4.00,-0.85,37.11,-58.53,48.40,4.11,84.53,3,185,130,26
-0.28,0.20,1.01,-81.24,23.62,-255.74,1.06,269.37,3,186,134,23
0.12,1.50,-0.55,152.47,116.76,67.81,1.60,203.66,3,190,138,21
0.19,0.56,-0.07,-84.11,-45.41,-114.56,0.60,149.20,3,195,139,20
0.17,1.10,0.28,-42.42,-25.94,19.90,1.14,53.56,2,198,142,20
0.18,1.33,0.15,57.98,10.99,1.04,1.35,59.02,2,200,135,19
0.16,0.88,0.10,19.78,14.16,-46.57,0.90,52.54,2,211,139,17
0.20,1.02,0.09,-21.48,-5.31,-30.03,1.04,37.30,2,224,137,15
0.23,1.04,0.16,-12.82,-7.32,-36.07,1.08,38.98,2,236,131,14
0.26,0.88,0.11,16.17,2.81,-53.04,0.93,55.52,2,246,132,13
0.29,0.92,-0.02,9.03,-11.66,-31.92,0.97,35.16,2,253,130,16
0.28,1.04,0.16,-3.60,-21.42,-37.60,1.09,43.42,2,255,123,13
0.22,1.05,0.27,-12.15,-10.80,-52.67,1.11,55.12,2,265,124,11
0.27,1.25,0.21,-12.15,4.52,-71.35,1.30,72.52,2,290,120,12
0.28,1.95,-0.06,-21.36,6.29,-109.44,1.97,111.68,1,318,103,12
0.49,3.87,-0.77,39.55,-6.29,-192.08,3.98,196.21,1,398,73,6
1.84,2.99,-1.04,26.12,-27.28,-469.79,3.66,471.30,1,560,24,0
-3.42,4.00,3.64,-355.47,-166.56,-222.60,6.40,451.28,1,523,16,10
-1.64,1.25,0.16,86.06,260.19,-178.96,2.07,327.31,1,481,15,14
-1.14,-0.36,-1.79,36.74,54.02,120.67,2.15,137.22,1,496,13,15
-1.92,-0.34,0.61,-167.72,-156.98,193.73,2.05,300.51,1,517,15,16
-1.24,-0.06,0.48,55.73,-63.84,241.39,1.33,255.84,1,502,15,17
-0.62,-0.12,-0.09,61.28,-35.77,240.78,0.64,251.02,1,477,17,16
0.07,0.28,0.37,-98.33,-70.19,265.62,0.47,291.81,1,468,17,14
1.53,0.69,0.49,37.90,23.68,283.39,1.75,286.89,2,460,16,12
2.98,0.75,0.46,22.16,58.90,158.63,3.10,170.66,2,434,19,12
4.00,0.67,0.39,47.97,29.54,71.23,4.07,90.82,2,424,19,10
3.60,0.21,0.34,103.64,5.49,-28.02,3.62,107.50,1,419,19,15
1.95,-0.31,-0.14,96.44,54.99,-169.74,1.98,202.82,1,427,20,13
2.80,-0.14,0.24,-49.74,-39.18,-172.91,2.82,184.14,1,420,70,19
-1.39,1.72,0.48,-206.79,152.59,443.05,2.26,512.19,2,261,103,20
0.80,3.99,-0.24,140.50,-58.47,334.90,4.08,367.86,3,187,120,26
-0.17,-0.58,0.91,-112.30,28.93,-432.07,1.09,447.36,2,191,127,26
0.21,1.75,-0.50,21.61,78.92,121.40,1.83,146.40,2,202,134,23
0.19,0.90,-0.17,-118.71,-72.88,-26.00,0.94,141.70,2,210,137,25
0.11,0.67,0.48,-47.00,49.50,-95.40,0.84,117.30,2,210,140,21
0.27,1.27,-0.29,119.14,13.55,15.14,1.34,120.86,2,217,141,19
0.21,0.90,0.07,-30.46,3.30,-29.48,0.93,42.52,2,229,141,20
0.23,1.21,0.17,-35.71,-0.67,-38.76,1.25,52.70,1,257,141,17
0.28,1.11,0.00,8.48,13.18,-55.91,1.15,58.06,1,295,132,15
0.33,0.98,-0.11,10.31,2.01,-62.74,1.04,63.62,1,340,133,13
0.35,1.09,-0.01,16.24,-14.40,-72.75,1.14,75.92,1,397,124,9
0.39,0.98,-0.01,43.52,-15.26,-84.53,1.05,96.29,1,431,112,8
0.37,0.87,0.05,23.19,-26.67,-90.15,0.95,96.83,1,444,94,7
0.40,1.23,0.18,1.71,-29.17,-94.06,1.31,98.49,1,459,75,7
0.47,1.33,0.07,44.98,-10.68,-128.48,1.41,136.54,1,512,57,4
0.45,1.71,0.13,-27.10,-36.93,-195.37,1.78,200.67,1,559,42,2
0.30,3.22,0.74,-44.01,-9.77,-226.26,3.32,230.70,1,658,23,4
-1.47,1.87,0.11,40.16,53.41,-326.90,2.38,333.66,1,615,12,12
-1.49,1.67,-0.10,70.19,67.32,-60.30,2.24,114.43,1,623,15,13
-0.77,0.93,0.13,76.97,93.99,-2.38,1.21,121.51,1,613,13,14
-0.62,0.24,-0.89,153.63,32.35,87.28,1.11,179.62,1,599,12,14
-0.75,0.31,-0.03,-26.31,-87.89,176.51,0.81,198.93,1,585,13,15
-0.68,0.53,0.14,8.18,-81.48,237.18,0.87,250.92,1,579,15,16
-0.59,0.70,-0.07,48.95,-37.23,271.18,0.91,278.07,1,564,11,16
-0.36,1.10,-0.25,19.71,-3.23,314.76,1.18,315.39,1,540,13,12
0.32,1.96,-0.59,11.47,7.39,302.43,2.07,302.74,1,505,14,12
1.02,2.29,-0.68,-38.15,47.91,284.79,2.60,291.30,1,457,14,8
2.45,2.31,-0.45,-57.01,163.57,231.45,3.40,289.09,1,417,17,7
4.00,1.34,-0.56,-8.00,211.67,81.73,4.25,227.04,2,388,16,7
3.97,0.75,-0.27,-116.39,16.72,-48.71,4.04,127.28,2,399,15,7
4.00,1.28,0.69,-119.93,-161.01,-137.88,4.26,243.56,1,411,34,14
-0.06,-0.95,1.39,172.24,124.02,-68.42,1.68,223.00,2,293,53,13
0.19,0.53,0.56,-18.92,-42.18,71.35,0.79,85.02,2,223,89,19
0.17,2.03,0.17,-0.49,65.86,-9.83,2.05,66.59,2,203,107,22
0.19,0.29,-0.19,22.40,57.25,-133.06,0.39,146.57,2,201,124,17
0.24,0.72,0.00,-32.41,-7.81,4.82,0.76,33.68,2,198,132,19
0.25,1.29,0.14,-17.27,-21.85,22.77,1.32,35.97,2,196,140,19
0.20,0.99,0.05,44.37,19.59,-10.93,1.01,49.72,2,192,141,22
0.21,0.86,-0.06,21.61,3.48,-11.66,0.89,24.80,2,192,138,21
0.20,1.06,0.11,2.14,-17.52,6.35,1.09,18.75,2,193,139,19
0.20,1.07,0.16,1.89,-0.06,-13.67,1.10,13.80,2,198,145,19
0.22,1.02,0.03,2.81,5.62,-22.22,1.05,23.09,2,205,138,18
0.23,1.07,0.06,-11.47,-3.91,-24.60,1.09,27.42,2,221,140,15
0.26,1.04,0.07,0.92,0.73,-31.25,1.07,31.27,2,236,141,13
0.29,1.03,-0.07,18.92,0.61,-30.27,1.07,35.71,2,261,132,14
0.31,0.94,0.03,3.97,-13.06,-54.69,1.00,56.37,2,277,133,12
0.33,0.93,0.05,10.31,-13.67,-51.57,0.99,54.34,1,283,129,11
0.28,0.86,0.09,-7.20,-15.99,-58.11,0.91,60.69,2,290,125,12
0.27,1.12,0.14,-29.24,-18.07,-54.63,1.16,64.54,2,303,117,11
0.38,1.31,0.06,-0.98,-1.71,-76.35,1.36,76.38,2,338,106,10
0.30,1.64,-0.09,-15.99,-10.38,-119.20,1.67,120.72,1,367,93,11
0.22,2.00,-0.05,-31.07,-30.40,-220.46,2.02,224.70,1,437,79,5
0.18,2.27,0.32,11.35,6.71,-356.20,2.30,356.45,1,530,48,1
0.19,2.15,0.25,-40.71,31.25,-389.10,2.17,392.47,1,660,26,2
-3.13,1.76,0.42,-26.92,70.07,-310.24,3.62,319.19,1,592,20,12
-2.11,0.18,-0.49,166.08,93.81,90.88,2.17,211.29,1,595,17,11
-1.05,0.78,-0.40,-63.29,33.87,231.81,1.37,242.67,1,567,17,10
-0.84,0.84,-0.00,-31.37,-16.17,273.19,1.19,275.46,1,541,15,11
-0.52,1.20,-0.05,14.83,-64.03,323.79,1.31,330.39,1,537,14,10
-0.16,1.10,0.00,51.21,-91.80,320.01,1.11,336.83,2,498,15,11
0.02,1.40,-0.21,19.65,-100.22,250.98,1.41,270.96,2,457,16,8
1.00,3.20,1.17,-71.41,-75.74,261.96,3.55,281.89,1,448,18,7
3.77,0.60,-0.32,34.97,54.69,129.03,3.83,144.44,1,405,19,9
4.00,0.87,-0.21,-61.83,57.37,121.34,4.10,147.77,2,388,17,6
4.00,1.36,0.78,-124.21,-17.94,-112.61,4.30,168.61,2,365,40,10
1.20,-1.84,0.49,203.98,60.36,-79.47,2.25,227.08,1,290,84,13
0.36,0.74,-0.47,8.18,71.11,155.15,0.94,170.87,2,224,108,21
0.13,2.08,-0.26,-106.51,-0.24,138.49,2.10,174.71,2,196,124,24
0.14,0.78,0.55,-64.33,-76.17,-77.33,0.97,126.18,3,190,129,26
0.18,0.96,0.25,34.48,42.72,12.21,1.00,56.25,3,190,138,26
0.22,0.81,-0.19,12.94,22.46,-50.17,0.86,56.47,3,189,138,23
0.20,0.80,0.03,13.00,-20.45,2.75,0.83,24.38,3,192,146,23
0.19,1.22,0.17,9.28,-22.22,12.57,1.25,27.16,3,191,141,22
0.16,1.04,0.20,13.43,7.08,-22.46,1.07,27.11,3,192,146,21
0.20,0.98,0.04,-8.06,12.45,-36.99,1.00,39.85,2,201,146,18
0.23,0.98,0.08,-25.57,-0.18,-30.82,1.01,40.05,2,210,140,16
0.24,0.97,0.13,-19.35,-0.67,-28.75,1.01,34.66,2,223,141,14
0.25,0.97,0.05,3.91,1.22,-24.78,1.00,25.12,2,237,141,14
0.27,0.98,-0.00,5.98,-2.81,-19.65,1.02,20.73,1,249,136,12
0.28,1.12,0.05,-0.49,-8.24,-30.76,1.15,31.85,1,262,131,11
0.24,1.07,0.13,-7.75,-8.06,-50.72,1.10,51.94,1,271,131,11
0.29,1.20,0.11,-12.63,-3.72,-66.04,1.24,67.34,2,288,123,11
0.32,1.39,-0.00,-4.82,0.79,-94.42,1.43,94.55,2,324,112,9
0.23,1.79,-0.09,-15.93,-15.38,-142.82,1.80,144.53,1,368,101,5
0.10,2.27,0.01,-38.57,-36.74,-225.77,2.27,231.97,1,465,71,3
0.35,2.21,0.16,30.52,19.78,-347.47,2.25,349.37,1,565,35,2
0.35,2.22,-0.03,-19.65,13.12,-353.76,2.24,354.55,1,627,22,4
-1.80,1.74,0.12,47.18,40.89,-293.27,2.51,299.85,1,583,13,12
-1.74,0.01,-1.03,108.22,-17.03,93.44,2.02,143.99,1,598,12,10
-1.06,0.52,0.14,-90.27,-26.86,154.60,1.19,181.03,1,585,12,13
-0.67,0.53,0.04,66.16,33.81,216.31,0.85,228.71,1,572,14,13
-0.36,0.51,-0.46,99.37,20.14,259.28,0.78,278.40,1,546,12,13
-0.29,0.71,-0.29,12.15,-28.32,296.94,0.82,298.53,2,529,14,12
0.19,1.17,-0.24,-6.84,-59.27,324.10,1.21,329.54,1,498,15,12
1.04,1.65,-0.18,-59.02,-85.14,244.75,1.95,265.77,2,454,13,9
1.71,2.61,1.95,-143.07,-35.83,231.81,3.68,274.75,2,424,14,9
3.54,1.20,0.10,33.26,98.51,75.38,3.74,128.42,1,404,16,10
3.97,0.53,0.07,13.55,78.43,-43.03,4.01,90.48,2,411,30,8
0.70,0.89,0.51,-113.46,-38.76,1.40,1.24,119.91,2,335,54,11
0.15,-0.16,0.39,173.46,6.47,-59.69,0.44,183.56,2,295,83,14
0.15,0.77,0.06,-104.49,56.03,99.79,0.78,154.97,2,228,107,19
0.19,2.03,-0.18,-14.53,-15.38,179.08,2.05,180.32,2,198,122,21
0.08,0.78,0.31,-12.76,-11.96,-113.34,0.84,114.68,3,189,129,23
0.17,0.90,0.20,5.55,-0.24,-3.30,0.93,6.46,3,188,133,24
0.19,1.32,-0.03,41.38,25.94,-7.02,1.34,49.34,3,190,139,22
0.17,0.70,0.08,0.06,18.55,-50.42,0.73,53.72,3,192,138,23
0.22,1.06,-0.03,-21.42,-6.10,-9.89,1.08,24.37,2,196,142,22
0.18,1.13,0.16,-18.01,0.43,-23.01,1.15,29.22,2,202,143,20
0.20,1.09,0.06,-13.55,15.81,-41.75,1.11,46.65,2,216,142,17
0.22,1.03,0.06,-23.93,7.93,-46.08,1.05,52.53,2,237,138,16
0.25,1.06,0.06,-15.99,4.46,-46.39,1.09,49.27,2,262,138,15
0.30,1.00,-0.04,5.74,5.13,-52.37,1.04,52.93,2,293,135,12
0.33,1.01,-0.06,9.28,-2.93,-65.67,1.06,66.39,1,325,130,12
0.33,1.05,0.01,4.39,-12.88,-71.84,1.10,73.12,1,342,120,11
0.33,1.39,0.02,-7.81,-16.78,-88.26,1.43,90.18,1,362,112,11
0.25,1.87,-0.12,-8.30,-26.92,-160.83,1.89,163.28,1,412,90,7
0.12,2.26,0.23,-66.22,-41.26,-270.69,2.28,281.71,1,499,57,3
0.48,2.24,-0.01,24.84,26.43,-353.82,2.29,355.67,1,609,31,2
-0.08,1.91,0.04,66.71,55.05,-346.01,1.91,356.66,1,626,17,7
-1.74,0.60,0.03,111.82,72.45,-265.32,1.84,296.89,1,576,14,13
-0.98,0.27,-1.11,96.01,43.58,59.51,1.51,121.07,1,584,15,12
-0.85,0.45,0.15,-122.44,-18.43,126.53,0.97,177.03,1,567,13,13
-0.62,0.58,0.33,13.06,3.54,196.78,0.92,197.24,1,561,10,12
-0.36,0.49,-0.16,101.56,3.72,238.95,0.63,259.67,1,535,11,11
-0.24,0.59,-0.23,-2.44,-80.87,301.82,0.68,312.48,1,519,12,11
0.09,1.16,0.11,-28.20,-113.46,309.14,1.17,330.51,2,491,13,12
0.68,1.61,0.15,-25.88,-114.26,266.78,1.76,291.37,1,456,15,10
1.37,1.79,0.60,-40.65,-1.77,213.44,2.33,217.28,2,427,15,8
3.06,1.17,0.32,-18.01,120.48,140.44,3.29,185.91,2,412,15,8
4.00,0.39,-0.06,7.39,190.31,18.13,4.02,191.31,2,391,13,6
3.73,2.22,-0.13,53.96,-4.52,-1.46,4.34,54.16,2,316,50,14
-1.08,1.42,0.37,151.79,181.82,-92.53,1.83,254.29,2,231,73,13
0.44,1.34,-0.46,60.97,-19.47,87.16,1.49,108.14,2,193,100,18
0.12,0.87,0.23,-51.39,-41.32,4.64,0.91,66.11,3,185,110,21
0.12,1.37,0.20,18.19,16.60,4.15,1.39,24.97,3,182,120,24
0.13,0.84,0.04,52.67,45.84,-51.39,0.85,86.70,3,183,129,19
0.18,0.94,-0.14,13.18,14.53,-13.79,0.97,23.98,3,185,132,20
0.16,0.99,0.17,-20.26,-17.88,-10.62,1.02,29.04,3,186,134,20
0.16,1.03,0.17,6.77,-0.12,-16.36,1.06,17.71,3,189,137,21
0.17,0.99,0.02,8.73,6.96,-15.93,1.01,19.45,3,187,140,19
0.17,1.01,0.13,-28.20,-6.04,-19.96,1.03,35.07,3,191,137,19
0.19,1.04,0.17,-26.43,4.94,-28.44,1.07,39.14,2,198,141,17
0.21,0.96,0.06,-9.09,15.32,-33.02,0.99,37.52,2,204,140,15
0.23,1.00,0.03,-16.97,3.36,-29.17,1.03,33.92,2,217,136,13
0.25,1.05,0.06,-11.23,2.56,-43.09,1.08,44.60,2,225,135,12
0.28,0.98,0.03,-5.74,3.36,-52.67,1.02,53.09,2,237,129,12
0.31,0.92,0.01,-12.76,-2.38,-52.80,0.97,54.37,2,246,132,9
0.31,1.04,0.04,-39.79,-10.99,-56.82,1.09,70.24,2,252,134,10
0.33,1.28,0.01,-33.94,-12.51,-72.75,1.32,81.25,2,256,131,10
0.30,1.55,-0.08,-24.96,-14.34,-107.60,1.58,111.39,1,273,127,9
0.30,1.94,-0.14,-39.18,-28.02,-170.29,1.97,176.97,1,312,121,5
0.17,2.41,-0.29,-32.47,-53.10,-310.91,2.43,317.08,1,374,81,1
0.70,2.23,0.22,15.26,-0.67,-400.45,2.35,400.74,1,537,42,2
-0.05,2.03,0.11,4.39,24.90,-388.85,2.03,389.68,1,633,19,3
-1.13,1.45,0.10,78.37,31.56,-314.94,1.85,326.08,1,585,13,10
-1.56,0.31,-0.54,133.54,-19.17,-23.50,1.68,136.94,1,597,12,9
-1.15,0.52,0.24,-6.96,-40.04,191.04,1.28,195.31,1,593,13,11
-0.72,0.57,-0.02,70.19,27.28,247.62,0.92,258.82,1,561,13,14
-0.28,0.41,-0.34,51.94,-12.39,295.90,0.60,300.68,1,531,13,12
-0.13,0.74,-0.13,-1.59,-80.32,330.57,0.76,340.19,2,504,12,12
-0.17,1.03,0.07,-55.18,-164.79,372.92,1.05,411.43,2,484,12,12
0.57,2.37,2.39,-120.06,-141.97,386.66,3.42,429.04,2,456,15,7
2.60,1.94,0.83,11.60,73.49,268.49,3.35,278.61,2,438,15,7
4.00,1.39,0.11,77.76,144.90,101.01,4.23,192.99,2,421,17,10
4.00,0.67,-0.61,89.78,162.48,-20.87,4.10,186.80,2,407,18,8
1.39,0.33,-0.31,-143.74,15.81,-49.07,1.46,152.70,2,344,45,13
0.03,1.18,-0.06,34.12,-37.96,85.02,1.18,99.17,2,252,75,14
0.02,1.62,0.24,-20.51,10.62,32.96,1.64,40.24,2,195,100,20
0.08,1.04,0.30,53.77,0.79,6.96,1.08,54.23,3,179,110,25
0.10,1.01,0.06,24.29,16.05,13.00,1.01,31.89,3,176,120,26
0.09,0.81,0.21,-34.36,-9.16,-28.08,0.84,45.31,3,177,121,25
0.14,1.06,0.18,-35.28,0.00,-6.65,1.09,35.90,3,180,131,25
0.14,0.94,0.10,7.08,9.52,-14.65,0.95,18.85,3,180,135,23
0.14,1.01,0.04,-4.21,-2.62,-5.07,1.02,7.09,3,183,133,20
0.12,1.07,0.15,-26.61,-8.48,-15.69,1.09,32.03,3,185,135,20
0.13,1.12,0.15,-38.02,0.37,-35.28,1.13,51.87,2,194,131,18
0.16,1.09,0.13,-38.45,9.64,-52.19,1.11,65.54,2,212,132,15
0.20,1.06,0.06,-26.98,13.61,-58.84,1.08,66.14,2,233,134,13
0.24,1.06,0.02,-15.93,7.69,-62.99,1.09,65.43,2,257,129,13
0.28,1.01,-0.02,7.69,2.26,-74.10,1.05,74.53,2,275,121,12
0.30,0.95,0.00,11.66,-10.31,-68.12,1.00,69.87,1,293,117,11
0.32,1.16,0.04,-0.61,-15.14,-75.32,1.20,76.83,2,308,106,11
0.38,1.28,-0.06,13.18,-10.31,-96.19,1.33,97.64,1,328,99,10
0.30,1.69,-0.11,-21.42,-28.38,-142.09,1.72,146.47,1,360,90,8
0.24,2.20,-0.13,-26.00,-44.25,-227.48,2.22,233.20,1,408,73,3
0.39,2.57,0.55,-50.42,-60.85,-352.84,2.65,361.58,1,511,43,2
0.42,2.57,0.13,-23.25,-28.14,-389.65,2.61,391.35,1,637,21,3
-0.93,2.19,0.10,25.63,11.23,-298.16,2.38,299.47,1,578,13,12
-1.81,0.46,-1.24,49.50,-119.32,36.38,2.24,134.21,1,596,13,11
-1.50,0.70,0.47,-119.81,-109.74,181.21,1.73,243.39,1,585,11,13
-0.85,0.58,-0.15,49.44,15.99,228.03,1.04,233.87,1,560,11,14
-0.61,0.48,-0.35,-41.99,-29.30,281.07,0.85,285.69,2,526,11,14
-0.49,0.88,0.13,-80.20,-45.23,320.07,1.01,333.05,1,511,13,14
-0.39,1.22,0.10,-70.56,-32.90,332.03,1.28,341.04,2,485,12,12
0.03,1.69,0.44,-130.00,-3.78,289.98,1.75,317.81,1,454,13,13
1.44,1.75,0.16,19.17,105.10,246.83,2.27,268.96,2,413,15,13
3.38,1.22,0.00,24.84,45.72,124.15,3.60,134.61,2,373,16,9
4.00,0.56,-0.10,-113.83,56.88,-115.36,4.04,171.76,2,375,18,5
4.00,2.54,1.00,-183.90,-34.67,-251.53,4.84,313.51,2,344,43,8
0.40,-1.40,0.32,393.49,166.38,-60.30,1.49,431.46,2,215,80,19
0.11,1.54,-0.75,143.37,13.18,308.04,1.71,340.03,3,174,108,35
0.01,1.04,0.66,-130.07,-124.33,-94.30,1.23,203.14,4,174,120,35
0.20,0.98,0.76,-97.47,4.39,-123.47,1.26,157.37,3,183,131,31
0.26,1.28,-0.31,148.38,111.39,-21.42,1.34,186.77,3,188,137,27
0.30,0.36,-0.21,-14.71,0.92,-74.89,0.51,76.33,3,188,138,26
0.29,1.25,0.03,-2.44,-36.13,35.10,1.29,50.43,3,190,140,25
0.24,1.04,0.42,-18.19,-0.24,-39.25,1.14,43.26,3,192,145,23
0.31,1.08,0.02,29.17,35.16,-28.08,1.12,53.62,2,197,145,20
0.33,0.78,-0.08,1.83,8.73,-44.49,0.85,45.38,2,205,143,17
0.33,1.02,0.09,-21.42,-13.73,-16.17,1.07,30.15,2,212,141,16
0.33,0.99,0.27,-22.58,-4.70,-26.55,1.08,35.17,2,225,141,16
0.34,1.01,0.08,27.89,15.44,-29.11,1.07,43.18,2,247,139,14
0.39,0.79,-0.06,23.80,9.46,-33.69,0.88,42.32,2,260,136,12
0.39,0.87,0.02,-7.69,-9.95,-30.52,0.95,33.01,2,274,132,12
0.39,1.02,0.15,-20.02,-12.33,-45.65,1.11,51.35,2,284,128,9
0.41,1.30,0.05,5.07,-0.67,-54.14,1.36,54.38,1,300,123,10
0.39,1.36,-0.04,3.30,-4.27,-103.58,1.42,103.72,2,318,115,10
0.29,1.92,-0.04,-68.54,-35.71,-164.79,1.94,182.02,1,338,103,9
-0.28,3.13,1.09,-109.01,-47.97,-295.47,3.33,318.57,1,414,87,2
0.64,2.07,0.39,-58.47,16.85,-427.00,2.21,431.32,1,523,41,2
0.79,2.56,0.27,-56.52,59.14,-377.87,2.70,386.62,1,614,16,6
-1.86,1.81,0.18,78.25,67.99,-279.54,2.60,298.14,1,525,10,12
-1.32,1.24,-1.40,283.57,-61.83,140.56,2.29,322.48,1,569,13,14
-1.21,-0.10,0.12,109.01,-77.94,124.94,1.22,183.21,1,560,9,15
-0.90,0.11,-1.11,89.42,-11.66,251.22,1.44,266.91,1,565,10,14
-0.41,0.96,-0.22,1.16,-9.46,319.89,1.07,320.03,1,553,12,13
0.21,1.40,-0.49,67.81,7.57,321.53,1.49,328.69,1,528,13,15
0.81,1.23,-0.92,57.86,-84.96,312.19,1.74,328.68,1,500,12,13
0.86,1.23,-0.29,-109.13,-146.00,261.11,1.53,318.44,1,468,13,12
1.82,3.61,1.68,-249.69,-1.77,268.31,4.38,366.53,1,439,15,10
4.00,0.72,-0.22,68.85,144.35,65.25,4.07,172.72,1,416,17,10
4.00,0.43,-0.65,-85.27,21.00,-5.92,4.08,88.01,1,412,18,8
3.32,2.70,2.04,-259.28,-261.05,-72.45,4.74,374.99,2,329,61,13
-0.68,-0.02,0.39,137.51,78.43,11.23,0.78,158.70,2,274,91,12
0.25,1.65,-0.48,-54.14,-28.63,189.94,1.73,199.57,2,215,112,15
0.19,1.08,0.47,-82.40,-33.20,-71.23,1.19,113.86,2,200,130,17
0.20,0.86,0.47,46.63,0.98,-40.95,1.00,62.07,2,194,134,19
0.27,1.09,-0.28,87.77,62.38,-24.17,1.16,110.36,2,195,140,19
0.25,0.61,-0.21,-5.43,2.26,-27.77,0.70,28.39,3,195,143,19
0.28,1.09,0.19,-48.95,-36.80,-2.08,1.14,61.28,3,195,147,21
0.25,1.03,0.21,15.56,8.24,-12.08,1.08,21.36,2,197,147,21
0.27,0.95,-0.08,13.49,18.74,-24.48,0.99,33.65,2,199,148,19
0.27,1.03,0.00,-31.80,-8.42,-26.73,1.07,42.39,2,210,146,16
0.30,1.09,0.17,-23.32,2.26,-42.54,1.14,48.56,2,219,144,15
0.30,1.00,0.03,22.03,10.68,-44.13,1.04,50.47,2,232,138,13
0.35,0.95,-0.11,23.19,3.42,-37.11,1.02,43.89,2,241,135,10
0.36,1.10,-0.05,-5.49,-6.77,-58.29,1.16,58.94,2,255,135,12
0.40,0.95,0.08,-16.60,-16.05,-79.04,1.03,82.34,2,261,131,9
0.41,1.21,0.01,-24.29,-13.92,-82.52,1.27,87.14,2,273,132,9
0.35,1.65,-0.12,-26.73,-25.63,-113.53,1.69,119.41,2,299,123,7
0.37,1.71,0.01,-19.53,-33.33,-192.26,1.75,196.10,1,348,103,3
0.46,1.94,0.11,-75.74,-34.97,-306.03,1.99,317.20,1,418,62,2
0.47,2.79,0.12,-65.49,-14.71,-344.24,2.83,350.72,1,571,34,2
-0.34,2.48,-0.08,41.02,19.78,-332.46,2.51,335.56,1,586,17,7
-1.61,0.36,-0.12,164.73,-1.04,-135.86,1.65,213.54,1,562,14,7
-1.40,0.60,-0.04,-29.91,-50.23,81.24,1.52,100.09,1,567,13,11
-1.20,0.65,0.34,0.24,2.32,163.51,1.41,163.53,1,548,13,11
-0.77,0.65,-0.11,86.67,46.39,226.81,1.01,247.19,1,535,14,11
-0.49,0.74,-0.18,39.31,6.71,282.84,0.90,285.63,1,526,14,13
-0.31,1.04,0.00,18.55,-23.50,321.47,1.08,322.86,1,514,15,10
-0.21,1.46,0.03,14.28,-52.12,351.50,1.48,355.63,2,498,14,11
0.64,2.10,0.06,15.62,-38.57,340.70,2.19,343.23,1,479,14,9
1.93,2.13,0.16,16.24,78.31,259.03,2.88,271.10,1,461,16,9
4.00,1.57,-0.64,114.26,171.63,165.65,4.34,264.48,1,431,19,8
4.00,0.40,-1.90,13.06,121.89,-2.81,4.44,122.62,2,395,22,10
3.78,1.06,3.40,-182.74,-321.59,46.20,5.19,372.76,2,244,54,18
-0.37,-0.28,0.59,204.10,29.48,-119.26,0.75,238.22,3,178,90,29
0.02,1.36,0.16,21.18,49.74,65.61,1.36,85.02,4,170,111,37
0.10,1.29,0.02,6.47,-2.08,-25.51,1.30,26.40,4,170,124,36
0.04,0.59,0.40,-27.16,-17.09,2.81,0.71,32.21,4,174,131,32
0.12,1.17,0.23,-20.20,3.60,-18.86,1.20,27.87,4,176,136,30
0.10,0.81,0.16,3.78,13.79,-19.41,0.84,24.11,4,179,141,27
0.13,1.07,0.11,-28.14,-0.18,-17.52,1.08,33.14,4,181,141,23
0.13,1.03,0.24,-44.01,-2.14,-26.43,1.06,51.38,3,183,141,21
0.15,1.05,0.21,-25.33,11.72,-38.51,1.08,47.56,3,188,139,17
0.16,1.01,0.12,-17.03,21.24,-41.26,1.03,49.43,2,195,133,14
0.19,0.97,0.10,-16.91,11.29,-47.06,1.00,51.26,2,203,135,14
0.23,1.02,0.09,-10.62,6.77,-39.37,1.05,41.33,2,211,134,11
0.24,1.01,0.09,11.90,4.76,-49.38,1.05,51.01,2,223,132,10
0.26,0.92,0.09,2.44,1.04,-46.81,0.96,46.89,2,226,127,10
0.27,1.00,0.15,-19.41,-2.81,-51.09,1.05,54.72,2,227,133,9
0.30,1.10,0.12,-17.94,4.64,-68.73,1.15,71.18,2,237,132,8
0.31,1.45,0.03,-37.29,0.00,-92.53,1.48,99.76,2,251,131,8
0.28,1.74,-0.06,-27.47,-2.44,-148.44,1.77,150.98,2,266,123,7
0.14,2.41,-0.09,-70.31,-36.25,-239.87,2.42,252.58,1,308,105,3
0.08,2.70,1.43,-105.77,-42.54,-370.24,3.05,387.40,1,425,57,2
0.39,2.40,0.13,-52.25,25.33,-408.94,2.44,413.04,1,586,28,3
-0.99,2.55,0.15,52.73,47.24,-308.96,2.74,316.97,1,583,11,8
-1.10,0.27,-0.69,295.17,-2.62,-41.87,1.33,298.13,1,586,14,12
-1.02,0.34,-0.13,-4.21,-114.14,116.52,1.08,163.16,1,600,9,12
-0.78,0.60,0.35,37.66,-64.39,188.90,1.04,203.10,1,591,12,15
-0.54,0.39,-0.44,192.50,21.42,217.16,0.80,290.99,1,571,12,14
-0.36,0.38,-0.93,68.97,-35.71,278.87,1.07,289.48,1,551,13,14
-0.30,0.98,-0.43,-8.18,-49.68,339.78,1.11,343.49,1,533,14,14
0.07,1.45,-0.50,-8.79,-6.59,307.98,1.54,308.18,1,499,13,12
0.64,1.66,-0.47,-19.29,17.27,275.88,1.84,277.09,2,462,14,12
1.52,1.79,-0.31,-46.88,69.46,277.34,2.37,289.73,2,434,16,9
3.70,1.67,-0.22,0.98,80.81,164.67,4.06,183.44,2,413,16,9
3.88,0.27,-0.93,7.87,69.46,-7.26,4.00,70.28,2,394,19,9
3.65,3.50,2.04,-130.55,-336.98,85.02,5.45,371.25,2,259,51,20
-0.82,-0.63,0.93,329.96,17.27,-212.77,1.39,392.99,3,173,79,30
0.08,1.01,-0.13,160.77,40.34,114.50,1.02,201.46,4,166,99,48
0.10,1.32,-0.07,-81.97,-7.57,-44.07,1.33,93.37,4,171,113,36
0.03,0.61,0.63,-153.69,-36.80,-76.90,0.88,175.75,4,175,126,30
0.14,1.42,0.27,48.22,26.12,29.91,1.45,62.46,4,179,127,28
0.14,0.76,0.06,45.84,32.10,-33.75,0.78,65.35,4,179,129,28
0.16,1.00,0.09,-22.89,-20.39,4.58,1.02,30.99,4,181,132,23
0.13,1.07,0.36,-34.79,-16.11,-8.79,1.14,39.33,3,182,136,25
0.15,1.03,0.24,5.80,20.26,-22.71,1.07,30.98,3,185,135,20
0.17,0.96,0.03,5.80,20.69,-28.81,0.98,35.94,3,190,134,18
0.18,0.98,0.16,-29.85,-4.64,-25.27,1.01,39.38,2,196,133,15
0.19,0.96,0.24,-19.90,-1.53,-28.81,1.01,35.05,2,205,126,15
0.22,0.97,0.08,8.79,9.28,-25.45,1.00,28.48,2,214,126,15
0.26,0.94,0.02,-1.89,-0.73,-23.01,0.98,23.10,2,220,127,15
0.22,1.01,0.15,-21.18,-9.03,-44.43,1.05,50.04,2,222,123,15
0.22,1.18,0.18,-20.02,-1.28,-40.28,1.22,45.00,2,228,129,13
0.22,1.27,0.09,-28.63,6.10,-70.62,1.29,76.44,2,237,128,14
0.26,1.55,0.08,-50.35,0.43,-110.23,1.57,121.19,2,254,123,12
0.24,1.85,-0.06,-45.29,-4.15,-169.31,1.87,175.31,2,282,114,12
-0.03,2.57,-0.14,-78.61,-38.51,-265.69,2.57,279.74,1,342,94,4
0.29,2.37,-0.17,0.37,9.52,-426.51,2.40,426.62,1,480,46,2
0.38,2.41,0.34,-46.02,22.52,-420.53,2.46,423.64,1,591,23,5
-2.08,1.64,0.35,-2.20,32.84,-300.11,2.68,301.91,1,517,17,12
-1.97,0.44,-1.03,161.07,-67.20,203.00,2.26,267.71,1,542,14,11
-2.04,0.65,0.63,-111.27,-109.31,250.98,2.23,295.50,2,509,13,13
-0.96,0.66,0.03,96.80,-2.93,358.95,1.17,371.78,2,464,12,12
-0.41,0.64,-0.55,33.63,-15.56,282.59,0.94,285.01,2,421,16,14
-0.36,1.58,0.21,-122.38,-94.48,353.21,1.63,385.56,2,399,16,12
0.77,2.20,-0.14,94.67,3.54,285.34,2.34,300.65,2,385,19,11
1.82,1.80,-0.00,-8.36,-79.96,240.11,2.56,253.21,2,382,19,12
2.71,1.48,0.29,16.05,9.83,138.49,3.10,139.76,2,381,21,9
3.96,0.92,0.25,-25.94,26.00,67.50,4.07,76.85,2,379,23,9
4.00,0.89,1.16,-46.26,20.51,-62.44,4.26,80.37,1,358,38,13
2.88,0.77,-0.12,145.51,108.95,-80.44,2.99,198.78,2,256,78,16
0.24,1.05,-0.73,228.64,-28.08,88.99,1.30,246.95,2,194,104,23
0.15,1.20,0.20,-86.24,-40.28,67.87,1.23,116.91,3,183,117,26
0.01,0.99,0.88,-150.39,-50.17,-47.97,1.32,165.64,3,182,125,27
0.11,1.19,0.25,20.26,57.07,-29.11,1.22,67.19,3,186,133,25
0.13,0.88,-0.12,53.96,53.10,-48.28,0.89,89.79,3,186,143,22
0.16,0.82,0.02,-28.38,-4.27,-23.50,0.84,37.09,3,190,141,22
0.16,1.18,0.27,-26.98,-20.14,-3.54,1.22,33.85,3,190,145,21
0.15,1.05,0.26,8.36,11.78,-33.57,1.09,36.55,3,195,147,19
0.18,1.03,0.07,-15.01,11.47,-39.92,1.05,44.16,2,202,144,17
0.19,1.06,0.15,-36.62,-0.73,-43.64,1.08,56.97,2,216,145,12
0.21,1.04,0.14,-16.36,8.48,-50.78,1.07,54.02,2,233,140,13
0.28,1.09,0.01,4.70,5.19,-55.11,1.12,55.56,2,248,138,12
0.29,1.04,0.02,12.63,-6.96,-62.13,1.08,63.79,2,272,134,12
0.27,1.01,0.13,8.97,-11.17,-69.70,1.06,71.16,1,290,122,11
0.30,1.24,0.17,-2.87,-8.97,-80.63,1.29,81.18,1,321,110,11
0.36,1.34,0.02,18.62,-0.37,-113.77,1.39,115.28,1,374,95,7
0.33,1.43,-0.12,10.56,-15.81,-153.14,1.47,154.31,1,431,75,4
0.06,2.23,0.21,-96.25,-60.36,-246.15,2.24,271.11,1,526,49,1
0.43,2.07,0.08,-0.24,11.90,-320.56,2.11,320.78,1,637,30,2
-0.00,1.94,-0.06,87.65,46.57,-324.95,1.94,339.77,1,641,16,6
-1.60,0.60,0.07,104.31,68.36,-270.94,1.71,298.26,1,562,10,13
-0.97,0.69,-1.05,94.12,24.11,94.79,1.58,135.73,1,575,13,12
-0.84,0.69,0.40,-99.43,-29.24,123.72,1.16,161.39,1,553,13,13
-0.50,0.58,-0.13,157.41,83.31,155.09,0.78,236.16,1,519,14,13
-0.13,0.42,-0.89,144.96,39.61,210.94,0.99,258.99,1,479,14,14
-0.14,0.71,-0.35,-2.14,-16.17,235.05,0.80,235.61,2,455,14,14
-0.05,1.30,-0.19,-2.50,9.70,266.36,1.31,266.55,1,438,13,14
0.51,1.33,-0.32,39.49,31.07,268.19,1.46,272.85,1,425,14,14
0.94,1.42,-0.41,1.83,-21.42,247.86,1.75,248.79,1,412,15,13
1.20,1.74,-0.08,-35.83,-37.29,188.90,2.11,195.85,2,405,17,10
1.81,1.30,-0.00,15.81,29.91,146.79,2.23,150.64,2,396,19,11
2.64,0.92,-0.77,54.57,149.05,102.23,2.90,188.80,2,391,19,8
3.31,0.11,-0.61,-120.67,90.88,14.65,3.36,151.77,2,377,18,8
4.00,2.43,-0.09,-176.51,-60.12,-12.94,4.68,186.92,2,330,30,9
0.36,-0.37,0.85,344.91,5.55,-64.27,0.99,350.89,2,242,70,14
0.06,-0.45,0.62,79.35,-33.14,155.46,0.77,177.65,2,188,97,21
0.41,2.57,-0.04,-3.17,-7.75,231.26,2.60,231.41,3,176,106,29
0.02,0.26,0.50,-86.43,13.06,-186.04,0.56,205.55,3,177,123,30
0.10,1.12,0.03,90.76,22.83,44.98,1.13,103.84,3,177,126,25
0.16,1.13,0.10,-64.39,-9.46,19.47,1.14,67.93,4,181,136,26
0.09,0.83,0.35,-29.11,3.54,-34.97,0.91,45.64,3,183,139,25
0.12,1.12,0.20,4.64,8.54,-14.10,1.14,17.13,3,184,140,23
0.12,0.94,0.15,5.31,13.37,-25.82,0.96,29.55,3,186,141,24
0.13,1.02,0.19,-30.15,-0.37,-27.95,1.05,41.12,2,192,143,20
0.14,1.07,0.23,-28.20,8.12,-42.91,1.11,51.98,2,200,137,18
0.18,1.01,0.08,-19.23,18.43,-50.23,1.03,56.86,2,212,141,14
0.20,1.01,0.07,-43.52,16.30,-58.11,1.03,74.40,2,229,139,13
0.24,1.10,0.18,-20.57,6.65,-67.69,1.14,71.06,2,248,136,13
0.28,1.06,0.05,11.29,7.26,-74.28,1.10,75.48,2,264,135,13
0.31,1.01,0.02,-2.69,-4.21,-79.16,1.05,79.32,2,292,125,12
0.29,1.12,0.14,-24.17,-15.01,-88.38,1.17,92.85,1,321,120,10
0.32,1.27,0.09,-19.65,-8.00,-115.54,1.31,117.47,1,353,105,8
0.32,1.47,-0.04,-13.18,-10.50,-148.99,1.51,149.94,1,399,98,6
0.31,1.93,0.04,-51.03,-35.95,-234.44,1.96,242.60,1,466,70,2
0.49,1.97,0.04,-28.08,2.50,-315.86,2.03,317.11,1,591,44,1
0.52,2.45,0.32,-41.14,19.29,-344.54,2.53,347.53,1,687,21,2
-1.18,1.89,0.14,6.10,24.54,-308.84,2.23,309.87,1,617,14,10
-1.03,0.64,-0.04,115.78,49.74,-60.00,1.21,139.57,1,593,13,10
-0.62,0.45,-0.28,19.47,11.17,107.54,0.82,109.86,1,575,13,10
-0.54,0.55,-0.02,-27.77,-25.27,171.94,0.77,175.99,1,538,13,11
-0.33,0.53,0.12,-17.64,-39.43,186.34,0.64,191.28,2,525,10,13
-0.25,0.25,0.00,3.11,-50.78,206.48,0.35,212.66,2,499,12,11
-0.35,0.69,0.02,-113.89,-122.19,284.12,0.78,329.58,1,486,11,12
0.09,1.22,0.15,13.85,-30.64,314.82,1.23,316.61,2,481,10,11
0.94,1.20,0.10,49.38,62.93,307.19,1.53,317.43,2,469,11,9
2.10,1.23,-0.11,65.67,127.20,254.76,2.43,292.22,2,444,13,9
2.89,1.16,-0.83,109.44,160.71,141.05,3.22,240.20,2,421,14,9
3.27,0.63,-1.27,10.80,75.68,65.19,3.56,100.47,2,393,15,10
4.00,1.39,-0.29,-31.86,-88.68,-40.04,4.24,102.39,2,332,41,16
-0.42,1.84,0.91,-50.84,5.98,-7.26,2.10,51.71,2,254,76,14
0.08,-1.45,0.44,186.95,-7.69,-131.59,1.52,228.75,2,195,103,22
0.07,2.31,-0.24,-34.12,24.72,279.48,2.32,282.64,3,187,119,27
0.02,0.54,0.40,-88.44,-10.07,-211.18,0.68,229.17,3,181,122,26
0.14,0.55,0.17,5.19,7.81,-12.27,0.59,15.44,3,183,130,23
0.24,1.51,-0.07,13.55,7.63,55.48,1.54,57.62,3,187,132,23
0.11,0.78,0.33,-79.77,12.88,-94.91,0.85,124.65,2,192,135,23
0.19,1.17,-0.04,37.84,15.56,7.39,1.19,41.58,2,200,135,21
0.15,0.95,0.12,-31.19,5.86,-47.42,0.97,57.06,2,214,136,20
0.19,1.06,0.17,-25.45,0.18,-35.95,1.09,44.05,2,226,135,17
0.22,0.98,0.08,-3.78,12.82,-45.41,1.01,47.34,2,244,135,16
0.26,0.88,-0.02,-0.43,3.36,-35.95,0.92,36.11,1,263,132,15
0.28,1.00,0.07,-1.34,-3.85,-28.26,1.05,28.55,1,278,128,14
0.31,1.10,0.01,16.60,-1.95,-34.42,1.15,38.27,2,288,119,14
0.27,1.09,0.07,7.32,-7.26,-52.49,1.13,53.49,2,300,113,14
0.29,1.28,0.12,-10.13,-7.26,-74.52,1.32,75.56,2,312,108,11
0.28,1.68,0.08,-36.74,-11.29,-122.31,1.71,128.21,1,346,95,10
0.20,2.10,-0.15,-11.47,-8.97,-195.86,2.12,196.40,1,400,73,7
0.19,2.35,-0.12,-36.62,-37.66,-307.01,2.36,311.47,1,497,47,1
0.28,2.55,-0.09,17.76,9.22,-401.31,2.57,401.80,1,643,26,2
-0.18,1.82,0.03,-24.35,29.05,-375.37,1.83,377.28,1,657,14,9
-2.00,0.21,0.07,46.57,5.07,-228.76,2.01,233.51,1,592,13,11
-1.22,0.88,-0.21,-31.43,-41.63,180.36,1.52,187.75,1,610,9,12
-0.81,0.51,0.34,-23.50,-2.81,201.97,1.02,203.35,1,586,11,13
-0.37,0.68,-0.21,59.33,13.73,249.82,0.81,257.13,1,550,13,13
-0.36,0.77,-0.06,14.28,-36.56,281.07,0.86,283.79,1,527,11,12
-0.43,0.91,-0.02,6.71,-44.98,319.40,1.01,322.62,1,513,12,14
-0.27,1.27,-0.01,-26.79,-48.03,349.24,1.30,353.55,1,489,14,14
0.41,2.07,0.70,-61.95,-10.86,304.32,2.22,310.75,2,445,17,11
1.94,1.89,0.06,10.99,107.06,219.24,2.71,244.23,2,412,16,10
4.00,0.72,-0.63,81.48,62.99,123.96,4.11,161.16,2,374,12,9
3.67,-0.03,-0.95,-95.70,11.72,-53.65,3.79,110.34,2,354,15,11
2.76,3.89,3.99,-172.06,-283.33,58.47,6.21,336.59,2,263,58,18
0.07,-0.15,0.35,420.65,102.29,-246.28,0.39,498.06,2,199,95,20
0.12,0.90,-0.74,98.94,21.73,124.15,1.17,160.23,3,178,115,29
0.06,1.64,0.39,-147.22,-95.83,48.52,1.69,182.24,3,176,127,26
-0.01,1.06,0.69,-78.86,1.16,-81.24,1.27,113.22,3,183,134,24
0.15,1.02,0.06,46.75,82.21,-52.55,1.03,108.20,3,185,137,20
0.24,0.77,-0.39,24.54,33.20,-38.15,0.90,56.21,3,189,141,21
0.18,0.95,0.18,-36.07,-33.81,11.90,0.99,50.85,3,191,142,20
0.17,1.01,0.24,8.97,2.75,-26.49,1.05,28.10,3,191,141,19
0.21,1.03,-0.05,3.48,10.13,-23.25,1.05,25.60,2,197,143,18
0.22,1.06,0.08,-46.63,-6.53,-32.90,1.09,57.44,2,204,147,15
0.21,1.08,0.16,-34.61,-2.69,-43.21,1.11,55.43,2,216,143,16
0.24,1.03,0.03,-6.04,6.47,-47.36,1.06,48.18,2,231,142,13
0.28,1.08,-0.07,1.10,-3.48,-42.97,1.12,43.12,2,247,140,13
0.28,1.07,0.03,-4.70,-5.19,-66.16,1.11,66.53,1,267,138,12
0.33,1.00,0.03,13.85,-3.05,-71.41,1.06,72.81,2,286,125,11
0.37,1.14,-0.07,-1.77,-11.47,-86.91,1.20,87.69,2,305,121,8
0.36,1.43,-0.03,-21.18,-23.25,-128.97,1.47,132.75,1,337,105,9
0.13,1.92,-0.02,-55.97,-42.97,-195.37,1.92,207.73,1,375,89,4
0.11,2.07,0.31,-16.60,-12.45,-288.15,2.10,288.89,1,467,62,3
0.62,1.99,0.41,-37.17,16.36,-341.37,2.13,343.78,1,583,39,2
0.54,1.66,0.03,-20.32,46.51,-346.37,1.75,350.07,1,653,22,4
-1.03,1.44,0.08,28.69,52.06,-278.99,1.77,285.25,1,578,14,9
-1.17,0.05,-0.57,171.39,14.95,-23.38,1.31,173.62,1,605,13,9
-0.80,0.89,-0.07,-34.12,-66.65,203.49,1.20,216.83,1,595,11,13
-0.61,0.62,0.28,143.49,2.69,269.17,0.91,305.04,1,580,11,13
-0.27,0.44,-0.74,192.14,3.78,261.35,0.91,324.40,2,554,14,14
-0.51,0.63,-0.49,15.93,-68.05,307.50,0.94,315.34,1,544,12,13
-0.20,1.38,-0.16,-17.52,-64.15,362.67,1.40,368.72,2,519,12,14
0.13,1.60,-0.18,-13.06,-3.42,255.98,1.61,256.34,2,468,12,12
0.62,1.98,-0.36,-13.92,12.63,227.11,2.10,227.89,2,435,13,10
1.38,2.19,-0.08,-56.40,12.63,220.70,2.59,228.14,2,426,16,8
2.87,1.40,0.02,-32.78,125.43,70.68,3.19,147.65,2,425,17,8
3.73,0.36,-1.29,84.66,213.01,-9.64,3.97,229.42,2,419,16,7
3.72,1.77,-0.48,-224.06,-236.94,76.78,4.15,335.02,2,353,26,8
-0.13,0.25,0.80,277.95,-22.46,-148.93,0.84,316.14,2,245,63,12
0.06,-0.14,0.58,117.25,20.75,-7.45,0.60,119.30,3,182,91,23
0.11,2.47,-0.65,155.58,55.42,225.77,2.56,279.73,3,174,111,28
0.05,0.28,0.24,-114.32,-29.60,-181.70,0.37,216.70,4,176,125,26
0.16,1.01,0.27,-56.03,-19.29,26.18,1.05,64.78,4,182,129,25
0.20,1.41,0.12,-11.66,25.63,-15.62,1.43,32.21,3,183,139,21
0.17,0.65,0.06,8.24,32.59,-67.08,0.68,75.03,3,186,143,21
0.21,1.05,-0.17,18.37,0.12,2.99,1.09,18.61,3,187,145,18
0.17,0.97,0.21,-23.68,-11.35,-18.25,1.00,31.98,3,189,145,17
0.19,1.06,0.10,0.24,13.00,-28.75,1.08,31.55,3,192,146,18
0.22,1.00,-0.02,-14.47,9.28,-35.83,1.02,39.74,2,200,147,14
0.23,1.06,0.08,-41.81,-1.59,-38.94,1.09,57.16,2,212,140,14
0.23,1.08,0.08,-11.72,7.63,-43.76,1.10,45.94,2,227,142,13
0.28,1.04,-0.07,10.50,6.29,-41.20,1.07,42.98,2,254,141,10
0.30,1.13,-0.03,-9.16,0.61,-67.20,1.17,67.82,1,278,139,8
0.34,1.00,0.01,10.01,-4.46,-80.44,1.06,81.19,1,301,132,9
0.37,1.13,-0.06,-0.49,-10.74,-86.79,1.19,87.46,1,317,129,7
0.33,1.39,-0.03,-27.77,-23.99,-127.44,1.43,132.62,1,347,116,7
0.22,1.84,0.06,-46.63,-36.13,-198.97,1.86,207.54,1,397,99,4
0.24,2.26,0.35,-20.63,-14.28,-288.02,2.29,289.12,1,476,62,1
0.48,2.21,0.12,-12.76,16.05,-343.81,2.26,344.42,1,607,32,1
0.12,1.76,-0.07,12.39,36.68,-359.62,1.76,361.70,1,643,19,5
-1.74,1.02,0.12,55.73,44.49,-279.54,2.02,288.49,1,578,15,10
-1.26,0.54,-0.83,151.00,19.53,131.04,1.61,200.89,1,594,13,10
-0.95,0.60,-0.03,-55.91,-17.64,174.07,1.12,183.68,1,576,12,11
-0.69,0.91,0.00,56.34,-2.08,277.47,1.14,283.13,2,546,12,13
