-,-,-
0.03,0.99,0.05,5.31,0.55,-2.14,0.99,5.75,227,490,64,146
0.03,1.00,0.04,5.74,0.24,-2.38,1.00,6.22,296,494,66,146
0.04,0.98,0.05,8.91,-0.61,-3.66,0.99,9.65,344,504,69,135
0.04,0.98,0.06,8.61,-0.73,-3.91,0.98,9.48,245,512,68,124
0.04,0.99,0.06,8.42,-0.73,-5.49,1.00,10.08,265,528,67,112
0.05,1.00,0.07,9.95,-0.85,-7.45,1.00,12.46,230,547,71,94
0.05,0.99,0.07,10.99,-1.59,-8.18,0.99,13.79,245,570,69,80
0.05,1.06,0.07,9.40,-1.53,-9.28,1.06,13.29,160,606,60,61
0.07,1.06,0.09,14.04,-1.71,-16.11,1.07,21.44,86,640,61,46
0.11,0.99,0.13,18.74,0.43,-23.93,1.01,30.39,45,653,50,42
0.07,1.05,0.12,1.04,3.17,-42.11,1.06,42.25,20,638,45,40
0.06,1.08,0.18,-10.80,7.39,-64.39,1.10,65.71,13,591,36,39
0.09,1.18,0.12,-23.68,13.37,-83.98,1.19,88.28,11,595,27,36
0.17,1.18,0.05,-22.22,15.81,-99.85,1.20,103.51,8,578,23,35
0.26,1.13,0.02,-14.22,13.73,-107.30,1.16,109.11,6,560,10,32
0.30,1.04,-0.03,-10.01,11.60,-102.11,1.09,103.25,5,548,8,32
0.30,0.95,-0.17,-6.04,-2.14,-89.48,1.01,89.71,4,539,7,36
-0.20,0.65,-0.26,-12.82,-19.17,-55.66,0.73,60.25,4,522,5,34
-0.34,0.86,-0.16,-33.39,-33.75,-7.45,0.94,48.06,4,515,5,35
-0.32,0.81,-0.16,-8.36,-22.46,32.29,0.88,40.21,4,508,4,37
-0.28,0.72,-0.19,-10.86,-4.82,52.43,0.80,53.76,4,508,5,39
-0.24,0.81,-0.13,-20.75,13.06,63.42,0.86,67.99,3,504,5,39
-0.12,0.83,-0.12,-25.21,25.27,66.53,0.85,75.50,4,503,6,35
-0.01,0.91,-0.05,-28.69,25.70,59.27,0.91,70.68,3,507,5,38
0.07,0.94,-0.02,-27.71,19.04,51.64,0.94,61.62,3,510,4,37
0.16,0.97,0.04,-21.12,11.54,17.27,0.99,29.62,3,508,6,34
0.27,0.96,-0.02,-22.28,13.06,-23.07,1.00,34.63,3,507,4,32
0.43,1.00,-0.08,-24.72,11.29,-50.84,1.09,57.65,3,503,5,30
0.59,0.97,-0.12,-29.66,-2.56,-55.05,1.15,62.59,3,512,5,28
0.63,0.87,-0.10,-34.91,-24.17,-29.17,1.08,51.52,2,512,4,27
0.63,0.86,-0.04,-38.64,-38.39,22.40,1.06,58.89,2,514,5,27
0.69,0.84,-0.00,-24.29,-41.93,69.46,1.09,84.69,3,513,3,28
0.75,0.70,-0.03,-13.18,-41.50,77.82,1.03,89.18,3,515,4,25
0.80,0.71,-0.06,-19.17,-40.71,51.39,1.07,68.31,3,519,4,26
0.82,0.68,-0.13,-28.26,-47.12,6.71,1.07,55.35,3,520,3,27
0.59,0.80,-0.08,-39.37,-56.64,-13.98,1.00,70.38,3,526,6,26
0.30,0.96,0.01,-22.71,-47.67,-17.76,1.01,55.71,3,530,5,27
0.19,0.84,-0.15,5.80,-26.06,-16.42,0.88,31.34,3,533,5,27
0.23,0.77,-0.33,-2.81,-15.75,-16.66,0.87,23.10,3,535,3,28
0.36,0.82,-0.42,-27.59,-29.30,-15.56,0.99,43.15,3,535,5,25
0.29,0.79,-0.38,-53.41,-60.61,-4.21,0.93,80.89,3,539,5,26
-0.00,0.59,-0.37,-74.16,-72.14,34.30,0.70,109.00,3,542,5,29
0.03,0.69,-0.52,-101.99,-35.46,77.94,0.87,133.17,4,529,6,30
0.72,0.77,-0.64,-111.57,-14.89,41.93,1.23,120.12,4,531,5,27
0.58,0.83,-0.00,-101.20,-94.73,-4.21,1.01,138.68,5,545,4,25
0.34,0.40,-0.10,238.46,-67.08,170.53,0.53,300.74,24,571,11,25
0.52,0.34,-1.24,329.41,1.34,129.94,1.39,354.11,126,600,23,30
0.04,0.50,0.28,256.84,-39.98,92.65,0.57,275.95,245,607,49,42
0.11,1.20,0.06,95.09,-12.45,76.60,1.21,122.74,311,583,63,63
-0.04,1.38,0.03,15.81,-18.74,19.84,1.38,31.54,344,511,64,121
-0.01,0.88,0.09,-2.38,-5.07,-1.04,0.89,5.69,344,502,64,128
0.05,1.03,0.02,-15.20,-1.10,-4.58,1.03,15.91,773,503,70,131
0.06,0.97,0.03,5.07,-2.44,-1.16,0.98,5.74,464,504,69,127
0.04,0.98,0.04,3.97,-1.77,0.98,0.98,4.45,386,502,69,125
0.03,0.98,0.04,3.30,-0.67,-0.55,0.98,3.41,329,499,65,130
0.04,0.98,0.04,-0.31,0.37,-1.65,0.98,1.72,789,503,65,125
0.04,0.99,0.03,0.73,0.37,-2.20,1.00,2.34,331,503,64,123
0.04,0.97,0.04,1.40,-0.18,-3.30,0.98,3.59,397,503,62,115
0.04,0.99,0.04,3.17,-0.31,-3.11,0.99,4.46,436,505,68,110
0.06,0.99,0.03,6.41,-0.61,-3.85,0.99,7.50,596,510,70,103
0.05,0.99,0.04,10.01,-0.43,-3.66,0.99,10.67,397,515,70,100
0.05,0.99,0.04,15.20,-0.85,-2.50,0.99,15.43,473,524,74,97
0.05,0.95,0.08,23.13,-1.95,-3.42,0.95,23.46,476,528,74,101
0.04,0.93,0.09,7.69,0.00,-1.71,0.94,7.88,427,526,78,103
0.05,0.99,0.07,-1.53,1.34,-1.40,0.99,2.47,313,529,82,97
0.07,0.97,0.06,0.67,0.61,-2.56,0.98,2.72,369,531,82,94
0.05,0.97,0.07,0.61,0.43,-4.76,0.98,4.82,371,531,84,94
0.08,0.99,0.06,-1.28,0.12,-4.88,1.00,5.05,405,528,83,82
0.06,0.98,0.06,-2.26,-0.12,-4.76,0.98,5.27,547,529,87,77
0.07,0.94,0.07,0.43,0.00,-4.39,0.95,4.42,450,533,83,70
0.06,1.03,0.05,13.92,-0.49,-0.37,1.04,13.93,492,531,86,75
0.07,1.02,0.04,5.37,-1.16,-5.07,1.02,7.47,288,537,85,70
0.07,0.96,0.08,6.96,-1.71,-13.73,0.97,15.49,453,544,87,57
0.10,0.95,0.07,0.24,-0.12,-12.76,0.95,12.76,312,554,93,52
0.11,0.98,0.05,4.76,0.18,-3.36,0.99,5.83,386,551,96,55
0.07,0.96,0.09,9.95,-1.34,-1.77,0.97,10.19,508,548,98,58
0.06,1.04,0.12,2.93,-1.28,-10.44,1.05,10.92,468,551,99,54
0.07,1.03,0.11,-4.33,-0.55,-27.16,1.04,27.51,576,565,98,50
0.13,0.98,0.07,-11.47,0.55,-34.24,0.99,36.12,370,579,103,46
0.12,1.12,0.10,-8.00,1.71,-30.52,1.13,31.59,372,583,103,46
0.10,1.18,0.12,-8.67,2.44,-49.62,1.19,50.43,474,596,103,46
0.20,0.96,0.04,-7.63,5.74,-57.43,0.98,58.22,345,614,102,45
0.18,1.37,0.05,12.45,6.29,-53.16,1.38,54.96,282,632,100,43
0.06,1.51,0.21,12.57,13.79,-97.29,1.53,99.06,130,660,99,39
0.09,1.25,0.22,-9.83,25.45,-155.40,1.27,157.77,52,651,84,36
0.18,1.37,0.08,-30.03,41.87,-189.33,1.38,196.22,25,655,63,29
0.33,1.25,-0.01,-3.85,44.86,-219.67,1.30,224.23,12,644,40,27
0.13,1.21,0.10,32.10,40.71,-215.82,1.22,221.96,7,601,31,23
-0.02,0.67,0.12,62.26,65.61,-175.48,0.68,197.42,5,566,16,27
-0.71,-0.09,-0.26,54.87,82.64,-115.05,0.76,151.91,4,563,6,28
-0.56,-0.01,-0.29,41.02,52.43,-31.49,0.63,73.64,4,581,4,30
-0.07,0.42,-0.06,25.15,-16.36,104.13,0.43,108.36,4,587,6,30
0.22,0.44,-0.00,48.22,-68.36,127.38,0.49,152.39,4,588,4,27
0.32,0.59,0.07,36.25,-69.76,117.00,0.67,140.97,5,588,5,28
0.37,0.72,0.10,23.25,-34.36,103.64,0.82,111.63,5,593,7,28
0.24,0.91,0.16,2.87,-6.84,128.72,0.95,128.94,5,595,5,26
0.39,1.15,0.20,-5.86,12.21,148.86,1.23,149.48,5,600,7,28
0.42,1.19,0.15,5.07,10.25,141.48,1.27,141.94,6,600,7,27
0.55,1.15,0.13,18.19,-2.99,85.75,1.28,87.71,5,603,6,25
0.44,1.15,0.05,7.69,-20.69,91.31,1.23,93.94,5,608,7,26
0.65,1.10,0.04,1.22,-45.90,103.58,1.27,113.30,6,606,5,25
0.62,1.09,0.11,-12.70,-56.03,88.62,1.26,105.62,5,602,6,23
0.63,1.02,0.11,-25.09,-46.51,83.31,1.21,98.66,4,601,5,24
0.63,1.12,0.18,-33.63,-9.64,40.95,1.30,53.86,4,598,6,24
0.63,0.97,0.05,-31.13,37.29,-14.10,1.16,50.58,3,591,6,21
0.52,0.86,-0.02,-48.52,61.89,-51.33,1.00,93.91,3,589,4,21
0.60,1.13,0.10,-67.44,71.72,-48.28,1.29,109.65,3,599,3,19
0.71,1.11,0.16,-21.24,66.89,-34.06,1.33,78.01,3,603,3,19
0.97,0.89,0.03,2.56,45.65,-45.04,1.31,64.19,3,604,5,19
0.81,0.75,-0.03,-7.32,17.52,-74.22,1.10,76.61,3,610,5,19
0.57,0.73,0.01,-6.04,2.38,-56.46,0.93,56.83,3,611,5,19
0.56,0.79,0.08,2.50,-3.30,-27.71,0.97,28.02,3,615,6,16
0.49,0.73,0.06,2.32,-10.38,-57.37,0.88,58.35,3,620,5,17
0.20,0.99,0.22,-14.77,-10.74,-74.10,1.04,76.31,3,626,6,18
0.18,0.91,0.15,23.32,-0.18,-37.41,0.94,44.09,3,627,5,18
0.38,0.68,-0.03,23.93,-0.67,-40.77,0.78,47.28,3,629,5,18
0.43,0.75,0.19,-6.10,-27.77,-38.57,0.89,47.92,4,636,7,19
0.42,0.82,0.14,6.23,-41.99,-13.24,0.94,44.47,4,639,5,19
0.83,0.85,0.07,28.99,-81.42,41.69,1.19,95.96,4,636,6,20
0.93,0.51,-0.15,22.52,-127.56,35.16,1.07,134.22,5,625,6,18
0.33,0.66,-0.08,-16.30,-82.64,-54.20,0.75,100.16,5,622,7,19
0.07,0.68,0.01,-8.61,-17.82,-70.92,0.69,73.63,5,626,13,20
0.95,-0.09,-0.09,-1.16,45.23,39.55,0.95,60.09,5,669,40,19
0.18,1.69,-0.06,-75.56,22.28,162.54,1.70,180.62,9,706,79,22
0.31,1.76,-0.20,-54.14,14.34,131.23,1.80,142.68,17,708,104,28
0.15,1.03,0.10,-22.40,-2.14,97.53,1.05,100.10,30,701,115,31
0.28,1.63,-0.30,-18.43,4.58,68.05,1.68,70.65,64,696,127,36
0.18,1.31,0.07,27.04,1.71,28.14,1.32,39.06,105,683,137,42
0.13,1.13,0.12,5.25,-2.62,-6.65,1.15,8.87,104,679,138,41
0.20,1.09,0.02,-19.41,-0.67,-34.55,1.11,39.63,101,683,140,38
0.26,1.00,-0.06,-14.34,1.28,-41.02,1.03,43.47,90,701,140,38
0.28,0.92,-0.05,-5.49,0.37,-37.11,0.96,37.52,71,713,140,38
0.30,0.85,-0.07,2.50,-0.73,-23.93,0.91,24.07,65,720,143,36
0.29,0.81,-0.01,8.67,-1.34,-10.01,0.86,13.31,63,717,145,35
0.28,0.81,0.01,9.46,-0.06,5.13,0.86,10.76,61,710,142,36
0.27,0.86,0.01,8.67,-0.06,15.93,0.90,18.14,64,705,143,37
0.26,0.83,-0.00,9.46,-0.43,26.67,0.88,28.30,82,695,141,39
0.23,0.81,0.07,3.91,0.61,33.33,0.85,33.56,95,689,141,40
0.27,1.10,-0.10,1.46,2.38,39.25,1.13,39.35,128,678,137,40
0.18,1.10,0.05,21.18,-3.17,30.27,1.11,37.08,118,669,128,44
0.18,0.99,0.04,15.26,-1.83,19.71,1.00,25.00,148,662,132,44
0.18,0.97,0.03,9.89,-0.55,14.28,0.99,17.38,131,660,135,43
0.21,1.00,-0.02,9.22,-0.67,13.49,1.02,16.35,98,659,136,46
0.16,1.07,0.06,18.49,-4.58,0.31,1.08,19.05,102,655,131,45
0.16,0.92,0.08,4.46,0.18,-9.16,0.94,10.18,92,666,135,47
0.22,0.97,-0.02,1.10,1.83,-2.32,1.00,3.15,69,676,133,42
0.14,0.90,0.15,10.93,-0.43,-1.77,0.92,11.08,69,680,132,45
0.20,0.87,0.03,-5.80,3.60,2.14,0.89,7.15,70,670,129,45
0.19,1.01,0.01,-4.15,2.14,4.46,1.03,6.45,83,668,131,48
0.18,0.88,0.04,-1.89,1.53,13.24,0.90,13.47,69,665,127,45
0.18,1.08,0.02,7.20,0.06,14.65,1.10,16.32,93,642,129,49
0.11,1.04,0.14,6.77,-2.14,-1.89,1.05,7.35,126,631,134,51
0.15,0.95,0.07,-11.11,0.92,-14.53,0.96,18.31,123,632,137,50
0.18,1.28,-0.01,-7.81,1.46,-11.78,1.29,14.21,128,632,134,53
0.13,1.28,0.16,-5.49,-0.43,-44.37,1.29,44.71,109,643,134,54
0.15,1.30,0.07,-20.14,8.18,-85.45,1.32,88.17,70,657,141,52
0.17,0.99,0.08,-23.01,14.22,-102.48,1.01,105.99,39,647,135,48
0.31,0.88,-0.03,-14.65,19.59,-103.09,0.93,105.95,25,654,123,43
0.46,0.79,-0.23,7.87,15.69,-89.23,0.95,90.94,18,651,109,41
0.50,0.71,-0.14,27.65,2.44,-57.98,0.88,64.28,15,643,98,39
0.49,0.89,-0.11,47.00,-5.68,-31.31,1.02,56.76,9,612,91,38
0.42,0.88,0.05,63.35,-9.03,-21.97,0.97,67.66,7,591,79,36
0.40,1.05,0.11,58.84,-4.76,-27.34,1.12,65.06,6,582,71,38
0.46,1.21,0.03,62.38,-1.16,-50.23,1.29,80.10,5,585,63,33
0.51,1.25,-0.01,74.10,-6.47,-78.86,1.35,108.40,4,600,51,30
0.47,1.33,0.06,91.25,-14.28,-108.89,1.41,142.78,3,628,39,26
0.49,1.29,0.13,110.96,-17.76,-140.44,1.39,179.87,2,659,28,24
0.53,1.27,0.20,109.44,-17.33,-167.97,1.39,201.22,2,676,22,24
0.58,0.66,0.01,109.07,-23.32,-172.73,0.88,205.61,1,673,17,24
0.66,0.55,0.03,88.68,-38.70,-162.48,0.86,189.10,1,615,11,26
0.61,-0.04,-0.07,69.21,-57.01,-118.04,0.62,148.24,2,583,7,31
0.42,-0.01,0.22,5.31,-70.50,-81.91,0.48,108.20,2,569,7,32
-1.91,1.01,-0.20,-145.08,40.95,130.74,2.16,199.54,3,582,8,30
-0.31,0.32,-0.51,-95.40,221.25,174.01,0.67,297.21,3,584,4,28
0.75,0.29,-0.72,-155.88,222.60,129.52,1.08,301.04,3,570,9,28
0.49,1.49,0.24,-169.56,62.81,133.85,1.59,224.97,4,564,12,25
0.46,1.09,0.31,-23.74,-35.64,146.12,1.23,152.27,4,568,10,26
0.26,0.87,0.23,-14.71,-71.04,137.39,0.94,155.37,4,577,10,25
0.22,0.81,0.21,-32.65,-39.86,123.84,0.87,134.13,4,578,9,27
0.38,1.14,0.28,-62.56,-17.40,110.84,1.23,128.46,4,586,10,27
0.69,1.08,0.30,-23.80,-25.82,103.52,1.31,109.31,4,591,11,27
0.61,1.07,0.31,-23.80,-32.71,51.39,1.27,65.41,4,590,11,27
0.47,0.88,0.20,-53.16,-18.19,-1.16,1.01,56.20,3,584,10,25
0.41,1.02,0.25,-65.31,0.37,-28.75,1.12,71.36,3,589,9,25
0.53,0.87,0.15,-60.42,8.30,-36.87,1.04,71.27,3,581,8,23
0.45,0.71,0.02,-70.98,26.00,-41.87,0.84,86.42,2,587,8,22
0.41,0.94,0.09,-69.34,92.41,-28.93,1.03,119.09,2,589,8,22
0.90,0.79,-0.12,-10.50,157.65,9.70,1.20,158.30,2,592,9,23
1.67,0.36,-0.41,0.24,83.62,43.64,1.76,94.32,3,598,8,17
1.38,0.67,-0.06,-46.02,-31.49,11.05,1.54,56.85,3,605,10,16
0.89,0.69,0.05,-42.79,-54.63,-1.59,1.13,69.41,3,603,10,15
0.97,0.69,-0.14,-6.84,-32.90,17.27,1.19,37.78,3,609,8,17
0.95,0.70,0.08,-4.76,-59.20,8.00,1.18,59.93,3,624,9,15
0.65,0.84,0.41,17.64,-57.98,-8.30,1.14,61.17,3,626,9,15
0.53,0.94,0.27,73.73,-8.91,-7.20,1.11,74.62,4,610,12,15
0.81,0.76,-0.31,106.32,19.65,-5.13,1.15,108.25,5,614,12,15
-0.15,0.53,-0.92,81.48,-18.86,17.52,1.07,85.45,6,646,51,13
0.57,1.64,-0.17,58.04,-18.74,169.98,1.74,180.59,14,670,91,20
-0.04,0.94,0.22,58.65,-18.80,116.21,0.97,131.52,25,670,111,26
0.11,0.84,0.16,6.04,-4.15,82.21,0.86,82.54,38,677,113,32
0.18,1.15,-0.02,-17.52,2.44,58.41,1.17,61.03,59,689,123,34
0.24,1.58,-0.17,-1.89,0.31,25.09,1.61,25.16,85,688,127,36
0.14,1.18,0.10,19.84,-2.44,-5.86,1.20,20.83,96,688,135,37
0.15,0.88,0.11,-0.31,2.01,-20.57,0.90,20.67,96,689,136,38
0.21,0.85,-0.00,-10.93,4.33,-15.75,0.88,19.65,100,696,140,36
0.20,1.05,-0.00,-6.65,3.17,-12.88,1.07,14.84,102,695,140,37
0.22,0.81,0.01,-2.93,2.56,-4.88,0.84,6.24,104,700,137,39
0.24,0.88,-0.09,2.08,1.28,11.41,0.91,11.67,98,706,143,36
0.20,0.94,0.01,12.76,-0.55,20.20,0.96,23.90,108,702,144,40
0.21,1.11,-0.04,14.89,0.12,21.36,1.13,26.04,115,700,138,39
0.17,1.06,0.06,20.02,-3.11,5.25,1.07,20.93,104,704,140,42
0.17,1.04,0.07,8.97,-0.67,-9.03,1.06,12.75,109,708,140,41
0.20,0.98,-0.00,4.58,1.40,-16.05,1.00,16.75,94,712,137,40
0.21,0.93,0.02,4.70,1.77,-16.97,0.96,17.70,77,716,132,40
0.23,0.93,-0.00,7.75,0.92,-11.72,0.96,14.08,65,721,137,38
0.20,0.82,0.06,11.41,-0.31,-4.70,0.85,12.35,58,718,129,37
0.20,0.88,0.08,11.05,-0.85,10.68,0.91,15.39,58,716,119,37
0.16,0.93,0.12,7.32,0.24,12.94,0.95,14.87,57,711,127,38
0.15,0.94,0.14,-7.02,3.17,9.09,0.96,11.92,65,706,125,37
0.24,0.88,-0.04,-14.22,5.98,9.52,0.91,18.13,68,714,127,42
0.22,1.01,-0.03,-0.79,2.93,13.06,1.03,13.41,70,713,128,43
0.16,1.03,0.06,3.05,2.01,8.24,1.05,9.01,72,709,129,44
0.21,0.82,-0.00,-0.98,1.89,7.14,0.84,7.45,82,706,126,46
0.20,0.96,-0.01,-0.79,0.12,17.40,0.98,17.41,90,695,129,46
0.16,1.18,0.02,9.70,1.10,15.26,1.19,18.12,100,686,130,46
0.12,0.95,0.12,6.41,-1.77,-6.10,0.97,9.03,126,685,130,47
0.18,0.98,-0.00,-7.32,0.79,-8.42,0.99,11.19,120,674,128,50
0.19,0.85,-0.01,-11.72,0.18,-5.86,0.87,13.10,126,672,123,51
0.24,0.93,-0.07,7.75,-0.18,14.65,0.97,16.57,134,669,121,52
0.12,1.08,0.10,30.40,-8.06,20.63,1.09,37.61,135,659,115,53
0.07,1.07,0.16,16.24,-1.22,0.85,1.09,16.30,117,647,107,53
0.14,1.39,0.04,15.44,5.25,-18.49,1.39,24.66,93,652,104,52
0.16,1.67,-0.01,39.18,15.01,-47.97,1.68,63.74,47,627,97,52
0.10,1.85,0.03,62.01,16.72,-94.36,1.85,114.14,16,592,74,47
0.02,1.72,0.08,88.99,17.58,-164.67,1.72,188.00,6,574,42,40
0.08,1.52,0.14,117.98,16.54,-202.94,1.53,235.33,3,575,24,31
0.29,1.16,0.16,155.52,14.53,-205.75,1.21,258.32,2,599,15,28
-0.34,0.23,-0.12,138.55,23.25,-133.12,0.43,193.54,4,551,8,34
-1.50,-0.45,-0.65,-17.03,70.13,-31.25,1.69,78.64,5,543,5,38
-0.36,0.22,-0.35,-95.09,142.15,11.78,0.55,171.43,6,542,6,37
-0.01,0.51,-0.05,-58.65,72.51,38.39,0.51,100.86,6,542,5,35
-0.25,0.59,0.01,-12.21,-22.71,79.10,0.64,83.20,7,543,8,34
-0.36,0.65,-0.01,-12.39,-39.06,118.53,0.74,125.41,6,542,6,36
-0.15,0.88,0.05,-39.49,1.10,128.60,0.89,134.53,6,553,8,33
0.05,1.04,0.08,-39.79,21.85,112.55,1.04,121.36,6,563,6,33
0.35,1.35,0.19,-30.76,15.44,111.21,1.40,116.41,6,572,7,29
0.39,1.11,0.14,-13.98,10.19,49.93,1.19,52.84,5,584,7,27
0.09,1.00,0.14,-13.92,26.79,-14.59,1.01,33.53,3,589,9,26
-0.01,0.78,0.03,-11.66,58.53,-27.53,0.78,65.72,2,595,6,24
0.14,0.66,-0.04,-39.55,83.98,-20.57,0.67,95.08,2,590,6,20
0.34,0.78,-0.03,-64.39,116.88,-39.12,0.85,139.06,2,602,8,19
0.68,0.99,-0.03,-60.97,143.62,-51.88,1.20,164.42,2,596,7,18
1.14,0.78,-0.08,-7.81,104.13,5.92,1.38,104.59,2,608,8,16
1.45,0.53,-0.21,-58.78,27.16,50.23,1.56,81.95,3,613,7,15
1.38,0.43,-0.16,-61.89,-10.25,52.49,1.46,81.80,3,613,6,14
1.41,0.29,-0.64,-93.44,18.98,66.10,1.58,116.02,4,615,4,14
2.04,0.33,-0.53,-61.10,40.41,-37.60,2.13,82.33,5,639,3,13
1.93,0.49,-0.03,-63.42,-24.78,-54.50,1.99,87.21,6,647,5,16
0.25,3.68,-0.70,-21.24,-64.88,4.58,3.75,68.42,25,703,38,14
0.17,2.65,-0.10,305.42,27.77,316.53,2.66,440.73,174,664,83,19
-0.10,1.35,0.77,290.47,-50.35,85.14,1.56,306.85,302,614,103,48
0.12,1.37,0.15,12.02,-9.40,51.03,1.38,53.26,304,571,113,65
0.04,1.01,0.13,22.22,-8.97,16.72,1.02,29.22,551,539,118,89
0.11,1.00,0.05,-6.35,-2.56,-7.14,1.01,9.89,328,538,120,86
0.17,1.04,-0.01,-15.93,-0.06,-6.53,1.05,17.22,388,538,126,80
0.13,0.97,0.04,5.55,-0.79,0.43,0.98,5.63,391,538,128,78
0.11,1.03,0.05,8.91,-0.79,1.59,1.04,9.09,502,537,127,78
0.12,0.96,0.07,4.58,0.49,-3.72,0.97,5.92,558,555,122,70
0.14,0.99,0.04,3.48,1.59,-4.15,1.00,5.64,330,571,123,59
0.14,1.03,0.05,12.33,0.37,-6.59,1.04,13.99,282,592,122,52
0.13,1.07,0.05,18.13,-1.59,-19.53,1.08,26.69,203,618,118,42
0.18,1.00,0.04,20.63,-1.46,-25.21,1.01,32.61,120,643,114,36
0.18,0.96,0.07,20.20,-2.14,-23.56,0.98,31.11,81,653,115,32
0.18,0.83,0.12,15.38,-1.22,-15.56,0.86,21.92,57,664,115,29
0.18,0.87,0.12,9.09,0.79,-8.61,0.90,12.55,49,673,113,30
0.19,0.83,0.10,3.85,3.30,1.71,0.86,5.35,44,677,103,30
0.21,0.92,0.07,3.05,3.42,10.38,0.94,11.34,42,669,101,29
0.16,1.01,0.13,1.89,1.95,7.32,1.03,7.81,43,658,95,30
0.14,1.14,0.15,-6.41,3.36,-5.74,1.16,9.23,39,663,88,27
0.17,1.29,0.09,-15.56,8.67,-30.82,1.30,35.60,24,668,70,21
0.17,1.50,0.04,0.24,10.19,-61.10,1.51,61.94,10,630,56,20
0.16,1.43,0.08,19.84,8.06,-105.35,1.45,107.50,6,617,35,18
0.24,1.30,0.09,18.43,9.09,-142.82,1.33,144.29,4,605,19,17
0.18,1.37,0.09,9.52,6.59,-155.03,1.38,155.46,4,594,14,18
-0.79,0.60,-0.24,19.29,7.45,-101.44,1.02,103.53,3,578,8,20
-0.94,0.53,-0.27,-1.34,4.39,-35.03,1.11,35.33,3,592,9,21
-0.71,0.65,-0.20,-12.08,1.04,24.96,0.98,27.75,3,583,9,21
-0.51,0.78,-0.14,-16.72,-2.99,67.93,0.95,70.02,4,587,10,20
-0.28,0.75,-0.16,-16.85,-7.75,99.30,0.82,101.02,4,586,8,21
-0.05,0.95,-0.02,-34.36,-7.87,104.92,0.96,110.68,4,585,9,18
0.04,1.09,0.05,-31.49,1.53,98.69,1.09,103.61,4,589,8,18
0.11,1.20,0.07,-28.32,22.83,104.55,1.20,110.70,5,588,9,18
0.19,1.31,0.13,-17.15,65.43,100.28,1.33,120.96,5,587,8,17
0.41,1.29,0.08,1.83,132.51,73.91,1.35,151.74,5,592,11,17
0.79,1.16,-0.10,17.94,198.12,28.93,1.40,201.02,5,594,9,18
1.23,1.22,-0.16,3.72,208.13,47.73,1.74,213.57,5,591,9,15
1.68,0.99,-0.23,57.07,162.96,15.44,1.96,173.36,5,591,10,16
1.52,0.63,-0.35,67.02,91.67,-29.36,1.69,117.29,5,596,12,14
1.04,1.71,0.57,8.06,63.96,-63.84,2.08,90.73,6,614,18,17
0.60,0.46,-0.51,46.63,2.87,-15.81,0.91,49.32,9,633,32,17
0.21,0.90,0.09,19.29,-5.86,-29.17,0.92,35.46,12,660,51,18
0.13,1.01,0.17,8.06,-0.67,-30.52,1.03,31.57,16,676,66,23
0.21,0.77,0.10,-2.87,2.26,-28.87,0.80,29.10,19,690,81,27
0.22,0.92,0.05,-13.43,4.09,-15.01,0.95,20.55,25,700,95,29
0.24,0.86,0.03,-12.76,2.87,-9.52,0.89,16.17,34,707,109,27
0.24,1.01,0.02,-15.44,3.23,-3.42,1.04,16.14,51,706,118,28
0.24,1.01,0.01,-6.29,1.95,-1.16,1.04,6.68,56,705,122,33
0.22,0.97,0.04,1.04,1.59,-0.67,0.99,2.01,66,704,125,31
0.23,0.95,0.01,0.98,1.83,0.06,0.97,2.08,68,703,123,33
0.23,0.94,0.03,3.17,2.01,2.14,0.97,4.32,70,698,124,33
0.22,0.97,0.04,3.97,1.83,3.54,0.99,5.62,80,694,130,32
0.22,0.96,0.04,4.70,1.46,3.42,0.98,5.99,83,693,126,36
0.21,0.98,0.04,4.33,1.10,1.95,1.01,4.88,85,691,130,36
0.21,1.00,0.05,3.30,0.85,-1.65,1.02,3.78,88,690,132,37
0.22,0.97,0.04,3.17,0.92,-4.76,1.00,5.79,92,695,133,34
0.22,0.96,0.05,3.85,0.85,-6.47,0.99,7.57,79,704,131,35
0.24,0.91,0.06,3.30,1.22,-2.75,0.94,4.46,78,709,134,36
0.23,0.98,0.02,5.43,1.04,-2.08,1.01,5.91,77,710,130,35
0.22,0.92,0.06,7.63,0.73,-0.31,0.95,7.67,73,712,133,33
0.23,0.95,0.05,5.62,0.85,-0.24,0.98,5.69,69,711,134,33
0.23,0.96,0.05,4.88,1.16,-0.92,0.99,5.10,67,713,131,34
0.22,0.97,0.06,5.25,0.98,-2.38,1.00,5.85,68,711,134,35
0.22,0.97,0.07,4.88,1.04,-4.27,1.00,6.57,64,716,132,35
0.22,0.98,0.08,3.85,1.10,-7.57,1.00,8.56,63,722,133,34
0.23,0.98,0.07,2.08,1.59,-10.74,1.01,11.06,55,717,133,34
0.24,0.96,0.07,0.00,2.38,-14.65,0.99,14.84,51,717,129,35
0.23,1.00,0.09,-1.40,3.11,-17.82,1.03,18.15,48,718,131,32
0.27,1.08,0.02,-1.40,4.52,-23.62,1.11,24.09,43,708,128,34
0.26,0.93,0.07,1.34,5.19,-30.15,0.97,30.62,34,687,129,29
0.28,1.00,0.05,-6.71,6.16,-32.41,1.04,33.67,26,676,120,31
0.31,1.03,0.02,-2.20,7.26,-35.77,1.08,36.56,19,657,109,30
0.35,1.08,-0.03,10.56,5.68,-43.40,1.13,45.02,12,655,101,27
0.35,1.06,0.04,16.48,2.32,-53.22,1.11,55.76,9,647,90,23
0.37,1.02,0.04,19.90,-1.16,-62.68,1.09,65.78,6,660,71,21
0.42,1.10,0.05,25.76,-3.97,-76.90,1.17,81.20,4,643,46,16
0.34,1.11,0.15,28.02,-3.36,-92.29,1.17,96.50,3,642,38,15
0.43,1.08,0.17,29.79,3.05,-114.56,1.17,118.41,3,627,31,16
0.55,1.10,0.16,19.71,7.45,-128.36,1.24,130.08,3,634,27,16
0.50,1.08,0.13,13.85,10.74,-137.94,1.20,139.05,2,621,20,14
0.57,1.00,0.09,16.66,10.38,-148.86,1.15,150.15,2,623,16,17
0.55,0.98,0.08,20.87,6.53,-150.39,1.12,151.97,2,609,11,18
-0.24,0.53,-0.16,28.93,2.81,-112.37,0.60,116.06,2,612,9,17
-0.61,0.63,-0.11,4.58,5.43,-2.38,0.88,7.49,2,618,6,19
-0.39,0.63,-0.12,9.28,26.98,93.81,0.75,98.05,2,628,5,18
-0.24,0.68,-0.14,2.20,34.30,123.78,0.73,128.46,2,619,7,18
-0.20,0.84,-0.18,2.75,38.39,163.94,0.89,168.40,2,614,5,21
-0.04,1.05,-0.22,5.74,41.69,209.72,1.07,213.90,3,610,5,21
0.32,0.97,-0.34,7.39,49.44,186.65,1.08,193.22,3,618,6,21
0.67,1.31,-0.15,-28.93,52.80,143.55,1.48,155.67,4,605,7,19
0.76,1.59,-0.11,-9.52,55.36,156.86,1.77,166.61,4,605,11,21
0.53,1.17,-0.31,-5.31,54.57,127.56,1.32,138.85,4,605,8,21
0.44,1.28,-0.28,-17.70,63.29,104.86,1.38,123.75,5,603,6,19
0.50,1.26,-0.32,-3.97,73.43,98.08,1.39,122.59,5,601,7,21
0.62,1.17,-0.36,0.92,68.36,72.14,1.37,99.39,5,602,6,20
0.61,0.97,-0.39,1.34,61.28,36.68,1.22,71.43,4,611,7,20
0.66,1.08,-0.30,-18.74,51.27,5.86,1.30,54.90,4,614,7,21
0.80,1.12,-0.15,3.78,37.66,2.38,1.39,37.92,4,619,7,19
1.07,0.57,-0.28,-0.55,12.27,-23.07,1.24,26.14,4,620,8,18
1.03,0.73,0.02,-51.27,-10.99,-68.73,1.27,86.44,4,627,7,17
0.75,0.90,0.46,-42.48,6.77,-78.37,1.26,89.40,4,625,8,16
1.08,0.43,0.34,10.19,47.00,-66.22,1.21,81.84,4,631,9,15
1.38,3.01,1.08,96.19,-52.00,-56.21,3.48,122.95,6,621,28,19
-0.14,0.95,0.51,44.86,-7.75,64.70,1.09,79.11,8,645,42,17
0.35,0.52,-0.13,0.49,7.14,39.06,0.64,39.71,13,682,61,20
0.34,1.11,-0.30,2.81,10.44,52.43,1.20,53.53,28,701,81,28
0.23,1.28,-0.10,52.73,5.00,54.14,1.31,75.74,64,686,93,34
0.06,1.08,0.23,57.56,-5.49,24.48,1.10,62.78,114,660,108,38
0.13,1.08,0.09,-0.18,-1.40,-8.73,1.09,8.84,178,651,110,39
0.18,0.97,0.01,-14.28,-0.92,-25.76,0.99,29.47,173,654,116,40
0.21,0.94,-0.03,-18.31,1.53,-24.90,0.96,30.95,197,664,122,36
0.23,0.92,-0.05,-11.84,2.32,-14.16,0.95,18.60,177,670,127,35
0.23,0.90,-0.03,-3.42,2.20,-6.71,0.93,7.85,165,665,129,37
0.24,0.94,-0.06,-0.85,2.32,0.79,0.97,2.60,171,659,129,37
0.22,0.99,-0.04,6.47,1.28,3.11,1.01,7.29,200,656,131,39
0.21,0.97,-0.01,8.00,0.79,1.40,1.00,8.16,221,654,131,39
0.22,0.98,-0.02,6.23,0.85,-1.46,1.01,6.45,254,653,133,36
0.22,1.00,-0.01,4.76,0.37,-5.62,1.02,7.37,186,658,134,37
0.22,0.94,-0.00,2.75,0.24,-9.16,0.97,9.56,222,661,129,37
0.24,0.95,-0.04,2.08,0.43,-8.18,0.98,8.45,232,667,128,36
0.23,0.94,-0.01,4.88,0.24,-6.35,0.97,8.01,212,671,132,37
0.24,0.93,-0.01,5.62,0.37,-4.15,0.96,6.99,174,675,133,36
0.24,0.95,-0.01,7.20,0.24,-2.20,0.98,7.53,204,677,136,37
0.24,0.94,0.00,7.75,-0.06,-0.85,0.97,7.80,203,679,136,36
0.24,0.97,0.00,7.45,0.06,0.00,0.99,7.45,175,678,134,36
0.23,0.96,0.01,8.61,0.06,-0.31,0.98,8.61,204,678,135,37
0.25,0.96,-0.00,7.39,-0.37,-1.71,1.00,7.59,176,678,138,35
0.22,0.96,0.03,7.69,-1.04,-3.05,0.99,8.34,214,680,138,36
0.29,0.96,0.03,4.88,-0.85,-4.21,1.00,6.50,170,681,134,37
0.25,1.01,-0.01,3.91,-0.98,-8.24,1.04,9.17,176,685,135,36
0.24,1.05,0.03,4.94,-2.69,-14.10,1.08,15.18,140,694,138,34
0.24,1.02,0.04,5.55,-3.54,-21.55,1.05,22.53,118,699,135,36
0.22,0.99,0.12,0.79,-0.67,-27.95,1.02,27.97,91,704,137,33
0.29,1.06,0.03,-8.00,5.55,-35.28,1.10,36.60,74,714,131,34
0.29,1.00,0.01,-7.14,9.46,-44.07,1.04,45.63,42,702,131,32
0.33,1.14,-0.03,-4.27,9.95,-55.42,1.18,56.47,28,692,126,32
0.32,1.15,0.00,0.12,8.79,-72.20,1.20,72.74,19,680,120,29
0.36,1.08,0.00,1.95,6.90,-91.67,1.14,91.95,14,667,117,26
0.39,1.05,-0.02,-0.85,2.50,-122.19,1.12,122.22,11,674,107,23
0.44,1.17,0.12,-6.16,-0.98,-151.73,1.25,151.86,10,678,84,17
0.48,1.15,0.25,-20.20,14.10,-180.18,1.27,181.85,9,661,53,12
0.68,1.25,0.29,-56.03,41.81,-197.51,1.45,209.52,5,622,34,10
0.64,1.27,0.15,-49.19,56.70,-201.97,1.43,215.46,3,614,18,11
0.53,1.21,0.05,-29.36,61.52,-194.09,1.32,205.71,2,581,12,15
-0.46,0.80,-0.07,16.72,55.60,-145.02,0.92,156.21,2,560,6,17
-0.42,0.81,-0.13,70.25,26.98,20.26,0.92,77.93,2,576,7,17
-0.22,0.61,-0.16,90.94,-0.43,109.13,0.67,142.06,2,572,8,19
-0.23,0.61,-0.14,91.25,-19.78,149.48,0.66,176.24,2,571,8,20
-0.33,0.82,-0.13,110.23,-5.37,180.79,0.89,211.81,3,569,5,19
0.14,0.78,-0.46,134.46,20.45,213.68,0.92,253.30,3,570,6,22
0.37,0.94,-0.54,92.65,30.58,183.29,1.15,207.64,4,579,7,22
0.27,1.20,-0.48,74.16,56.40,161.74,1.32,186.66,4,584,6,21
0.36,1.27,-0.58,66.35,94.36,167.18,1.44,203.11,4,580,8,24
0.54,1.35,-0.63,51.21,123.78,172.00,1.58,218.01,4,579,7,22
0.62,1.32,-0.70,31.74,132.87,129.39,1.61,188.16,4,580,9,24
0.59,1.25,-0.72,25.63,125.98,102.23,1.56,164.25,4,585,7,23
0.54,1.16,-0.69,17.33,104.92,88.26,1.46,138.19,4,587,8,24
0.46,1.08,-0.60,7.57,72.57,75.38,1.32,104.91,4,597,6,22
0.42,0.93,-0.59,-10.93,54.38,55.60,1.18,78.54,3,589,6,21
0.40,0.98,-0.51,-38.39,41.08,29.30,1.17,63.40,3,574,5,20
0.43,1.01,-0.42,-60.18,33.63,6.41,1.17,69.24,2,571,5,19
0.48,1.05,-0.30,-78.25,27.04,-4.58,1.19,82.91,2,577,5,18
0.52,1.07,-0.18,-83.07,21.73,-2.87,1.20,85.91,2,585,5,17
0.55,1.06,-0.09,-73.43,17.94,6.35,1.20,75.85,2,592,5,18
0.65,1.02,-0.00,-55.42,11.35,17.64,1.21,59.26,2,603,7,17
0.75,0.97,0.04,-37.48,2.20,5.68,1.23,37.97,2,607,6,17
0.77,1.00,0.13,-4.64,-7.81,-16.60,1.26,18.93,2,617,8,17
0.92,0.80,0.11,14.22,-9.83,-37.66,1.22,41.44,2,621,7,17
1.03,0.60,-0.10,26.31,-14.65,-64.21,1.20,70.92,3,633,7,16
0.97,0.41,-0.35,14.40,-24.78,-85.21,1.11,89.90,3,628,8,17
0.78,0.61,0.03,30.09,-82.15,-45.23,0.99,98.49,3,602,18,14
0.14,0.70,0.03,82.58,-50.72,50.35,0.72,109.21,5,619,28,17
-0.00,1.12,0.33,44.86,-36.56,33.75,1.17,67.00,7,640,45,19
0.06,0.89,0.23,24.66,-11.41,38.45,0.92,47.08,12,659,57,22
0.17,1.15,-0.12,-11.60,7.39,39.06,1.17,41.41,21,653,62,25
0.12,1.33,-0.11,2.75,0.98,4.64,1.34,5.48,38,643,70,27
0.10,1.04,-0.01,2.20,-4.03,-30.70,1.05,31.04,51,645,78,28
0.15,0.83,-0.01,-17.88,-0.43,-40.83,0.84,44.58,71,653,92,28
0.22,0.76,-0.10,-41.08,6.10,-30.58,0.80,51.57,103,649,99,29
0.26,1.05,-0.24,-38.39,8.42,-18.07,1.11,43.26,164,644,107,28
0.22,0.96,-0.15,-9.52,1.10,-15.75,0.99,18.43,204,642,117,29
0.24,0.96,-0.17,-7.08,-0.43,-13.31,1.01,15.08,193,644,120,31
0.23,1.01,-0.13,-1.16,-1.77,-12.39,1.04,12.57,235,649,129,32
0.25,0.94,-0.20,1.89,-2.62,-10.80,1.00,11.28,308,660,128,31
0.25,0.95,-0.18,20.02,-4.70,-2.81,1.00,20.75,228,672,130,34
0.25,0.86,-0.16,32.47,-3.85,12.51,0.91,35.01,217,685,138,35
0.24,0.88,-0.12,45.72,-4.15,27.47,0.92,53.49,217,685,140,36
0.22,0.88,-0.07,51.88,-7.20,43.03,0.90,67.79,204,673,138,40
0.15,1.15,-0.02,54.14,-11.96,54.99,1.16,78.09,245,657,132,40
0.06,1.01,0.07,49.01,-12.70,42.05,1.02,65.82,365,635,124,46
0.17,1.02,-0.01,28.32,-8.00,24.66,1.03,38.39,361,632,125,46
0.20,0.82,-0.03,21.36,-10.86,30.46,0.84,38.76,257,617,112,48
-0.02,1.26,0.22,37.29,-20.08,54.69,1.28,69.17,315,570,100,65
-0.03,0.94,0.11,4.27,-3.11,12.94,0.95,13.98,290,543,98,83
0.08,0.95,0.04,-6.41,0.85,4.33,0.96,7.78,519,540,100,81
0.11,0.98,0.02,-12.08,0.79,7.63,0.99,14.31,248,537,91,86
0.07,1.06,-0.00,-6.23,-2.99,11.96,1.06,13.81,270,519,75,99
0.01,1.03,0.04,6.04,-2.20,5.00,1.03,8.15,242,501,72,102
0.07,0.97,0.03,1.40,0.24,-0.31,0.97,1.46,416,502,74,102
0.07,0.96,0.03,2.20,-0.24,0.43,0.96,2.25,258,502,74,106
0.05,1.03,0.02,0.24,-0.92,0.79,1.03,1.24,322,501,73,104
0.06,0.98,0.03,2.32,-0.24,-3.11,0.99,3.89,217,506,80,100
0.06,0.97,0.04,3.85,0.31,-4.64,0.98,6.03,285,514,88,87
0.07,0.98,0.04,5.92,0.31,-5.43,0.98,8.04,254,521,90,79
0.03,1.05,0.05,7.57,-0.79,-9.83,1.06,12.43,229,537,91,63
0.05,0.89,0.13,8.48,0.55,-23.56,0.90,25.05,235,573,99,51
0.15,1.01,-0.06,-4.46,7.14,-18.31,1.02,20.15,203,588,101,50
0.08,1.08,0.09,10.56,4.94,-19.78,1.09,22.96,225,602,102,47
0.04,0.90,0.15,-3.66,7.51,-49.68,0.92,50.38,128,639,113,44
0.19,0.98,-0.03,-43.21,14.89,-51.21,1.00,68.64,133,647,111,43
0.17,1.25,-0.02,-23.50,12.82,-53.59,1.26,59.90,73,663,109,42
0.01,1.35,0.21,-12.33,24.05,-95.40,1.37,99.15,36,654,102,37
0.33,0.47,-0.08,-18.86,34.55,-84.59,0.58,93.30,22,643,90,37
0.41,0.90,-0.24,-3.91,29.54,-50.90,1.02,58.98,20,632,86,38
0.40,1.17,-0.22,25.02,18.01,-34.06,1.25,45.94,15,612,79,33
0.37,1.12,-0.05,45.84,7.14,-44.92,1.18,64.58,8,586,62,33
0.45,0.95,-0.17,53.96,-1.04,-48.34,1.06,72.45,5,575,52,31
0.43,0.99,-0.12,57.43,-12.88,-53.04,1.08,79.23,4,572,42,29
0.45,0.91,-0.02,63.42,-21.91,-55.85,1.02,87.30,3,576,34,26
0.42,0.87,0.06,63.11,-27.40,-54.87,0.96,88.00,3,584,27,23
0.35,0.62,0.17,58.35,-26.25,-50.90,0.73,81.76,2,592,26,24
0.39,0.60,0.30,40.53,-19.59,-37.35,0.78,58.49,2,591,25,21
0.45,0.49,0.26,30.27,-10.80,-23.56,0.71,39.85,2,593,25,23
0.39,0.58,0.36,15.56,-1.40,-10.86,0.79,19.03,2,608,27,23
0.50,0.62,0.26,2.99,5.00,4.21,0.84,7.19,2,615,29,23
0.50,0.78,0.21,-6.29,6.53,16.42,0.95,18.75,2,618,31,23
0.53,0.90,0.16,-4.64,5.98,18.43,1.06,19.93,3,623,30,23
0.50,1.02,0.17,-3.36,3.30,7.63,1.15,8.96,3,621,30,24
0.50,1.37,0.20,2.93,4.46,-18.92,1.47,19.66,3,625,33,25
0.50,1.38,0.19,19.41,5.80,-70.62,1.48,73.47,3,636,34,23
0.54,1.30,0.19,38.27,4.21,-106.51,1.42,113.25,3,648,32,22
0.56,1.22,0.24,55.85,2.62,-133.12,1.37,144.38,2,660,24,18
0.64,0.95,0.22,58.47,4.33,-146.91,1.17,158.18,2,626,17,21
0.63,0.95,0.30,55.42,2.44,-135.07,1.18,146.02,2,593,11,21
0.50,0.12,-0.01,59.27,1.77,-101.07,0.52,117.18,2,563,9,30
0.65,0.24,0.16,14.22,-3.85,-68.66,0.71,70.23,2,566,6,29
-1.56,1.55,-0.31,-95.52,35.10,136.54,2.23,170.29,2,578,5,25
0.06,0.12,-0.36,-28.93,137.08,100.77,0.38,172.58,3,575,7,27
0.03,0.55,-0.22,-85.08,100.83,112.06,0.59,173.10,3,579,8,26
0.25,1.11,-0.00,-27.22,6.04,169.62,1.14,171.89,3,575,7,27
0.35,0.75,0.01,-18.68,-31.25,136.90,0.83,141.66,4,574,8,25
0.31,0.84,0.10,-21.12,-34.85,135.38,0.91,141.38,4,572,5,25
0.28,0.90,0.14,-31.86,-15.38,109.50,0.95,115.07,4,573,6,26
0.29,0.90,0.12,-23.56,8.79,75.13,0.95,79.23,4,585,8,25
0.48,0.98,0.09,-21.73,8.24,69.58,1.10,73.36,4,593,6,25
0.60,1.04,0.11,-27.40,-6.96,43.03,1.20,51.49,3,599,8,25
0.54,0.82,0.08,-38.94,-3.30,-8.91,0.98,40.08,3,595,7,23
0.50,0.87,0.07,-57.80,5.98,-56.46,1.00,81.02,2,600,6,21
0.54,0.80,0.02,-70.37,3.48,-63.60,0.97,94.92,2,598,5,20
0.65,0.90,0.08,-85.21,-10.44,-61.77,1.11,105.75,2,610,6,20
0.57,1.04,0.20,-73.12,-14.59,-32.90,1.20,81.50,2,618,6,18
0.56,0.94,0.19,-37.35,3.91,18.62,1.11,41.92,2,617,7,17
0.65,0.86,0.17,-7.81,41.63,65.49,1.09,77.99,2,608,6,15
0.84,0.83,0.05,6.35,70.92,72.45,1.18,101.58,2,614,6,14
1.03,0.88,0.02,18.68,73.79,45.41,1.35,88.63,3,621,6,13
1.05,0.72,-0.07,19.96,46.88,23.56,1.28,56.13,3,622,7,14
0.94,0.78,-0.06,24.60,19.04,33.26,1.22,45.54,3,620,8,12
0.90,0.82,-0.07,39.98,12.51,22.77,1.22,47.68,3,624,8,13
0.74,0.73,-0.21,44.80,23.07,-7.63,1.06,50.97,3,622,8,14
0.52,0.73,-0.25,38.33,37.17,-30.21,0.93,61.35,3,626,7,15
0.44,0.62,-0.31,19.90,36.38,-40.34,0.82,57.85,3,623,6,14
0.50,0.81,-0.14,-18.98,10.68,-45.47,0.96,50.42,3,626,7,13
0.54,0.95,0.02,-1.40,-7.93,-35.71,1.09,36.60,4,630,9,13
0.68,0.67,-0.19,19.04,-9.64,-32.04,0.97,38.50,3,621,10,13
-0.16,0.86,0.24,-0.79,-1.65,-75.50,0.91,75.52,3,646,23,12
1.01,-0.41,-0.38,55.30,-34.67,113.59,1.15,131.00,11,686,76,17
0.00,1.96,-0.10,28.08,-2.32,155.94,1.96,158.47,18,693,93,21
0.13,1.08,0.06,-2.81,1.46,107.36,1.09,107.41,31,697,111,28
0.12,1.71,-0.27,-39.12,7.14,76.54,1.73,86.25,48,697,113,32
0.24,1.62,-0.19,-15.75,16.05,56.21,1.65,60.54,87,668,121,36
0.05,1.24,0.14,45.96,-9.64,10.13,1.24,48.04,148,648,125,39
0.06,1.10,0.10,-9.03,-5.74,-36.68,1.10,38.21,178,653,130,39
0.19,0.72,-0.05,-49.19,0.79,-55.54,0.75,74.20,152,666,139,38
0.27,0.93,-0.22,-51.03,7.93,-28.02,1.00,58.75,179,656,138,35
0.25,1.02,-0.18,-10.31,2.08,-10.13,1.07,14.61,206,654,135,35
0.23,0.92,-0.12,10.31,-0.73,-2.14,0.95,10.56,214,654,142,36
0.19,1.06,-0.05,2.75,0.24,-7.93,1.08,8.40,276,653,143,33
0.22,1.07,-0.09,-5.80,1.16,-22.28,1.09,23.05,217,667,146,35
0.23,1.02,-0.10,-10.50,1.65,-36.50,1.05,38.01,177,697,146,32
0.25,0.88,-0.12,-12.08,2.69,-41.20,0.93,43.02,138,716,148,30
0.31,0.85,-0.17,-10.25,5.37,-30.52,0.92,32.64,97,727,145,30
0.31,0.84,-0.17,3.42,5.07,-15.08,0.92,16.27,87,724,147,31
0.29,0.83,-0.11,12.39,4.64,-2.32,0.89,13.43,85,721,141,29
0.30,0.92,-0.13,16.91,6.41,6.23,0.98,19.12,71,713,143,30
0.29,0.96,-0.12,29.05,4.94,8.85,1.01,30.77,66,704,143,34
0.27,0.94,-0.06,22.58,3.17,2.14,0.98,22.90,66,696,144,35
0.23,0.94,0.02,5.80,4.82,-6.35,0.97,9.86,59,688,141,35
0.28,1.02,-0.09,-5.98,9.03,-15.50,1.06,18.91,51,682,144,36
0.32,0.93,-0.12,-4.39,10.07,-22.16,0.99,24.73,50,679,144,36
0.32,0.92,-0.12,-4.27,9.34,-22.34,0.98,24.59,43,681,145,38
0.31,0.84,-0.08,-1.95,8.54,-17.82,0.90,19.86,44,679,145,37
0.34,0.85,-0.13,-1.83,8.24,-10.25,0.93,13.28,38,679,146,38
0.35,0.92,-0.14,4.15,6.16,-2.14,0.99,7.73,42,677,143,41
0.33,0.85,-0.09,9.95,4.76,7.75,0.91,13.48,42,678,142,41
0.35,0.88,-0.14,9.46,5.13,20.26,0.96,22.94,39,676,139,39
0.29,1.04,-0.07,13.43,2.14,17.64,1.08,22.27,43,670,137,40
0.29,0.88,-0.07,7.45,2.93,10.38,0.93,13.10,48,663,132,44
0.34,0.99,-0.19,5.31,3.17,14.28,1.07,15.56,43,660,125,44
0.32,0.78,-0.10,12.82,0.55,19.10,0.85,23.01,40,660,121,46
0.28,0.95,-0.07,12.57,-2.56,17.82,1.00,21.96,53,649,127,48
0.24,1.24,-0.05,2.44,-2.87,1.71,1.26,4.14,69,636,127,46
0.29,0.99,-0.13,3.72,-0.98,-17.15,1.05,17.58,49,638,120,49
0.31,0.63,-0.12,23.80,-2.32,8.61,0.71,25.42,35,628,112,50
0.34,0.86,-0.15,44.62,-3.85,38.64,0.93,59.14,30,606,106,49
0.26,1.25,-0.06,65.43,-9.46,50.23,1.27,83.03,27,587,98,50
0.15,1.44,0.11,73.61,-12.02,17.40,1.45,76.59,23,563,88,51
0.11,1.50,0.15,55.66,-3.66,-34.18,1.51,65.42,15,547,77,49
0.14,1.64,0.06,41.44,3.60,-90.03,1.65,99.17,7,544,55,44
0.12,1.71,0.09,57.62,7.02,-143.49,1.71,154.79,4,562,33,35
0.02,1.38,0.11,99.91,7.63,-183.90,1.39,209.43,3,588,19,24
0.20,1.03,0.19,130.07,13.67,-206.05,1.07,244.05,2,624,16,20
0.32,0.86,0.19,113.83,25.27,-191.28,0.94,224.02,2,623,15,23
0.30,0.27,0.05,116.58,32.71,-145.20,0.41,189.06,2,592,11,25
-1.16,-0.58,-0.47,35.89,40.10,-58.59,1.38,79.56,2,586,11,28
-0.84,0.31,-0.34,-40.95,118.04,52.98,0.96,135.71,2,578,9,27
-0.06,0.32,-0.32,-50.60,125.79,74.46,0.46,154.69,3,575,8,26
-0.03,0.74,-0.03,-42.18,59.81,90.88,0.74,116.69,3,583,9,24
-0.16,0.63,-0.05,-9.28,7.26,129.03,0.65,129.57,3,577,10,26
-0.12,0.89,0.09,-16.24,1.22,161.19,0.90,162.01,3,578,11,25
0.14,0.94,0.02,-22.16,26.43,143.49,0.96,147.58,4,584,9,24
0.49,1.17,0.01,-23.38,20.14,87.59,1.27,92.86,4,589,8,23
0.45,1.20,0.14,-7.14,1.04,46.39,1.29,46.94,4,601,10,22
0.54,0.99,0.00,-8.48,-1.77,33.20,1.13,34.32,3,601,8,20
0.67,1.04,0.01,-45.29,6.59,-5.92,1.24,46.15,3,604,9,19
0.80,1.05,-0.01,-50.11,16.54,-31.74,1.32,61.58,3,619,6,17
0.86,1.00,-0.04,-59.88,26.06,-15.93,1.32,67.22,3,632,8,15
0.97,0.97,-0.08,-54.08,37.11,26.55,1.37,70.76,3,630,8,14
1.08,0.79,-0.11,-60.55,31.92,59.20,1.35,90.50,3,622,7,13
1.22,1.04,0.03,-82.89,8.61,78.37,1.60,114.39,4,628,7,14
1.22,1.16,0.18,-53.96,-30.33,80.20,1.70,101.31,4,631,7,13
1.12,0.75,0.02,-13.00,-30.82,71.72,1.35,79.13,4,629,8,10
1.06,0.76,0.03,-7.32,-30.27,41.81,1.30,52.14,4,640,7,12
1.07,0.60,-0.03,-1.53,-29.24,11.90,1.23,31.60,4,641,9,14
1.12,0.69,-0.11,1.40,-35.58,-12.82,1.32,37.85,4,640,8,14
0.97,0.63,-0.23,1.04,-48.58,-43.82,1.18,65.44,4,643,10,14
0.80,0.73,-0.18,-8.61,-54.20,-59.63,1.10,81.04,4,651,10,14
0.58,0.92,-0.06,-8.91,-43.52,-77.27,1.09,89.13,4,655,8,14
0.23,0.78,-0.09,2.75,-9.40,-86.85,0.82,87.40,4,652,8,16
-0.00,1.01,-0.03,11.72,42.42,-79.59,1.01,90.95,4,641,10,15
-0.02,0.80,-0.14,51.33,61.65,-45.78,0.81,92.36,4,634,9,14
0.21,0.81,-0.07,61.83,3.11,21.12,0.84,65.41,5,633,13,13
-0.76,0.64,-0.04,38.21,-37.17,-25.94,0.99,59.28,4,647,21,11
1.55,-1.45,-0.69,80.99,-12.76,116.76,2.23,142.67,9,686,88,17
0.07,1.61,0.01,17.46,5.43,197.75,1.61,198.60,15,697,107,20
0.10,1.77,-0.07,-16.91,7.57,131.90,1.77,133.19,22,706,113,22
0.24,1.80,-0.24,-8.00,15.75,93.26,1.83,94.92,54,692,121,29
0.15,1.35,-0.03,49.01,-0.18,54.81,1.36,73.53,97,656,125,37
0.12,1.00,0.09,34.36,-4.82,16.66,1.01,38.49,136,640,135,42
0.15,0.95,-0.01,3.17,-3.54,15.14,0.96,15.87,177,623,132,43
0.16,1.03,-0.06,3.97,-6.53,20.32,1.05,21.71,212,606,134,48
0.09,1.13,-0.02,22.58,-10.74,16.97,1.13,30.22,213,590,133,48
0.07,0.95,0.06,13.43,-4.39,-0.43,0.95,14.14,236,582,136,51
0.13,1.00,-0.02,-6.10,0.85,-6.65,1.01,9.07,225,592,138,48
0.14,0.99,-0.03,-2.75,0.85,-8.97,1.00,9.42,298,606,138,43
0.15,0.98,-0.03,5.31,0.37,-8.91,0.99,10.38,204,620,133,41
0.14,0.96,-0.00,8.97,0.00,-7.87,0.98,11.94,153,632,137,40
0.14,1.00,0.01,7.39,-0.12,-9.95,1.01,12.39,154,644,131,36
0.14,0.99,0.02,-0.61,0.00,-17.15,1.00,17.16,129,660,137,33
0.17,1.00,-0.03,-8.30,0.79,-21.91,1.01,23.44,90,683,137,34
0.19,0.93,-0.03,-5.37,2.14,-21.00,0.95,21.78,68,696,136,32
0.19,0.89,-0.01,-3.78,2.62,-14.40,0.91,15.12,67,704,134,31
0.20,0.95,-0.02,-2.26,2.99,-9.52,0.97,10.23,63,706,135,31
0.20,0.96,-0.03,0.12,3.17,-7.57,0.98,8.21,65,703,140,32
0.19,0.95,0.01,-1.77,2.75,-7.63,0.97,8.30,68,705,143,33
0.20,0.99,-0.00,-7.63,3.48,-8.30,1.01,11.80,61,710,138,33
0.20,1.01,-0.02,-11.66,4.58,-15.01,1.03,19.55,58,711,137,32
0.20,1.00,0.00,-15.32,6.65,-25.21,1.02,30.24,51,715,143,34
0.20,1.06,-0.02,-14.28,8.30,-27.10,1.08,31.74,46,714,140,33
0.17,0.85,0.05,-13.24,10.99,-33.02,0.87,37.23,39,704,143,35
0.33,0.53,-0.14,-15.56,14.04,-15.99,0.64,26.36,43,698,141,38
0.38,0.94,-0.34,1.22,8.24,25.45,1.07,26.78,63,681,143,39
0.20,1.15,0.03,31.92,2.56,37.84,1.17,49.57,86,668,139,39
0.14,1.09,0.12,18.92,-1.83,4.09,1.11,19.44,105,663,139,42
0.26,0.96,-0.08,-3.91,0.31,-13.79,1.00,14.34,87,663,143,43
0.26,0.90,-0.07,-4.58,0.37,-10.62,0.94,11.57,80,678,143,43
0.25,0.86,-0.06,-6.10,-0.67,-5.49,0.90,8.24,72,683,139,41
0.29,0.84,-0.13,9.95,-1.40,12.76,0.90,16.24,71,678,131,43
0.24,0.98,-0.04,28.38,-4.94,30.82,1.01,42.19,82,658,125,48
0.19,1.18,-0.02,37.17,-5.55,28.08,1.20,46.91,76,638,120,49
0.17,1.44,0.03,43.40,-5.31,0.06,1.45,43.72,58,632,117,52
0.22,1.60,0.06,38.33,-0.67,-45.65,1.61,59.62,36,620,110,52
0.16,1.76,0.01,34.24,3.05,-96.19,1.77,102.15,19,596,99,45
0.08,1.89,0.01,33.51,4.88,-160.83,1.89,164.35,7,576,78,36
0.01,1.71,0.12,59.14,5.13,-228.45,1.71,236.04,3,591,42,26
-0.02,1.21,0.18,111.15,17.46,-274.78,1.23,296.92,2,648,28,17
0.29,0.79,0.19,100.59,33.81,-254.21,0.87,275.47,1,661,20,18
0.28,0.45,0.12,90.52,41.08,-217.41,0.54,239.05,1,631,13,23
0.30,0.57,0.31,96.01,47.30,-190.61,0.71,218.61,2,612,12,25
-1.23,-1.34,-0.76,84.90,56.03,-79.16,1.97,128.90,2,607,9,27
-0.56,0.70,-0.15,-75.74,54.08,152.16,0.91,178.37,2,588,8,23
0.20,0.47,-0.16,-16.42,39.98,132.14,0.54,139.03,2,578,8,25
0.05,0.68,-0.03,-9.03,-8.79,103.94,0.68,104.70,3,585,9,23
-0.03,0.48,-0.14,15.62,-44.98,147.64,0.50,155.13,3,587,9,24
-0.03,0.59,-0.07,-23.86,-47.79,167.66,0.59,175.97,3,586,8,23
0.23,0.84,0.04,-26.25,-14.89,159.67,0.87,162.49,3,590,10,23
0.50,0.85,-0.01,-34.55,-1.16,126.10,0.99,130.75,3,592,8,22
0.65,0.77,-0.03,-47.55,-6.84,67.63,1.01,82.95,3,593,9,24
0.74,0.69,-0.02,-78.86,-3.23,-30.03,1.02,84.44,3,595,8,21
0.83,0.66,-0.08,-123.17,17.46,-127.81,1.06,178.35,3,610,8,15
1.01,0.76,0.02,-173.95,38.82,-132.02,1.27,221.80,3,615,7,16
0.94,1.23,0.45,-127.26,74.28,-7.63,1.61,147.55,3,619,8,12
1.59,0.81,0.11,29.66,88.68,127.99,1.79,158.51,3,623,7,11
1.78,0.34,-0.15,2.14,29.11,85.82,1.82,90.64,3,623,9,11
1.20,0.73,0.21,2.99,19.78,40.28,1.42,44.97,4,635,7,13
1.35,0.83,0.11,34.36,18.37,47.49,1.59,61.43,4,648,8,13
1.36,0.60,-0.21,70.80,-15.50,31.31,1.50,78.95,4,651,9,14
0.97,0.44,-0.33,46.26,-36.13,-1.10,1.12,58.71,4,657,7,14
0.70,0.73,-0.11,34.06,-14.16,-20.63,1.02,42.26,4,649,9,13
0.37,0.51,-0.07,31.92,5.80,-31.43,0.63,45.17,4,637,10,13
-0.02,1.10,0.05,21.18,-3.36,35.64,1.10,41.60,5,624,15,14
1.78,1.39,-0.01,25.63,0.73,35.71,2.26,43.96,6,682,67,16
0.08,2.04,-0.09,9.22,-14.95,186.46,2.04,187.29,12,687,92,17
0.00,1.57,0.27,7.08,-4.46,103.09,1.59,103.43,19,686,113,24
0.09,0.60,0.20,-30.40,7.14,66.96,0.64,73.88,31,696,120,27
0.25,2.28,-0.57,-90.76,24.72,56.64,2.37,109.80,67,704,123,29
0.23,1.26,-0.23,2.87,13.31,38.70,1.30,41.02,130,672,130,32
0.11,0.95,0.02,27.10,-1.71,27.77,0.96,38.84,174,644,128,36
0.12,1.04,-0.00,7.75,-1.46,16.30,1.04,18.11,252,627,132,38
0.12,1.09,-0.06,0.55,-2.08,4.64,1.10,5.11,343,620,137,39
0.12,1.02,-0.04,-3.54,-1.04,-8.97,1.03,9.70,288,616,136,40
0.15,0.98,-0.06,-9.64,-0.18,-19.29,0.99,21.56,271,624,138,36
0.17,0.93,-0.09,-8.67,0.18,-15.87,0.94,18.08,345,630,140,37
0.18,0.98,-0.10,-3.05,0.73,-8.48,1.00,9.05,288,631,138,35
0.17,0.97,-0.07,4.94,-0.12,-7.32,0.99,8.84,372,633,140,31
0.17,0.97,-0.07,3.54,-0.12,-7.93,0.99,8.69,289,640,135,32
0.18,0.96,-0.09,3.48,-0.24,-8.30,0.98,9.00,288,649,141,34
0.19,0.99,-0.06,3.48,-0.67,-9.03,1.01,9.70,274,654,142,32
0.18,0.98,-0.04,2.81,-1.40,-14.47,0.99,14.80,248,659,144,33
0.20,1.00,-0.07,-5.00,-0.79,-18.92,1.03,19.59,276,679,138,31
0.22,0.98,-0.09,-1.10,-0.67,-20.26,1.00,20.30,185,699,146,32
0.22,0.88,-0.11,7.57,-0.06,-12.15,0.91,14.31,161,716,144,30
0.26,0.93,-0.13,23.38,-2.81,-1.65,0.97,23.60,119,722,144,30
0.21,0.87,-0.02,30.94,-5.25,4.88,0.89,31.76,93,726,141,34
0.18,0.85,0.06,19.78,-1.53,11.72,0.87,23.04,104,723,141,33
0.21,1.09,-0.03,6.96,1.59,9.83,1.11,12.14,118,716,140,34
0.18,1.02,0.07,5.19,0.98,-6.96,1.04,8.73,99,717,144,35
0.19,0.94,0.02,-10.38,3.91,-15.87,0.96,19.36,90,733,146,35
0.24,0.88,-0.08,-13.67,6.23,-8.97,0.91,17.50,79,741,143,34
0.27,0.88,-0.10,2.50,3.11,0.49,0.93,4.02,77,731,140,36
0.21,1.08,-0.02,7.51,1.83,-2.99,1.10,8.29,84,728,140,36
0.21,0.99,-0.00,4.03,3.30,-9.52,1.01,10.85,75,733,142,39
0.25,1.09,-0.08,5.19,2.62,-16.11,1.12,17.13,66,735,142,38
0.26,1.10,-0.07,9.28,1.71,-27.59,1.13,29.16,52,728,139,38
0.27,0.86,-0.02,13.00,-0.43,-38.45,0.90,40.59,40,719,141,38
0.31,0.80,-0.09,10.74,-1.16,-28.81,0.86,30.77,29,713,134,39
0.33,0.95,-0.09,18.80,-5.62,-13.24,1.01,23.67,27,701,127,39
0.26,1.30,0.00,27.16,-9.09,-26.55,1.32,39.06,23,686,118,38
0.25,1.01,0.04,31.80,-6.16,-60.79,1.04,68.88,17,676,115,35
0.28,1.03,0.01,42.91,-1.89,-58.41,1.07,72.50,10,649,101,37
0.45,1.00,-0.11,55.42,-4.39,-46.81,1.10,72.68,6,619,90,36
0.33,1.46,0.12,69.52,-11.66,-59.51,1.50,92.25,5,599,67,34
0.05,1.75,0.35,67.57,-0.55,-121.34,1.79,138.88,4,605,52,30
0.06,1.79,0.42,77.03,26.18,-196.11,1.84,212.31,2,653,37,24
0.26,1.62,0.44,102.48,48.40,-246.22,1.70,271.05,2,676,25,20
0.26,0.97,0.51,133.67,71.23,-241.46,1.13,285.03,1,674,17,22
-0.19,0.05,0.22,189.88,105.22,-153.02,0.29,265.59,2,614,14,28
-2.26,-0.66,-1.00,-19.78,134.03,42.30,2.56,141.93,3,602,9,27
-0.08,0.31,-0.61,-10.07,147.89,121.15,0.69,191.44,4,602,11,27
-0.02,0.79,0.03,14.53,-32.04,117.98,0.79,123.12,4,600,9,26
-0.28,0.42,-0.25,27.47,-73.79,154.48,0.56,173.39,4,602,11,26
-0.06,0.94,-0.08,-5.00,-18.25,176.27,0.94,177.28,4,597,12,25
0.49,1.04,-0.19,-19.10,32.35,166.87,1.16,171.05,5,597,9,27
0.97,1.15,-0.22,-15.32,2.26,136.05,1.52,136.93,5,601,11,25
0.73,0.93,-0.02,-15.87,-74.52,91.37,1.18,118.97,5,594,12,24
0.59,0.82,0.08,-43.70,-69.89,40.16,1.01,91.69,4,602,10,21
0.63,1.00,0.25,-64.70,-31.07,5.00,1.21,71.94,4,607,11,21
0.93,1.14,0.28,-63.72,1.34,-6.47,1.49,64.06,3,607,11,20
1.15,0.90,0.11,-62.68,7.63,-9.77,1.47,63.90,3,603,7,16
1.13,0.87,0.14,-59.88,16.48,-4.33,1.43,62.25,2,606,9,14
1.06,0.63,0.12,-46.51,32.59,1.46,1.24,56.81,2,620,7,14
1.20,0.59,0.01,-36.38,45.53,4.39,1.33,58.44,3,625,8,13
1.25,0.67,-0.02,-28.38,32.90,1.34,1.42,43.47,3,629,8,13
1.12,0.56,-0.06,-14.83,-2.20,-2.75,1.25,15.24,3,641,8,14
0.73,0.54,0.02,-23.13,-20.81,-6.90,0.91,31.87,3,640,7,13
0.27,0.48,-0.09,-55.24,12.08,18.86,0.55,59.61,4,624,6,12
0.50,0.73,-0.51,-113.22,118.23,-20.26,1.02,164.94,5,623,7,12
0.86,1.46,0.07,-54.87,113.10,-59.63,1.70,139.13,6,625,8,15
1.20,0.56,-0.41,21.48,22.22,-41.26,1.39,51.55,6,626,8,12
-1.29,1.42,0.39,-15.50,-38.70,-79.71,1.96,89.95,6,642,11,11
0.97,-0.59,-1.10,168.58,-38.51,23.80,1.59,174.55,19,705,45,8
0.85,1.35,-0.60,110.66,-14.22,130.68,1.70,171.82,43,738,97,12
0.14,1.05,0.36,98.14,-11.47,117.19,1.12,153.29,48,734,115,17
0.20,0.95,0.07,28.38,6.59,84.59,0.97,89.47,44,743,115,23
0.29,1.10,-0.18,10.01,9.52,58.29,1.15,59.90,51,736,125,27
0.24,1.14,-0.08,1.22,2.50,13.43,1.17,13.71,71,723,134,29
0.28,0.94,-0.13,-7.93,2.14,-4.33,0.99,9.29,86,717,139,31
0.27,0.80,-0.14,0.12,1.65,1.10,0.86,1.98,104,705,140,34
0.28,0.88,-0.15,3.42,4.27,21.06,0.93,21.76,147,696,148,33
0.24,1.06,-0.11,14.04,3.36,29.30,1.10,32.66,147,684,143,36
0.18,1.20,-0.03,22.95,-0.37,17.76,1.21,29.02,206,676,148,39
0.18,1.00,-0.01,6.65,-0.61,-6.47,1.01,9.30,198,678,154,40
0.24,0.96,-0.10,-13.00,1.53,-15.75,1.00,20.48,178,683,151,38
0.24,0.98,-0.11,-11.23,1.89,-18.07,1.02,21.36,160,690,147,38
0.25,1.03,-0.13,-10.31,1.16,-24.78,1.07,26.87,168,702,156,37
0.27,0.88,-0.10,-11.66,0.24,-30.88,0.92,33.01,117,718,151,33
0.30,0.87,-0.15,-10.31,1.77,-21.42,0.93,23.84,112,730,152,33
0.32,0.94,-0.19,1.28,0.55,-10.56,1.01,10.65,106,735,148,32
0.29,0.97,-0.11,12.88,-0.61,-6.23,1.01,14.32,88,740,150,30
0.29,0.90,-0.10,12.15,-0.73,-5.68,0.96,13.43,75,744,147,28
0.31,0.89,-0.13,14.65,-0.55,-1.83,0.95,14.77,63,747,149,30
0.30,0.89,-0.09,18.74,-1.28,3.30,0.94,19.07,58,744,143,30
0.29,0.91,-0.07,19.17,-1.77,7.20,0.96,20.55,49,747,147,30
0.28,0.94,-0.06,1.04,-1.34,3.23,0.98,3.65,51,739,143,31
0.26,1.04,-0.03,4.64,-0.55,-7.26,1.08,8.64,54,730,145,31
0.30,0.92,-0.09,0.31,-0.06,-16.91,0.98,16.91,50,729,145,32
0.28,0.69,0.00,-3.17,0.85,-9.58,0.75,10.13,48,729,142,33
0.32,0.86,-0.10,-6.04,2.14,7.69,0.92,10.01,59,729,149,33
0.31,1.05,-0.13,3.97,0.37,12.27,1.10,12.90,67,724,148,36
0.27,0.91,-0.03,8.67,-0.61,10.13,0.95,13.35,70,721,145,36
0.28,0.84,-0.03,7.75,-0.61,19.17,0.89,20.68,70,718,146,37
0.28,0.97,-0.11,10.50,-1.28,30.64,1.01,32.41,85,712,140,38
0.25,1.00,-0.07,17.88,-4.15,31.92,1.03,36.82,88,705,142,39
0.18,1.13,0.02,17.82,-3.30,26.86,1.14,32.40,89,694,146,42
0.22,1.17,-0.00,22.46,-2.99,10.86,1.19,25.13,108,686,144,42
0.16,0.98,0.10,10.07,-0.12,-8.54,1.00,13.21,110,680,149,45
0.25,1.11,-0.10,-5.62,3.66,-18.55,1.14,19.73,104,683,148,45
0.25,0.96,-0.06,2.32,1.53,-23.44,0.99,23.60,81,698,147,46
0.27,0.85,-0.05,8.00,-1.46,-14.28,0.89,16.43,60,708,143,45
0.31,0.73,-0.06,14.59,-5.25,1.77,0.80,15.60,44,702,135,43
0.18,0.87,0.14,8.54,-9.28,17.33,0.90,21.44,44,691,128,41
0.22,1.16,0.04,1.10,-2.44,15.81,1.18,16.03,45,676,116,45
0.25,1.85,-0.07,11.66,-2.93,-37.84,1.87,39.70,35,663,113,42
0.13,1.77,0.07,13.92,-5.07,-112.06,1.78,113.03,24,653,107,43
0.01,1.66,0.15,8.06,2.50,-184.69,1.67,184.88,14,651,91,31
0.06,1.33,0.20,18.74,17.33,-238.46,1.35,239.83,7,649,59,22
0.46,1.32,0.17,20.26,30.88,-252.56,1.40,255.25,4,631,34,18
0.31,1.23,0.21,51.45,41.81,-220.34,1.28,230.10,3,612,20,16
-0.86,-0.57,-0.61,132.57,42.48,-128.91,1.20,189.73,3,609,13,23
-0.96,0.02,-0.39,-55.66,-42.36,66.41,1.03,96.45,3,594,11,23
-0.51,0.30,-0.05,-0.18,-44.43,104.61,0.60,113.66,3,584,12,23
-0.34,0.44,-0.15,-22.64,-28.14,116.27,0.57,121.75,3,590,11,23
0.12,0.67,-0.14,-23.19,-32.35,145.32,0.70,150.68,4,595,10,24
0.28,1.03,0.06,-25.45,-65.37,148.13,1.07,163.90,4,589,11,23
0.40,1.18,0.19,-8.24,-80.14,141.60,1.26,162.91,4,589,13,19
0.32,1.04,0.23,2.62,-66.28,120.30,1.11,137.38,5,600,13,24
0.37,1.06,0.29,0.31,-36.62,90.39,1.16,97.53,5,611,16,24
0.51,1.00,0.32,-7.20,-23.86,57.31,1.16,62.50,5,613,15,23
0.78,1.11,0.31,-28.44,-43.58,79.53,1.39,95.04,5,605,12,24
0.69,1.24,0.38,-29.85,-38.88,3.17,1.47,49.12,4,609,14,22
0.60,0.96,0.21,-51.45,16.42,-26.25,1.15,60.05,4,602,14,20
0.55,0.96,0.21,-58.78,59.63,-48.83,1.12,96.93,3,620,12,17
0.61,0.96,0.20,-53.28,90.45,-57.13,1.16,119.52,3,617,9,16
0.71,0.95,0.22,-33.75,109.25,-62.26,1.21,130.20,2,613,8,16
0.93,0.78,0.07,-10.62,101.75,-54.20,1.21,115.77,2,619,8,13
1.01,0.92,0.02,-5.74,56.40,-34.67,1.36,66.45,2,624,8,12
0.85,0.83,-0.09,29.66,12.27,-3.17,1.19,32.26,2,629,9,15
0.68,0.60,-0.24,32.35,-4.39,15.20,0.94,36.01,2,640,8,14
0.45,0.67,-0.20,6.84,5.74,-9.46,0.84,13.01,3,643,10,16
0.27,0.80,-0.07,-7.02,25.88,-35.16,0.85,44.21,3,644,9,14
0.31,0.84,-0.10,6.23,31.19,-27.28,0.90,41.90,3,648,10,13
0.57,0.61,-0.36,-0.06,1.53,-13.67,0.91,13.76,3,648,11,14
0.79,0.61,-0.28,-31.80,-47.42,-2.50,1.04,57.15,4,645,9,13
1.21,0.83,-0.15,-17.58,-86.98,6.29,1.47,88.96,4,645,9,13
1.05,0.90,-0.24,-5.49,-106.51,-21.18,1.40,108.73,4,644,6,16
0.39,1.00,-0.07,5.31,-65.31,-54.93,1.07,85.50,4,636,7,16
-0.08,0.91,0.12,26.31,35.52,-81.24,0.92,92.48,4,655,13,16
0.10,1.32,0.53,47.91,-8.30,54.38,1.42,72.95,5,714,52,17
0.48,0.18,-0.01,-31.25,19.96,168.03,0.52,172.07,9,745,87,20
0.20,1.31,-0.05,-40.83,26.49,131.35,1.33,140.08,13,737,103,27
0.25,1.13,-0.16,-36.87,21.48,103.21,1.16,111.68,20,733,119,32
0.26,1.68,-0.35,-39.06,15.69,82.95,1.73,93.02,38,734,135,35
0.26,1.39,-0.31,-1.28,16.54,65.61,1.44,67.68,71,706,136,40
0.15,1.19,-0.01,26.06,4.94,36.32,1.20,44.97,92,686,138,40
0.14,1.04,0.02,12.63,-0.67,5.92,1.05,13.97,137,674,146,43
0.17,1.16,-0.08,-0.43,-1.10,-8.97,1.17,9.05,134,676,147,40
0.17,1.04,-0.04,-6.04,-2.26,-28.93,1.05,29.64,111,695,152,39
0.21,1.05,-0.10,-5.31,-2.44,-38.21,1.08,38.65,76,717,153,40
0.23,0.94,-0.10,-4.46,-2.38,-38.15,0.97,38.48,56,728,152,35
0.25,0.91,-0.09,-0.92,-1.28,-29.30,0.94,29.34,42,732,151,33
0.29,0.96,-0.13,8.18,-1.04,-19.53,1.01,21.20,32,732,149,32
0.27,0.91,-0.06,18.01,-3.66,-13.31,0.96,22.69,27,727,145,29
0.26,0.93,-0.03,16.54,-4.27,-11.23,0.96,20.44,22,724,139,30
0.27,0.90,-0.02,14.16,-4.09,-9.95,0.93,17.78,18,718,139,30
0.26,0.84,0.01,11.05,-3.05,-6.65,0.88,13.25,18,715,138,31
0.29,0.86,-0.05,5.49,-0.85,-2.62,0.91,6.15,18,712,135,28
0.30,0.96,-0.06,8.12,-2.14,0.61,1.01,8.42,19,709,136,30
0.25,0.97,0.03,8.67,-2.20,-2.87,1.00,9.39,21,704,136,29
0.27,0.92,0.02,2.08,0.18,-7.75,0.96,8.03,23,702,135,30
0.32,0.83,-0.06,-3.66,1.40,-5.07,0.89,6.41,23,704,141,31
0.30,0.94,-0.03,2.26,-0.31,-0.06,0.99,2.28,23,703,136,31
0.25,0.93,0.07,-2.08,1.34,-6.96,0.97,7.38,26,700,141,34
0.32,0.94,-0.09,-13.92,5.80,-10.80,0.99,18.55,28,697,142,36
0.31,1.02,-0.05,-6.35,3.66,-8.48,1.07,11.21,27,697,141,35
0.28,0.85,0.03,-4.15,3.91,-14.10,0.90,15.21,28,705,148,37
0.38,0.81,-0.18,-9.83,5.62,-0.43,0.91,11.33,27,706,148,38
0.36,0.84,-0.16,4.64,-1.65,22.77,0.93,23.29,28,705,134,36
0.27,1.11,-0.01,13.85,-6.41,13.06,1.14,20.09,35,698,138,39
0.29,1.12,-0.05,7.69,-5.25,-8.73,1.16,12.76,36,694,139,36
0.22,0.92,0.03,1.65,-9.28,-25.88,0.94,27.54,29,702,134,33
0.28,0.80,0.03,-8.06,0.55,-26.25,0.85,27.46,25,697,129,35
0.46,1.46,-0.30,3.48,2.87,-17.27,1.56,17.85,19,693,120,34
0.33,1.93,-0.16,45.59,-18.62,-54.75,1.97,73.64,13,643,107,33
0.11,1.79,0.10,62.68,-22.40,-126.89,1.80,143.29,7,616,81,27
0.05,1.63,0.21,92.16,4.09,-205.63,1.64,225.37,3,616,49,21
0.30,1.32,0.19,117.37,18.49,-225.71,1.36,255.07,2,606,29,18
0.35,0.74,0.01,145.57,29.85,-178.71,0.82,232.42,1,588,20,19
0.19,0.27,-0.19,134.52,30.21,-153.81,0.38,206.56,2,580,13,23
-0.66,-0.24,-0.45,62.32,29.54,-70.01,0.84,98.27,2,593,11,23
-0.73,0.26,-0.25,6.23,46.88,57.31,0.82,74.30,2,610,10,22
-0.24,0.05,-0.46,1.53,52.00,100.16,0.52,112.86,3,603,9,23
-0.04,0.47,-0.19,-28.50,28.32,114.87,0.51,121.69,3,600,10,24
0.11,0.62,-0.13,-21.91,3.78,123.23,0.64,125.22,3,602,8,25
0.21,0.92,0.05,-28.69,-21.18,142.58,0.95,146.97,3,606,9,23
0.52,1.02,0.03,-15.50,-28.99,129.58,1.14,133.68,3,599,9,24
0.62,0.98,0.05,-24.41,-28.08,96.31,1.16,103.25,3,604,9,24
0.58,0.92,-0.00,-42.91,-15.14,47.91,1.08,66.07,3,609,11,23
0.61,0.98,0.04,-71.35,-3.30,5.07,1.15,71.61,3,612,8,19
0.67,1.12,0.10,-73.97,8.30,-18.68,1.31,76.75,2,609,7,19
0.75,0.85,-0.00,-67.32,14.59,-31.56,1.13,75.77,2,617,10,22
0.55,0.94,0.13,-92.71,32.84,-33.08,1.10,103.77,2,625,8,19
0.38,0.97,0.15,-75.74,92.35,-18.01,1.05,120.79,3,633,9,14
0.59,0.94,0.02,-44.37,164.18,47.49,1.11,176.58,3,637,8,14
1.56,1.00,-0.01,25.70,138.85,66.53,1.85,156.10,3,635,9,11
1.77,0.47,-0.16,24.11,30.46,48.58,1.83,62.20,3,624,10,12
1.18,0.86,-0.02,5.07,-55.73,44.74,1.46,71.64,4,630,8,13
0.76,0.80,-0.22,50.11,-47.42,46.63,1.13,83.27,4,633,9,11
0.76,0.59,-0.47,52.25,5.62,20.20,1.07,56.30,4,638,10,12
0.83,0.58,-0.42,22.34,29.91,-15.32,1.10,40.35,4,642,9,12
0.77,0.66,-0.25,-7.20,13.18,-33.02,1.05,36.28,4,647,7,13
0.54,0.89,-0.07,-29.54,-12.94,-37.72,1.05,49.63,4,650,10,13
0.29,0.87,-0.03,-15.99,-15.20,-27.77,0.91,35.47,4,648,9,12
0.21,0.83,-0.04,-0.67,25.33,-8.79,0.86,26.82,4,639,9,13
0.58,0.75,-0.11,21.85,38.64,39.67,0.95,59.53,4,622,10,14
0.94,0.92,-0.20,-3.05,23.93,23.99,1.33,34.02,4,600,10,10
0.67,0.93,-0.12,28.69,12.70,-75.68,1.15,81.93,5,586,9,12
0.70,0.71,-0.08,38.21,17.46,-86.43,1.00,96.09,4,609,14,12
0.76,0.88,-0.46,95.76,-27.77,99.37,1.25,140.77,8,682,62,12
0.27,1.10,0.05,44.13,0.18,127.62,1.13,135.04,14,714,87,17
0.18,1.16,0.10,17.09,3.48,86.12,1.18,87.87,21,729,107,23
0.27,0.92,-0.08,-11.29,14.04,49.50,0.96,52.68,29,742,118,26
0.33,1.13,-0.23,1.53,7.26,53.71,1.20,54.22,44,743,127,27
0.22,1.22,-0.10,16.66,-0.61,49.32,1.24,52.06,71,733,137,32
0.19,1.21,-0.02,14.77,0.12,21.67,1.22,26.22,85,721,139,32
0.22,0.91,-0.04,3.42,1.53,4.09,0.94,5.54,99,720,136,32
0.23,1.03,-0.10,1.10,3.30,0.79,1.06,3.56,110,715,140,33
0.22,1.06,-0.05,8.30,1.65,-3.60,1.08,9.20,109,711,145,34
0.21,0.99,-0.04,2.56,2.08,-11.60,1.01,12.06,99,719,146,34
0.24,0.99,-0.07,-1.95,2.87,-16.05,1.02,16.42,96,723,146,35
0.25,0.97,-0.07,-2.69,3.05,-17.94,1.01,18.40,93,727,146,32
0.26,0.90,-0.09,0.12,2.26,-13.98,0.94,14.16,84,731,140,32
0.26,0.84,-0.07,4.46,1.71,-5.43,0.88,7.23,71,736,144,34
0.27,0.81,-0.07,6.04,1.46,5.31,0.85,8.18,64,737,142,34
0.26,0.84,-0.06,9.70,0.49,18.25,0.88,20.68,65,737,141,30
0.25,0.98,-0.07,12.21,-0.24,25.15,1.01,27.95,71,734,135,32
0.22,1.01,-0.03,13.12,-1.46,22.09,1.04,25.74,81,732,134,34
0.21,1.00,-0.02,11.96,-1.65,15.32,1.02,19.51,72,732,132,32
0.21,0.99,-0.02,8.06,-1.22,10.50,1.01,13.29,78,727,136,31
0.21,1.00,-0.04,7.14,-1.10,6.29,1.02,9.58,84,729,134,31
0.21,1.04,-0.04,6.41,-1.59,-1.71,1.06,6.82,74,732,133,33
0.18,0.99,0.05,1.16,-0.43,-12.57,1.01,12.63,76,729,133,32
0.22,1.02,-0.05,-7.87,1.59,-22.34,1.05,23.74,74,726,136,30
0.23,0.88,-0.03,-8.24,2.26,-26.25,0.91,27.60,75,728,141,32
0.26,0.85,-0.06,-10.38,2.75,-16.91,0.89,20.03,79,728,142,29
0.26,0.87,-0.07,-4.21,1.95,-8.73,0.91,9.89,77,726,140,32
0.24,0.91,-0.03,-0.79,1.10,-0.73,0.94,1.54,84,724,144,33
0.25,0.95,-0.03,-5.43,1.46,2.50,0.98,6.16,92,722,141,34
0.25,0.94,-0.05,-6.29,1.34,-2.01,0.98,6.74,94,722,143,34
0.28,0.98,-0.13,1.83,1.22,0.49,1.03,2.25,110,721,148,35
0.28,0.92,-0.12,9.09,-0.73,12.15,0.97,15.19,104,729,137,36
0.25,1.07,-0.05,25.15,-8.42,10.31,1.10,28.46,90,733,136,38
0.26,0.80,-0.02,31.80,-9.58,6.29,0.84,33.80,85,727,131,38
0.36,1.49,-0.24,28.93,-13.37,12.02,1.55,34.06,59,721,126,41
0.17,1.56,-0.09,55.85,-28.20,-31.19,1.57,69.91,26,695,108,37
0.20,0.60,0.14,81.73,-23.56,-64.51,0.64,106.75,15,658,92,37
0.15,0.74,0.28,51.94,-11.23,-40.41,0.81,66.76,12,622,78,36
0.21,0.91,0.26,30.94,4.21,-35.83,0.97,47.53,10,602,69,38
0.27,0.99,0.20,9.40,17.58,-50.60,1.04,54.38,9,603,57,37
0.31,1.16,0.14,3.23,24.84,-62.26,1.21,67.11,7,605,53,36
0.33,1.14,0.10,3.72,28.20,-87.89,1.19,92.38,5,603,50,33
0.41,1.24,0.06,11.23,26.37,-110.66,1.30,114.31,3,606,39,26
0.44,1.18,0.10,24.17,22.40,-132.20,1.27,136.25,2,608,31,22
0.41,1.30,0.28,49.68,25.94,-147.46,1.39,157.75,2,627,26,20
0.48,0.93,0.20,71.04,36.32,-145.75,1.06,166.16,2,609,19,21
0.33,0.57,0.22,54.75,45.96,-126.71,0.69,145.48,2,589,12,24
-0.52,-0.08,-0.16,39.37,58.96,-87.83,0.54,112.87,2,590,11,23
-0.59,0.25,-0.20,-18.19,81.67,-12.08,0.67,84.53,2,576,9,23
-0.26,0.37,-0.23,-14.83,52.67,21.12,0.51,58.66,3,591,7,21
-0.09,0.72,-0.01,-5.86,-8.73,112.85,0.73,113.34,3,588,8,22
0.28,0.76,-0.02,7.14,-40.65,121.15,0.81,127.99,4,585,9,21
0.13,1.08,0.05,4.88,-38.15,94.54,1.09,102.07,5,578,10,22
0.35,1.07,-0.06,23.32,-29.72,122.86,1.12,128.54,6,577,9,21
0.46,1.04,0.05,5.62,-24.90,135.99,1.14,138.36,6,575,9,21
0.53,1.10,0.10,-2.20,-11.96,117.00,1.22,117.63,6,582,9,22
0.63,1.20,0.19,13.18,-3.78,90.27,1.37,91.31,6,586,8,22
0.67,0.66,-0.03,8.12,-25.39,71.35,0.94,76.17,6,593,10,21
0.48,1.10,0.22,-32.04,-37.60,56.64,1.22,75.16,6,599,8,19
0.63,0.74,0.05,-25.02,-33.69,42.85,0.97,59.98,6,605,7,21
0.57,0.78,0.10,-46.88,-19.65,-2.08,0.97,50.87,5,608,9,18
0.56,0.71,0.03,-72.51,-0.24,-26.43,0.90,77.18,4,603,9,17
0.44,1.09,0.23,-91.67,20.51,-22.64,1.19,96.63,4,614,7,14
0.56,0.95,0.13,-57.01,45.17,11.96,1.12,73.71,3,607,6,13
0.77,0.89,0.02,-62.87,64.76,-2.38,1.18,90.29,3,602,7,13
0.83,1.01,-0.01,-68.12,70.68,-19.65,1.31,100.11,3,604,8,11
0.89,1.09,0.02,-32.10,50.84,20.20,1.41,63.43,3,612,6,12
1.04,0.88,-0.12,14.59,17.03,37.54,1.37,43.72,3,624,7,10
0.99,0.77,-0.15,21.42,-12.33,28.02,1.27,37.36,3,631,9,12
0.84,0.50,-0.25,18.74,-27.10,7.87,1.01,33.87,3,631,7,14
0.79,0.49,-0.20,-1.95,-27.34,-8.18,0.95,28.61,3,644,8,12
0.72,0.82,-0.14,-11.96,-20.87,-42.36,1.10,48.71,3,652,9,13
0.42,0.61,-0.25,-27.83,-14.04,-79.53,0.78,85.42,4,657,8,10
0.27,0.78,-0.08,-28.38,18.01,-65.31,0.83,73.45,4,645,9,10
0.74,0.57,-0.08,-5.98,48.34,-86.12,0.94,98.94,4,652,13,9
0.71,0.87,0.07,-17.03,13.85,-100.16,1.13,102.54,4,670,17,6
1.42,-0.12,-1.65,155.64,8.24,128.05,2.18,201.71,13,722,79,8
0.08,1.41,0.03,57.31,15.56,215.15,1.42,223.19,32,726,106,16
0.17,1.14,-0.06,44.56,4.33,138.55,1.16,145.60,58,723,115,23
0.16,1.07,-0.06,12.94,5.92,106.81,1.08,107.76,94,719,114,27
0.17,1.45,-0.15,15.01,2.75,62.13,1.46,63.98,154,708,128,31
0.20,1.04,-0.08,25.09,-0.92,29.79,1.06,38.95,218,694,131,33
0.17,1.25,-0.07,22.03,-1.71,20.69,1.26,30.27,296,687,142,36
0.07,1.07,0.14,13.92,-4.03,-10.31,1.08,17.78,360,683,142,35
0.19,1.01,-0.07,-14.53,2.20,-26.31,1.03,30.13,270,681,145,38
0.18,0.97,-0.05,-10.93,0.67,-38.09,0.99,39.63,224,688,145,33
0.21,0.95,-0.05,-16.11,2.20,-39.98,0.97,43.16,257,695,142,33
0.25,0.88,-0.09,-12.70,3.05,-29.97,0.92,32.69,244,706,149,34
0.27,0.96,-0.12,-1.95,2.01,-15.87,1.00,16.12,206,714,146,32
0.25,0.99,-0.08,12.15,-1.04,-12.08,1.03,17.17,171,716,140,31
0.24,0.94,-0.03,10.68,-1.59,-15.50,0.97,18.89,159,723,141,29
0.26,0.88,-0.04,2.99,0.55,-16.72,0.92,17.00,136,725,146,28
0.28,0.89,-0.06,-3.17,1.83,-14.22,0.94,14.69,125,729,141,29
0.30,0.93,-0.10,2.01,0.85,-8.24,0.98,8.53,135,733,144,28
0.30,0.97,-0.06,9.70,-0.24,-7.63,1.02,12.35,113,739,144,27
0.28,0.96,-0.03,9.77,-0.85,-7.32,1.00,12.24,104,739,141,26
0.27,0.99,-0.00,6.59,-0.61,-14.04,1.03,15.52,103,739,146,26
0.30,0.99,-0.07,5.07,1.16,-18.25,1.03,18.98,87,739,141,28
0.34,0.95,-0.11,13.55,0.06,-18.25,1.02,22.73,77,741,146,27
0.32,0.78,0.01,16.66,-0.98,-11.66,0.84,20.36,64,742,145,30
0.32,0.97,-0.03,9.77,-0.43,-9.64,1.02,13.73,72,736,142,31
0.34,0.94,-0.04,7.93,-0.06,-12.39,1.00,14.71,60,739,147,30
0.32,0.66,0.03,4.70,0.61,2.81,0.74,5.51,60,737,145,32
0.35,1.00,-0.06,10.31,-0.92,10.74,1.06,14.92,69,734,144,32
0.31,1.00,0.03,10.38,-0.24,-2.87,1.05,10.77,74,731,143,35
0.32,0.86,0.05,-4.70,0.92,-10.07,0.92,11.15,76,725,139,35
0.37,0.76,-0.12,-18.98,2.93,-5.80,0.85,20.06,78,729,136,35
0.38,1.11,-0.15,4.64,-0.43,-0.61,1.18,4.70,84,718,137,37
0.32,1.04,0.02,14.95,-2.62,-6.59,1.09,16.55,95,713,131,37
0.23,1.06,0.26,-8.12,-4.03,-34.61,1.12,35.77,97,705,134,35
0.38,1.04,-0.04,-48.71,8.97,-62.13,1.11,79.46,73,708,130,35
0.49,1.35,-0.31,-33.33,14.65,-57.56,1.47,68.10,49,703,120,34
0.41,1.61,-0.05,9.09,-0.18,-112.24,1.66,112.61,34,685,114,34
0.28,1.41,0.10,-0.24,6.10,-181.09,1.44,181.19,20,673,85,30
0.27,1.32,0.20,-5.43,29.11,-226.50,1.36,228.43,11,657,61,22
0.17,1.34,0.24,-1.40,50.29,-238.46,1.37,243.71,6,627,44,19
0.09,0.56,-0.16,55.18,67.44,-214.90,0.59,231.90,5,624,31,20
-0.16,0.44,-0.24,5.19,61.77,-195.07,0.53,204.68,4,619,19,20
-0.69,0.41,-0.05,45.47,2.01,-72.27,0.80,85.40,3,588,10,24
-0.15,0.42,0.03,109.74,-126.22,109.74,0.44,200.04,3,590,9,24
-0.28,0.12,-0.07,112.55,-143.25,114.01,0.32,214.91,3,601,9,21
-0.26,0.23,-0.12,57.62,-74.16,113.40,0.37,147.24,3,618,9,24
-0.26,0.66,-0.17,9.77,-25.76,153.14,0.73,155.59,3,625,10,21
0.32,1.10,-0.05,-10.44,1.77,200.20,1.14,200.48,4,619,10,23
0.49,1.21,-0.07,-18.37,20.02,182.01,1.31,184.02,4,618,11,22
0.45,1.31,-0.09,-25.21,47.42,166.81,1.39,175.24,4,612,11,19
0.51,1.31,-0.23,-33.94,76.29,154.60,1.43,175.71,5,613,12,22
0.71,1.48,-0.23,-40.16,77.76,167.18,1.66,188.70,5,609,11,19
0.97,1.59,-0.20,-23.50,64.33,151.43,1.87,166.20,5,614,11,19
1.01,1.36,-0.31,3.54,62.38,101.87,1.72,119.50,5,614,8,19
0.83,1.11,-0.45,-19.10,85.94,68.36,1.45,111.46,4,610,10,19
1.21,1.11,-0.44,-11.47,106.63,92.10,1.70,141.37,4,608,9,18
1.85,1.15,-0.23,-21.55,82.28,37.35,2.19,92.89,5,617,10,16
1.97,0.72,-0.33,-14.77,10.44,-44.49,2.12,48.03,5,619,10,17
3.37,2.05,1.07,-74.04,-54.08,-112.00,4.08,144.74,6,646,21,16
0.04,0.86,0.12,62.26,-39.00,2.26,0.87,73.50,15,647,33,17
0.18,0.92,0.13,-21.24,1.10,-10.99,0.95,23.94,49,655,59,21
0.23,1.25,-0.25,-50.96,14.47,17.64,1.29,55.84,129,633,68,25
0.18,1.06,-0.14,6.35,-4.15,-3.05,1.08,8.18,193,620,73,28
0.15,0.80,0.06,-21.48,-2.50,0.31,0.81,21.63,298,611,80,32
0.19,1.04,-0.14,-26.98,1.22,0.12,1.07,27.01,332,600,85,32
0.18,1.00,-0.13,-14.53,0.43,-0.37,1.02,14.54,424,592,80,32
0.19,1.00,-0.16,-7.45,1.65,2.81,1.03,8.13,426,589,85,32
0.18,0.97,-0.15,5.49,0.67,5.13,1.00,7.54,365,587,86,31
0.18,0.92,-0.11,9.46,0.24,7.57,0.94,12.12,477,583,87,33
0.16,0.96,-0.09,3.23,1.65,11.41,0.98,11.98,745,574,85,35
0.16,1.01,-0.12,-2.26,0.61,8.79,1.03,9.10,434,571,87,37
0.16,0.98,-0.12,-0.79,-0.98,7.14,1.00,7.25,372,566,87,37
0.14,0.98,-0.12,-6.84,-0.12,4.09,0.99,7.97,403,561,89,36
0.15,0.97,-0.14,-2.50,-0.31,1.65,0.99,3.01,442,559,91,39
0.16,0.98,-0.14,8.97,-1.65,-2.26,1.00,9.40,531,558,91,37
0.15,0.98,-0.11,11.84,-2.38,-3.72,1.00,12.64,379,558,90,38
0.15,0.99,-0.11,18.80,-4.76,-9.52,1.00,21.60,330,559,91,35
0.17,0.96,-0.09,9.64,-2.69,-7.87,0.98,12.74,379,560,98,33
0.17,0.94,-0.11,7.45,-1.34,-3.48,0.96,8.33,332,562,97,34
0.17,0.95,-0.10,9.40,-0.43,1.04,0.97,9.47,413,564,100,36
0.17,0.98,-0.09,11.96,-0.61,5.19,0.99,13.05,332,564,97,36
0.17,0.98,-0.08,18.19,-2.26,4.46,1.00,18.86,676,568,103,36
0.15,0.97,-0.05,16.72,-2.50,2.50,0.98,17.09,413,572,106,36
0.15,0.98,-0.05,12.45,-1.95,-0.79,0.99,12.63,413,569,102,35
0.15,0.99,-0.03,8.36,-1.46,-5.07,1.00,9.89,358,571,109,33
0.17,0.99,-0.05,3.78,-1.10,-11.78,1.00,12.42,453,577,109,33
0.17,0.95,-0.05,2.75,-0.92,-13.79,0.97,14.09,386,585,113,34
0.18,0.95,-0.04,-1.40,0.55,-13.43,0.96,13.51,334,591,117,29
0.19,0.95,-0.07,-2.32,1.59,-10.68,0.97,11.04,684,589,114,29
0.19,0.95,-0.06,-1.83,2.26,-7.02,0.97,7.60,418,593,121,30
0.20,0.94,-0.06,0.79,2.01,-3.48,0.97,4.10,388,594,122,28
0.20,0.96,-0.05,-0.92,2.44,-1.34,0.98,2.93,362,595,123,30
0.19,0.98,-0.05,-0.49,2.69,-1.59,1.00,3.16,456,597,125,31
0.19,1.01,-0.06,-0.98,2.87,-3.23,1.03,4.43,453,604,124,30
0.20,1.01,-0.06,-1.04,2.81,-8.97,1.03,9.46,608,612,120,27
0.20,1.06,-0.07,-0.92,2.44,-17.58,1.08,17.77,547,624,124,25
0.21,1.04,-0.06,-1.77,1.65,-30.15,1.07,30.25,413,638,117,23
0.23,1.08,-0.05,-5.68,1.34,-43.21,1.10,43.60,330,659,116,21
0.24,1.09,-0.08,-8.12,2.08,-56.52,1.12,57.14,182,690,113,20
0.25,1.11,-0.07,-11.17,6.16,-79.47,1.14,80.49,105,687,113,19
0.31,1.16,-0.07,-15.14,9.34,-98.39,1.20,99.98,61,688,102,15
0.33,1.25,-0.13,-18.92,8.24,-122.44,1.30,124.16,46,691,84,12
0.36,1.28,-0.01,-24.35,10.74,-152.71,1.33,155.01,27,682,66,9
0.45,1.15,-0.11,-20.20,16.66,-176.45,1.24,178.39,13,679,45,6
0.58,1.20,-0.09,-23.32,18.74,-185.61,1.33,188.00,5,661,31,4
0.62,1.00,-0.16,-1.59,19.41,-184.39,1.19,185.41,3,633,18,7
0.51,0.98,-0.10,7.93,15.14,-169.07,1.11,169.93,2,617,11,11
-0.20,0.61,-0.24,36.32,13.24,-126.65,0.68,132.42,2,622,10,14
-0.28,0.60,-0.27,43.64,-27.10,38.09,0.71,63.95,3,617,8,15
-0.27,0.59,-0.25,37.48,-56.09,112.06,0.69,130.80,3,627,9,14
-0.21,0.82,-0.12,41.99,-57.68,144.65,0.86,161.29,3,612,9,17
-0.12,0.71,-0.27,72.39,-34.97,159.73,0.77,178.82,2,611,6,17
-0.06,0.65,-0.41,37.35,-10.93,176.21,0.77,180.46,3,608,6,18
0.14,0.92,-0.43,-7.26,8.36,173.16,1.02,173.51,3,613,7,18
0.24,1.09,-0.31,-30.88,29.42,141.36,1.16,147.65,4,606,7,19
0.34,1.24,-0.18,-37.48,62.38,123.72,1.30,143.53,5,602,7,18
0.35,1.28,-0.16,-27.47,92.53,110.90,1.34,147.02,5,599,7,18
0.68,1.25,-0.20,-3.23,104.74,106.57,1.43,149.45,6,595,7,17
1.11,1.15,-0.13,18.55,68.66,74.71,1.60,103.15,6,599,8,16
1.53,0.85,-0.16,34.36,33.57,57.86,1.76,75.20,6,599,9,14
1.87,0.69,-0.12,13.98,-2.32,29.79,1.99,32.98,6,601,7,15
1.60,0.41,-0.09,-0.12,-18.31,-23.62,1.66,29.89,6,601,8,14
2.05,0.70,0.67,33.63,-16.30,-35.10,2.27,51.27,8,622,25,18
0.07,0.68,-0.02,36.01,2.93,34.55,0.68,49.99,16,659,44,16
0.41,0.88,-0.33,-9.70,8.85,1.95,1.03,13.28,37,683,64,22
0.27,1.11,-0.27,10.62,3.54,14.65,1.17,18.44,80,674,82,26
0.16,0.90,0.08,41.26,-2.81,9.46,0.91,42.42,115,665,94,27
0.14,1.05,-0.00,-9.83,-0.98,-0.49,1.06,9.89,173,654,103,29
0.18,0.98,-0.04,-13.49,-0.67,-11.78,1.00,17.92,239,653,108,28
0.21,0.89,-0.09,-10.86,1.10,-5.86,0.92,12.39,252,656,115,30
0.22,0.90,-0.12,1.22,3.17,8.67,0.93,9.31,210,663,115,30
0.21,0.94,-0.10,19.29,4.39,27.34,0.97,33.75,256,657,112,32
0.20,1.03,-0.07,43.33,-2.81,40.95,1.05,59.69,269,643,113,37
0.12,1.04,0.03,56.03,-12.76,34.85,1.05,67.21,280,620,115,42
0.08,0.97,0.07,37.17,-9.22,17.09,0.98,41.94,322,608,117,45
0.10,0.98,0.05,9.95,-3.23,-12.08,0.99,15.98,339,601,121,43
0.12,1.01,0.02,-2.01,0.37,-7.32,1.02,7.60,322,607,123,42
0.15,0.97,-0.00,-0.67,0.67,-9.40,0.98,9.45,299,620,126,39
0.15,0.95,0.01,5.43,0.55,-4.39,0.96,7.01,429,623,120,38
0.15,0.96,0.01,9.03,0.43,0.24,0.97,9.05,368,621,121,37
0.15,0.96,0.02,11.29,-0.06,4.15,0.97,12.03,282,622,121,36
0.14,0.97,0.03,11.60,-1.71,6.84,0.98,13.57,339,619,124,36
0.12,0.99,0.06,10.38,-2.44,5.00,1.00,11.78,280,619,117,39
0.11,0.99,0.05,5.31,-0.92,-0.18,0.99,5.39,512,617,121,38
0.12,0.99,0.06,1.28,0.61,-5.07,1.00,5.26,251,621,123,34
0.13,1.02,0.04,0.12,0.12,-13.00,1.03,13.00,266,630,125,32
0.14,1.01,0.05,-1.53,0.31,-18.68,1.02,18.74,254,647,128,31
0.16,1.03,0.03,-3.17,1.10,-25.15,1.04,25.37,299,666,131,31
0.17,1.05,0.03,-3.42,1.34,-30.52,1.07,30.74,222,682,132,27
0.20,1.03,0.01,3.23,0.06,-33.94,1.05,34.09,144,706,127,29
0.20,1.10,0.03,4.15,0.43,-37.78,1.12,38.01,103,728,133,27
0.22,1.15,0.02,6.77,1.34,-49.26,1.17,49.74,60,735,125,25
0.23,1.18,0.02,5.86,3.54,-61.10,1.20,61.48,32,714,115,23
0.27,1.26,-0.01,9.95,1.89,-77.58,1.28,78.23,17,693,101,19
0.25,1.40,0.00,24.17,-5.00,-122.62,1.42,125.08,10,685,92,16
0.29,1.39,0.01,26.73,-13.67,-164.55,1.42,167.27,6,671,59,13
0.44,1.22,0.05,13.06,-12.21,-201.54,1.30,202.33,4,667,29,14
0.64,1.20,0.02,-22.71,-14.59,-194.27,1.36,196.14,3,634,19,15
0.20,0.82,-0.35,-58.41,-30.58,-167.97,0.92,180.44,3,607,11,17
-0.41,0.88,-0.28,-71.17,-124.15,-57.25,1.01,154.13,3,599,9,19
-0.65,0.68,-0.20,-38.51,-169.86,33.75,0.96,177.41,3,596,7,19
-0.75,0.51,-0.13,-23.68,-132.02,83.62,0.92,158.06,3,588,10,18
-0.53,0.13,-0.34,-27.53,-52.92,94.06,0.64,111.37,3,593,8,18
-0.44,0.38,-0.24,-108.58,11.60,117.07,0.63,160.09,3,597,8,19
-0.08,1.01,0.21,-93.69,42.85,160.77,1.03,190.94,4,599,8,20
0.35,1.02,0.23,-72.02,50.54,154.42,1.10,177.73,4,599,8,18
0.54,1.35,0.38,-66.77,46.39,151.00,1.50,171.50,4,603,8,19
1.10,1.36,0.33,-38.57,45.78,139.65,1.78,151.94,4,606,7,19
1.78,1.54,0.40,-23.19,24.29,102.36,2.39,107.73,4,616,7,17
2.75,2.87,0.77,25.76,-6.47,-15.38,4.05,30.69,4,624,23,18
3.43,1.27,0.43,98.69,-34.24,-21.42,3.68,106.64,7,631,32,22
-0.32,1.05,0.08,-3.60,-49.93,9.64,1.10,50.98,8,652,39,18
0.40,-0.10,-0.08,-22.71,4.88,-15.38,0.42,27.86,10,668,56,19
0.26,0.99,-0.09,-51.57,11.66,-21.24,1.03,56.98,12,690,65,16
0.31,0.88,-0.12,-50.23,7.08,-27.40,0.94,57.66,20,700,72,16
0.25,0.90,-0.03,-48.83,2.87,-25.51,0.93,55.17,30,692,73,17
0.22,0.95,-0.02,-58.78,5.62,-18.07,0.97,61.75,54,675,69,14
0.27,0.94,-0.12,-67.14,12.08,-8.91,0.98,68.80,85,660,67,14
0.27,1.03,-0.21,-52.06,12.27,-5.13,1.09,53.73,116,642,61,12
0.27,0.98,-0.21,-32.84,8.67,-5.07,1.04,34.34,156,632,60,14
0.27,1.01,-0.21,-15.26,5.55,-2.20,1.07,16.39,178,624,58,13
0.27,1.00,-0.19,7.63,1.53,-2.62,1.05,8.21,204,627,65,13
0.27,1.03,-0.20,21.00,-0.37,-2.99,1.08,21.21,189,632,76,16
0.26,0.87,-0.14,29.17,-1.34,-4.76,0.92,29.59,201,638,86,15
0.27,0.88,-0.10,17.46,1.16,-2.32,0.92,17.65,233,641,90,15
