-,-,-
-0.02,0.85,-0.12,-38.33,62.74,19.96,0.86,76.19,3,607,11,26
0.05,0.90,0.01,-27.40,48.77,35.89,0.90,66.46,3,609,11,27
0.26,0.96,0.08,-30.21,44.68,34.91,1.00,64.25,3,615,12,28
0.39,1.08,0.11,-26.00,37.54,15.14,1.15,48.11,3,618,13,22
0.39,0.99,0.06,-17.21,34.06,-5.92,1.06,38.62,3,624,13,24
0.38,0.97,0.04,-13.18,39.06,-15.32,1.04,43.98,3,626,12,21
0.41,0.89,-0.01,-8.73,45.72,-12.94,0.98,48.31,3,627,11,23
0.49,0.92,0.02,-12.21,48.58,-3.85,1.05,50.24,3,644,11,23
0.59,0.92,0.02,-2.75,43.15,-1.34,1.09,43.26,3,655,14,21
0.56,0.84,0.03,-1.28,34.48,-6.53,1.01,35.12,3,660,13,22
0.49,0.89,0.08,-4.64,45.84,-6.53,1.02,46.53,3,664,13,22
0.57,0.77,0.01,-3.30,56.40,-2.62,0.96,56.55,3,661,12,21
0.65,0.71,0.03,-16.24,55.24,-8.48,0.96,58.20,3,657,13,20
0.71,0.77,0.07,-19.29,44.01,-16.78,1.05,50.89,3,659,15,21
0.69,0.72,0.03,-10.13,20.81,-24.23,1.00,33.51,3,660,14,18
0.62,0.68,-0.01,-13.18,-5.49,-25.94,0.93,29.61,3,660,10,19
0.49,0.76,0.02,-21.97,-29.30,-26.98,0.90,45.49,3,660,13,19
0.33,0.89,0.08,-23.56,-41.02,-28.69,0.95,55.32,4,666,15,19
0.31,0.92,0.06,-8.85,-42.11,-24.11,0.97,49.33,4,667,13,19
0.31,0.86,-0.01,2.81,-39.31,-21.67,0.92,44.97,4,672,15,17
0.37,0.77,-0.03,3.91,-32.78,-23.13,0.86,40.31,4,676,15,16
0.43,0.87,0.03,1.28,-13.37,-26.49,0.97,29.70,4,687,16,17
0.53,0.82,0.01,15.62,4.03,-37.35,0.98,40.69,4,694,17,15
0.53,0.70,-0.10,18.37,10.38,-39.00,0.88,44.34,4,697,18,18
0.60,0.70,-0.16,10.38,4.21,-26.18,0.93,28.48,4,706,17,16
0.60,0.65,-0.17,0.79,-11.66,-17.40,0.90,20.96,5,703,17,17
0.28,0.82,0.18,2.38,5.37,-3.48,0.88,6.83,5,705,25,14
0.96,-0.23,-0.77,73.06,12.45,71.59,1.25,103.05,8,717,64,8
0.23,1.96,0.01,11.90,-15.32,155.09,1.97,156.30,21,751,107,11
0.36,1.61,-0.13,45.78,-18.80,104.19,1.65,115.34,40,749,137,13
0.26,1.05,0.09,61.04,-20.87,73.00,1.09,97.42,65,731,151,14
0.18,0.98,0.21,28.32,-9.16,58.04,1.02,65.23,136,722,158,14
0.22,1.15,0.04,-7.26,2.87,44.43,1.17,45.11,269,710,163,14
0.25,1.11,-0.05,-3.91,3.60,27.47,1.13,27.97,401,695,167,16
0.22,1.07,0.00,8.30,0.43,15.44,1.09,17.54,434,679,163,19
0.20,1.03,0.05,9.89,0.06,6.90,1.05,12.06,480,672,165,20
0.20,1.03,0.03,7.08,0.67,-3.05,1.05,7.74,434,673,163,20
0.20,0.99,0.05,1.89,2.01,-13.24,1.02,13.53,286,684,169,21
0.22,1.01,0.03,-2.50,3.11,-19.23,1.03,19.64,272,705,165,19
0.24,0.98,0.00,0.37,3.17,-20.94,1.01,21.18,184,723,166,19
0.25,0.94,0.02,2.99,2.69,-20.75,0.97,21.14,112,743,168,18
0.26,0.94,0.00,3.97,2.87,-19.47,0.98,20.08,81,759,172,19
0.25,0.99,0.05,3.30,2.99,-20.75,1.02,21.22,61,766,169,16
0.28,0.79,0.01,3.11,2.56,-20.08,0.84,20.48,56,770,169,15
0.29,0.83,0.00,-0.24,1.28,-10.07,0.88,10.15,58,768,165,16
0.29,0.94,0.03,-0.31,0.67,-3.23,0.98,3.32,65,763,173,16
0.28,1.00,0.04,-5.19,2.44,-9.34,1.04,10.96,79,760,172,15
0.29,1.05,0.04,-6.71,4.15,-17.21,1.09,18.94,81,767,173,15
0.31,1.15,0.01,-8.79,5.49,-29.60,1.20,31.36,65,771,177,18
0.34,0.93,-0.02,-4.76,5.80,-42.48,0.99,43.14,54,779,176,17
0.36,0.81,-0.05,-1.40,4.39,-37.96,0.89,38.24,52,785,176,18
0.38,0.95,-0.03,3.36,2.69,-32.90,1.02,33.18,49,786,173,19
0.39,1.04,0.00,10.07,1.10,-32.84,1.12,34.36,44,795,181,21
0.40,0.96,0.01,13.55,1.89,-39.12,1.04,41.45,36,803,180,21
0.46,0.89,-0.05,16.72,0.67,-36.74,1.00,40.38,25,807,174,20
0.47,1.19,0.00,42.97,-5.31,-40.28,1.28,59.14,17,819,165,19
0.43,1.16,0.08,38.51,-5.31,-65.49,1.24,76.16,11,821,155,21
0.47,1.17,0.08,35.58,-1.95,-86.73,1.27,93.77,9,821,143,19
0.49,1.28,0.08,35.83,-1.28,-114.99,1.38,120.45,7,822,126,18
0.46,1.29,0.16,41.99,-0.18,-150.02,1.38,155.79,5,826,111,14
0.52,1.03,0.10,47.36,4.39,-177.37,1.16,183.64,3,807,84,15
0.69,1.05,0.14,44.37,5.07,-185.73,1.27,191.02,2,774,58,16
-0.05,0.30,0.17,87.95,-2.08,-142.15,0.35,167.17,2,745,39,23
-0.43,0.25,-0.20,32.71,1.22,54.99,0.54,64.00,2,724,23,24
-0.47,0.35,-0.09,22.34,11.35,81.91,0.59,85.66,3,709,15,25
-0.16,0.48,-0.00,14.47,1.71,108.52,0.51,109.49,3,721,16,26
-0.11,0.44,0.04,11.17,-16.24,118.71,0.46,120.34,2,724,16,24
-0.03,0.58,0.12,5.80,-28.14,121.34,0.59,124.69,2,731,15,25
0.11,0.69,0.15,-1.71,-9.77,104.43,0.72,104.90,2,738,16,23
0.36,0.82,0.19,-19.17,14.40,70.25,0.91,74.23,2,753,16,23
0.41,0.92,0.19,-28.32,37.78,16.30,1.02,49.95,2,747,11,24
0.48,0.85,0.05,-30.03,48.16,-14.16,0.98,58.49,2,744,11,20
0.70,0.96,-0.03,-44.86,43.95,2.32,1.19,62.84,2,744,11,21
0.86,1.03,-0.04,-42.79,22.71,29.48,1.35,56.70,1,749,11,19
0.99,0.83,-0.14,-39.06,5.74,39.98,1.30,56.19,2,738,9,17
1.06,0.83,-0.04,-60.30,-3.17,48.28,1.35,77.31,2,743,12,16
1.10,0.92,0.15,-70.43,-2.87,45.84,1.44,84.09,2,756,13,14
1.18,0.86,0.31,-64.88,3.36,46.45,1.49,79.86,2,761,11,13
1.30,0.90,0.34,-48.58,1.65,46.02,1.61,66.94,2,769,13,11
1.27,0.85,0.21,-21.06,-15.75,37.48,1.55,45.78,2,770,14,12
1.10,0.72,0.01,-1.59,-36.38,24.17,1.32,43.70,2,764,14,13
0.89,0.70,-0.07,-11.66,-43.64,3.30,1.13,45.29,3,764,13,13
0.68,0.80,0.06,-22.22,-33.39,-17.94,1.05,43.93,2,770,15,10
0.58,0.81,0.08,-7.75,-8.54,-28.38,1.00,30.64,2,774,17,14
0.55,0.74,0.00,-8.67,-1.53,-30.09,0.92,31.35,3,772,16,12
0.47,0.75,-0.03,-13.24,-9.34,-31.74,0.88,35.64,2,772,13,15
0.33,0.76,-0.05,-24.84,-22.09,-28.50,0.83,43.79,3,769,15,14
0.33,0.80,0.00,-28.56,-27.53,-12.39,0.86,41.56,3,773,15,13
0.43,0.70,0.13,-9.40,-23.74,6.84,0.83,26.43,3,762,16,13
0.79,0.62,0.27,25.94,0.61,13.06,1.04,29.05,3,752,17,11
1.14,0.45,0.07,54.32,33.81,-29.97,1.23,70.66,3,744,15,14
-1.11,0.26,0.49,91.92,50.17,122.68,1.24,161.30,5,794,52,10
1.47,0.57,-0.03,-62.07,-2.20,198.30,1.58,207.80,13,792,114,9
0.42,2.53,-0.61,-15.08,0.92,162.66,2.63,163.36,43,778,145,10
0.26,1.72,0.04,83.86,-22.58,86.55,1.74,122.61,116,741,159,13
0.11,0.94,0.36,42.05,-11.84,49.07,1.01,65.70,352,708,168,13
0.23,1.21,-0.03,-10.93,2.44,31.74,1.23,33.65,491,693,169,18
0.24,1.11,-0.00,7.45,-0.67,7.81,1.14,10.81,453,671,166,20
0.19,0.94,0.09,10.74,-2.62,2.20,0.97,11.27,688,670,169,22
0.21,1.08,0.02,6.41,0.00,-2.44,1.10,6.86,1088,670,171,19
0.20,1.02,0.07,7.93,0.37,-17.76,1.04,19.46,450,685,173,17
0.22,0.97,0.04,-2.32,3.36,-24.48,0.99,24.81,318,712,173,18
0.24,0.93,0.04,-4.76,4.33,-23.50,0.96,24.36,203,732,172,15
0.27,0.95,0.01,-4.46,3.91,-20.87,0.99,21.70,140,749,173,15
0.27,0.93,0.02,-0.18,2.87,-16.97,0.97,17.21,104,760,172,15
0.27,0.94,0.04,1.89,2.32,-14.10,0.98,14.41,90,768,169,14
0.28,0.96,0.03,1.89,2.26,-13.55,1.00,13.87,75,773,170,13
0.28,0.97,0.05,1.04,2.32,-16.36,1.01,16.55,70,778,170,12
0.29,0.96,0.04,-2.14,2.81,-20.32,1.01,20.63,63,778,164,11
0.31,0.87,0.01,0.61,2.56,-20.69,0.93,20.86,60,781,169,11
0.32,0.73,0.02,3.17,0.67,-5.49,0.79,6.38,58,779,166,14
0.34,0.53,-0.04,1.77,-1.89,28.75,0.63,28.86,70,769,166,15
0.28,1.12,0.02,4.15,-3.11,43.70,1.16,44.01,117,753,164,16
0.27,1.10,0.04,10.74,-3.42,27.16,1.13,29.41,230,732,166,17
0.24,1.04,0.11,8.67,-1.22,18.62,1.07,20.57,267,720,163,18
0.25,1.05,0.05,1.95,1.34,8.18,1.08,8.52,268,720,162,19
0.25,1.11,0.06,1.10,1.71,-0.18,1.14,2.04,281,715,159,20
0.24,1.14,0.10,0.18,2.08,-23.01,1.17,23.10,204,722,164,19
0.25,1.17,0.11,-12.51,7.14,-49.68,1.20,51.73,179,745,162,16
0.30,1.24,0.04,-25.51,14.47,-82.70,1.27,87.75,93,770,167,14
0.35,1.06,-0.04,-10.62,13.61,-91.37,1.12,92.99,52,793,164,16
0.37,1.46,-0.00,-1.22,15.69,-103.94,1.51,105.13,30,798,161,15
0.31,1.76,0.12,4.64,14.83,-154.48,1.79,155.26,18,799,155,12
0.38,1.58,0.01,12.63,15.56,-218.38,1.62,219.30,12,814,138,10
0.51,1.27,-0.09,25.57,11.23,-257.20,1.37,258.71,8,828,100,12
0.52,1.10,-0.00,43.15,5.00,-260.50,1.21,264.10,3,789,60,15
-0.11,0.27,0.05,104.37,10.38,-185.67,0.30,213.25,2,697,36,21
-0.92,-0.18,-0.46,44.13,4.70,52.61,1.04,68.83,3,695,20,21
-0.66,0.15,-0.18,59.94,-23.44,112.06,0.70,129.23,3,697,12,21
-0.44,0.40,-0.21,37.17,-26.18,151.67,0.63,158.34,3,713,16,21
-0.11,0.45,-0.24,27.10,-20.45,160.10,0.52,163.65,3,726,13,22
0.22,0.61,-0.22,2.44,-22.52,147.64,0.68,149.37,3,736,14,20
0.48,0.96,0.03,-22.09,-20.39,123.11,1.08,126.73,3,749,15,19
0.70,0.81,-0.01,-9.09,-9.09,71.96,1.08,73.10,3,764,15,20
0.71,0.88,0.02,-48.58,-17.27,46.02,1.14,69.11,3,768,14,16
0.74,1.14,0.17,-71.78,-20.51,22.22,1.37,77.89,3,771,13,13
0.78,1.17,0.20,-60.97,-16.78,11.96,1.42,64.36,2,768,12,16
0.82,1.08,0.12,-61.83,-5.13,6.59,1.37,62.39,2,769,13,15
0.80,1.02,0.05,-69.40,4.27,5.98,1.30,69.79,2,769,11,15
0.76,1.06,0.10,-80.57,19.84,24.05,1.31,86.39,2,771,14,14
0.84,0.89,-0.02,-78.00,27.40,50.42,1.22,96.84,2,772,12,13
1.06,1.02,0.09,-102.23,9.28,67.08,1.47,122.63,3,768,13,12
1.05,1.17,0.30,-79.16,-24.78,50.05,1.60,96.88,3,768,12,11
0.85,0.88,0.40,-33.69,-33.20,26.73,1.28,54.33,3,768,14,12
0.81,0.71,0.30,4.27,-17.88,20.45,1.12,27.50,3,760,13,13
0.79,0.54,0.10,29.54,-2.56,12.76,0.96,32.28,3,756,15,11
0.80,0.49,-0.16,45.84,11.05,-15.93,0.95,49.77,3,756,15,13
0.69,0.51,-0.11,18.80,13.31,-47.73,0.86,53.00,3,775,16,13
0.60,0.67,0.05,3.48,10.13,-57.56,0.90,58.54,3,783,16,12
0.72,0.78,0.13,15.32,2.38,-52.00,1.07,54.26,3,788,15,12
0.95,0.92,0.17,32.41,-14.89,-55.97,1.34,66.37,3,792,15,12
0.84,0.51,0.09,45.65,-23.44,-79.04,0.99,94.24,3,776,14,11
-1.77,1.45,1.01,72.08,38.57,-54.38,2.50,98.19,4,788,42,9
1.10,-0.59,-1.89,75.13,39.61,184.63,2.27,203.23,11,736,97,8
0.16,2.36,-0.06,-28.75,3.60,182.86,2.37,185.14,34,760,125,11
0.43,1.74,-0.32,40.95,-11.54,80.38,1.82,90.95,63,745,147,12
0.22,1.19,0.17,36.93,-12.08,32.17,1.23,50.44,117,732,159,11
0.21,0.96,0.11,-2.14,0.61,10.01,0.99,10.25,134,726,159,13
0.31,1.09,-0.10,-20.08,7.87,-1.83,1.14,21.65,160,727,165,12
0.31,0.93,-0.09,-0.79,2.08,-4.70,0.98,5.20,184,725,168,12
0.29,0.89,0.00,12.63,-0.98,1.71,0.94,12.79,208,724,173,11
0.26,1.00,0.03,10.01,-0.92,6.35,1.03,11.89,260,723,173,14
0.26,1.07,0.03,5.19,0.67,-4.39,1.10,6.83,208,725,174,14
0.27,1.06,0.02,0.79,2.38,-18.43,1.09,18.60,157,736,176,13
0.29,0.99,0.00,-0.85,3.85,-28.44,1.03,28.71,103,750,174,12
0.32,0.92,-0.03,2.62,2.93,-28.81,0.97,29.08,81,759,169,12
0.31,0.90,0.01,4.52,2.20,-27.53,0.95,27.98,69,768,167,12
0.33,0.86,-0.00,4.09,2.50,-24.29,0.92,24.76,57,771,174,12
0.35,0.88,-0.01,2.99,2.32,-20.51,0.95,20.85,55,776,173,12
0.36,0.87,-0.00,4.70,1.22,-16.91,0.94,17.59,55,780,174,11
0.35,0.78,0.02,4.21,0.67,-10.31,0.86,11.16,53,778,170,11
0.37,0.82,-0.01,0.24,0.98,-1.34,0.90,1.68,57,775,171,13
0.36,0.84,0.01,1.04,0.79,3.72,0.92,3.95,64,776,170,13
0.37,0.87,-0.02,0.18,0.37,9.52,0.94,9.53,69,780,178,15
0.34,0.99,0.04,3.30,-0.37,15.81,1.05,16.15,85,779,176,15
0.36,1.00,-0.00,3.36,-0.24,11.60,1.06,12.08,93,776,177,15
0.34,1.17,0.03,6.59,-1.22,11.90,1.22,13.66,104,772,176,14
0.34,0.98,0.02,15.50,-1.95,-6.84,1.04,17.06,107,770,177,15
0.37,0.68,-0.05,16.30,-2.26,0.00,0.78,16.45,107,775,169,16
0.32,0.99,0.05,13.12,-3.17,6.16,1.04,14.84,104,775,177,18
0.38,1.09,-0.00,14.95,-4.64,-7.63,1.15,17.42,115,775,172,17
0.30,1.15,0.20,7.81,-0.98,-24.41,1.21,25.65,98,772,172,16
0.35,1.39,0.13,-9.40,10.80,-67.44,1.44,68.95,61,784,172,14
0.35,1.54,-0.13,-8.12,20.81,-120.30,1.58,122.36,34,795,165,14
0.32,1.80,-0.01,8.06,10.74,-171.45,1.83,171.97,21,803,157,10
0.26,1.41,0.04,28.26,6.04,-231.20,1.43,233.00,11,818,139,11
0.40,0.92,0.04,40.89,7.32,-256.77,1.00,260.11,6,819,93,12
0.50,0.66,0.06,49.50,8.79,-234.86,0.83,240.18,2,792,59,16
-0.58,0.52,0.22,119.20,13.55,-153.02,0.81,194.44,2,765,42,18
-0.79,-0.17,-0.65,80.08,39.12,76.84,1.04,117.68,3,704,15,19
-0.59,0.19,-0.25,12.45,-1.65,89.60,0.67,90.48,3,724,16,20
-0.32,0.67,-0.06,42.18,-23.50,167.05,0.75,173.89,3,744,14,20
0.02,0.58,-0.13,20.02,-56.27,174.13,0.60,184.09,3,755,13,19
0.19,0.86,0.04,1.22,-48.65,141.91,0.88,150.02,3,761,16,19
0.38,0.83,-0.04,-17.70,-30.58,97.90,0.91,104.08,3,771,16,18
0.43,1.07,0.18,-19.59,-29.42,67.87,1.16,76.52,3,781,16,17
0.49,0.87,0.08,-15.14,-27.34,49.38,1.01,58.44,3,792,17,15
0.58,0.84,-0.00,-66.71,-25.15,33.26,1.02,78.67,3,790,15,15
0.61,1.14,0.23,-84.41,-15.14,25.51,1.32,89.47,3,794,14,15
0.70,0.97,0.18,-69.27,17.15,14.77,1.21,72.88,2,789,14,14
0.97,1.07,0.18,-73.91,54.32,12.82,1.45,92.62,3,793,13,12
1.25,0.94,0.13,-56.95,48.89,25.21,1.57,79.17,3,800,13,13
1.29,0.78,0.23,-58.78,14.22,40.04,1.53,72.53,3,801,16,10
1.10,0.74,0.28,-32.53,-7.93,41.81,1.36,53.57,3,796,16,9
1.04,0.47,0.07,-19.71,-3.11,24.17,1.14,31.35,3,803,19,9
1.22,0.37,0.01,-49.13,9.34,-6.16,1.27,50.39,4,795,18,8
1.29,0.65,0.29,-46.20,19.59,-35.95,1.47,61.73,4,793,20,7
1.25,0.58,0.18,7.51,24.90,-57.19,1.39,62.83,4,790,19,7
1.19,0.50,-0.11,20.20,20.20,-80.63,1.30,85.54,4,793,20,8
1.05,0.60,-0.30,3.97,1.16,-95.40,1.25,95.49,4,794,17,9
-1.29,1.53,-1.27,189.76,9.16,192.50,2.37,270.46,8,795,70,8
0.12,2.21,0.39,36.62,-34.91,206.30,2.25,212.41,26,774,129,11
0.17,1.79,0.27,38.02,-24.96,135.25,1.82,142.70,61,742,141,12
0.15,1.18,0.30,25.76,-10.25,82.64,1.22,87.17,87,741,150,14
0.32,1.14,-0.15,-4.15,3.23,60.30,1.19,60.53,151,729,155,17
0.25,1.27,-0.01,17.94,-2.32,51.33,1.29,54.43,330,694,151,19
0.16,1.06,0.10,24.41,-4.76,19.78,1.08,31.78,604,669,156,21
0.19,0.97,0.06,4.27,0.55,6.41,0.99,7.72,379,664,158,22
0.20,0.97,0.03,-1.04,1.10,1.10,0.99,1.87,448,660,159,21
0.20,0.91,0.02,-5.98,2.08,3.36,0.93,7.17,491,654,153,20
0.19,1.03,0.02,-4.46,1.59,-0.06,1.05,4.73,1088,650,153,22
0.20,1.00,0.02,-2.75,0.92,-8.30,1.02,8.79,1845,655,159,21
0.20,0.93,0.02,-1.65,0.67,-9.58,0.95,9.75,547,659,153,19
0.22,0.93,0.00,-2.69,1.34,-3.60,0.95,4.69,608,661,159,17
0.23,0.99,-0.00,1.22,1.34,0.61,1.01,1.91,456,657,156,17
0.20,0.97,0.04,3.97,-0.06,-0.79,1.00,4.05,692,656,158,17
0.21,0.93,0.03,1.04,0.73,-2.26,0.96,2.59,928,657,157,17
0.21,0.95,0.02,-2.14,1.53,-0.18,0.97,2.63,503,655,158,19
0.21,0.96,0.01,-2.20,1.53,2.26,0.98,3.50,622,653,158,19
0.20,0.96,0.03,-4.88,1.95,0.37,0.98,5.27,560,649,154,17
0.20,0.96,0.03,-10.50,4.21,-1.46,0.98,11.41,704,650,157,16
0.21,0.96,-0.02,-12.51,5.49,-2.38,0.99,13.87,704,652,159,14
0.22,0.97,-0.03,-7.75,4.46,-0.43,0.99,8.95,708,651,157,16
0.21,0.96,-0.02,-2.32,2.93,1.89,0.98,4.19,1126,650,158,12
0.20,0.98,0.01,-1.71,1.83,0.12,1.00,2.51,804,648,160,14
0.21,1.00,-0.02,-6.65,2.26,-4.46,1.02,8.32,1424,648,153,14
0.22,1.02,-0.03,-4.21,1.59,-10.93,1.04,11.82,818,657,158,12
0.22,0.97,-0.01,-1.83,0.37,-16.66,1.00,16.77,818,667,160,11
0.23,0.95,-0.02,-2.99,1.34,-15.56,0.98,15.91,569,677,154,10
0.24,0.99,-0.04,-1.65,0.98,-13.79,1.02,13.93,520,684,156,10
0.25,0.95,-0.03,4.88,0.00,-16.60,0.98,17.30,712,692,157,11
0.25,1.06,-0.01,1.22,0.37,-22.34,1.09,22.38,708,699,160,10
0.27,1.05,-0.03,0.12,0.49,-36.19,1.09,36.20,474,712,155,8
0.27,0.97,0.01,-1.71,1.04,-43.95,1.01,43.99,335,726,156,9
0.28,0.89,0.03,-2.87,2.81,-36.99,0.94,37.20,217,740,159,13
0.33,0.82,-0.02,0.73,1.53,-24.54,0.88,24.59,195,747,164,13
0.34,1.02,-0.02,7.39,0.00,-14.95,1.07,16.68,188,748,161,13
0.37,0.95,-0.05,11.72,-2.81,-18.62,1.02,22.18,201,751,165,14
0.37,1.18,-0.01,8.85,-2.56,-34.12,1.24,35.34,188,752,167,13
0.37,1.33,-0.02,7.93,-3.42,-61.46,1.38,62.07,153,761,167,12
0.41,1.34,-0.04,12.63,-0.73,-97.11,1.41,97.93,94,777,167,12
0.32,1.81,0.13,1.65,0.98,-147.03,1.84,147.05,63,793,158,10
0.22,1.80,0.19,-11.72,18.37,-234.25,1.82,235.26,41,809,153,8
0.22,1.30,0.20,-17.15,32.35,-308.04,1.33,310.21,23,818,111,9
0.48,0.58,-0.08,-41.38,46.75,-323.18,0.76,329.16,8,804,64,16
-1.83,1.27,0.37,-4.46,6.41,-65.19,2.26,65.65,5,721,38,21
-1.40,-0.45,-0.45,71.41,-56.03,95.28,1.54,131.59,4,701,15,20
-1.28,0.53,0.11,43.03,-67.87,159.24,1.39,178.37,4,731,15,19
-0.47,0.31,-0.42,74.65,-39.31,218.02,0.70,233.77,4,736,14,20
0.19,0.95,-0.25,21.00,-36.01,231.57,1.01,235.29,3,758,14,19
0.78,0.88,-0.32,10.01,-61.34,176.39,1.22,187.02,4,758,14,18
0.81,1.41,0.22,-28.69,-50.60,145.39,1.64,156.59,5,759,14,18
1.19,1.19,0.02,-13.49,-29.79,95.52,1.68,100.96,5,755,14,15
1.20,1.24,0.21,-29.30,-22.09,59.02,1.74,69.50,5,764,15,16
1.29,1.33,0.34,-25.57,16.60,29.97,1.88,42.75,5,781,13,13
1.24,0.83,0.10,-16.48,46.33,12.02,1.50,50.62,4,788,15,12
1.24,0.88,0.14,-32.10,52.73,8.36,1.53,62.30,4,798,13,15
1.14,0.69,0.12,-21.48,39.00,0.61,1.34,44.53,3,801,14,14
1.04,0.56,0.11,-24.90,21.97,-6.77,1.18,33.89,3,798,13,11
0.99,0.54,0.11,-26.18,9.77,-13.85,1.13,31.19,3,794,15,12
0.94,0.57,0.09,-18.98,0.06,-19.96,1.10,27.54,3,796,16,9
0.88,0.47,0.03,-6.41,-10.07,-27.40,1.00,29.89,3,798,15,11
0.76,0.47,0.04,-14.83,-11.35,-38.64,0.89,42.91,3,791,14,11
0.73,0.56,-0.02,-22.34,-3.17,-46.45,0.92,51.64,3,778,15,10
0.82,0.92,0.11,-38.27,-16.85,-47.97,1.24,63.64,3,775,13,10
0.60,0.87,0.28,-0.24,-34.48,-48.89,1.10,59.83,3,777,14,10
0.43,0.63,0.12,23.80,-16.85,-40.71,0.77,50.08,3,777,16,10
-0.18,1.18,0.62,72.33,42.91,0.18,1.35,84.10,4,792,40,9
1.11,0.07,-1.38,40.95,38.45,187.56,1.77,195.79,13,762,96,10
0.11,2.33,-0.09,5.43,-3.91,202.21,2.34,202.32,37,763,120,11
0.33,1.92,-0.03,41.44,-17.21,99.91,1.95,109.53,92,741,136,14
0.20,0.93,0.25,45.59,-17.40,58.59,0.98,76.25,149,732,152,15
0.23,1.44,0.06,0.00,1.04,52.73,1.46,52.74,298,718,158,16
0.27,1.07,-0.01,7.39,-0.18,46.75,1.10,47.33,497,687,158,19
0.18,1.13,0.07,14.83,-2.01,37.35,1.14,40.24,503,644,154,26
0.16,1.05,0.07,13.85,-3.05,15.32,1.07,20.88,938,623,153,29
0.16,0.95,0.11,5.25,-0.67,-5.74,0.96,7.81,506,617,154,32
0.20,1.01,0.04,-12.94,2.87,-18.19,1.03,22.51,466,636,157,26
0.22,0.98,0.01,-6.23,2.32,-24.48,1.00,25.36,1408,661,158,23
0.22,0.91,0.02,-2.20,2.50,-18.31,0.94,18.61,560,676,152,20
0.23,0.94,0.03,-2.20,2.62,-11.41,0.97,11.92,509,686,156,15
0.24,0.96,0.01,0.92,2.20,-8.06,0.99,8.40,509,696,158,13
0.23,0.99,0.02,2.32,1.28,-10.74,1.02,11.06,466,704,154,12
0.23,1.02,0.05,-0.37,2.14,-18.13,1.04,18.26,563,715,156,12
0.24,1.01,0.05,-6.71,3.42,-26.37,1.04,27.42,329,733,161,10
0.26,0.98,0.04,-7.75,4.52,-30.27,1.02,31.57,307,741,157,11
0.28,1.06,0.01,-8.12,5.80,-31.13,1.10,32.69,189,750,157,10
0.31,0.85,-0.03,1.10,3.97,-34.00,0.91,34.24,160,756,162,9
0.33,0.74,-0.01,8.67,0.06,-13.12,0.81,15.73,156,760,164,12
0.33,0.88,-0.02,11.60,-1.22,-1.89,0.94,11.81,135,761,166,12
0.31,1.07,0.04,12.76,-1.65,-7.45,1.11,14.86,137,764,166,12
0.27,1.15,0.03,9.46,2.69,-34.73,1.18,36.09,98,779,167,12
0.34,0.91,0.03,10.56,2.81,-42.42,0.97,43.80,78,782,163,12
0.37,1.17,0.07,7.57,3.17,-47.67,1.22,48.37,65,788,165,12
0.38,1.32,0.05,6.47,6.41,-75.07,1.38,75.62,50,798,171,11
0.43,1.06,-0.03,10.07,6.90,-105.41,1.14,106.11,33,801,170,10
0.43,1.45,0.02,13.73,3.72,-126.46,1.51,127.26,23,816,166,8
0.39,1.67,0.00,27.53,-0.61,-179.20,1.71,181.30,14,825,160,10
0.34,1.46,0.06,42.97,-1.71,-242.25,1.50,246.04,9,833,127,9
0.45,0.91,0.12,47.97,2.38,-266.42,1.02,270.71,4,819,80,10
0.11,0.53,0.25,39.73,11.72,-205.08,0.59,209.22,2,782,58,17
-1.71,-0.23,-0.43,113.59,24.48,0.79,1.78,116.20,2,723,25,22
-0.98,0.23,-0.41,7.14,4.33,92.59,1.09,92.97,2,716,15,22
-0.43,0.64,-0.14,41.26,-21.61,171.14,0.78,177.37,2,720,15,21
-0.09,0.45,-0.40,34.00,-33.94,200.32,0.61,206.00,2,732,13,21
0.20,0.94,-0.11,-5.92,-39.98,201.78,0.96,205.79,2,732,16,22
0.61,0.88,-0.15,-17.76,-28.50,147.58,1.08,151.36,3,737,15,21
0.75,1.13,0.13,-53.71,-28.69,116.03,1.36,131.04,3,745,16,18
0.98,1.17,0.21,-55.66,-25.09,65.37,1.55,89.45,3,750,14,18
0.99,1.01,0.27,-79.65,-7.57,33.26,1.44,86.65,3,747,14,17
1.08,1.08,0.27,-70.92,17.46,17.52,1.55,75.11,3,752,14,15
1.11,0.91,0.11,-53.83,44.07,13.06,1.44,70.79,3,752,15,13
1.22,0.81,0.02,-52.37,54.14,18.98,1.46,77.68,3,754,16,12
1.32,0.68,0.10,-49.62,44.98,21.36,1.49,70.30,3,759,15,11
1.32,0.48,0.21,-50.66,26.37,9.83,1.42,57.95,3,753,15,11
1.24,0.62,0.26,-45.04,7.93,-1.34,1.41,45.76,3,758,15,10
1.11,0.54,0.07,-22.28,-13.06,-12.39,1.24,28.64,3,757,16,9
0.95,0.60,0.05,-24.66,-38.15,-22.71,1.13,50.78,3,758,16,11
0.67,0.66,0.08,-7.57,-50.17,-37.48,0.95,63.08,3,758,14,11
0.53,0.71,-0.01,4.70,-44.07,-50.35,0.88,67.08,3,761,14,12
0.40,0.67,-0.06,-23.19,-26.55,-61.71,0.78,71.07,3,763,13,12
0.31,1.93,0.78,-14.83,-1.53,-57.56,2.11,59.46,4,765,40,9
1.07,-1.09,-1.05,76.29,15.93,222.29,1.85,235.56,16,735,105,12
-0.06,2.95,0.30,18.55,-4.58,228.21,2.97,229.01,55,745,129,9
0.39,1.96,-0.29,28.93,-6.77,118.77,2.02,122.43,113,736,146,14
0.33,1.18,-0.02,69.21,-15.62,82.76,1.23,109.02,336,695,153,15
0.17,1.06,0.18,51.27,-12.57,58.65,1.09,78.91,676,658,154,21
0.16,1.06,0.11,2.87,-0.12,19.53,1.07,19.74,540,625,159,26
0.17,0.98,0.07,1.46,0.06,3.97,1.00,4.23,547,615,159,31
0.18,1.00,0.06,-8.97,2.50,-6.65,1.02,11.45,550,617,160,27
0.19,1.02,0.04,-11.60,2.69,-19.65,1.04,22.98,550,639,155,21
0.20,1.02,0.04,-15.08,4.88,-27.65,1.04,31.87,1392,670,160,16
0.23,0.98,0.01,-17.52,6.04,-33.75,1.01,38.50,696,700,163,10
0.25,0.96,-0.01,-16.17,6.23,-33.45,1.00,37.67,618,716,161,9
0.27,0.96,-0.04,-9.22,4.46,-30.46,1.00,32.13,275,731,163,10
0.29,0.95,-0.04,-3.05,2.62,-27.89,0.99,28.18,240,739,165,8
0.29,0.92,-0.01,1.10,1.77,-23.86,0.96,23.96,196,749,161,7
0.31,0.89,-0.01,2.99,1.28,-16.36,0.94,16.68,160,750,164,9
0.31,0.94,-0.01,4.82,0.18,-11.90,0.99,12.84,160,757,171,7
0.31,0.98,0.00,5.00,0.18,-12.76,1.03,13.70,128,763,163,9
0.33,0.81,-0.02,8.48,0.00,-10.62,0.87,13.59,122,767,164,8
0.32,0.91,0.00,3.30,1.28,-5.86,0.96,6.84,94,774,166,8
0.34,0.96,-0.06,1.77,2.44,-12.15,1.02,12.51,92,778,169,11
0.33,0.83,0.01,7.81,1.28,-7.51,0.89,10.91,79,778,169,10
0.34,1.20,0.03,4.33,1.95,-6.29,1.25,7.88,80,785,169,12
0.36,1.12,0.02,17.40,0.49,-34.30,1.17,38.46,69,789,175,12
0.37,1.05,0.02,16.17,1.65,-45.23,1.11,48.06,54,796,174,12
0.38,0.79,-0.01,20.20,1.16,-51.94,0.87,55.74,41,800,173,12
0.45,0.54,-0.07,27.71,-3.72,-31.98,0.71,42.48,30,801,165,14
0.50,0.98,-0.05,36.38,-9.95,-4.76,1.10,38.01,27,806,161,13
0.35,2.17,0.23,20.32,-3.66,-66.71,2.21,69.83,23,807,164,12
0.20,2.43,0.26,1.46,14.77,-194.09,2.45,194.66,16,810,154,10
0.11,2.04,0.04,22.34,23.32,-319.76,2.05,321.39,9,815,118,11
0.19,1.24,0.12,53.96,23.19,-351.32,1.26,356.19,3,769,63,19
-2.27,-0.02,-0.62,120.67,36.44,-19.59,2.35,127.56,4,694,20,20
-1.43,0.50,0.08,-3.17,8.18,87.52,1.52,87.96,3,709,15,20
-0.67,-0.12,-0.44,64.15,5.80,154.60,0.81,167.48,3,723,16,23
-0.11,0.65,-0.17,23.19,-18.98,198.91,0.68,201.16,3,737,14,23
0.30,0.61,-0.33,18.37,-50.17,170.65,0.76,178.82,3,745,17,20
0.39,1.10,0.06,-17.09,-38.02,113.71,1.17,121.11,3,750,14,18
0.69,0.87,-0.09,-49.56,2.69,29.17,1.12,57.57,3,760,16,16
1.03,1.11,0.17,-83.98,31.07,15.62,1.52,90.90,3,769,15,13
1.50,0.93,0.14,-56.46,54.93,24.84,1.77,82.60,3,768,14,11
1.77,0.47,0.06,-50.42,66.96,20.14,1.83,86.20,3,766,15,10
1.89,0.47,0.22,-62.44,72.20,7.75,1.96,95.77,3,768,15,7
1.61,0.43,0.22,-52.86,52.12,-16.78,1.68,76.11,4,769,16,8
1.44,0.48,0.17,-19.96,20.63,-3.78,1.53,28.95,4,765,17,6
1.61,0.14,-0.31,19.78,-11.84,-7.45,1.65,24.22,4,756,15,6
1.69,-0.02,-0.41,-39.43,-40.16,-48.52,1.73,74.31,4,760,15,5
1.26,0.43,0.11,-67.69,-62.87,-78.86,1.34,121.46,4,782,25,6
1.66,0.90,-0.84,136.29,-20.08,132.45,2.07,191.10,8,776,87,3
-0.04,3.32,0.23,-4.03,-29.05,297.85,3.33,299.29,33,774,141,6
0.22,2.35,0.18,36.07,-12.33,138.12,2.37,143.29,71,744,162,7
0.25,1.13,0.04,-1.89,4.88,77.58,1.15,77.75,112,734,171,11
0.34,1.35,-0.21,-5.92,5.00,52.12,1.41,52.70,220,716,177,11
0.20,1.14,0.10,19.29,-3.48,24.78,1.16,31.59,358,695,172,13
0.22,1.03,0.04,-0.06,2.32,7.45,1.05,7.80,416,695,176,13
0.24,1.03,-0.01,-6.35,5.07,-8.91,1.06,12.06,312,704,178,15
0.21,1.01,0.05,-8.48,6.53,-19.04,1.04,21.85,213,723,178,14
0.29,0.98,-0.08,-13.31,9.03,-23.32,1.02,28.32,137,740,177,12
0.28,0.96,-0.07,-10.19,5.62,-25.39,1.00,27.93,110,754,175,12
0.27,0.99,-0.02,-9.64,4.21,-27.10,1.02,29.07,80,772,176,12
0.30,0.98,-0.07,-4.15,2.87,-27.65,1.03,28.11,56,783,167,11
0.33,0.92,-0.08,4.88,0.37,-27.83,0.98,28.26,48,791,173,10
0.34,0.86,-0.07,14.95,-3.30,-21.30,0.93,26.23,45,787,166,11
0.33,0.93,-0.01,18.37,-5.43,-11.96,0.98,22.59,46,777,164,9
0.33,0.88,0.02,16.36,-4.33,-8.12,0.94,18.77,49,777,172,10
0.33,0.87,0.00,9.16,-1.89,-5.07,0.93,10.63,56,776,171,11
0.33,0.89,0.05,7.08,-2.38,3.11,0.94,8.09,63,771,172,11
0.34,1.03,0.00,-0.43,0.24,-2.56,1.08,2.61,77,767,170,11
0.36,1.06,-0.01,-0.43,0.85,-15.38,1.12,15.41,86,764,173,11
0.35,0.78,-0.02,1.40,1.16,-22.58,0.86,22.66,81,775,170,12
0.40,0.64,-0.08,11.60,-2.38,1.46,0.76,11.93,69,779,171,14
0.39,0.79,-0.05,24.05,-9.34,33.63,0.88,42.39,61,793,159,17
0.22,0.90,0.13,33.39,-18.62,48.58,0.93,61.82,59,793,150,20
0.23,1.32,0.25,24.05,-19.10,48.52,1.36,57.43,80,760,144,19
0.19,1.76,0.23,6.84,-0.98,2.26,1.79,7.27,78,749,141,19
0.30,2.43,0.09,-3.72,15.26,-95.46,2.45,96.74,29,769,141,15
0.16,2.26,-0.06,5.86,13.37,-208.98,2.26,209.49,14,769,127,13
0.08,1.81,0.00,35.58,2.56,-321.11,1.81,323.08,6,757,88,10
0.31,0.32,-0.32,46.57,0.06,-317.81,0.55,321.20,3,689,47,18
-1.91,0.22,-0.01,3.66,11.54,8.79,1.92,14.96,3,650,16,23
-0.72,-0.06,-0.31,-9.34,25.21,49.07,0.78,55.95,3,653,13,23
-0.51,0.02,-0.28,-2.99,4.27,101.93,0.58,102.06,3,660,16,25
-0.13,0.36,-0.13,-16.97,-20.75,123.41,0.41,126.29,3,672,16,24
0.13,0.64,-0.00,-18.98,-36.80,102.17,0.65,110.25,3,689,14,22
0.27,0.83,0.18,-24.29,-20.02,43.27,0.89,53.51,3,704,15,16
0.40,0.90,0.26,-15.20,-11.54,29.05,1.02,34.76,2,717,15,16
0.69,0.80,0.10,-19.10,-26.92,47.24,1.06,57.63,2,724,12,16
0.95,0.99,0.15,-15.93,-56.64,50.72,1.38,77.68,2,737,14,14
0.98,0.93,0.21,-27.16,-36.80,8.67,1.37,46.55,2,754,16,11
0.87,0.84,0.13,-19.29,20.39,-3.23,1.22,28.25,2,770,13,13
1.09,0.69,-0.13,-23.62,72.02,5.55,1.30,76.00,2,773,11,11
1.28,0.65,-0.09,-32.71,74.16,18.25,1.44,83.08,2,785,15,12
1.28,0.54,0.03,-45.29,49.68,5.07,1.39,67.42,3,790,14,11
1.16,0.51,0.18,-59.57,20.63,1.04,1.29,63.05,3,794,14,11
1.04,0.70,0.27,-42.97,-0.73,13.73,1.28,45.12,3,794,16,9
1.15,0.47,0.01,-6.47,0.37,-7.51,1.25,9.92,3,795,17,8
1.17,0.11,-0.10,-33.63,-0.67,-30.76,1.18,45.58,3,786,15,8
1.20,0.57,0.32,-42.85,-9.40,-58.96,1.37,73.49,3,781,15,8
1.17,0.58,0.36,-14.95,2.69,-81.54,1.35,82.95,3,778,14,12
-1.42,1.25,1.27,104.00,34.55,-27.89,2.28,113.09,5,790,45,5
0.65,0.81,-1.00,16.66,0.67,234.44,1.44,235.03,19,817,124,6
0.29,1.82,-0.25,52.55,-10.07,194.27,1.86,201.51,42,779,150,10
0.33,1.13,-0.02,80.44,-24.35,104.31,1.17,133.96,85,753,163,11
0.27,1.21,0.08,12.39,-6.71,71.17,1.24,72.55,197,734,178,10
0.28,1.43,-0.02,0.18,1.28,40.89,1.45,40.91,323,712,181,13
0.25,1.16,0.01,2.01,0.12,-14.53,1.19,14.67,435,706,180,15
0.28,0.94,0.00,-4.21,3.17,-23.68,0.98,24.26,314,715,177,12
0.30,1.02,-0.04,-2.38,2.75,-22.34,1.06,22.63,311,726,175,11
0.31,1.02,-0.04,2.69,1.59,-26.12,1.06,26.31,183,738,179,10
0.31,1.02,0.00,3.48,1.77,-33.02,1.06,33.25,136,751,178,12
0.32,0.94,-0.00,1.77,3.48,-37.17,1.00,37.37,86,768,174,10
0.35,0.87,-0.03,1.65,3.91,-35.34,0.94,35.59,61,781,171,10
0.36,0.78,-0.02,4.70,2.26,-28.14,0.86,28.62,53,784,177,10
0.37,0.74,-0.01,5.07,1.10,-16.54,0.83,17.33,49,785,174,9
0.38,0.76,-0.01,2.62,0.24,-0.18,0.85,2.64,54,786,178,8
0.37,0.92,0.00,2.69,-0.31,5.25,0.99,5.90,57,781,178,10
0.37,0.92,0.01,3.60,-0.31,4.64,1.00,5.88,64,776,173,10
0.36,0.88,0.02,-0.12,1.16,4.52,0.95,4.66,66,776,173,10
0.37,0.71,-0.04,-7.02,2.38,6.77,0.80,10.04,75,781,172,11
0.39,0.89,-0.09,-10.74,2.75,12.51,0.98,16.72,84,773,175,10
0.37,1.22,-0.01,-12.21,2.99,2.08,1.27,12.74,120,771,177,11
0.36,1.10,-0.02,-5.68,3.85,-24.90,1.16,25.83,96,777,180,10
0.42,0.65,-0.13,4.09,2.26,-22.03,0.79,22.52,92,777,170,9
0.38,1.14,0.01,6.84,-1.95,-9.34,1.21,11.74,93,779,176,9
0.37,1.33,0.02,9.58,1.34,-49.26,1.38,50.20,85,784,175,10
0.40,1.01,0.02,8.79,4.39,-78.37,1.08,78.98,60,791,177,10
0.47,1.23,-0.06,5.68,3.66,-89.29,1.32,89.55,49,797,176,10
0.45,1.67,0.02,9.22,2.69,-128.85,1.73,129.20,35,809,169,9
0.38,1.76,0.07,9.95,5.25,-200.81,1.80,201.12,22,823,156,8
0.40,1.34,0.08,16.11,10.99,-261.96,1.40,262.69,13,829,112,9
0.56,0.94,-0.02,13.73,18.68,-279.30,1.09,280.26,5,797,63,11
-1.03,0.10,0.07,43.40,21.61,-200.13,1.04,205.92,3,740,40,19
-1.03,-0.19,-0.38,92.16,-8.67,31.68,1.12,97.84,4,699,17,19
-0.99,0.43,-0.00,36.62,-52.06,116.03,1.08,132.34,3,721,12,19
-0.38,0.16,-0.46,91.13,-58.35,179.38,0.62,209.49,3,730,13,21
-0.07,0.53,-0.36,17.76,-60.36,193.54,0.64,203.51,3,744,13,20
0.42,0.94,-0.14,-12.21,-45.17,175.90,1.04,182.02,3,758,15,19
0.65,0.95,-0.02,-43.70,-36.38,142.52,1.16,153.44,3,761,17,16
0.90,1.16,0.10,-57.56,-24.29,116.03,1.47,131.78,4,757,16,15
1.20,1.41,0.32,-49.32,-34.42,73.97,1.88,95.34,4,760,17,15
1.20,0.86,0.15,-38.39,-50.23,24.84,1.49,67.93,4,752,16,16
0.92,0.99,0.33,-99.98,-33.20,-0.85,1.39,105.35,3,758,14,13
0.96,1.11,0.34,-70.37,20.26,-7.02,1.51,73.57,3,771,13,12
1.13,0.81,0.09,-47.61,53.89,-5.13,1.39,72.09,3,768,14,11
1.20,0.65,0.06,-46.39,41.38,-3.97,1.36,62.29,3,775,15,11
1.10,0.60,0.22,-60.55,15.69,-0.79,1.28,62.55,3,777,14,11
0.98,0.72,0.34,-50.23,0.06,9.34,1.27,51.09,3,779,14,10
0.92,0.69,0.25,-18.31,1.46,6.23,1.18,19.40,3,782,15,9
0.95,0.49,-0.01,4.70,4.64,3.60,1.07,7.52,4,778,14,9
0.92,0.49,-0.08,-6.77,5.37,-15.32,1.04,17.59,4,777,15,7
0.80,0.63,0.01,-7.69,20.32,-47.42,1.02,52.17,4,774,15,9
0.70,0.58,0.01,-3.36,27.22,-60.61,0.91,66.53,4,773,13,8
0.77,0.75,0.22,16.66,22.71,-73.49,1.10,78.70,4,776,15,9
-0.28,1.25,1.20,69.27,45.17,-53.96,1.76,98.74,5,777,37,6
1.72,-1.29,-2.64,115.42,51.94,227.84,3.40,260.64,19,786,116,9
0.30,2.63,-0.11,107.60,-30.58,216.06,2.65,243.31,55,765,147,11
0.15,1.04,0.39,140.81,-57.01,91.67,1.12,177.43,121,730,167,16
0.17,0.67,0.44,36.87,-20.26,55.73,0.82,69.82,296,715,173,19
0.33,1.52,-0.05,-23.44,2.14,41.93,1.56,48.08,300,708,174,16
0.28,1.10,0.08,-0.31,-0.12,2.44,1.14,2.46,397,704,177,17
0.27,1.16,0.08,-11.60,4.70,-1.89,1.19,12.66,696,701,179,15
0.30,1.11,0.03,-2.99,4.46,-17.46,1.15,18.26,509,702,180,17
0.29,1.03,0.07,-0.06,5.00,-32.90,1.07,33.28,342,711,181,13
0.32,0.93,0.05,-2.81,6.53,-38.21,0.98,38.86,302,720,181,13
0.34,0.89,0.03,-2.14,6.16,-35.77,0.95,36.36,171,728,175,14
0.36,0.85,0.02,0.92,4.70,-31.25,0.92,31.61,117,739,175,14
0.37,0.83,0.03,1.89,2.56,-22.64,0.91,22.87,84,752,180,13
0.37,0.91,0.03,2.99,1.89,-18.25,0.98,18.59,73,760,177,13
0.38,0.81,0.05,5.68,0.49,-15.56,0.90,16.57,73,761,176,11
0.38,0.87,0.06,1.22,0.85,-8.42,0.95,8.55,68,761,172,11
0.39,0.96,0.05,1.71,-0.24,-2.69,1.04,3.19,73,764,175,13
0.41,1.00,0.03,6.71,-1.77,-7.93,1.09,10.54,74,764,178,12
0.40,0.85,0.07,10.50,-1.95,-13.73,0.94,17.40,73,765,178,14
0.41,0.80,0.05,10.31,-2.01,-4.64,0.90,11.49,69,769,178,13
0.39,1.12,0.13,7.45,-3.11,-2.44,1.19,8.43,64,773,169,16
0.44,0.84,0.03,18.31,-2.75,-16.42,0.95,24.75,64,776,176,16
0.48,0.83,-0.01,21.91,-7.32,-10.68,0.96,25.45,57,783,174,15
0.37,1.18,0.20,16.85,-8.48,-29.79,1.25,35.25,53,782,176,15
0.46,1.25,0.09,14.77,-2.99,-49.50,1.33,51.74,37,789,171,15
0.41,1.84,0.22,-0.79,3.11,-100.95,1.90,101.00,27,796,165,13
0.30,2.30,0.17,0.31,13.12,-195.74,2.32,196.18,16,799,152,10
0.46,1.88,-0.27,32.71,3.66,-298.28,1.95,300.09,9,791,108,15
-1.79,-0.07,-0.53,38.39,-53.89,-260.44,1.87,268.71,5,688,47,29
-2.14,-0.10,-0.44,15.75,-90.94,-3.05,2.18,92.35,4,690,13,26
-1.48,-0.03,-0.65,11.11,-12.15,98.82,1.61,100.18,4,696,14,27
-0.94,0.46,-0.51,-51.15,26.67,164.61,1.16,174.43,4,705,13,25
-0.13,0.94,-0.54,-56.64,2.99,217.04,1.09,224.33,4,702,14,25
0.21,1.60,-0.08,-72.33,-44.07,191.04,1.62,208.97,4,709,14,23
0.76,1.88,0.07,-79.10,-51.94,124.88,2.03,156.68,4,718,15,20
0.91,1.99,0.37,-40.83,-78.43,73.24,2.22,114.82,3,755,13,18
1.03,1.32,0.24,-40.83,-106.99,37.72,1.69,120.57,3,773,16,20
0.86,1.07,0.47,-121.03,-69.64,11.41,1.45,140.10,3,781,17,16
1.20,1.29,0.86,-138.06,17.21,26.31,1.96,141.60,3,786,18,15
1.73,1.00,0.86,-57.80,44.49,72.57,2.17,102.89,3,784,18,14
2.36,0.86,0.76,-45.35,-6.29,48.22,2.62,66.49,3,777,17,15
1.83,0.55,0.77,-9.28,-73.85,-38.21,2.06,83.67,3,785,15,17
1.28,2.06,0.69,87.59,-103.82,-14.16,2.52,136.57,5,810,40,24
0.07,1.09,0.27,66.16,-27.59,52.19,1.13,88.67,12,762,69,20
0.29,0.98,0.15,14.71,-5.92,-0.98,1.03,15.89,24,721,104,22
0.31,1.05,0.01,-10.44,5.80,1.10,1.09,11.99,46,699,119,18
0.31,1.03,-0.02,-22.58,7.69,-7.75,1.07,25.08,78,697,135,16
0.30,0.98,-0.00,-25.88,6.16,-16.30,1.02,31.20,117,701,140,13
0.30,0.85,-0.01,-27.77,8.61,-16.42,0.91,33.39,159,705,149,14
0.32,0.88,-0.09,-31.98,10.80,-6.53,0.94,34.38,192,710,150,16
0.36,0.98,-0.18,-24.72,10.62,2.08,1.06,26.98,245,711,158,9
0.33,0.95,-0.08,6.16,1.53,6.84,1.01,9.33,304,707,158,12
0.31,0.97,-0.07,9.95,0.24,8.85,1.02,13.32,696,702,161,11
0.30,1.02,-0.05,10.80,-1.04,4.58,1.06,11.78,397,700,165,10
0.30,1.02,-0.04,9.46,-1.65,-5.55,1.07,11.09,566,700,168,11
0.31,1.00,-0.04,5.37,-0.92,-16.17,1.05,17.07,348,704,164,10
0.32,0.98,-0.04,1.28,0.06,-24.66,1.03,24.69,373,715,169,9
0.32,0.90,-0.01,-4.09,1.16,-29.05,0.95,29.36,327,722,169,7
0.34,0.89,-0.03,-13.24,4.03,-29.97,0.96,33.01,254,734,168,6
0.38,0.96,-0.12,-15.20,6.16,-28.56,1.04,32.94,197,750,172,7
0.41,0.98,-0.12,0.61,4.88,-29.30,1.07,29.71,174,753,171,5
0.40,0.88,-0.07,9.46,2.81,-28.44,0.97,30.11,174,760,171,6
0.43,0.90,-0.08,11.60,-2.01,-29.30,1.00,31.57,144,766,171,6
0.43,0.92,-0.07,14.10,-9.03,-30.27,1.01,34.60,141,768,173,6
0.44,1.02,-0.06,12.57,-8.12,-38.64,1.11,41.43,125,771,176,4
0.46,1.13,-0.05,13.43,-8.30,-55.24,1.22,57.45,129,778,178,4
0.49,1.22,-0.07,11.96,-9.77,-83.01,1.32,84.43,107,785,174,4
0.60,1.44,-0.23,-1.65,-10.50,-131.84,1.58,132.26,83,794,181,5
0.49,1.67,-0.05,-39.31,-23.68,-203.86,1.74,208.96,56,807,170,3
0.49,1.53,0.19,-52.19,-18.49,-283.81,1.62,289.16,30,823,135,1
0.72,0.74,-0.32,-86.18,4.46,-302.61,1.08,314.68,11,797,71,4
0.21,0.62,-0.80,-214.17,-30.15,-228.39,1.04,314.55,5,741,40,12
-0.80,0.99,-0.30,-149.35,-134.40,20.81,1.31,202.00,4,735,23,12
-0.81,0.83,-0.28,-115.42,-193.60,166.38,1.19,280.15,4,727,14,12
-0.99,1.20,0.43,-98.82,-187.50,204.71,1.61,294.67,4,737,15,12
-0.85,1.07,0.35,20.57,-109.92,235.23,1.41,260.46,4,739,11,13
-0.59,0.40,-0.15,2.20,-55.60,274.23,0.73,279.82,4,736,12,14
-0.32,1.17,0.28,-90.64,-51.15,288.02,1.24,306.25,4,740,13,15
0.20,1.59,0.58,-83.13,-57.92,233.76,1.71,254.78,5,741,13,15
0.44,1.58,0.78,-48.77,-85.14,198.61,1.82,221.52,5,745,11,14
0.79,1.48,0.87,-75.44,-42.48,130.74,1.89,156.81,6,749,12,13
2.18,1.48,0.76,-21.85,47.18,62.50,2.75,81.30,6,741,13,12
2.78,0.29,0.10,-44.92,78.98,-15.50,2.80,92.17,6,721,15,12
3.50,3.63,1.42,-54.44,65.37,-73.61,5.24,112.50,9,717,17,12
1.62,-0.88,-0.91,123.05,-7.14,-79.16,2.05,146.49,32,694,63,13
0.02,1.53,0.22,0.61,-16.36,11.11,1.54,19.78,131,700,101,12
0.29,0.76,0.02,-1.65,-3.30,-14.22,0.82,14.69,289,692,134,12
0.27,0.88,0.03,-19.65,5.80,-12.08,0.92,23.79,362,696,145,9
0.26,0.89,0.04,-18.80,6.04,-12.02,0.92,23.12,430,696,149,11
0.28,0.97,-0.02,-21.42,7.45,-7.57,1.00,23.91,474,697,155,8
0.29,0.97,-0.05,-12.70,5.68,-6.23,1.01,15.24,480,699,163,7
0.28,1.01,-0.03,-2.50,2.93,-4.09,1.05,5.62,640,696,164,7
0.28,1.00,-0.02,6.41,0.49,-7.20,1.04,9.65,582,697,168,6
0.28,1.01,-0.01,6.90,-0.24,-13.79,1.05,15.42,413,704,170,6
0.29,1.00,0.00,5.68,0.06,-20.94,1.04,21.69,445,717,172,4
0.30,0.96,-0.00,3.66,0.98,-26.18,1.00,26.46,364,729,170,3
0.32,0.94,-0.02,4.15,0.67,-26.92,0.99,27.24,275,748,173,6
0.34,0.94,-0.00,5.92,0.37,-27.83,1.00,28.46,250,755,173,5
0.35,0.90,-0.00,7.39,0.43,-27.16,0.97,28.15,220,758,176,3
0.35,0.86,0.02,6.41,0.24,-25.27,0.93,26.07,196,762,179,4
0.37,0.93,0.01,0.43,1.95,-22.83,1.00,22.91,163,770,178,4
0.40,0.99,-0.02,0.92,1.40,-26.61,1.07,26.66,149,771,179,4
0.41,1.11,-0.02,1.95,0.85,-38.70,1.18,38.75,156,779,180,3
0.41,1.25,0.03,2.26,1.10,-62.93,1.31,62.98,123,787,179,4
0.45,1.40,-0.04,1.65,0.79,-100.52,1.47,100.54,90,793,182,3
0.52,1.66,-0.18,-7.51,-7.02,-181.58,1.75,181.87,65,798,175,2
0.60,1.87,-0.20,-42.91,-28.08,-265.75,1.97,270.65,38,819,149,3
0.63,1.46,-0.11,-35.46,-30.82,-311.52,1.60,315.05,12,812,81,4
-0.02,0.24,-0.97,-120.91,-65.37,-228.88,1.00,266.98,6,770,45,11
-0.78,0.99,-0.29,-117.37,-186.52,-3.66,1.29,220.41,6,784,21,10
-1.05,0.69,-0.14,-106.87,-223.57,96.07,1.26,265.77,5,780,16,11
-1.22,1.15,0.50,-73.67,-176.70,156.74,1.75,247.42,4,792,14,14
-0.85,0.61,0.07,14.28,-84.35,193.85,1.04,211.89,4,780,15,16
-0.56,0.58,-0.16,-44.19,-39.79,220.70,0.83,228.57,5,777,15,13
-0.29,1.01,0.10,-84.84,-36.19,234.25,1.06,251.76,5,777,13,14
0.32,1.26,0.52,-109.92,2.81,211.43,1.40,238.31,5,775,16,13
0.95,1.76,0.74,-120.42,48.89,130.55,2.14,184.22,6,763,16,14
2.07,2.74,0.81,-100.40,53.89,90.88,3.53,145.76,8,741,20,12
3.23,1.33,0.49,38.39,18.43,37.23,3.53,56.57,17,707,33,12
3.53,0.71,0.32,4.33,-15.69,-8.67,3.61,18.44,28,700,56,13
0.52,0.36,1.38,10.56,-86.55,-48.16,1.52,99.60,61,703,85,13
0.10,0.62,0.30,15.93,-7.93,-22.22,0.70,28.47,101,707,108,12
0.25,0.88,0.02,-50.72,12.21,-24.17,0.91,57.50,182,713,127,12
0.35,1.04,-0.17,-46.39,11.54,-20.81,1.11,52.13,197,716,144,12
0.29,0.90,-0.05,-15.44,4.76,-15.32,0.95,22.27,350,715,145,9
0.30,0.89,-0.04,-10.93,3.78,-5.31,0.94,12.72,409,716,152,9
0.31,0.98,-0.08,-5.80,3.54,3.78,1.03,7.78,523,711,161,8
0.29,1.04,-0.05,7.39,0.49,2.44,1.08,7.79,485,707,165,9
0.29,1.01,-0.03,12.88,-1.40,-3.66,1.05,13.46,418,707,162,7
0.29,1.04,-0.01,9.46,-0.79,-13.73,1.08,16.69,450,717,173,6
0.30,1.01,-0.01,4.64,0.55,-25.45,1.05,25.88,418,731,172,7
0.32,0.99,-0.03,1.59,2.14,-32.84,1.04,32.94,280,751,172,6
0.33,0.95,-0.03,0.73,2.44,-37.11,1.01,37.20,254,766,178,4
0.36,0.88,-0.04,2.81,2.38,-33.14,0.95,33.35,169,776,177,4
0.38,0.88,-0.04,5.98,1.22,-28.63,0.96,29.27,125,783,182,5
0.38,0.87,-0.05,11.47,-0.67,-23.38,0.95,26.05,114,785,176,4
0.39,0.84,-0.01,15.01,-1.71,-18.19,0.93,23.65,107,792,182,5
0.41,0.94,-0.02,14.47,-2.69,-16.11,1.03,21.82,100,793,182,4
0.43,1.07,-0.02,16.97,-4.52,-23.01,1.15,28.94,103,793,180,4
0.44,1.22,0.00,19.47,-6.53,-43.21,1.30,47.84,94,794,182,4
0.46,1.27,-0.03,19.29,-7.87,-76.05,1.35,78.85,66,799,182,5
0.49,1.31,-0.06,9.89,-11.41,-132.51,1.40,133.37,51,808,173,3
0.49,1.59,-0.06,-8.48,-21.00,-189.03,1.66,190.38,34,819,163,3
0.55,1.58,0.00,-13.00,-26.92,-243.71,1.67,245.54,19,827,131,1
0.60,0.77,-0.35,-16.72,-29.54,-260.99,1.03,263.18,8,805,70,9
-0.06,0.84,-0.67,-124.21,-84.05,-158.08,1.08,217.90,5,789,45,14
-0.79,0.83,-0.39,-97.90,-178.89,21.12,1.21,205.02,5,791,20,10
-1.06,0.72,-0.14,-95.21,-185.73,99.61,1.29,231.27,5,781,15,12
-1.04,0.98,0.27,-49.38,-126.95,154.79,1.46,206.19,4,787,15,13
-0.67,0.62,-0.12,-3.66,-55.85,202.27,0.92,209.87,4,780,15,13
-0.49,0.74,-0.20,-64.27,-27.77,242.19,0.91,252.10,5,783,16,16
-0.33,1.18,0.20,-113.40,-19.71,249.88,1.25,275.11,4,765,13,16
0.53,1.66,0.34,-125.00,-4.27,216.74,1.77,250.24,5,748,14,16
0.82,1.99,0.71,-106.26,22.09,104.68,2.27,150.79,5,740,14,15
1.60,2.66,0.88,-70.25,40.65,69.40,3.23,106.79,8,735,18,14
3.00,1.40,0.86,6.90,11.05,36.13,3.42,38.41,15,705,21,15
2.92,0.73,0.81,19.65,-14.83,-17.40,3.12,30.15,28,696,35,14
1.13,0.60,1.30,22.52,-57.98,-39.98,1.82,73.94,65,687,64,16
0.14,0.63,0.10,1.83,1.28,-6.59,0.65,6.96,143,688,88,15
0.27,1.07,-0.09,-46.69,11.29,-20.81,1.11,52.35,272,692,113,15
0.28,1.11,-0.08,-8.42,0.43,-32.29,1.15,33.37,300,695,126,13
0.24,0.84,0.00,-6.35,0.12,-25.27,0.87,26.05,517,697,139,14
0.27,0.79,-0.04,-8.79,2.62,-7.26,0.83,11.70,529,703,144,11
0.27,0.89,-0.07,-6.84,3.11,14.47,0.94,16.30,647,697,147,12
0.26,1.06,-0.05,9.95,-0.55,21.61,1.09,23.79,535,686,154,12
0.23,1.06,0.00,18.86,-3.05,13.00,1.08,23.11,1196,678,153,14
0.22,1.02,0.03,17.33,-2.26,-0.55,1.04,17.49,541,674,158,11
0.22,0.91,0.04,9.46,-0.49,-9.34,0.93,13.30,538,677,161,14
0.23,1.01,0.01,-0.92,1.53,-5.37,1.04,5.66,668,683,160,13
0.26,0.99,-0.03,9.64,-0.61,-12.08,1.02,15.47,1190,689,164,12
0.26,0.91,-0.01,9.83,-0.67,-8.00,0.95,12.69,598,693,166,11
0.25,0.92,0.02,9.89,-0.06,-2.20,0.95,10.13,1504,694,169,11
0.25,0.97,0.02,7.39,0.55,-1.22,1.00,7.51,868,698,167,9
0.27,0.98,0.05,6.53,-1.46,-4.82,1.02,8.25,997,706,164,9
0.26,0.98,0.03,2.32,1.04,-9.40,1.02,9.74,668,717,168,8
0.27,1.02,0.01,0.12,1.34,-15.93,1.05,15.99,668,729,173,6
0.27,1.09,0.03,0.43,1.10,-24.60,1.12,24.63,460,744,173,5
0.29,1.19,0.01,2.32,1.59,-41.50,1.23,41.60,309,762,175,6
0.33,1.32,-0.01,11.90,0.24,-77.58,1.36,78.48,151,779,171,4
0.34,1.42,0.03,15.44,0.49,-113.77,1.46,114.81,100,793,176,3
0.33,1.68,-0.01,3.30,0.98,-166.87,1.71,166.91,55,802,168,4
0.32,1.73,0.03,-3.66,-4.76,-229.43,1.76,229.51,27,811,151,3
0.45,1.35,-0.05,10.86,-4.88,-269.41,1.42,269.67,11,816,84,4
0.48,-0.52,-1.02,-9.28,-20.39,-235.96,1.24,237.02,5,771,48,11
-0.49,0.76,-0.36,-92.59,-121.22,-12.02,0.97,153.01,5,772,21,11
-0.63,0.66,-0.03,-69.64,-181.52,121.64,0.91,229.34,4,768,14,11
-0.73,0.89,0.41,-28.50,-135.25,164.31,1.23,214.72,4,761,16,12
-0.39,0.49,-0.01,18.86,-18.31,172.67,0.63,174.66,3,751,13,13
0.20,0.61,-0.22,-36.25,11.66,140.32,0.68,145.40,4,746,15,14
0.42,0.82,0.02,-58.41,-1.34,99.73,0.92,115.59,4,754,15,14
0.60,0.90,0.30,-55.97,-8.06,71.11,1.12,90.85,4,762,14,14
0.71,1.10,0.47,-48.03,12.39,27.22,1.39,56.59,4,769,13,12
0.78,1.02,0.38,-26.55,43.76,-15.44,1.34,53.46,4,781,11,13
1.00,0.99,0.30,-5.68,49.56,-23.93,1.44,55.33,3,791,13,15
1.04,0.57,0.06,5.37,27.47,-10.31,1.19,29.83,3,792,11,14
0.99,0.56,0.01,-28.44,1.71,10.50,1.14,30.37,3,796,12,16
0.87,0.66,0.17,-53.59,-12.88,1.10,1.11,55.13,3,796,15,11
0.70,0.90,0.37,-38.51,-0.61,-5.74,1.20,38.94,3,797,14,9
0.65,0.64,0.20,1.53,15.50,-3.97,0.93,16.08,3,798,14,10
0.74,0.56,0.06,2.56,25.76,-2.32,0.93,25.99,3,798,13,10
0.78,0.50,0.02,-5.25,20.26,-8.91,0.93,22.75,4,796,13,9
0.76,0.64,0.11,-14.89,10.25,-14.71,1.00,23.31,3,798,16,9
0.66,0.84,0.10,-8.36,4.15,-27.77,1.08,29.30,4,796,15,9
0.42,0.82,0.15,-16.30,5.25,-47.91,0.93,50.88,4,796,16,8
0.37,0.90,0.18,6.77,20.57,-52.49,0.98,56.78,4,793,15,8
0.54,0.75,0.07,35.34,45.72,-41.99,0.93,71.43,5,791,15,5
1.00,0.79,0.17,31.19,53.59,-67.50,1.29,91.66,5,792,16,5
0.63,0.46,0.21,141.97,58.29,-14.47,0.81,154.15,7,800,49,4
1.07,0.00,-1.53,20.69,23.74,171.94,1.87,174.80,17,790,117,6
0.32,1.96,-0.17,51.03,-17.46,161.07,1.99,169.86,32,774,137,8
0.33,1.24,0.02,69.70,-24.72,92.59,1.29,118.50,43,757,150,11
0.24,0.78,0.23,30.88,-15.75,64.88,0.85,73.56,60,746,152,15
0.26,1.00,0.15,-6.29,-4.94,55.30,1.05,55.87,113,732,162,12
0.30,1.19,0.04,-20.02,2.26,38.51,1.22,43.46,226,719,167,10
0.29,1.26,-0.03,-7.51,2.99,13.79,1.30,15.99,423,708,164,11
0.26,1.02,0.05,8.36,0.43,-0.73,1.05,8.40,344,701,173,11
0.25,1.00,0.07,2.62,0.98,-8.61,1.03,9.05,272,700,173,12
0.26,1.01,0.05,-5.98,2.32,-18.01,1.05,19.11,289,709,176,11
0.28,0.94,0.04,-9.83,4.76,-23.74,0.98,26.13,263,720,176,8
0.30,0.93,0.01,-11.96,5.68,-22.89,0.98,26.44,251,728,175,10
0.31,0.90,0.00,-7.81,4.33,-19.96,0.95,21.87,202,730,175,9
0.32,0.92,-0.01,-5.62,3.23,-15.32,0.98,16.63,211,733,170,9
0.32,0.93,-0.01,-0.37,2.20,-13.12,0.98,13.31,182,736,173,8
0.33,0.88,0.00,3.36,1.10,-8.18,0.94,8.91,176,740,174,8
0.32,0.94,0.03,5.55,0.18,-6.47,0.99,8.53,172,743,177,8
0.33,0.91,0.03,4.88,0.85,-5.80,0.96,7.63,166,749,177,9
0.34,0.98,0.02,3.23,1.22,-5.13,1.03,6.18,155,753,174,8
0.32,1.17,0.06,2.93,1.95,-14.10,1.21,14.53,109,766,177,8
0.36,0.94,-0.03,9.09,1.89,-28.93,1.01,30.39,89,773,178,7
0.35,0.92,0.07,9.70,1.40,-28.99,0.99,30.61,77,779,175,8
0.38,0.91,-0.00,1.22,3.48,-34.42,0.99,34.62,63,783,181,7
0.42,0.68,-0.02,4.21,0.98,-26.37,0.80,26.72,62,778,179,10
0.41,0.99,0.04,3.97,0.18,-22.89,1.07,23.23,71,776,180,10
0.39,1.09,0.06,5.86,0.73,-34.97,1.16,35.47,68,776,186,8
0.43,0.87,0.05,11.47,0.18,-43.95,0.97,45.42,60,781,179,10
0.46,0.67,0.00,12.33,0.12,-38.88,0.81,40.79,55,784,178,11
0.46,0.81,0.07,12.82,-4.64,-14.59,0.94,19.96,57,781,180,11
0.45,1.17,0.11,14.59,-6.47,-11.60,1.26,19.73,55,787,181,11
0.47,1.10,0.11,21.61,-6.65,-30.52,1.20,37.98,49,788,176,14
0.47,1.17,0.15,20.32,-0.85,-48.28,1.27,52.39,33,795,170,12
0.52,1.88,0.13,14.28,1.95,-84.11,1.96,85.33,21,815,167,11
0.41,1.87,0.11,31.98,0.67,-194.76,1.92,197.37,12,823,147,11
0.43,1.21,0.07,46.51,0.00,-252.50,1.29,256.75,7,832,116,10
0.61,0.64,0.02,58.53,0.85,-255.62,0.89,262.23,3,812,71,15
-1.23,0.36,-0.12,48.71,-9.58,-122.68,1.29,132.34,3,790,46,19
-1.08,-0.52,-0.62,54.63,-21.00,30.64,1.35,66.06,3,779,14,17
-0.74,0.44,-0.05,-25.57,-40.34,116.70,0.86,126.10,3,789,14,18
-0.27,0.56,-0.04,-0.12,-22.71,148.07,0.63,149.80,3,791,15,19
0.20,0.59,-0.11,-12.39,-13.00,161.44,0.64,162.43,3,793,17,18
0.42,0.80,0.06,-37.48,-18.55,152.34,0.90,157.98,3,799,13,19
0.70,0.96,0.16,-40.34,-23.93,106.75,1.20,116.60,3,804,16,16
0.94,0.79,0.16,-56.15,-28.81,35.64,1.24,72.48,3,798,15,18
0.79,0.93,0.34,-92.96,-8.79,-17.09,1.27,94.92,2,797,14,16
0.81,1.00,0.43,-84.96,17.09,-8.24,1.36,87.05,3,796,14,14
1.10,1.03,0.39,-47.73,46.88,29.42,1.56,73.08,3,801,15,13
1.45,0.85,0.24,-11.11,55.48,45.17,1.70,72.40,3,804,15,11
1.39,0.43,0.10,-9.83,33.57,38.45,1.46,51.98,4,809,17,10
1.25,0.58,0.13,-39.67,7.63,40.59,1.39,57.27,4,804,18,7
1.10,0.71,0.19,-36.93,-10.99,28.63,1.32,48.00,4,808,16,8
0.93,0.58,0.18,-23.56,-5.74,5.92,1.11,24.96,4,806,17,7
0.91,0.47,0.08,-23.80,10.56,-1.22,1.02,26.07,4,803,18,7
0.95,0.62,0.15,-29.54,20.69,-17.88,1.14,40.26,4,798,20,8
0.88,0.67,0.15,-18.43,34.30,-45.41,1.11,59.82,5,789,19,9
0.86,0.61,0.01,5.92,28.44,-51.21,1.06,58.88,5,784,17,7
0.38,0.42,-0.09,0.98,2.14,-53.83,0.57,53.88,5,783,20,6
1.14,0.59,-0.32,46.69,18.31,49.50,1.32,70.47,6,783,69,5
0.45,1.64,-0.42,-20.08,2.93,231.87,1.75,232.76,19,796,130,2
0.28,1.99,0.02,32.29,-19.84,170.96,2.01,175.11,50,763,152,4
0.29,1.31,0.10,65.06,-22.58,85.57,1.35,109.84,80,750,169,9
0.23,0.98,0.14,15.50,-6.23,76.78,1.02,78.58,157,729,176,11
0.26,1.30,-0.04,14.53,-2.20,44.19,1.32,46.57,316,700,182,11
0.21,1.05,0.08,18.07,-3.36,16.05,1.07,24.40,491,685,181,12
0.21,1.01,0.08,0.67,0.61,0.31,1.04,0.96,500,680,185,11
0.24,1.04,0.02,-4.46,2.62,-9.70,1.07,11.00,386,686,186,11
0.24,1.02,0.02,-5.25,3.36,-21.12,1.05,22.02,420,707,189,11
0.26,1.00,0.02,-8.06,4.46,-28.08,1.03,29.55,259,728,180,9
0.28,0.96,-0.00,-8.12,5.13,-33.08,1.00,34.45,152,749,184,8
0.30,0.89,-0.02,-6.04,5.07,-29.24,0.94,30.28,102,767,186,8
0.32,0.89,-0.04,1.65,3.23,-18.43,0.95,18.79,81,775,178,9
0.32,0.91,-0.01,8.42,0.79,-11.78,0.96,14.50,68,782,176,8
0.32,0.90,0.00,10.68,0.06,-8.24,0.96,13.49,64,783,183,6
0.32,0.89,0.01,10.01,0.12,-6.41,0.95,11.89,56,783,182,7
0.33,0.93,0.01,6.47,0.67,-6.29,0.99,9.05,57,782,177,5
0.32,0.92,0.05,3.78,1.22,-8.48,0.97,9.37,58,781,182,7
0.35,0.97,-0.01,0.37,2.87,-10.68,1.03,11.07,53,783,183,6
0.34,0.94,0.02,4.52,1.77,-14.04,1.00,14.85,55,785,184,7
0.32,0.89,0.08,0.18,2.87,-15.99,0.95,16.25,53,788,182,7
0.36,0.81,0.01,-6.41,3.85,-10.13,0.88,12.59,53,788,185,8
0.38,0.88,-0.03,-1.71,1.71,-2.56,0.96,3.52,58,783,179,9
0.37,0.98,-0.01,-1.59,2.99,-12.27,1.05,12.73,67,776,188,8
0.36,0.97,0.03,-0.79,3.78,-17.70,1.03,18.12,68,777,180,10
0.35,0.88,0.05,-5.31,5.55,-24.35,0.95,25.54,72,777,190,12
0.41,0.92,-0.02,-13.55,8.12,-26.98,1.01,31.26,73,779,188,12
0.42,0.96,-0.03,-10.07,6.77,-23.07,1.05,26.07,72,778,185,12
0.40,1.12,0.02,-5.25,6.23,-27.89,1.19,29.06,61,787,191,15
0.40,1.16,-0.02,2.01,5.92,-42.66,1.23,43.12,51,799,184,18
0.48,0.72,-0.09,14.16,0.92,-44.07,0.87,46.30,37,807,188,16
0.47,1.27,0.03,17.76,-1.16,-44.25,1.35,47.70,27,821,181,17
0.52,1.64,-0.02,15.62,2.69,-89.72,1.72,91.11,20,823,169,17
0.48,1.73,-0.06,22.28,0.61,-162.60,1.79,164.12,15,835,151,13
0.44,1.45,0.00,37.96,-2.44,-225.34,1.51,228.53,9,846,124,9
0.55,0.90,0.02,47.00,-2.01,-251.34,1.05,255.71,4,818,79,10
0.37,0.63,0.36,63.84,2.56,-218.08,0.81,227.25,2,794,43,17
-1.09,-0.57,-0.62,69.40,0.55,-21.91,1.38,72.78,3,779,26,19
-0.56,0.64,0.03,18.86,-42.48,107.67,0.85,117.27,3,775,15,20
-0.56,0.23,-0.14,43.64,-46.94,141.36,0.62,155.21,3,787,15,19
-0.19,0.40,-0.15,43.21,-38.15,164.79,0.46,174.58,3,791,17,18
0.18,0.64,-0.04,3.91,-31.80,152.77,0.66,156.09,3,795,18,20
0.39,0.72,0.02,-9.09,-25.21,119.45,0.82,122.41,3,800,17,19
0.41,0.84,0.05,-26.86,-17.15,103.76,0.94,108.54,4,804,18,20
0.60,0.87,0.06,-45.17,-29.66,117.37,1.06,129.21,4,801,17,18
0.89,0.94,0.09,-64.51,-41.38,113.28,1.30,136.77,5,797,16,16
0.84,1.10,0.14,-97.53,-44.19,73.06,1.39,129.63,5,787,16,17
0.80,1.36,0.28,-89.97,-10.13,32.71,1.60,96.26,5,776,18,17
0.87,1.20,0.12,-33.45,32.90,-8.30,1.48,47.64,5,783,14,14
0.90,0.93,-0.02,-45.96,26.92,-8.61,1.29,53.95,5,784,15,14
0.85,0.90,0.05,-54.57,17.76,-12.21,1.24,58.67,4,783,15,11
0.83,1.00,0.11,-60.36,18.37,-10.80,1.31,64.02,4,784,15,12
0.85,0.90,0.07,-46.26,13.85,-11.60,1.24,49.67,4,782,13,11
0.83,0.93,0.09,-35.40,2.87,-6.35,1.25,36.08,3,779,14,10
0.77,0.85,0.04,-9.03,-4.33,-1.28,1.15,10.10,3,782,14,11
0.71,0.65,-0.07,6.04,0.85,-2.69,0.96,6.67,3,775,15,12
0.67,0.60,-0.10,1.28,17.27,-12.51,0.90,21.37,3,778,15,10
0.73,0.54,-0.14,-3.97,30.27,-20.57,0.92,36.81,4,776,18,10
0.74,0.49,-0.09,-26.86,22.95,-32.84,0.89,48.23,4,776,13,8
0.75,0.58,0.03,-37.72,13.43,-36.44,0.95,54.14,4,769,14,9
0.85,0.66,0.04,-32.35,2.01,-44.68,1.08,55.20,4,768,15,7
0.84,0.61,0.02,-26.00,-12.27,-63.23,1.04,69.46,4,768,15,8
0.71,1.02,0.32,-35.28,-10.13,-78.25,1.29,86.43,4,772,14,7
-0.92,1.51,1.03,35.64,-7.26,-69.27,2.05,78.25,5,806,29,6
0.86,-0.50,-1.20,184.20,62.50,97.41,1.56,217.55,11,798,91,6
0.10,2.21,-0.15,6.47,-6.47,244.14,2.22,244.31,35,796,133,5
0.36,2.24,-0.02,69.95,-20.08,109.56,2.27,131.52,90,753,159,7
0.19,0.71,0.28,60.67,-14.47,54.99,0.79,83.15,170,738,180,8
0.30,1.09,-0.08,-9.46,3.11,32.29,1.13,33.79,190,730,175,7
0.32,1.01,-0.13,1.71,0.61,23.38,1.07,23.45,259,718,185,13
0.26,1.04,-0.01,10.31,-2.75,18.43,1.08,21.30,618,701,183,10
0.26,1.06,-0.02,7.69,-1.89,8.36,1.10,11.52,369,693,183,10
0.25,0.98,0.01,9.22,-1.77,-0.85,1.01,9.42,512,693,182,13
0.25,0.94,0.01,2.44,0.73,-3.54,0.97,4.36,461,693,184,10
0.27,0.99,-0.02,-3.85,2.20,-7.20,1.02,8.45,323,698,180,11
0.27,0.99,-0.01,-5.92,3.23,-14.59,1.02,16.07,428,707,182,9
0.31,0.94,-0.02,-8.79,4.70,-18.31,0.99,20.85,305,715,175,9
0.30,0.91,-0.05,-7.93,5.00,-17.76,0.96,20.09,265,730,178,8
0.31,0.91,-0.07,-3.66,3.78,-14.28,0.97,15.22,202,739,181,8
0.31,0.91,-0.04,1.22,2.14,-11.05,0.96,11.32,188,749,179,8
0.30,0.91,-0.03,-0.61,2.56,-9.52,0.96,9.88,188,757,179,7
0.32,0.90,-0.05,-1.53,2.62,-8.67,0.96,9.18,160,760,182,6
0.32,0.97,-0.04,-1.16,2.20,-8.73,1.02,9.07,157,762,183,7
0.33,0.98,-0.04,0.12,2.01,-13.06,1.04,13.22,148,761,185,6
0.34,0.97,-0.04,2.56,1.71,-18.07,1.03,18.33,140,766,183,9
0.32,0.89,-0.04,-2.87,2.93,-23.25,0.95,23.61,132,773,185,9
0.39,0.75,-0.15,-0.06,0.92,-13.98,0.85,14.01,125,772,184,9
0.37,1.00,-0.06,6.84,-0.92,-7.81,1.07,10.42,132,767,183,9
0.39,1.04,-0.09,8.97,-1.77,-22.95,1.11,24.70,132,764,177,10
0.37,0.68,-0.00,11.60,-2.08,-25.94,0.78,28.49,136,769,184,11
0.38,0.98,-0.01,0.37,1.22,-13.31,1.05,13.37,137,776,184,11
0.39,1.14,-0.04,2.99,0.73,-24.29,1.20,24.49,118,779,182,12
0.42,0.79,-0.03,16.17,-2.32,-28.02,0.90,32.43,92,786,182,12
0.42,0.94,-0.01,18.62,-7.02,-13.61,1.03,24.11,83,793,181,14
0.45,0.85,-0.12,30.03,-10.44,-17.94,0.97,36.51,63,804,179,16
0.47,1.35,0.01,22.77,-14.16,-30.52,1.43,40.62,41,810,166,14
0.43,1.72,0.11,11.96,-9.16,-85.82,1.78,87.13,24,814,165,12
0.28,1.74,0.26,11.90,2.08,-161.07,1.79,161.52,15,817,145,10
0.31,1.39,0.29,0.43,19.96,-231.87,1.45,232.73,10,822,112,11
0.41,0.90,0.20,-11.78,37.90,-260.86,1.01,263.87,5,814,70,12
-0.00,1.16,0.67,1.83,53.22,-229.13,1.34,235.23,2,775,43,19
-0.90,-0.63,-0.66,110.72,78.06,-6.84,1.28,135.64,3,726,24,18
-0.06,0.55,-0.08,-1.89,22.46,69.15,0.56,72.73,3,728,14,20
-0.47,0.19,-0.20,47.61,-25.63,98.75,0.55,112.59,3,744,15,19
-0.02,0.52,-0.15,35.34,-40.22,127.62,0.54,138.40,3,746,14,19
0.20,0.63,-0.09,29.91,-58.65,135.25,0.66,150.43,3,741,14,18
0.29,0.77,0.01,20.69,-63.17,132.69,0.83,148.41,3,744,13,20
0.51,0.91,0.03,19.17,-51.76,124.82,1.05,136.48,3,747,12,17
0.64,1.06,0.14,15.26,-32.17,88.20,1.24,95.11,3,765,14,17
0.75,0.96,0.08,42.97,-14.34,66.10,1.22,80.13,3,787,13,16
0.81,0.87,-0.01,25.33,-21.79,74.52,1.18,81.67,3,799,15,18
0.82,1.02,0.08,5.25,-25.33,75.81,1.31,80.10,3,805,16,17
0.80,0.87,-0.15,-29.30,11.35,29.97,1.19,43.42,3,800,17,15
0.84,1.01,-0.08,-62.99,31.13,8.85,1.32,70.82,3,797,16,14
0.98,0.93,-0.09,-68.79,25.88,3.72,1.35,73.59,3,799,15,13
1.07,0.97,0.04,-79.41,-3.72,-5.43,1.44,79.68,3,800,14,13
0.94,0.85,0.14,-91.25,-39.12,1.71,1.27,99.30,3,800,13,12
0.76,1.08,0.35,-97.96,-53.65,16.24,1.36,112.86,2,801,13,13
0.59,1.06,0.39,-49.93,-40.16,30.40,1.28,70.92,2,798,13,14
0.56,0.77,0.17,-11.60,-16.48,38.21,0.96,43.20,2,793,14,14
0.72,0.84,0.05,-8.73,-3.05,25.94,1.10,27.54,2,793,14,12
0.65,0.74,0.03,-17.33,-0.06,-30.09,0.98,34.73,2,795,14,14
0.48,0.80,0.22,-29.79,10.74,-41.50,0.96,52.20,3,793,14,13
0.37,0.90,0.25,-7.63,30.82,-46.75,1.01,56.52,3,794,12,13
0.41,0.65,0.07,15.62,41.75,-49.99,0.77,66.98,3,793,11,13
0.49,0.74,0.06,7.02,36.25,-45.78,0.89,58.81,3,799,15,12
0.50,0.70,-0.01,14.89,23.93,-36.56,0.86,46.16,3,794,12,11
0.60,0.64,-0.11,13.12,17.03,-35.95,0.89,41.89,3,787,15,11
0.77,0.54,-0.18,-6.16,9.70,-51.57,0.95,52.84,3,774,14,8
0.20,0.71,0.29,-31.37,-2.87,-74.65,0.79,81.02,5,785,27,4
1.04,-0.58,-0.85,38.70,11.96,156.01,1.46,161.18,11,767,92,10
0.15,2.78,-0.24,35.71,-14.04,211.18,2.79,214.64,37,771,128,6
0.34,1.76,-0.06,73.00,-24.78,101.26,1.79,127.26,103,739,152,9
0.16,0.80,0.43,70.43,-21.55,42.85,0.92,85.21,156,725,160,11
0.21,1.02,0.09,-8.54,2.56,26.55,1.04,28.01,232,715,170,12
0.27,1.09,-0.05,-22.16,6.53,5.13,1.12,23.66,302,709,172,14
0.28,0.95,-0.06,-14.40,5.07,-4.88,0.99,16.03,423,704,170,14
0.27,0.90,-0.05,-8.12,3.72,-1.40,0.94,9.04,553,699,172,11
0.27,0.90,-0.05,-3.78,3.11,7.14,0.94,8.66,371,698,169,14
0.27,0.96,-0.08,8.97,0.55,16.60,1.00,18.88,461,691,170,13
0.23,0.98,0.01,18.13,-2.14,14.89,1.00,23.56,700,689,169,13
0.22,0.94,0.03,8.79,-0.55,9.52,0.97,12.97,425,682,163,12
0.22,1.00,0.01,-0.49,1.34,4.03,1.02,4.27,560,676,163,12
0.23,1.02,-0.01,-3.85,1.95,-3.23,1.05,5.39,560,674,166,13
0.23,1.01,-0.01,-5.37,1.83,-11.23,1.04,12.58,430,675,167,11
0.24,0.96,-0.01,-7.14,2.08,-17.82,0.99,19.31,395,678,163,10
0.26,0.88,-0.04,-7.20,2.50,-14.83,0.92,16.68,428,679,162,10
0.26,0.91,-0.05,-4.70,2.20,-6.41,0.95,8.25,433,678,168,10
0.26,0.92,-0.05,1.71,0.98,0.12,0.96,1.97,472,676,167,8
0.26,0.94,-0.05,5.37,0.55,4.03,0.98,6.74,813,675,170,8
0.25,0.94,-0.01,7.02,-0.24,4.88,0.97,8.55,514,673,168,8
0.25,0.94,0.00,1.77,0.98,3.11,0.97,3.71,435,669,171,8
0.25,0.97,-0.01,-3.97,2.32,0.79,1.00,4.66,576,670,168,7
0.25,0.99,-0.02,-7.20,2.99,-2.75,1.02,8.27,716,673,168,7
0.25,0.98,-0.03,-9.28,3.60,-7.93,1.02,12.73,523,676,167,8
0.26,0.94,-0.05,-10.13,4.33,-9.77,0.97,14.72,440,684,167,8
0.27,0.95,-0.06,-8.36,4.27,-7.51,0.99,12.02,474,696,168,6
0.27,0.96,-0.07,-4.27,3.30,-7.26,1.00,9.05,822,699,171,5
0.28,0.95,-0.06,-2.20,2.62,-8.61,0.99,9.26,582,706,170,6
0.28,0.96,-0.05,-1.89,2.56,-9.03,1.00,9.58,409,714,172,6
0.29,0.93,-0.07,1.22,2.08,-10.01,0.98,10.30,377,719,170,6
0.29,0.92,-0.07,4.33,1.10,-3.72,0.96,5.82,435,722,167,6
0.30,0.92,-0.08,10.56,-0.85,-0.79,0.97,10.62,569,724,159,9
0.26,0.99,-0.02,17.21,-2.87,2.44,1.02,17.62,356,720,161,9
0.29,0.96,-0.03,19.41,-3.72,-0.73,1.01,19.78,440,716,165,11
0.26,0.98,0.01,15.87,-3.48,-5.31,1.01,17.09,377,714,167,10
0.28,0.94,0.01,7.20,-1.10,-10.68,0.98,12.93,520,721,167,9
0.31,1.00,-0.04,5.00,0.18,-12.88,1.05,13.82,299,727,166,10
0.33,0.88,-0.08,9.89,-0.31,-19.65,0.95,22.00,226,741,167,9
0.33,0.93,-0.05,16.05,-2.01,-15.75,0.99,22.58,202,751,168,9
0.34,0.86,-0.07,26.25,-5.98,-12.70,0.93,29.76,135,764,170,12
0.26,1.22,0.11,25.94,-10.56,-25.09,1.26,37.60,107,774,170,9
0.33,1.37,0.10,21.61,-1.89,-53.34,1.41,57.59,68,792,162,10
0.34,1.84,0.04,10.62,7.02,-102.91,1.87,103.69,36,809,159,8
0.20,1.97,0.10,13.37,10.56,-186.10,1.99,186.87,21,818,153,6
0.11,1.59,0.11,18.07,17.46,-294.31,1.60,295.38,11,821,125,5
0.34,1.06,0.03,25.70,18.25,-314.76,1.11,316.33,5,831,80,6
-0.66,0.73,0.41,71.11,22.71,-259.28,1.06,269.81,2,776,48,14
-1.48,-0.27,-0.75,69.21,20.69,39.67,1.68,82.42,3,720,18,15
-0.77,0.33,-0.06,-8.61,-24.23,70.19,0.84,74.75,3,711,12,18
-0.74,0.30,-0.18,46.39,-17.40,141.11,0.82,149.56,3,727,16,16
-0.34,0.40,-0.26,17.70,-5.43,172.55,0.59,173.54,3,734,15,16
0.19,0.69,-0.23,-4.39,-0.98,173.40,0.75,173.46,3,731,13,17
0.52,0.92,-0.08,-27.65,-12.39,145.14,1.06,148.27,3,730,15,17
0.86,1.05,-0.01,-31.86,-35.10,107.54,1.36,117.53,3,736,16,15
0.82,1.04,0.06,-28.44,-44.80,62.19,1.32,81.76,3,740,15,13
0.82,0.99,0.08,-46.08,-23.93,37.17,1.28,63.86,3,739,13,15
0.81,0.98,0.11,-67.50,13.55,22.77,1.27,72.52,3,741,13,13
0.93,1.04,0.13,-79.71,77.88,8.67,1.40,111.78,3,739,14,11
1.33,0.93,-0.01,-66.47,122.50,-4.82,1.63,139.45,3,735,12,9
1.60,0.73,-0.03,-65.67,99.61,-7.87,1.76,119.57,3,735,15,6
1.50,0.69,0.11,-47.97,32.04,-0.24,1.66,57.69,3,739,15,6
1.18,0.58,0.06,-26.43,-24.96,14.77,1.31,39.24,3,734,14,6
1.04,0.67,-0.02,-26.67,-39.67,8.18,1.23,48.50,3,736,13,5
0.96,0.57,-0.12,-1.95,-32.84,-4.27,1.12,33.17,4,729,12,3
1.02,0.56,-0.17,-0.85,-19.17,-19.53,1.18,27.38,4,741,13,3
0.94,0.59,0.02,7.14,-15.01,-55.60,1.11,58.04,4,759,16,6
0.88,0.53,-0.08,20.45,-2.62,-68.48,1.03,71.52,4,764,15,4
0.39,0.77,0.29,8.79,-4.15,-96.01,0.91,96.50,4,795,27,2
1.23,-0.14,-1.48,173.46,24.29,102.72,1.93,203.05,12,800,90,7
0.11,2.54,0.09,8.42,-10.50,263.06,2.54,263.41,34,795,135,4
0.35,1.76,-0.23,44.43,-15.62,164.86,1.81,171.45,75,766,153,10
0.23,1.23,0.08,68.30,-19.17,94.79,1.25,118.39,167,739,164,11
0.23,1.42,0.07,22.58,-4.88,56.34,1.44,60.89,364,708,169,13
0.22,1.08,0.05,23.01,-4.76,12.39,1.11,26.56,464,696,172,14
0.22,0.98,0.06,13.00,-2.20,3.60,1.00,13.67,425,693,171,15
0.22,1.00,0.04,5.92,-0.79,-1.34,1.03,6.12,425,692,177,15
0.22,1.00,0.05,2.81,0.18,-5.49,1.03,6.17,321,693,176,13
0.23,1.10,0.05,-4.39,2.26,-16.97,1.12,17.67,393,705,177,12
0.24,1.05,0.05,-4.58,3.72,-31.19,1.08,31.74,259,725,172,12
0.26,1.01,0.02,-4.88,5.31,-38.82,1.04,39.48,138,750,174,9
0.28,0.90,0.04,-0.85,5.43,-37.35,0.94,37.76,74,768,174,8
0.31,0.89,-0.02,-0.12,5.55,-31.25,0.94,31.74,60,777,174,7
0.33,0.86,0.01,3.72,3.30,-22.77,0.92,23.30,53,781,175,9
0.33,0.82,0.03,5.07,2.01,-14.71,0.89,15.69,54,786,175,9
0.33,0.84,0.04,4.09,2.08,-5.86,0.91,7.44,54,784,174,8
0.33,0.94,0.05,2.32,2.20,-2.01,0.99,3.78,55,789,180,7
0.34,0.99,0.03,-1.71,3.72,-7.93,1.04,8.93,59,788,177,7
0.36,0.87,-0.00,1.04,3.97,-14.28,0.94,14.86,65,789,175,10
0.35,0.76,0.04,-4.15,3.17,-4.76,0.84,7.07,60,792,168,12
0.37,1.07,-0.03,-5.25,3.72,-6.84,1.13,9.39,66,792,175,11
0.37,0.83,0.04,7.45,-0.67,-12.33,0.91,14.42,66,793,174,12
0.37,0.74,-0.00,1.59,1.46,-5.37,0.83,5.79,68,798,173,13
0.39,0.85,-0.05,3.05,1.10,-1.71,0.93,3.67,65,796,174,12
0.38,1.02,0.03,6.90,0.12,-1.46,1.08,7.05,67,795,172,12
0.38,0.94,-0.00,9.70,0.49,-11.17,1.02,14.80,62,797,165,14
0.42,0.66,-0.06,14.04,-1.59,-11.17,0.79,18.01,55,796,165,15
0.41,0.94,0.02,13.31,-4.70,6.90,1.03,15.71,55,793,155,18
0.39,1.71,0.15,20.45,-8.12,1.65,1.76,22.06,48,793,152,16
0.32,2.33,0.17,17.52,-0.12,-78.12,2.36,80.06,30,789,152,14
0.20,2.44,0.07,22.95,7.69,-239.69,2.45,240.90,17,803,140,10
0.06,1.95,0.14,47.42,8.61,-341.55,1.96,344.94,8,808,105,9
0.05,0.80,0.10,75.20,14.22,-343.69,0.81,352.11,3,770,55,13
-2.24,-0.41,-0.54,64.58,19.17,-88.32,2.34,111.07,3,712,23,19
-1.29,-0.36,-0.39,29.79,3.54,42.79,1.40,52.25,3,700,14,21
-0.86,0.17,-0.16,26.06,-14.04,152.34,0.89,155.19,3,716,15,19
-0.42,0.22,-0.28,15.44,-24.72,192.50,0.55,194.70,3,732,14,17
0.24,0.69,-0.26,-10.56,-43.33,182.50,0.77,187.87,3,734,14,17
0.26,1.11,0.06,-46.63,-32.23,154.72,1.14,164.78,3,745,15,16
0.80,1.02,-0.03,-62.56,-8.91,128.48,1.30,143.18,4,743,18,18
1.49,1.36,0.19,-75.32,-34.97,129.09,2.03,153.49,5,754,17,16
1.40,1.42,0.44,-64.15,-44.98,62.99,2.04,100.53,5,766,18,15
1.24,1.04,0.31,-19.41,-5.13,1.22,1.65,20.11,4,774,19,14
1.06,0.88,0.15,-42.54,23.56,-27.65,1.39,55.94,3,770,15,12
1.03,0.88,0.13,-50.60,38.45,-32.65,1.36,71.45,3,775,15,11
1.02,0.79,0.04,-49.07,26.18,-38.33,1.29,67.55,3,782,14,11
0.91,0.74,0.05,-65.06,-0.55,-32.53,1.17,72.75,3,784,15,8
0.87,0.82,0.11,-79.71,-23.74,-24.84,1.20,86.80,3,788,14,8
0.77,0.90,0.27,-65.92,-23.32,-3.48,1.21,70.01,3,789,15,8
0.87,0.93,0.44,-28.44,4.94,0.73,1.35,28.88,3,798,16,6
0.96,0.65,0.32,10.56,25.88,-10.62,1.20,29.90,4,799,15,5
1.02,0.55,0.14,21.55,26.25,-15.01,1.17,37.13,4,799,16,5
0.93,0.63,0.02,12.94,16.85,-30.58,1.12,37.23,4,791,17,6
0.66,0.63,-0.08,21.42,9.22,-54.38,0.92,59.17,3,779,17,7
0.47,0.50,-0.24,15.14,25.27,-69.82,0.73,75.78,4,775,15,7
-0.17,1.08,0.45,57.25,44.01,-11.47,1.18,73.12,5,780,41,5
1.17,-0.87,-1.27,38.57,16.05,137.39,1.94,143.60,18,785,101,7
0.22,2.59,-0.40,63.35,-20.26,193.54,2.63,204.65,43,775,134,5
0.25,1.44,0.13,99.91,-37.29,100.28,1.46,146.39,94,748,155,8
0.19,0.84,0.24,49.38,-16.24,60.91,0.90,80.08,153,731,167,12
0.25,1.10,0.04,4.52,-0.49,43.82,1.13,44.06,233,718,172,13
0.26,1.08,-0.02,10.38,-0.73,26.25,1.11,28.23,338,706,176,12
0.22,1.00,0.07,13.79,-2.93,18.31,1.02,23.11,456,694,176,13
0.21,1.02,0.05,5.68,-0.67,13.43,1.04,14.59,418,689,176,15
0.20,1.04,0.06,3.97,0.37,4.46,1.06,5.98,688,692,173,15
0.20,1.02,0.07,-1.04,1.77,-5.86,1.04,6.21,688,688,176,15
0.22,1.03,0.05,-7.93,4.09,-19.71,1.05,21.64,393,703,177,13
0.24,0.94,0.02,-7.69,4.82,-23.68,0.98,25.36,273,718,176,13
0.26,0.94,-0.00,-5.74,4.64,-21.61,0.97,22.83,208,733,173,11
0.27,0.89,-0.00,1.04,2.50,-16.24,0.93,16.46,174,741,172,12
0.27,0.90,0.01,4.58,1.04,-7.93,0.93,9.22,178,745,174,11
0.26,0.95,0.03,5.00,0.49,-3.60,0.98,6.19,156,746,176,9
0.26,0.96,0.04,4.76,0.61,-4.09,1.00,6.31,150,749,174,10
0.26,0.99,0.04,3.30,1.40,-7.87,1.03,8.65,133,754,177,8
0.27,0.92,0.04,4.09,1.46,-10.93,0.96,11.76,115,763,174,9
0.28,0.93,0.03,1.04,2.20,-7.57,0.97,7.95,97,770,176,7
0.29,1.04,0.02,-0.85,3.05,-12.08,1.08,12.49,86,775,177,9
0.30,0.96,0.00,3.97,2.99,-16.72,1.00,17.45,74,781,176,7
0.31,0.74,-0.01,8.00,2.14,-11.41,0.80,14.10,68,788,174,11
0.33,0.77,-0.03,5.31,0.67,3.05,0.84,6.16,61,787,170,11
0.29,1.20,0.05,7.87,0.73,-6.77,1.23,10.41,64,791,169,11
0.28,0.81,0.10,11.47,1.53,-22.22,0.86,25.05,57,791,173,13
0.30,0.85,0.07,-1.53,2.99,-11.35,0.91,11.84,56,793,176,12
0.33,0.86,0.01,1.40,1.04,-1.59,0.92,2.36,63,793,175,13
0.32,0.83,0.03,9.09,-3.23,10.44,0.89,14.22,74,782,176,13
0.32,1.06,0.04,8.79,-3.60,10.93,1.11,14.48,86,774,174,13
0.35,1.38,0.10,8.67,-1.22,-11.41,1.43,14.38,90,771,171,13
0.29,1.47,0.14,4.94,7.02,-53.83,1.51,54.51,61,785,175,14
0.31,1.34,0.08,-0.06,17.15,-101.20,1.38,102.64,36,803,172,12
0.33,1.26,0.03,-4.58,20.02,-135.56,1.30,137.11,19,823,165,9
0.36,1.36,-0.00,4.33,14.77,-167.48,1.41,168.19,11,835,159,8
0.38,1.14,-0.04,23.19,8.18,-199.46,1.20,200.97,7,841,141,9
0.50,0.89,-0.03,43.88,1.71,-215.03,1.02,219.47,5,831,108,9
0.60,0.75,0.02,49.74,-2.01,-207.89,0.96,213.76,3,807,72,9
0.30,0.72,0.29,60.73,0.73,-181.40,0.83,191.29,2,810,57,11
-1.19,-0.09,-0.20,70.74,-6.10,-39.92,1.21,81.45,2,782,42,17
-0.90,0.03,-0.26,68.36,-30.46,119.08,0.94,140.64,2,736,13,17
-0.75,0.57,0.01,14.65,-35.16,161.74,0.94,166.17,2,741,17,17
-0.27,0.57,-0.20,36.13,-1.77,182.80,0.67,186.35,2,747,18,18
0.27,0.62,-0.28,-3.11,-5.00,180.66,0.73,180.76,2,759,16,16
0.61,0.94,-0.05,-28.08,-20.87,144.90,1.12,149.06,2,767,17,18
0.70,1.00,0.07,-43.70,-20.81,94.36,1.22,106.05,2,780,16,15
0.76,1.06,0.13,-46.94,-27.16,52.12,1.31,75.22,2,781,16,14
0.75,1.07,0.19,-65.80,-17.70,6.84,1.32,68.48,2,782,14,14
0.74,0.99,0.17,-72.45,-1.34,-5.25,1.25,72.65,2,783,15,12
0.88,0.97,0.17,-74.46,11.17,2.20,1.32,75.33,2,787,13,13
1.10,0.97,0.22,-86.30,18.74,-4.03,1.48,88.41,2,788,15,14
1.14,0.91,0.38,-93.99,17.58,-5.37,1.51,95.77,3,797,15,12
1.15,0.86,0.44,-74.16,8.79,23.62,1.50,78.32,3,801,15,10
1.13,0.77,0.27,-33.33,-9.28,57.01,1.39,66.68,3,799,16,10
1.20,0.61,0.11,-21.61,-23.68,56.40,1.35,64.87,3,789,17,8
1.01,0.53,0.25,-39.92,-24.60,-2.87,1.17,46.97,3,790,16,5
0.91,0.72,0.39,16.30,2.20,-22.95,1.22,28.23,3,796,15,7
0.84,0.44,-0.04,42.18,11.54,-39.37,0.94,58.84,3,794,15,10
0.78,0.54,-0.15,12.51,6.47,-56.15,0.96,57.89,3,792,18,8
0.60,0.65,-0.10,-5.98,8.24,-71.78,0.89,72.50,3,791,15,8
0.68,0.74,-0.03,-0.12,23.13,-70.98,1.01,74.66,4,791,19,7
1.00,0.47,-0.56,107.06,39.12,21.30,1.24,115.95,5,802,72,5
0.69,1.72,-0.34,-49.68,5.37,241.88,1.89,246.99,18,815,135,5
0.17,2.14,0.31,56.76,-31.13,182.92,2.17,194.04,41,774,157,7
0.16,1.25,0.39,79.35,-30.64,86.18,1.32,121.09,84,748,177,12
0.18,0.79,0.11,-2.44,-3.48,78.98,0.82,79.09,162,727,178,10
0.24,1.37,-0.01,-9.34,2.87,62.26,1.39,63.02,593,691,177,13
0.16,1.16,0.04,14.53,-7.26,20.81,1.17,26.40,550,673,181,18
0.18,1.04,0.09,6.47,-1.53,-1.95,1.06,6.93,611,663,178,16
0.21,1.04,0.04,-2.01,0.79,-16.42,1.06,16.56,547,674,175,16
0.23,0.95,0.02,-1.89,1.59,-22.16,0.98,22.29,390,690,181,12
0.25,0.95,0.01,-1.46,2.14,-17.64,0.98,17.83,494,706,181,14
0.26,0.92,-0.01,3.54,1.71,-12.39,0.96,13.00,254,717,177,14
0.26,0.93,0.03,8.73,0.06,-5.13,0.96,10.12,229,721,175,11
0.26,0.98,0.03,11.35,-1.28,-3.60,1.01,11.98,296,722,171,11
0.25,0.94,0.04,11.60,-1.77,-8.18,0.97,14.30,180,727,177,11
0.23,0.91,0.07,6.53,-0.67,-8.18,0.94,10.49,195,731,176,12
0.26,0.94,0.04,0.92,1.95,-8.12,0.98,8.40,187,738,177,10
0.28,0.93,0.03,1.59,1.77,-7.26,0.97,7.64,165,738,181,11
0.26,0.99,0.06,2.08,1.10,-6.71,1.02,7.11,155,741,175,10
0.27,0.98,0.05,1.95,2.38,-11.54,1.02,11.94,145,753,181,8
0.28,0.92,0.07,3.30,2.50,-12.02,0.97,12.72,101,764,178,10
0.29,0.96,0.04,0.12,3.36,-10.93,1.01,11.43,90,776,179,10
0.30,1.02,0.03,4.94,2.75,-15.01,1.06,16.04,75,780,183,10
0.29,0.97,0.06,10.31,2.62,-28.63,1.01,30.54,65,786,182,9
0.38,0.72,-0.05,14.53,0.18,-24.48,0.82,28.46,58,786,183,12
0.31,0.85,0.11,9.34,-2.56,-10.07,0.91,13.97,58,783,179,13
0.32,0.95,0.10,2.99,1.77,-14.83,1.01,15.23,56,784,183,15
0.35,0.71,0.04,3.23,1.77,-9.70,0.79,10.38,59,787,178,14
0.38,0.96,0.03,1.59,-1.89,6.77,1.03,7.21,63,786,181,13
0.36,0.87,0.02,10.93,-1.89,-2.62,0.95,11.39,70,784,176,14
0.36,0.73,0.00,14.16,-5.55,4.82,0.81,15.96,66,786,172,13
0.31,1.12,0.18,4.46,-5.07,6.71,1.17,9.52,56,778,163,14
0.31,1.67,0.17,2.69,8.42,-38.70,1.71,39.69,32,792,158,16
0.34,1.94,0.15,-0.12,17.27,-108.89,1.98,110.25,18,797,145,13
0.26,1.81,0.04,7.51,15.56,-187.13,1.82,187.93,10,805,131,10
0.27,1.50,0.01,26.67,10.25,-251.28,1.52,252.90,6,813,95,9
0.37,1.03,-0.06,57.56,4.03,-274.54,1.10,280.53,3,791,67,7
0.44,0.58,-0.03,67.81,-0.85,-257.20,0.73,265.99,2,777,45,13
-0.74,-0.07,-0.17,70.74,-13.43,-181.88,0.77,195.62,2,760,31,22
-1.55,0.07,-0.23,16.17,-36.56,100.83,1.57,108.47,2,714,12,20
-0.64,0.23,-0.00,3.48,-21.61,113.04,0.68,115.14,2,741,15,19
-0.02,0.15,-0.26,30.27,-24.54,135.62,0.30,141.11,2,756,15,20
0.08,0.49,-0.00,-25.45,-43.70,90.58,0.49,103.74,2,771,16,19
0.28,1.03,0.40,-11.60,-36.32,125.00,1.14,130.68,3,785,18,19
0.72,0.93,0.18,-2.81,-19.59,111.33,1.19,113.07,3,793,17,21
0.77,1.08,0.36,-6.16,-15.99,99.00,1.38,100.47,3,799,20,19
0.89,0.88,0.22,0.43,-3.97,99.37,1.27,99.45,3,802,18,21
0.94,1.16,0.36,-16.17,6.04,70.62,1.53,72.70,3,809,19,19
0.84,0.78,0.14,-7.39,26.00,34.24,1.16,43.62,3,802,18,20
0.78,0.96,0.20,-43.76,51.94,16.78,1.25,69.96,3,797,17,18
1.02,0.81,0.01,-20.51,48.95,20.94,1.31,57.05,3,800,16,17
1.03,0.85,0.05,-62.68,27.59,3.91,1.33,68.60,2,797,17,16
0.93,0.97,0.20,-81.67,3.85,-0.73,1.36,81.76,2,793,15,13
0.80,0.96,0.23,-83.68,-5.74,2.50,1.27,83.91,2,792,16,13
0.80,0.98,0.21,-74.10,-4.58,13.24,1.28,75.41,2,790,15,13
0.83,0.84,0.10,-60.36,-5.80,19.71,1.19,63.77,2,786,17,12
0.88,0.85,0.13,-59.02,-9.40,22.03,1.23,63.70,2,781,15,11
0.85,0.75,0.18,-45.96,-10.31,13.49,1.15,49.00,2,778,14,10
0.80,0.73,0.18,-27.47,-5.55,-1.89,1.10,28.09,2,781,15,9
0.70,0.80,0.19,-19.90,-5.00,-14.83,1.08,25.32,2,782,16,10
0.51,0.84,0.20,-4.52,-7.69,-25.15,1.00,26.68,3,781,16,9
0.35,0.86,0.11,20.63,-4.70,-25.02,0.93,32.77,2,782,14,12
0.27,0.84,-0.09,33.94,6.65,-24.05,0.89,42.12,2,783,14,12
0.26,0.69,-0.20,23.99,18.07,-22.58,0.77,37.57,2,781,17,11
0.36,0.83,-0.10,3.72,21.24,-17.46,0.91,27.74,2,782,15,12
0.44,0.82,0.01,7.63,13.73,-17.33,0.93,23.39,3,784,15,10
0.51,0.83,0.03,12.57,7.26,-11.90,0.97,18.77,3,784,13,9
