-,-,-
0.15,1.55,-0.09,23.93,8.06,91.00,1.56,94.44,174,660,128,18
0.07,1.00,0.20,34.55,-4.76,0.85,1.02,34.88,225,632,143,22
0.17,1.00,0.04,0.18,-1.28,-17.94,1.01,17.99,229,633,148,21
0.18,0.95,0.04,-8.61,0.24,-21.85,0.97,23.49,211,649,154,14
0.19,0.95,0.03,-17.33,2.08,-24.90,0.97,30.41,243,671,152,13
0.22,1.03,-0.04,-25.94,5.37,-23.01,1.05,35.09,210,693,160,8
0.23,1.10,-0.03,-17.09,1.83,-34.12,1.13,38.20,161,722,160,6
0.24,1.16,-0.03,-5.43,-2.08,-51.82,1.19,52.14,116,754,154,4
0.27,1.13,-0.06,4.46,-1.10,-60.36,1.16,60.54,75,785,156,3
0.29,1.18,-0.08,13.85,-1.04,-73.43,1.22,74.73,38,821,149,2
0.32,1.06,-0.06,34.06,-3.05,-88.62,1.11,94.99,22,837,150,3
0.36,1.09,-0.02,29.85,-2.50,-96.19,1.15,100.75,14,847,141,2
0.41,1.48,-0.03,27.89,-4.64,-121.09,1.54,124.35,11,853,137,3
0.52,1.95,-0.17,38.82,-9.83,-173.10,2.03,177.67,8,863,120,2
0.66,1.94,-0.18,49.87,-21.48,-234.74,2.05,240.94,4,860,67,1
0.87,1.68,-0.33,11.47,-33.75,-248.72,1.92,251.26,2,844,29,1
-0.73,0.48,-0.64,-22.89,-71.41,-152.10,1.08,169.58,1,833,12,4
-1.47,1.38,-0.11,-26.73,-75.50,27.04,2.02,84.53,1,838,11,5
-1.36,0.55,-0.29,0.49,-25.63,88.26,1.49,91.91,1,832,12,6
-1.19,0.34,-0.19,-23.93,4.94,141.66,1.25,143.75,1,830,10,7
-0.89,0.35,-0.12,-45.04,-5.31,171.02,0.97,176.93,1,837,11,7
-0.56,0.62,-0.06,-57.43,-12.88,216.06,0.84,223.94,1,834,10,7
-0.31,0.92,0.18,-83.86,-9.09,213.50,0.99,229.56,1,824,11,7
-0.07,1.44,0.24,-85.94,82.15,203.49,1.46,235.68,1,818,11,5
1.94,1.89,-0.19,-63.42,164.61,180.11,2.71,252.11,2,809,11,3
3.49,1.52,-0.29,-65.80,180.42,47.73,3.82,197.89,2,765,10,3
4.00,1.65,0.12,-26.18,143.43,-43.76,4.33,152.23,2,735,12,3
3.89,0.28,-0.03,191.65,14.16,-100.71,3.90,216.96,7,708,34,3
-0.82,2.01,1.39,24.48,-24.90,45.65,2.58,57.48,24,731,81,3
0.41,1.33,-0.32,-28.87,10.13,58.59,1.42,66.10,70,718,123,3
0.27,1.34,-0.17,47.97,-6.90,31.19,1.38,57.63,154,686,144,7
0.13,0.93,0.17,40.04,-10.13,2.32,0.95,41.37,172,669,154,11
0.17,1.03,0.04,5.74,-2.20,-10.68,1.05,12.32,175,668,153,9
0.19,1.06,0.02,-6.84,-1.71,-26.49,1.07,27.41,171,681,166,7
0.21,1.02,0.03,-7.45,-1.34,-38.88,1.04,39.61,157,705,170,4
0.23,1.04,0.03,-11.17,2.01,-40.83,1.07,42.38,135,738,169,2
0.26,1.09,-0.02,-8.30,4.09,-45.53,1.12,46.46,87,764,165,2
0.27,1.07,-0.01,-0.18,5.00,-57.74,1.10,57.96,56,794,163,2
0.34,1.10,-0.06,5.62,4.88,-70.07,1.16,70.46,34,823,163,2
0.34,0.97,-0.03,15.26,1.59,-76.35,1.03,77.88,23,835,162,1
0.41,1.01,-0.07,18.98,-1.46,-79.83,1.09,82.07,17,844,150,3
0.39,1.21,0.04,19.41,-6.53,-96.56,1.27,98.71,15,843,150,2
0.41,1.35,0.11,1.53,-3.17,-132.93,1.41,132.98,12,835,132,2
0.61,1.61,0.04,-30.21,5.00,-182.98,1.72,185.53,9,832,84,0
0.82,1.75,-0.23,-91.06,9.16,-222.17,1.94,240.28,3,822,38,2
0.39,1.26,-0.49,-138.85,-28.32,-180.05,1.40,229.13,2,811,17,2
-0.55,1.97,0.03,-71.53,-119.02,-13.49,2.04,139.51,2,809,9,3
-1.22,0.73,-0.10,22.64,-102.36,20.57,1.42,106.83,1,806,11,4
-1.16,0.18,-0.17,20.08,-55.73,68.30,1.19,90.41,1,809,9,4
-1.08,0.18,-0.11,-3.78,-34.55,113.83,1.10,119.02,1,817,8,4
-0.74,0.44,-0.08,-18.68,-32.29,174.01,0.87,177.96,1,819,9,3
-0.10,0.64,-0.08,-26.00,-52.92,214.11,0.65,222.08,1,825,11,2
0.15,0.69,0.22,-56.27,-69.40,193.91,0.74,213.50,2,818,10,2
0.66,1.48,0.61,-87.89,19.17,180.05,1.73,201.27,2,822,12,2
2.26,1.41,0.75,-43.40,62.62,171.02,2.77,187.22,2,816,12,3
3.69,1.55,1.02,-19.53,27.89,45.10,4.13,56.52,2,811,14,3
3.26,0.38,0.35,56.88,15.81,-64.64,3.30,87.54,2,812,14,1
1.05,-1.53,-1.09,51.09,39.92,9.28,2.15,65.49,6,780,43,1
0.29,1.50,-0.45,-77.39,11.35,57.19,1.59,96.90,28,751,89,1
0.15,1.88,-0.31,30.15,5.80,90.15,1.91,95.23,92,704,113,6
0.12,1.06,0.10,71.47,-9.52,29.60,1.07,77.94,187,667,133,11
0.13,0.98,0.10,20.87,-2.14,9.89,0.99,23.20,190,650,142,13
0.15,1.03,0.02,-0.79,0.79,-3.42,1.04,3.60,212,649,144,12
0.17,1.00,0.01,-8.91,0.61,-18.07,1.01,20.15,206,656,155,8
0.19,0.97,-0.00,-16.05,0.85,-26.00,0.99,30.57,202,672,152,5
0.20,1.02,-0.03,-18.07,2.32,-26.00,1.04,31.75,220,688,160,3
0.22,1.05,-0.04,-14.59,0.55,-36.07,1.08,38.91,185,711,161,1
0.23,1.13,-0.04,-12.76,0.24,-48.58,1.16,50.23,160,740,159,1
0.26,1.12,-0.06,-1.89,0.24,-56.76,1.15,56.79,108,771,160,3
0.30,1.11,-0.09,7.69,-0.67,-65.98,1.15,66.43,62,802,156,1
0.33,1.05,-0.09,20.75,-2.08,-74.77,1.10,77.62,36,827,155,2
0.35,1.07,-0.06,28.44,-4.94,-80.51,1.13,85.53,27,836,153,3
0.36,1.37,-0.03,25.57,-5.62,-103.21,1.41,106.48,20,849,151,1
0.35,1.59,0.00,21.55,-3.54,-164.79,1.63,166.24,14,857,143,2
0.37,2.20,-0.04,25.76,-2.62,-241.82,2.23,243.20,9,865,119,2
0.80,1.99,-0.23,37.05,-2.56,-307.68,2.16,309.91,4,866,62,2
0.53,1.34,-0.20,-7.81,-19.23,-283.08,1.46,283.84,2,845,24,1
-1.01,0.22,-0.46,-51.03,-48.83,-165.53,1.13,179.96,2,825,9,3
-1.16,1.38,0.22,-77.70,-78.98,29.30,1.82,114.60,1,823,9,4
-1.38,0.51,0.20,13.24,-44.86,112.18,1.48,121.54,1,826,9,3
-1.03,0.15,-0.07,9.16,-33.45,191.16,1.04,194.28,1,828,10,2
-0.92,0.37,0.04,-19.78,-52.12,240.97,0.99,247.33,1,830,10,4
-0.53,0.64,0.06,-37.17,-60.06,274.48,0.83,283.42,1,832,7,2
0.03,0.82,0.09,-86.12,-58.35,239.75,0.83,261.34,1,826,11,2
0.20,1.55,0.52,-95.95,6.59,189.51,1.65,212.52,1,815,13,3
1.69,1.44,-0.13,-76.11,115.91,191.04,2.23,236.06,2,804,12,2
3.51,1.31,-0.15,-106.14,144.04,104.00,3.74,206.96,3,767,13,2
4.00,2.74,0.78,-101.38,104.55,-59.20,4.91,157.21,4,720,12,2
1.68,-1.98,-0.54,203.43,-5.98,-107.85,2.65,230.33,21,700,47,2
-0.06,1.12,-0.03,5.80,-1.10,77.82,1.12,78.04,76,697,87,2
0.16,1.63,-0.14,30.88,1.40,66.83,1.64,73.64,163,667,115,6
0.15,1.12,0.05,49.07,-10.01,8.42,1.13,50.79,237,653,136,8
0.15,0.94,0.12,9.03,-3.42,-13.85,0.96,16.89,243,653,147,11
0.19,0.99,0.01,-0.92,-2.56,-26.61,1.00,26.75,236,660,152,6
0.19,0.96,0.04,-3.91,-2.62,-29.85,0.98,30.21,263,670,159,6
0.21,1.01,0.03,-11.96,0.06,-31.13,1.03,33.35,205,687,157,2
0.24,1.01,-0.01,-9.83,0.79,-34.42,1.04,35.81,200,710,164,1
0.25,1.08,-0.02,-3.23,0.12,-37.05,1.11,37.19,176,734,163,1
0.27,1.07,-0.02,5.07,-0.92,-44.80,1.11,45.09,139,756,158,2
0.29,1.05,0.00,11.05,-1.10,-51.70,1.08,52.88,84,784,161,0
0.31,1.11,-0.02,10.80,-0.49,-61.52,1.15,62.47,49,810,154,2
0.32,1.00,0.04,16.05,-2.26,-77.15,1.05,78.83,35,824,157,2
0.40,1.12,-0.01,14.16,-2.99,-87.28,1.19,88.47,27,831,155,1
0.45,1.48,-0.08,11.41,-3.91,-121.09,1.55,121.69,22,846,145,1
0.51,1.91,-0.15,3.05,-13.31,-183.78,1.98,184.28,16,854,143,1
0.44,2.40,0.06,-11.96,-19.41,-274.96,2.44,275.91,9,863,100,1
0.73,2.02,-0.14,-20.14,-10.80,-339.48,2.15,340.25,3,859,45,1
0.26,1.55,-0.23,-63.54,-33.57,-319.46,1.59,327.44,1,838,19,0
-1.58,0.37,-0.38,-100.71,-76.48,-172.06,1.67,213.53,1,823,7,3
-1.39,1.15,-0.01,-62.01,-56.34,109.50,1.80,137.87,1,824,9,2
-1.23,0.61,0.06,15.62,5.19,154.85,1.37,155.72,1,826,6,4
-0.79,0.38,-0.31,28.08,-1.89,241.15,0.93,242.79,1,823,6,3
-0.59,0.51,-0.27,-3.23,-28.02,274.29,0.83,275.74,1,823,8,4
-0.23,0.68,-0.26,-40.28,-30.82,280.52,0.76,285.07,1,824,6,4
0.09,1.11,0.04,-92.53,-1.46,239.50,1.12,256.76,1,809,9,3
0.80,1.58,0.03,-68.30,112.67,189.94,1.77,231.16,2,795,10,3
2.73,1.65,-0.13,-41.93,132.32,163.64,3.19,214.58,2,769,10,2
3.51,1.16,0.14,-22.95,81.36,76.84,3.70,114.24,3,761,9,1
3.63,0.55,0.01,3.42,41.02,-3.60,3.67,41.32,3,760,10,1
2.88,0.82,1.57,314.70,-17.64,-32.04,3.38,316.82,13,736,51,2
-0.12,2.95,0.72,-79.10,-4.64,110.29,3.04,135.80,58,733,94,1
0.23,1.76,-0.25,-19.41,9.22,58.65,1.80,62.47,138,699,121,3
0.16,0.95,0.11,34.85,-3.30,-0.67,0.97,35.01,183,688,143,3
0.16,0.96,0.07,-1.89,1.16,-0.55,0.98,2.29,186,682,146,4
0.19,1.05,-0.00,-11.29,0.92,-14.95,1.06,18.76,188,683,157,3
0.21,1.08,-0.02,-12.45,1.22,-26.25,1.10,29.07,214,697,161,1
0.19,0.99,0.05,-9.52,0.61,-36.32,1.01,37.55,216,720,161,2
0.23,1.00,0.00,-25.09,4.58,-41.50,1.02,48.71,168,743,168,2
0.29,1.02,-0.06,-26.43,8.61,-50.23,1.06,57.41,117,766,165,1
0.29,1.02,-0.07,-16.97,8.24,-55.11,1.07,58.25,83,789,166,1
0.32,1.02,-0.10,-9.52,7.20,-55.91,1.07,57.17,57,808,159,3
0.36,0.97,-0.12,2.75,4.03,-53.89,1.04,54.11,41,828,158,2
0.38,0.96,-0.12,15.32,0.61,-52.06,1.03,54.27,31,835,162,2
0.39,1.02,-0.06,25.51,-0.31,-53.77,1.09,59.52,23,847,156,1
0.39,1.21,-0.06,30.46,-3.66,-68.05,1.27,74.65,16,856,149,1
0.42,1.48,-0.14,38.57,-6.10,-100.04,1.55,107.39,11,865,144,4
0.46,1.91,-0.21,56.40,-12.88,-155.94,1.98,166.33,8,877,134,1
0.57,2.03,-0.17,83.62,-30.64,-254.88,2.11,269.99,4,879,91,2
0.91,0.62,-0.75,23.93,-51.64,-278.69,1.34,284.44,2,856,40,1
-0.84,0.87,-0.40,-43.21,-114.38,-146.97,1.28,191.18,1,839,17,1
-1.27,0.45,-0.65,-66.10,-128.54,-23.50,1.50,146.44,2,821,10,2
-1.42,0.65,-0.08,-104.98,-87.77,59.33,1.57,149.14,2,813,11,1
-1.07,0.49,-0.17,-92.65,-31.07,172.12,1.19,197.93,2,810,13,1
-0.79,0.79,-0.04,-114.87,-16.97,235.05,1.12,262.16,1,813,11,2
-0.46,1.03,0.02,-111.21,-36.56,279.48,1.12,303.01,1,808,9,1
-0.07,1.37,0.15,-118.96,-75.32,283.51,1.38,316.54,1,805,8,2
0.43,1.59,0.32,-119.51,-117.98,227.29,1.67,282.60,1,807,8,1
1.48,1.50,0.56,-114.93,-136.78,137.15,2.19,225.23,2,810,9,0
2.32,1.95,1.61,-124.21,-159.06,87.52,3.43,219.97,1,811,10,1
3.58,1.29,2.61,158.51,-158.75,-42.72,4.62,228.37,6,711,12,3
0.36,0.58,1.60,27.59,-125.43,-23.80,1.74,130.61,23,683,48,3
0.17,0.67,0.03,23.62,1.04,18.98,0.70,30.32,88,654,87,4
0.14,1.60,-0.13,-28.08,6.96,11.41,1.61,31.10,187,643,111,10
0.14,0.79,0.08,36.44,-4.76,-12.08,0.81,38.68,203,638,122,11
0.14,0.97,0.04,7.57,-0.85,1.53,0.98,7.77,229,626,132,13
0.14,0.99,0.03,7.14,-1.53,-7.02,1.00,10.13,242,622,143,12
0.15,1.02,0.03,7.45,-1.83,-10.50,1.03,13.00,237,621,145,10
0.15,0.93,0.06,6.96,-1.89,-15.81,0.94,17.37,249,629,147,7
0.16,0.99,0.04,-2.69,0.49,-15.81,1.00,16.04,238,647,151,5
0.17,1.01,0.03,-5.55,1.65,-20.94,1.02,21.72,204,671,153,1
0.19,1.04,0.04,-8.85,2.20,-30.52,1.05,31.85,232,701,153,2
0.21,1.04,0.02,-12.21,2.26,-41.38,1.06,43.20,181,726,152,3
0.23,1.10,-0.02,-14.10,3.85,-50.42,1.12,52.49,139,753,153,3
0.28,1.08,-0.03,-4.27,3.11,-57.62,1.11,57.86,80,777,148,2
0.27,1.05,-0.01,9.83,-0.85,-67.08,1.09,67.80,56,794,150,1
0.33,1.21,-0.02,10.80,-2.87,-82.82,1.26,83.58,45,813,149,2
0.34,1.48,-0.03,1.59,-5.98,-117.80,1.52,117.96,34,829,148,2
0.40,1.87,-0.13,-8.42,-9.40,-180.60,1.92,181.04,21,851,136,2
0.29,2.33,0.02,-11.41,-16.24,-271.06,2.35,271.78,13,867,116,3
0.47,2.23,0.11,0.55,-6.04,-348.02,2.29,348.08,4,880,56,2
0.21,1.08,-0.45,-10.38,-11.54,-328.55,1.19,328.92,2,851,25,1
-1.07,0.15,-0.72,-34.61,-64.21,-120.42,1.30,140.79,1,821,13,2
-1.15,0.75,-0.25,-113.53,-136.11,60.49,1.40,187.28,1,814,9,1
-1.41,0.94,0.43,-75.62,-81.42,168.95,1.75,202.21,1,823,9,3
-1.03,0.41,-0.22,-3.36,-24.54,262.21,1.12,263.37,1,809,9,2
-0.26,0.60,-0.20,-67.44,-34.91,282.35,0.68,292.38,1,809,10,4
0.07,0.97,0.08,-93.02,-66.04,248.96,0.98,273.85,1,805,9,2
0.12,1.30,0.46,-90.09,-55.11,227.91,1.38,251.19,2,795,7,2
0.84,1.52,0.31,-79.83,31.31,186.71,1.76,205.46,2,775,10,2
2.60,1.62,0.20,-71.23,80.75,145.51,3.08,181.02,2,762,10,2
3.71,1.12,0.35,-62.99,45.65,1.16,3.89,77.80,2,757,10,2
3.33,1.41,1.85,55.73,-37.72,-40.28,4.06,78.43,8,728,26,2
0.12,-1.14,0.38,96.92,-44.31,73.67,1.21,129.56,32,739,68,1
0.29,1.66,0.07,-34.61,3.30,49.62,1.68,60.59,136,704,105,3
0.18,0.99,0.02,46.63,-9.52,3.97,1.00,47.76,202,675,123,5
0.14,0.78,0.11,24.29,-5.74,-4.03,0.80,25.28,216,660,141,8
0.17,1.06,0.01,0.24,0.00,1.46,1.07,1.49,240,651,154,8
0.16,1.04,0.03,7.20,-1.65,-10.44,1.05,12.79,214,649,158,7
0.17,0.96,0.05,3.23,-1.65,-19.96,0.98,20.29,242,661,161,4
0.17,0.96,0.08,-3.66,0.37,-24.96,0.98,25.23,248,683,158,3
0.20,1.00,0.04,-8.73,2.62,-25.15,1.02,26.75,228,705,166,2
0.21,1.02,0.03,-8.61,2.62,-30.88,1.04,32.17,196,725,166,2
0.23,1.05,0.02,-9.77,3.42,-37.41,1.07,38.82,154,748,159,2
0.29,0.99,-0.01,-10.99,5.74,-42.97,1.03,44.72,122,768,158,2
0.28,1.03,-0.02,-9.09,6.04,-48.16,1.06,49.38,89,792,159,2
0.29,0.99,-0.01,-2.14,4.03,-52.37,1.03,52.57,64,805,157,2
0.33,1.01,-0.00,-2.44,3.85,-56.70,1.06,56.88,54,814,157,3
0.35,1.14,-0.02,-2.93,3.54,-70.74,1.19,70.89,46,822,161,3
0.36,1.37,-0.02,-4.39,2.50,-100.16,1.42,100.29,43,833,157,2
0.41,1.75,-0.15,-12.45,-0.85,-155.21,1.81,155.71,34,856,155,1
0.40,2.23,-0.14,-32.59,-11.54,-294.86,2.27,296.88,22,867,132,1
0.44,2.47,0.26,-6.77,0.85,-361.88,2.52,361.94,6,886,67,3
0.25,1.19,-0.26,-22.83,7.81,-358.15,1.24,358.97,2,860,30,1
-0.91,0.38,-0.42,-19.84,-37.17,-179.02,1.07,183.91,2,829,14,2
-0.85,0.66,-0.53,-58.04,-145.20,71.66,1.20,172.01,1,815,9,1
-0.95,0.70,0.01,-80.02,-189.64,140.62,1.19,249.28,1,820,8,1
-1.28,0.82,0.36,-14.28,-138.18,204.22,1.57,246.99,1,825,8,3
-0.82,0.34,-0.25,40.89,-54.63,264.40,0.92,273.07,1,818,8,2
-0.66,0.54,-0.34,-34.67,-13.18,273.86,0.91,276.36,1,824,9,1
-0.43,1.20,-0.10,-79.71,8.30,286.19,1.28,297.20,1,817,8,2
0.10,1.61,0.03,-75.44,79.71,269.47,1.61,290.96,1,812,9,1
1.98,2.02,-0.04,-102.84,176.70,188.90,2.83,278.36,2,795,11,2
3.62,1.46,-0.12,-72.94,205.26,108.03,3.91,243.15,2,763,10,0
4.00,4.00,1.79,-52.61,139.28,0.12,5.93,148.89,6,704,11,1
3.89,-1.40,-1.23,120.73,9.89,-55.79,4.32,133.36,40,678,58,3
0.04,1.96,0.06,-10.44,7.02,62.74,1.96,63.99,151,644,97,7
0.11,1.13,0.00,22.28,-5.25,9.77,1.13,24.88,232,629,121,10
0.10,0.84,0.16,10.99,-5.25,-10.62,0.86,16.16,244,621,139,11
0.15,1.08,0.00,-20.57,2.01,-17.52,1.09,27.09,240,627,145,8
0.17,0.98,0.03,-21.67,2.38,-28.63,0.99,35.98,330,643,152,4
0.17,1.08,0.00,-15.81,2.01,-30.58,1.10,34.48,249,667,155,3
0.19,0.95,0.02,-10.86,1.71,-39.73,0.97,41.23,243,696,161,2
0.23,1.06,0.01,-18.92,5.43,-38.57,1.08,43.31,216,718,160,1
0.24,1.14,-0.02,-23.38,7.02,-51.09,1.16,56.62,197,747,163,2
0.26,1.14,-0.02,-21.36,6.65,-68.12,1.17,71.70,146,775,161,2
0.30,1.06,-0.04,-10.86,4.52,-76.90,1.10,77.80,81,806,162,1
0.34,1.00,-0.09,1.10,3.30,-82.40,1.06,82.47,54,825,160,2
0.37,0.94,-0.12,11.35,-0.92,-86.43,1.01,87.17,43,840,159,3
0.38,0.94,-0.02,10.01,-3.17,-92.53,1.02,93.12,36,853,158,3
0.50,1.24,-0.13,-1.28,-0.92,-122.50,1.35,122.51,35,864,153,1
0.57,1.70,-0.11,-25.94,-5.43,-175.42,1.79,177.41,29,873,146,1
0.50,2.34,0.13,-43.15,-4.27,-262.33,2.40,265.89,20,883,120,2
0.66,2.22,0.04,-29.48,10.13,-338.07,2.31,339.51,6,885,57,0
0.73,1.70,-0.21,-77.03,11.90,-348.69,1.87,357.30,2,865,29,1
-0.70,0.80,-0.20,-60.36,-25.09,-240.60,1.08,249.32,2,832,11,1
-1.01,1.04,-0.48,-26.00,-95.40,58.59,1.53,114.93,2,823,9,1
-1.07,0.74,-0.15,-49.13,-133.97,159.18,1.31,213.78,1,816,8,1
-1.39,0.90,0.32,10.56,-85.63,266.72,1.69,280.33,1,823,8,1
-0.71,0.62,-0.29,57.19,-27.34,326.97,0.99,333.05,1,819,7,1
-0.36,0.85,-0.34,-3.72,-15.69,339.48,0.99,339.86,1,818,8,1
0.13,1.33,-0.18,-45.23,-21.91,317.08,1.35,321.04,1,808,8,1
0.57,1.81,0.08,-46.81,27.59,271.06,1.90,276.45,2,788,6,2
1.69,1.70,-0.21,-57.01,144.10,176.27,2.41,234.71,2,780,9,2
3.41,1.30,-0.22,-62.26,182.13,89.60,3.65,212.31,2,760,7,1
4.00,1.81,0.27,-65.73,139.04,0.24,4.40,153.79,4,715,11,1
4.00,0.84,0.22,192.02,52.06,-19.10,4.09,199.86,21,693,46,2
-0.21,1.95,0.51,-6.41,2.93,95.58,2.03,95.84,129,670,87,3
0.10,1.40,-0.02,30.27,-4.64,7.69,1.40,31.58,248,645,127,9
0.11,0.77,0.21,31.98,-8.30,-13.73,0.81,35.78,264,640,148,11
0.16,1.05,0.03,-16.54,1.22,-16.05,1.06,23.08,294,641,155,7
0.17,1.02,0.04,-22.16,1.95,-30.52,1.03,37.76,230,656,162,3
0.20,1.05,0.02,-18.37,2.38,-35.03,1.07,39.63,233,689,164,2
0.19,0.99,0.04,-15.50,2.87,-40.28,1.01,43.26,253,714,162,1
0.23,1.02,-0.01,-18.49,5.19,-40.16,1.05,44.52,204,738,164,3
0.26,1.11,-0.05,-15.14,4.27,-47.49,1.14,50.02,179,764,169,1
0.28,1.05,0.00,-7.26,4.76,-58.53,1.09,59.17,120,790,167,2
0.32,1.02,-0.05,-2.50,4.76,-64.76,1.07,64.98,69,812,165,3
0.33,1.01,-0.03,5.43,3.05,-71.23,1.07,71.50,49,830,159,2
0.41,0.99,-0.03,11.11,-1.16,-83.01,1.07,83.76,42,842,161,1
0.39,1.16,-0.03,6.41,-0.43,-99.91,1.22,100.12,36,852,163,2
0.48,1.39,-0.05,-0.24,-0.49,-137.15,1.47,137.15,32,864,155,3
0.46,1.96,-0.02,-22.46,-6.65,-200.93,2.01,202.29,25,873,150,1
0.42,2.30,0.17,-15.26,1.77,-290.22,2.35,290.63,13,885,109,2
0.45,2.17,0.19,-5.68,20.87,-356.45,2.23,357.10,4,882,49,1
0.54,1.93,-0.13,-37.11,14.40,-376.40,2.01,378.50,1,861,25,0
-0.90,0.66,-0.03,-58.59,5.07,-286.19,1.12,292.17,1,832,8,2
-1.19,0.54,-0.23,4.03,-38.88,90.88,1.33,98.93,1,826,7,2
-0.70,0.60,-0.21,-17.52,-75.56,259.58,0.95,270.92,1,816,6,2
-0.61,0.65,-0.00,-15.56,-97.47,282.65,0.89,299.39,1,804,7,2
-0.70,0.92,0.12,28.93,-82.64,302.06,1.17,314.50,1,806,8,3
-0.46,0.61,-0.36,46.26,-60.30,330.08,0.85,338.72,1,787,4,3
-0.22,1.05,-0.29,-22.89,-59.57,343.75,1.11,349.62,1,781,8,1
0.24,1.67,0.06,-41.56,-24.35,314.21,1.69,317.88,1,779,7,4
1.22,1.47,-0.33,-62.01,142.27,203.80,1.94,256.16,2,763,9,0
3.32,1.65,-0.15,-70.43,195.86,120.48,3.71,240.50,2,748,8,1
4.00,0.76,-0.09,-41.87,145.39,15.93,4.07,152.13,3,719,10,2
4.00,-2.12,0.11,294.56,23.01,-59.81,4.53,301.45,20,676,47,3
0.10,1.55,-0.00,14.77,-5.00,93.81,1.55,95.10,151,649,100,7
0.08,1.10,0.14,33.94,-6.47,10.38,1.11,36.07,222,621,131,14
0.13,0.97,0.11,3.60,-2.87,-7.08,0.98,8.45,246,617,148,16
0.16,1.00,0.03,-15.08,1.40,-15.87,1.02,21.93,280,631,154,10
0.18,0.96,0.04,-16.36,2.14,-24.78,0.98,29.77,235,651,160,5
0.19,1.04,0.00,-13.18,2.26,-27.53,1.06,30.60,272,680,160,3
0.19,1.00,0.03,-8.48,1.71,-34.18,1.02,35.26,199,713,169,3
0.22,1.08,0.02,-15.69,5.25,-41.26,1.10,44.45,188,741,169,1
0.24,1.18,0.03,-20.32,5.37,-56.52,1.20,60.30,131,772,172,3
0.24,1.15,-0.00,-17.64,7.14,-73.61,1.18,76.03,76,807,166,1
0.29,1.01,-0.04,-2.99,5.68,-81.73,1.05,81.98,45,831,161,2
0.35,1.01,-0.08,3.72,4.21,-88.81,1.07,88.98,35,849,165,2
0.38,0.98,0.04,15.08,-2.01,-94.18,1.05,95.40,26,865,165,3
0.37,1.19,-0.00,12.57,-1.46,-107.18,1.24,107.92,24,874,162,2
0.43,1.43,0.01,13.37,-2.01,-156.92,1.49,157.50,21,879,158,1
0.38,1.99,0.08,18.25,1.65,-225.10,2.03,225.84,14,886,139,2
0.59,2.42,0.16,27.34,10.99,-305.11,2.49,306.53,6,887,92,2
1.00,2.08,-0.05,27.16,26.00,-346.31,2.31,348.35,2,875,37,2
-0.73,0.21,-0.50,81.73,2.75,-264.16,0.91,276.53,2,849,17,2
-0.95,0.96,-0.66,-49.93,-64.15,27.59,1.51,85.84,1,837,10,1
-1.22,1.27,0.25,-66.10,-92.77,104.37,1.78,154.50,1,832,11,0
-1.23,0.68,0.10,35.46,-47.79,173.83,1.41,183.73,1,829,8,1
-0.91,0.57,-0.23,36.93,-10.25,257.75,1.10,260.58,1,824,11,2
-0.54,0.80,-0.26,7.93,-6.47,290.59,0.99,290.77,1,817,9,1
-0.28,1.16,-0.21,-22.03,-25.63,297.73,1.21,299.64,1,814,7,1
-0.02,1.40,-0.08,-49.32,-37.54,294.19,1.41,300.65,1,813,10,3
0.42,2.18,0.21,-74.77,24.41,235.53,2.23,248.32,1,808,9,2
2.03,1.87,-0.28,-27.53,139.95,158.81,2.78,213.46,2,799,10,1
3.99,2.47,0.10,-89.54,162.78,40.83,4.70,190.22,3,768,11,0
4.00,2.06,0.47,11.54,109.68,66.65,4.52,128.86,9,682,17,2
4.00,-0.11,0.13,58.96,7.87,-31.68,4.00,67.39,62,638,71,6
0.06,1.40,0.07,-41.20,6.16,52.31,1.40,66.87,237,609,104,17
0.13,1.25,-0.05,11.47,-2.99,-20.94,1.26,24.06,206,617,131,20
0.13,0.92,0.08,-7.26,-0.92,-12.57,0.93,14.55,274,624,145,13
0.15,1.02,0.02,-13.79,0.98,-18.92,1.03,23.44,266,632,148,11
0.16,1.02,0.01,-12.33,1.59,-26.49,1.04,29.26,261,651,155,5
0.17,1.02,0.04,-8.42,1.77,-33.02,1.04,34.12,230,684,166,3
0.19,1.00,0.03,-11.60,1.65,-37.90,1.02,39.67,225,716,162,3
0.20,1.06,0.01,-18.07,4.15,-41.63,1.08,45.57,190,742,171,1
0.24,1.16,-0.03,-19.90,5.49,-53.28,1.19,57.14,144,770,165,1
0.30,1.07,-0.07,-10.38,5.74,-64.15,1.11,65.23,85,800,164,2
0.29,1.04,-0.09,2.56,3.72,-71.90,1.08,72.04,53,825,163,1
0.32,0.93,-0.06,16.66,-0.79,-73.97,0.98,75.83,38,840,164,2
0.34,0.87,-0.03,21.06,-2.08,-75.26,0.93,78.17,32,847,163,0
0.41,1.03,0.01,11.35,-1.28,-81.67,1.11,82.46,28,862,167,3
0.52,1.14,-0.08,3.36,-5.19,-103.82,1.25,104.00,26,871,166,2
0.59,1.45,-0.23,-15.69,-18.25,-145.14,1.59,147.12,25,877,162,1
0.55,2.17,-0.17,-34.73,-35.22,-218.87,2.24,224.39,18,886,151,3
0.68,2.49,-0.05,-2.44,-43.21,-314.82,2.58,317.78,7,888,98,1
0.65,2.48,0.25,-15.14,-31.31,-372.50,2.58,374.12,2,873,43,1
-0.37,1.13,-0.46,43.82,-46.63,-305.18,1.27,311.81,1,851,16,1
-2.15,-0.10,-0.52,-27.65,-57.56,60.36,2.22,87.87,1,833,9,3
-0.67,0.90,-0.04,13.06,-46.88,154.72,1.12,162.20,1,834,9,1
-0.91,0.41,0.01,44.98,-45.04,170.96,1.00,182.43,1,834,8,2
-0.82,0.71,-0.13,66.83,-35.10,274.41,1.09,284.61,1,834,10,2
-0.60,0.56,-0.45,48.52,-13.43,301.45,0.94,305.63,1,833,10,3
-0.39,1.01,-0.55,-27.28,4.94,318.85,1.21,320.05,1,829,10,3
0.22,1.42,-0.57,-64.64,23.99,322.14,1.54,329.44,1,823,9,2
0.50,1.97,-0.45,-105.77,118.10,248.60,2.08,294.85,1,807,10,1
1.89,1.41,-1.04,-79.35,208.01,218.08,2.58,311.64,2,774,8,0
3.86,4.00,1.43,61.10,156.19,96.44,5.74,193.46,8,666,11,2
4.00,-0.82,-0.12,113.89,-10.44,-37.54,4.08,120.37,29,650,43,4
0.02,-0.49,0.74,111.08,-50.17,36.56,0.88,127.25,121,637,88,5
0.09,1.34,-0.03,-34.79,4.76,18.25,1.34,39.57,274,615,121,17
0.12,0.93,0.06,-5.86,-0.67,-6.53,0.94,8.80,268,615,134,14
0.14,1.12,-0.01,-18.55,2.87,-7.63,1.13,20.27,323,616,146,15
0.15,0.96,0.02,-12.94,2.14,-21.79,0.97,25.43,296,628,153,11
0.18,1.05,-0.03,-7.02,2.26,-19.23,1.06,20.59,284,649,156,6
0.16,1.02,0.02,1.10,-0.18,-24.96,1.04,24.99,197,678,157,4
0.20,1.00,0.06,-9.83,2.62,-32.78,1.03,34.32,230,715,161,4
0.19,1.08,0.01,-20.32,4.09,-43.15,1.09,47.87,176,742,161,1
0.22,1.08,-0.02,-24.66,6.16,-57.37,1.10,62.75,138,772,155,1
0.25,1.07,-0.08,-17.09,6.10,-66.22,1.10,68.66,74,804,160,2
0.30,1.04,-0.10,-1.53,4.46,-68.66,1.08,68.83,47,828,158,1
0.34,0.97,-0.08,19.84,0.06,-66.53,1.03,69.42,32,845,156,2
0.42,1.00,-0.07,36.44,-3.66,-65.25,1.09,74.82,25,855,155,2
0.38,1.32,-0.06,41.20,-7.63,-81.60,1.37,91.73,19,868,153,2
0.46,1.63,-0.14,44.13,-11.66,-123.66,1.70,131.81,13,876,151,2
0.32,2.06,-0.05,55.48,-21.36,-222.72,2.09,230.52,8,879,133,2
0.55,1.99,-0.05,59.08,-21.91,-316.22,2.06,322.44,4,883,83,0
0.76,1.65,-0.12,47.18,-24.41,-331.79,1.82,336.01,1,868,39,2
-0.72,-0.28,-0.86,30.40,-58.29,-214.97,1.16,224.79,1,849,17,2
-1.26,0.67,-0.49,-118.10,-116.46,30.52,1.51,168.65,1,828,12,1
-1.34,1.03,0.22,-118.90,-94.91,109.92,1.71,187.69,1,831,11,2
-1.06,0.54,0.06,-58.41,-46.63,189.70,1.19,203.89,1,828,10,2
-0.86,0.54,-0.00,-82.76,-25.15,229.74,1.01,245.48,1,832,12,2
-0.71,0.90,0.15,-104.49,-23.93,244.87,1.16,267.31,1,822,12,1
-0.55,1.19,0.35,-110.23,-40.65,269.29,1.35,293.80,1,819,10,2
0.90,1.49,0.46,-115.36,-38.15,246.28,1.80,274.62,1,810,11,1
1.35,1.89,0.91,-110.05,-6.65,148.07,2.50,184.61,2,806,7,3
2.84,1.18,0.65,-95.03,14.28,95.09,3.14,135.19,3,784,11,3
4.00,-0.48,0.72,238.65,-0.31,-14.22,4.09,239.07,16,678,34,4
1.74,0.49,1.77,11.60,-28.44,-18.07,2.53,35.63,80,650,81,8
0.20,0.61,0.03,-14.04,1.83,19.71,0.65,24.27,243,612,109,16
0.13,1.02,-0.01,10.68,-3.17,1.04,1.03,11.19,251,597,122,22
0.13,0.92,0.05,3.48,-2.38,-6.47,0.93,7.72,286,593,131,22
0.15,1.02,-0.00,4.76,-2.44,-16.54,1.03,17.38,278,596,143,15
0.15,0.99,0.03,0.37,-1.04,-16.78,1.00,16.82,258,604,144,11
0.16,0.99,0.01,-0.18,-0.06,-20.20,1.00,20.20,332,621,152,8
0.18,0.97,0.04,-4.58,1.10,-22.89,0.98,23.37,261,649,151,3
0.19,1.00,0.01,-7.51,2.20,-25.02,1.02,26.22,264,680,153,4
0.19,1.07,0.02,-9.28,2.99,-30.52,1.09,32.04,222,712,159,4
0.24,1.07,-0.03,-9.03,3.23,-43.82,1.10,44.86,170,741,155,1
0.24,1.06,-0.01,-11.17,4.03,-52.37,1.09,53.70,141,770,156,1
0.26,1.05,-0.02,-5.92,4.03,-57.80,1.08,58.24,79,798,157,1
0.28,1.04,0.00,2.08,2.69,-63.78,1.08,63.87,58,809,158,2
0.32,1.12,0.01,-1.34,4.21,-76.54,1.17,76.67,43,830,155,2
0.38,1.26,-0.02,-2.08,4.21,-101.99,1.31,102.10,34,843,156,0
0.32,1.50,0.01,-1.34,2.99,-138.73,1.53,138.77,28,862,157,2
0.38,2.03,-0.06,-5.86,5.62,-205.20,2.06,205.36,21,872,146,2
0.40,2.14,-0.00,11.23,7.39,-293.76,2.18,294.07,13,878,107,2
0.58,2.06,-0.18,8.85,15.32,-351.99,2.15,352.43,3,873,46,1
-0.46,0.66,-0.69,-60.67,-14.40,-302.06,1.06,308.43,2,852,24,2
-0.94,0.65,-0.78,-70.50,-104.06,-46.26,1.38,133.94,2,826,13,2
-1.08,0.64,-0.48,-110.17,-195.31,111.45,1.34,250.41,1,815,6,2
-1.36,0.97,0.26,-40.16,-123.90,181.95,1.69,223.76,1,820,8,3
-0.82,0.35,-0.39,5.13,-29.85,237.61,0.98,239.53,1,814,7,1
-0.53,0.64,-0.49,-73.91,-1.34,261.54,0.97,271.78,1,811,7,1
-0.14,1.20,-0.21,-120.85,-15.62,274.72,1.22,300.53,1,812,8,1
0.19,1.50,0.24,-130.07,-24.05,260.07,1.53,291.77,1,806,9,2
0.55,1.88,0.73,-132.51,57.31,213.26,2.09,257.53,1,800,8,2
2.97,1.40,0.74,19.96,133.91,205.20,3.36,245.84,3,712,7,1
4.00,1.18,1.13,108.89,57.01,39.67,4.32,129.15,9,653,11,2
4.00,0.48,0.85,66.53,-28.56,-52.49,4.12,89.43,37,648,47,5
0.16,1.18,-0.20,-43.52,7.81,28.75,1.21,52.74,139,636,86,10
0.15,1.13,-0.04,48.40,-9.52,-5.43,1.14,49.63,228,623,109,14
0.11,0.79,0.15,23.86,-7.69,-6.59,0.81,25.93,303,617,131,15
0.13,1.07,0.03,-7.81,-0.43,-9.83,1.08,12.56,372,617,143,12
0.15,1.00,0.03,-14.71,1.53,-26.73,1.01,30.55,286,631,147,6
0.17,1.00,0.03,-16.72,2.75,-32.71,1.01,36.84,265,669,153,3
0.20,1.01,0.00,-21.18,4.39,-35.71,1.03,41.75,225,697,155,1
0.21,1.01,-0.01,-24.48,4.21,-36.87,1.03,44.45,237,722,161,1
0.23,1.03,-0.02,-26.37,5.49,-43.03,1.05,50.76,198,745,162,1
0.26,1.06,-0.05,-26.00,6.77,-49.07,1.09,55.95,149,768,161,1
0.31,1.02,-0.14,-17.82,6.41,-52.92,1.08,56.20,112,795,160,4
0.32,0.96,-0.13,0.37,2.20,-50.96,1.02,51.01,69,814,161,2
0.37,0.93,-0.10,13.24,-0.18,-45.53,1.01,47.42,51,830,160,2
0.36,1.01,-0.09,23.32,-1.16,-43.64,1.07,49.49,37,843,156,2
0.40,1.35,-0.10,31.37,-2.20,-54.69,1.41,63.09,27,859,151,1
0.35,1.68,-0.21,55.42,-10.44,-92.29,1.73,108.15,17,869,142,1
0.61,1.66,-0.58,88.56,-26.92,-152.59,1.86,178.47,9,871,115,1
0.70,1.29,-0.79,40.89,-88.44,-235.29,1.67,254.67,3,861,60,2
0.02,1.04,-0.60,-32.47,-140.99,-172.85,1.20,225.41,2,851,27,1
-1.00,0.69,-0.71,-1.59,-193.54,-34.61,1.41,196.62,2,835,13,0
-1.34,0.64,-0.42,-43.82,-173.10,38.88,1.55,182.74,1,829,12,2
-1.12,0.38,-0.41,-58.23,-109.92,93.38,1.26,155.55,1,826,11,1
-0.86,0.57,-0.32,-117.07,-60.12,129.88,1.08,184.90,1,825,12,2
-0.70,0.97,-0.05,-148.86,-24.23,149.78,1.19,212.56,1,823,11,0
-0.52,1.30,0.10,-142.88,5.00,178.41,1.40,228.62,1,823,11,1
0.29,1.21,-0.00,-151.61,18.55,180.48,1.25,236.44,2,816,11,1
1.13,1.83,0.47,-166.38,-25.02,92.16,2.20,191.84,2,812,13,2
2.07,0.76,0.81,92.59,-203.06,76.72,2.35,236.00,6,738,18,1
2.86,1.05,1.56,-29.91,-305.42,-16.72,3.43,307.34,16,718,48,2
-0.66,0.33,2.83,17.82,-245.24,-18.01,2.93,246.54,38,705,86,2
0.21,-0.78,0.08,58.11,-11.72,35.10,0.81,68.89,96,682,112,4
0.48,1.50,-0.78,-122.01,28.93,43.46,1.76,132.71,215,654,124,9
0.18,1.02,-0.06,11.41,0.55,-1.83,1.04,11.57,240,641,138,11
0.16,1.01,-0.03,12.21,0.61,2.93,1.02,12.57,225,630,144,13
0.16,1.01,-0.02,3.17,-1.10,-5.74,1.02,6.65,217,631,148,14
0.17,0.96,-0.02,4.94,-0.31,-9.16,0.98,10.41,203,633,146,10
0.17,1.01,-0.02,-2.44,-0.12,-14.53,1.02,14.73,212,649,145,7
0.19,1.02,-0.05,-5.31,0.73,-18.37,1.03,19.14,190,671,153,5
0.22,1.00,-0.06,1.59,0.18,-21.79,1.03,21.85,232,695,149,4
0.20,1.03,-0.05,6.90,-0.85,-26.18,1.05,27.09,165,720,151,3
0.23,1.03,-0.04,9.77,-2.56,-37.90,1.05,39.22,122,740,143,2
0.25,1.06,-0.03,8.97,-2.44,-44.31,1.09,45.28,104,755,144,2
0.30,1.09,-0.06,13.00,-2.08,-50.90,1.13,52.58,69,769,137,1
0.34,1.21,-0.17,24.05,-6.04,-68.24,1.26,72.60,42,768,134,1
0.55,0.67,-0.32,31.49,-11.72,-72.08,0.92,79.53,26,770,114,1
0.57,1.03,-0.80,-59.33,-103.64,-51.76,1.43,130.15,15,781,92,2
0.39,0.66,-0.72,-83.74,-172.00,-30.52,1.05,193.72,8,782,61,1
0.21,0.72,-0.30,-84.66,-206.18,-3.48,0.80,222.91,4,772,41,2
0.10,0.64,0.02,-87.59,-208.13,19.35,0.65,226.64,3,778,26,3
0.17,0.73,0.19,-90.39,-192.75,41.20,0.77,216.84,2,773,14,3
0.58,1.08,0.49,-93.20,-208.56,45.04,1.32,232.83,1,771,12,4
0.37,1.09,0.74,-58.84,-249.88,58.47,1.37,263.29,1,777,10,4
0.23,1.00,0.81,-39.49,-244.63,45.29,1.30,251.90,1,780,11,6
-0.01,1.11,0.74,-24.35,-220.15,21.48,1.33,222.54,1,780,11,4
0.06,1.09,0.49,19.35,-208.19,20.32,1.20,210.07,2,804,9,4
-0.03,0.83,0.11,37.17,-220.03,7.69,0.84,223.28,1,822,10,4
0.07,0.76,-0.17,33.75,-191.47,-0.61,0.78,194.42,2,828,10,4
0.10,0.74,-0.25,-18.25,-145.39,-27.83,0.79,149.15,2,826,10,5
0.15,-0.42,-1.05,-48.28,-81.36,-28.44,1.14,98.79,2,814,12,3
0.41,1.72,-0.21,-198.43,18.98,-26.98,1.78,201.15,3,798,29,4
0.37,1.27,-0.48,-53.53,-0.18,31.80,1.40,62.26,7,746,53,2
0.26,1.08,-0.15,17.70,-13.67,34.48,1.12,41.10,25,710,76,3
0.14,1.27,0.09,30.40,-10.56,11.54,1.28,34.18,67,679,105,5
0.13,0.98,0.14,9.77,-4.09,-15.87,1.00,19.08,116,674,122,5
0.17,0.86,0.08,-6.59,0.43,-13.73,0.88,15.24,113,675,136,4
0.19,0.97,0.04,-10.93,2.69,-7.02,0.99,13.26,185,673,141,4
0.20,0.97,0.03,-5.43,1.77,-4.58,0.99,7.32,212,672,154,3
0.19,1.03,0.05,-1.10,0.43,-2.50,1.05,2.77,199,669,156,2
0.19,1.01,0.05,1.77,-0.92,-11.11,1.03,11.29,181,672,163,2
0.19,1.00,0.07,-3.42,0.24,-17.40,1.02,17.73,189,688,161,2
0.20,1.07,0.07,-8.73,1.65,-25.15,1.09,26.67,179,707,168,1
0.23,1.10,-0.03,-5.86,1.71,-38.15,1.12,38.63,147,732,165,2
0.25,1.05,0.05,-5.80,2.62,-50.54,1.08,50.94,112,757,167,3
0.28,1.13,0.01,0.18,1.71,-59.69,1.16,59.72,67,781,166,2
0.36,1.13,0.05,11.90,-1.46,-71.53,1.19,72.53,50,787,165,3
0.28,1.25,0.03,15.26,-2.08,-90.27,1.28,91.58,38,802,165,3
0.41,1.45,-0.08,3.66,-7.69,-121.34,1.50,121.64,29,819,162,2
0.52,1.57,-0.21,-37.29,-29.36,-169.07,1.67,175.60,21,848,153,2
0.53,1.72,-0.20,-73.55,-49.19,-238.89,1.81,254.75,12,865,116,1
0.65,1.58,-0.38,-135.44,-66.16,-289.92,1.76,326.76,5,877,50,1
-0.61,1.57,-0.26,-176.27,-125.06,-195.86,1.71,291.67,2,847,29,0
-1.33,1.25,-0.03,-19.53,-212.10,-7.39,1.82,213.12,2,830,13,1
-1.64,0.99,0.33,-15.62,-125.92,98.63,1.94,160.71,2,836,12,1
-0.97,0.43,-0.09,14.40,-37.78,165.28,1.07,170.16,1,834,14,2
-0.68,0.70,0.06,-31.56,-25.45,199.58,0.97,203.66,1,831,13,0
-0.51,0.86,0.17,-31.43,-25.15,219.48,1.01,223.14,1,827,11,1
-0.36,1.19,0.25,-48.40,-11.90,226.20,1.27,231.62,1,828,11,2
-0.05,1.39,0.30,-44.49,9.89,224.24,1.42,228.83,1,825,12,1
0.67,1.76,0.38,-69.64,65.73,173.40,1.92,198.09,2,826,12,1
2.46,1.71,0.39,-32.17,109.07,110.78,3.03,158.75,2,819,15,0
3.66,1.98,0.73,52.25,86.30,2.20,4.23,100.91,5,702,18,3
4.00,0.85,0.06,11.60,67.57,-19.65,4.09,71.32,9,648,27,3
0.25,0.28,1.02,4.52,-20.63,-51.03,1.09,55.22,40,647,75,5
0.24,0.88,-0.01,0.12,-3.66,-11.11,0.91,11.70,143,648,113,7
0.16,0.93,0.11,18.25,-4.33,-3.54,0.95,19.09,264,635,139,13
0.14,0.94,0.07,-1.34,-1.59,-0.85,0.95,2.25,237,622,146,14
0.16,1.00,0.05,1.04,-1.59,-10.56,1.01,10.73,215,623,148,11
0.16,0.97,0.07,-7.69,0.43,-11.11,0.99,13.52,263,629,154,9
0.17,0.99,0.06,-10.25,1.59,-17.70,1.00,20.52,264,644,164,5
0.17,0.97,0.07,-19.78,3.97,-24.11,0.99,31.43,294,670,165,3
0.20,1.06,0.02,-21.00,4.70,-29.30,1.08,36.35,208,699,165,3
0.24,1.07,0.02,-21.06,7.69,-37.05,1.10,43.30,190,730,161,1
0.25,1.09,-0.05,-18.55,5.86,-46.63,1.12,50.53,155,756,160,2
0.32,1.03,-0.07,-8.24,5.31,-53.34,1.08,54.24,114,783,166,3
0.29,1.05,-0.06,2.81,2.44,-58.59,1.09,58.71,73,806,164,1
0.32,1.03,-0.02,12.15,0.00,-62.62,1.08,63.79,46,819,159,3
0.33,1.02,-0.04,16.42,-3.05,-70.19,1.08,72.15,38,833,159,1
0.33,1.18,0.02,10.93,-0.24,-88.26,1.23,88.93,33,851,167,3
0.45,1.47,-0.15,-7.32,-6.10,-147.77,1.54,148.07,27,868,158,1
0.42,2.21,-0.12,-37.41,-18.68,-238.89,2.25,242.52,21,880,151,2
0.27,2.52,0.34,-10.07,-16.97,-335.39,2.56,335.97,10,885,99,2
0.77,1.56,0.05,9.77,12.08,-371.15,1.74,371.48,3,871,43,1
-0.99,0.61,-0.29,9.22,-18.68,-269.17,1.19,269.97,2,847,18,2
-1.04,0.73,-0.49,-6.29,-72.94,13.92,1.36,74.52,1,828,11,0
-0.91,0.70,-0.05,-36.99,-107.36,107.85,1.15,156.61,1,827,11,0
-1.09,0.88,0.31,5.68,-74.77,151.98,1.43,169.47,1,819,9,1
-0.86,0.46,-0.13,67.26,-16.42,217.90,0.98,228.63,1,816,9,1
-0.60,0.59,-0.30,21.85,13.24,282.04,0.90,283.20,1,817,10,1
-0.20,1.19,-0.17,-14.34,17.15,293.40,1.21,294.25,1,816,10,1
0.26,1.50,-0.08,-16.05,25.21,288.02,1.52,289.57,1,810,9,0
0.89,1.61,-0.11,-32.17,96.74,231.75,1.84,253.18,1,802,10,0
2.35,1.53,-0.16,-50.90,178.22,205.99,2.81,277.11,2,787,11,0
4.00,3.87,0.59,-92.29,170.35,62.93,5.60,203.70,5,732,16,1
4.00,0.29,-0.75,77.76,96.25,-19.17,4.08,125.21,18,660,44,4
0.13,1.88,0.16,-64.03,16.11,45.96,1.89,80.44,76,656,87,4
0.26,1.08,-0.14,16.11,-3.30,3.36,1.12,16.79,219,637,119,11
0.10,0.61,0.18,53.47,-5.68,-0.43,0.64,53.77,235,609,139,19
0.17,1.17,-0.05,-11.90,0.92,0.06,1.18,11.94,239,608,146,19
0.14,0.98,0.04,7.26,-1.77,-16.97,0.99,18.54,216,618,157,15
0.15,1.03,0.03,-0.92,0.31,-22.46,1.04,22.48,237,648,156,10
0.16,1.05,0.05,-2.44,1.28,-32.35,1.06,32.47,213,693,161,5
0.19,1.08,0.05,-3.91,2.50,-39.18,1.10,39.46,153,739,168,4
0.21,1.22,0.02,-10.80,7.14,-50.84,1.24,52.47,94,779,166,2
0.20,1.28,0.04,-8.12,6.29,-74.46,1.29,75.17,47,822,170,1
0.26,1.15,-0.06,-5.31,10.07,-96.68,1.18,97.35,24,844,172,1
0.40,1.28,-0.17,5.37,7.26,-124.45,1.35,124.78,15,863,165,1
0.25,1.50,-0.06,40.53,-5.19,-158.02,1.52,163.22,10,872,153,2
0.26,1.77,0.02,46.39,-7.57,-211.00,1.79,216.17,7,877,145,1
0.39,2.11,0.01,69.27,-5.55,-280.52,2.15,289.00,5,873,96,1
0.62,2.12,-0.15,79.77,-4.76,-325.74,2.22,335.40,2,853,43,1
-1.34,0.20,-0.98,59.02,-43.58,-143.31,1.67,161.00,1,837,21,1
-1.71,1.23,-0.42,-61.04,-86.06,61.58,2.15,122.16,1,834,13,2
-1.79,1.07,-0.06,-20.94,-11.54,154.17,2.09,156.02,1,831,12,2
-1.24,0.23,-0.45,-27.95,53.59,199.16,1.34,208.13,1,825,11,3
-0.78,0.74,-0.13,-84.78,62.68,208.98,1.08,234.07,1,819,10,2
-0.34,1.08,-0.01,-71.59,39.86,211.24,1.13,226.58,1,810,12,1
0.21,1.62,0.12,-76.48,13.55,198.55,1.63,213.20,2,799,11,2
0.80,1.85,0.17,-46.20,-26.98,192.81,2.02,200.10,2,793,13,2
1.31,2.07,0.50,7.08,-42.30,130.49,2.50,137.36,2,806,12,1
2.31,0.75,-0.01,24.17,1.53,73.85,2.43,77.72,2,810,12,1
3.19,0.97,0.47,-88.62,26.92,58.96,3.37,109.79,2,789,12,2
3.94,0.81,0.96,32.17,17.21,29.72,4.13,47.06,4,723,18,3
3.59,0.58,0.52,67.57,-10.80,7.20,3.68,68.80,36,653,53,6
-0.28,0.51,0.48,-9.89,6.23,-1.53,0.76,11.78,208,581,91,29
0.08,0.98,0.02,34.73,-7.87,-20.75,0.98,41.22,229,570,120,39
0.14,0.94,0.03,7.75,-1.53,-11.78,0.95,14.18,224,577,133,33
0.14,0.97,0.02,2.75,-1.83,-18.31,0.98,18.61,221,586,145,20
0.15,1.01,0.00,-11.05,-0.24,-21.48,1.02,24.16,235,603,152,12
0.15,1.00,-0.01,-8.73,0.24,-29.05,1.01,30.34,274,645,159,6
0.18,1.05,0.00,-13.73,1.28,-35.95,1.07,38.50,276,687,164,3
0.19,1.23,-0.02,-12.08,0.79,-46.94,1.24,48.47,218,733,171,2
0.24,1.23,-0.05,-13.18,3.91,-61.16,1.25,62.68,154,768,168,1
0.29,1.21,-0.06,-1.83,3.66,-92.04,1.25,92.13,85,804,172,2
0.30,1.05,-0.01,14.10,1.83,-90.76,1.09,91.87,43,833,171,0
0.29,1.01,-0.07,18.86,-1.10,-99.73,1.06,101.50,32,852,171,2
0.36,1.09,0.02,22.40,-2.20,-107.91,1.15,110.23,26,864,164,3
0.44,1.02,-0.19,15.20,-3.05,-132.02,1.12,132.93,23,868,169,2
0.45,1.35,-0.08,-3.85,-9.09,-173.03,1.43,173.32,19,873,161,2
0.51,1.88,0.05,-14.34,-10.68,-234.13,1.94,234.81,14,880,141,1
0.62,2.21,0.19,-5.98,-0.18,-319.58,2.31,319.64,7,884,82,1
0.90,2.21,0.10,28.32,17.76,-360.11,2.39,361.66,2,870,41,1
-0.11,1.53,-0.21,73.24,-0.31,-343.14,1.55,350.87,1,846,20,1
-1.40,-0.74,-1.08,-20.69,-55.42,-17.76,1.92,61.77,1,832,8,2
-0.90,0.70,-0.14,-111.27,-104.86,121.09,1.15,195.04,1,829,9,1
-1.19,0.97,0.48,-86.91,-80.63,172.06,1.61,208.95,1,833,10,0
-1.05,0.67,0.16,8.97,-13.98,239.38,1.26,239.96,1,833,9,3
-0.65,0.59,-0.29,-15.81,15.69,314.70,0.93,315.48,1,822,10,2
-0.17,1.27,-0.07,-78.92,7.57,329.96,1.28,339.35,1,816,8,2
0.36,1.56,0.00,-66.59,-20.26,335.51,1.61,342.65,1,807,11,3
0.68,1.70,0.49,-89.29,-25.09,261.66,1.89,277.61,2,799,10,1
1.50,2.09,0.69,-52.43,92.53,187.26,2.66,215.35,2,786,9,0
4.00,1.29,0.14,-8.24,95.70,67.69,4.21,117.51,3,771,12,1
4.00,0.05,0.15,123.11,12.39,-45.65,4.00,131.88,7,785,33,1
0.30,-1.61,0.02,28.99,-17.64,1.89,1.64,33.99,24,804,80,1
0.44,0.85,-0.18,-37.11,2.62,-19.71,0.97,42.10,75,767,125,1
0.32,1.43,-0.26,-34.97,4.39,3.54,1.48,35.43,133,746,145,1
0.22,0.82,0.07,25.76,-3.60,9.03,0.85,27.53,213,732,158,2
0.23,1.19,-0.06,-6.84,1.89,6.04,1.21,9.32,202,728,165,2
0.23,1.08,-0.02,0.06,0.12,-16.42,1.11,16.42,202,729,173,0
0.24,1.06,-0.01,-4.15,0.67,-30.88,1.08,31.17,206,741,180,1
0.25,1.08,-0.00,-17.52,4.21,-49.87,1.11,53.02,153,766,182,2
0.33,1.14,-0.11,-17.70,5.92,-62.56,1.19,65.29,110,801,179,2
0.32,1.04,-0.11,-0.55,4.27,-71.84,1.09,71.97,61,833,181,2
0.34,1.02,-0.10,11.72,0.55,-78.49,1.08,79.36,42,857,175,2
0.39,1.02,-0.11,23.44,-2.01,-86.98,1.10,90.10,29,871,172,2
0.41,0.98,-0.06,34.30,-8.24,-94.91,1.07,101.25,23,881,173,2
0.44,1.08,-0.00,30.46,-6.41,-108.15,1.16,112.54,19,884,168,1
0.45,1.18,0.02,23.38,-5.74,-130.62,1.26,132.81,16,887,164,1
0.47,1.43,-0.01,6.53,-6.84,-170.23,1.51,170.49,14,887,150,3
0.72,2.02,-0.03,-3.23,-4.46,-271.67,2.14,271.72,11,885,117,2
0.71,2.44,-0.05,-0.79,-4.58,-362.30,2.54,362.33,4,879,61,1
0.48,2.54,-0.26,24.78,-18.55,-362.67,2.60,363.99,1,858,31,1
-0.32,0.98,-0.73,1.10,-41.38,-331.97,1.26,334.54,1,834,12,1
-1.29,0.78,-0.39,-32.90,-74.10,-34.85,1.55,88.25,1,830,10,2
-0.88,0.82,-0.24,-62.13,-61.83,139.53,1.23,164.78,1,826,10,0
-1.04,0.34,-0.06,-83.19,-59.88,210.21,1.10,233.86,1,826,10,2
-1.05,0.74,0.20,-92.65,-42.48,290.77,1.30,308.12,1,825,11,3
-0.76,1.16,0.21,-60.61,-6.65,335.63,1.40,341.13,1,824,10,2
-0.44,1.27,0.14,-76.17,29.42,361.33,1.35,370.44,1,820,11,0
0.57,1.63,0.18,-69.58,21.36,351.01,1.73,358.48,1,819,10,1
1.07,2.13,0.59,-78.06,75.44,237.49,2.46,261.12,2,809,11,0
2.89,1.73,0.03,2.38,160.46,196.53,3.36,253.73,2,802,12,2
4.00,1.00,-0.20,31.68,125.49,105.29,4.13,166.84,3,787,13,0
4.00,-0.19,-0.48,14.83,61.46,-17.15,4.03,65.51,3,778,13,1
3.43,0.35,1.15,59.08,-15.26,-83.68,3.63,103.57,14,785,61,0
-0.64,3.98,1.32,-139.16,-7.57,103.39,4.24,173.53,74,764,111,2
0.39,0.93,-0.20,-19.59,2.93,-2.08,1.03,19.92,160,734,147,2
0.25,0.95,-0.04,17.33,-3.17,-4.76,0.98,18.25,228,727,163,1
0.22,1.08,-0.04,-16.66,1.89,-19.23,1.10,25.51,193,728,171,2
0.24,1.05,-0.05,-15.38,2.14,-27.59,1.08,31.66,211,735,174,2
0.25,1.08,-0.04,-7.87,1.46,-33.20,1.10,34.16,173,748,183,2
0.26,1.05,-0.01,-9.52,2.32,-43.33,1.08,44.43,149,769,186,2
0.29,1.11,-0.07,-12.51,4.09,-53.41,1.15,55.00,111,797,185,1
0.31,1.14,-0.09,-3.11,3.42,-64.70,1.19,64.86,72,827,179,2
0.34,1.03,-0.06,9.58,2.56,-73.79,1.09,74.46,44,849,183,2
0.36,0.96,-0.05,15.50,1.10,-79.28,1.02,80.79,30,869,182,1
0.41,0.99,-0.08,20.39,-2.26,-80.44,1.08,83.02,23,877,175,0
0.54,0.88,-0.03,33.08,-4.64,-84.41,1.03,90.78,19,883,171,2
0.44,0.94,0.06,23.56,-3.66,-91.49,1.04,94.55,17,889,169,3
0.47,1.08,0.04,12.63,-0.43,-111.33,1.18,112.04,15,891,165,1
0.51,1.27,0.07,4.21,2.69,-145.39,1.37,145.47,15,888,160,2
0.71,2.11,0.13,-0.98,8.36,-208.25,2.23,208.42,13,886,143,1
1.16,2.52,-0.02,17.94,4.52,-303.71,2.78,304.27,6,887,89,1
0.85,1.94,-0.17,23.74,1.40,-350.16,2.13,350.97,2,868,39,1
0.16,1.04,-0.29,44.86,-8.06,-331.36,1.09,334.48,1,847,19,1
-0.91,1.02,-0.43,-39.18,-60.67,17.21,1.43,74.25,1,836,10,1
-0.88,0.81,-0.06,-56.03,-61.04,101.75,1.19,131.21,1,826,12,1
-1.14,0.70,0.25,-45.96,-40.71,185.42,1.36,195.33,1,826,9,0
-0.91,0.54,0.06,-15.38,-26.92,270.14,1.06,271.91,1,827,11,2
-0.84,0.87,0.17,-51.57,-19.78,306.34,1.22,311.28,1,819,10,1
-0.57,1.43,0.28,-45.53,-4.21,340.64,1.56,343.69,1,816,12,1
0.37,1.46,0.10,-41.69,-18.25,345.40,1.51,348.38,1,812,11,0
0.88,1.80,0.44,-67.26,7.75,261.54,2.05,270.16,1,808,13,0
2.12,1.92,0.22,-15.32,122.44,189.58,2.87,226.19,2,799,11,2
4.00,1.24,0.02,32.29,108.09,92.22,4.19,145.71,2,791,11,2
4.00,-0.18,-0.42,14.40,12.63,4.09,4.03,19.59,2,785,11,2
1.44,1.28,0.10,-46.39,-21.30,-114.56,1.93,125.42,5,799,47,2
-0.32,3.97,0.48,-137.45,11.54,139.95,4.01,196.50,50,756,101,3
0.38,1.24,-0.24,35.22,-1.89,28.26,1.32,45.19,152,704,144,4
0.12,1.01,0.24,55.42,-11.23,-2.62,1.04,56.61,226,683,159,2
0.19,1.14,0.02,-12.94,1.04,-22.40,1.15,25.89,260,694,165,2
0.22,0.94,0.03,-4.33,0.67,-35.95,0.96,36.22,222,711,177,2
0.24,1.03,0.01,-1.16,0.55,-34.42,1.05,34.45,218,736,175,1
0.25,0.99,0.03,3.48,1.10,-42.24,1.03,42.39,146,765,182,2
0.27,1.05,0.04,-5.98,3.60,-43.70,1.08,44.26,99,786,185,1
0.28,1.10,0.02,-9.16,5.37,-54.81,1.13,55.83,75,810,183,2
0.31,1.02,0.06,-12.33,7.14,-68.18,1.07,69.65,45,828,182,2
0.35,1.01,-0.02,-12.08,10.80,-77.58,1.07,79.25,30,847,181,3
0.38,0.96,-0.04,-4.27,7.93,-81.24,1.03,81.74,23,860,177,2
0.45,0.89,-0.10,10.93,2.93,-82.64,1.00,83.41,18,871,172,3
0.44,0.91,-0.00,17.64,-0.98,-82.40,1.01,84.27,16,877,170,0
0.47,1.13,0.02,12.88,-1.04,-97.60,1.22,98.45,16,880,168,1
0.48,1.35,0.05,7.02,0.98,-149.17,1.43,149.34,14,884,161,0
0.47,2.07,0.10,2.32,8.06,-225.89,2.13,226.05,13,882,142,3
0.80,2.17,0.02,-3.11,19.41,-320.19,2.31,320.79,7,884,88,2
1.07,2.60,0.17,-16.91,29.60,-359.25,2.82,360.87,2,867,38,2
-0.45,0.61,-0.67,34.24,7.08,-301.09,1.01,303.11,1,840,16,1
-0.83,1.23,-0.51,-70.07,-93.02,22.58,1.57,118.62,1,830,10,0
-1.34,1.17,0.39,-91.92,-114.75,98.27,1.82,176.84,1,827,11,1
-1.69,1.09,0.75,1.59,-31.74,174.62,2.15,177.49,1,829,10,0
-0.95,0.65,-0.07,67.63,40.22,270.20,1.15,281.43,1,823,12,1
-0.50,0.82,-0.26,14.77,19.84,328.31,1.00,329.24,1,816,10,2
-0.17,1.47,-0.06,-18.74,-46.69,349.37,1.48,352.97,1,813,10,2
0.36,1.50,0.13,-27.34,-78.06,311.10,1.55,321.90,1,811,11,1
0.87,1.91,0.50,-51.51,46.08,217.04,2.16,227.78,2,808,11,2
2.83,1.45,0.13,-21.48,195.50,147.34,3.18,245.74,2,792,9,2
4.00,0.93,0.22,-7.39,155.27,126.83,4.11,200.63,3,770,11,1
4.00,1.42,0.39,53.89,104.25,-27.77,4.26,120.60,6,795,33,0
2.15,-1.55,-3.07,-10.74,128.60,63.84,4.06,143.98,56,715,79,3
0.46,1.08,-0.98,-9.58,-0.67,-2.56,1.53,9.94,209,627,115,14
0.09,0.48,0.19,107.18,-23.99,-15.75,0.52,110.95,210,611,141,17
0.09,0.89,-0.00,-18.55,0.37,-20.08,0.90,27.34,257,620,148,16
0.15,0.96,-0.00,-11.29,0.67,-24.72,0.97,27.18,263,637,157,9
0.17,1.01,-0.02,-9.58,0.79,-25.82,1.02,27.55,294,665,164,7
0.18,1.04,-0.02,-5.92,0.00,-34.24,1.05,34.75,227,699,167,1
0.20,1.10,-0.03,-3.66,0.12,-39.12,1.12,39.29,190,731,172,1
0.22,1.09,-0.04,1.34,-0.67,-50.42,1.12,50.44,155,761,169,2
0.23,1.13,-0.03,1.22,0.49,-63.35,1.15,63.37,97,789,170,1
0.26,1.07,-0.05,3.91,1.40,-74.46,1.10,74.58,53,822,168,1
0.31,0.96,-0.04,7.32,2.75,-79.65,1.01,80.03,35,838,163,2
0.34,1.00,-0.08,14.47,-0.31,-87.83,1.06,89.01,25,851,161,2
0.39,1.11,-0.01,10.68,-1.83,-103.45,1.18,104.02,22,861,166,0
0.45,1.34,-0.06,-11.60,-5.98,-138.12,1.41,138.74,21,870,161,1
0.52,1.86,-0.08,-43.15,-10.62,-197.81,1.93,202.75,19,876,155,2
0.44,2.58,0.24,-28.50,-12.21,-290.65,2.63,292.30,14,879,132,2
0.41,2.49,0.43,16.17,17.46,-365.42,2.56,366.19,4,875,59,0
0.33,2.22,0.33,25.76,37.72,-365.42,2.27,368.26,2,852,25,1
-0.75,0.42,-0.76,142.94,-3.66,-169.43,1.15,221.71,2,823,10,0
-0.67,1.16,-0.31,84.72,-136.72,39.98,1.38,165.73,1,829,10,0
-1.30,0.71,-0.05,153.56,-125.12,133.00,1.48,238.59,1,830,10,0
-1.26,0.47,-0.59,162.96,-26.86,233.83,1.47,286.27,1,825,9,0
-0.69,0.58,-0.95,108.28,27.34,306.88,1.31,326.57,1,826,10,2
-0.11,0.84,-1.09,25.70,13.00,340.70,1.38,341.91,1,821,10,2
0.23,1.34,-0.88,-59.45,-24.72,329.96,1.62,336.18,1,812,10,1
-0.04,1.95,-0.15,-81.85,51.15,300.96,1.96,316.06,1,807,10,1
1.10,1.92,-0.90,-34.91,271.18,270.87,2.39,384.88,2,790,11,1
3.00,1.57,-1.24,-64.64,394.84,188.05,3.61,442.08,3,753,13,1
4.00,2.63,0.30,2.44,323.49,91.98,4.80,336.32,7,707,23,1
4.00,0.21,-0.81,42.60,148.74,-59.81,4.09,165.88,14,713,54,1
-0.13,1.97,0.08,-99.79,24.66,40.04,1.97,110.32,40,726,95,1
0.36,0.76,-0.38,29.72,4.88,14.59,0.92,33.47,115,711,130,2
0.03,1.02,0.19,28.87,-5.31,28.32,1.04,40.79,197,688,145,5
0.16,1.05,-0.06,-5.49,5.19,19.84,1.06,21.23,251,659,156,11
0.11,0.97,0.06,9.22,-0.85,-0.18,0.98,9.26,280,650,156,12
0.15,0.99,0.02,-11.41,0.73,-19.29,1.00,22.42,197,664,163,7
0.17,1.02,-0.01,-19.84,2.08,-33.57,1.04,39.05,209,689,167,4
0.19,1.10,-0.02,-28.87,5.49,-40.22,1.12,49.81,171,717,166,2
0.21,1.08,-0.06,-20.69,5.55,-53.59,1.11,57.71,180,745,170,2
0.25,1.03,-0.05,-17.09,3.97,-62.13,1.06,64.56,93,773,166,2
0.29,1.03,-0.06,-15.32,4.76,-67.50,1.07,69.38,67,801,164,1
0.29,1.03,-0.07,-9.22,4.03,-73.79,1.07,74.47,42,817,163,1
0.33,1.05,-0.08,-3.78,4.21,-81.36,1.10,81.56,35,830,155,2
0.35,1.18,-0.09,0.49,3.48,-99.30,1.23,99.37,29,846,157,1
0.36,1.46,-0.03,2.99,1.83,-134.95,1.51,134.99,25,863,156,3
0.35,2.06,-0.02,9.34,5.19,-204.41,2.09,204.69,21,874,145,1
0.37,2.50,0.12,27.89,18.49,-293.88,2.53,295.78,11,878,94,1
0.48,2.33,0.02,102.78,37.11,-343.87,2.38,360.82,3,852,44,1
-0.72,0.92,-0.28,224.85,42.11,-257.39,1.20,344.35,2,834,19,1
-0.30,0.76,-0.98,112.49,-26.67,-30.82,1.28,119.65,2,818,11,3
-0.97,1.17,-0.03,60.18,-132.93,62.38,1.52,158.70,2,826,12,0
-1.36,0.46,-0.23,138.24,-102.05,157.84,1.45,233.32,1,826,10,1
-1.07,0.48,-0.64,125.98,-14.28,243.16,1.34,274.23,1,822,9,1
-0.39,0.60,-1.08,62.13,48.22,283.57,1.30,294.27,1,819,10,1
0.33,0.80,-1.32,-15.20,25.63,302.80,1.58,304.26,1,814,10,1
0.58,1.12,-1.08,-80.81,-8.42,277.40,1.66,289.06,1,808,9,0
0.92,1.49,-0.79,-121.28,122.99,206.85,1.92,269.48,2,797,10,1
2.53,1.29,-1.03,-150.88,241.94,149.17,3.02,321.80,2,777,12,0
4.00,1.22,-0.59,-145.63,189.27,99.91,4.22,258.87,3,748,10,0
4.00,2.11,0.30,-98.94,28.20,9.09,4.53,103.28,4,730,9,2
2.77,0.39,0.90,256.23,-98.33,-54.20,2.94,279.75,16,715,33,1
-1.00,2.52,2.26,-32.65,-95.95,99.61,3.53,142.11,75,706,73,1
-0.06,1.48,0.49,-31.43,4.58,50.35,1.56,59.54,173,659,104,3
0.20,1.10,-0.19,-14.53,1.40,1.95,1.13,14.72,242,633,120,8
0.15,0.93,0.01,16.78,-2.87,0.12,0.94,17.03,274,623,138,9
0.14,1.00,0.00,-1.65,-0.18,-7.45,1.01,7.63,266,621,142,11
0.16,1.00,-0.02,-3.42,0.37,-15.81,1.01,16.18,348,627,147,5
0.16,0.97,0.00,-3.91,0.67,-20.14,0.99,20.53,297,640,151,3
0.18,0.99,-0.00,-12.94,2.56,-21.48,1.00,25.21,300,665,156,3
0.19,1.05,-0.04,-13.18,2.93,-24.84,1.07,28.28,250,691,154,1
0.21,1.07,-0.07,-3.48,1.10,-32.84,1.09,33.04,190,716,155,1
0.22,1.03,-0.03,6.53,-1.40,-41.87,1.05,42.40,241,740,151,2
0.25,1.08,-0.05,2.20,-1.10,-51.82,1.11,51.88,148,759,155,2
0.31,0.99,-0.10,8.79,-1.59,-55.48,1.04,56.20,111,777,155,2
0.32,1.00,-0.05,17.03,-5.37,-56.95,1.05,59.68,83,792,151,1
0.38,1.14,-0.08,18.74,-9.28,-66.96,1.20,70.14,58,804,153,3
0.51,1.20,-0.29,8.12,-17.46,-90.70,1.34,92.72,41,824,157,2
0.50,1.60,-0.27,-20.14,-37.90,-135.86,1.70,142.48,30,853,149,3
0.31,2.13,0.01,-44.62,-54.50,-213.75,2.15,225.05,19,869,141,3
0.48,2.21,0.14,-31.74,-46.39,-297.12,2.26,302.39,8,882,84,2
0.88,1.72,-0.17,-54.02,-31.86,-325.32,1.94,331.31,3,849,30,0
-0.51,0.43,-0.21,-32.17,-62.32,-212.65,0.70,223.91,2,831,10,1
-1.02,1.07,-0.16,-49.01,-68.54,-5.37,1.48,84.43,2,824,8,1
-1.13,0.59,0.14,-13.37,-2.99,134.77,1.28,135.46,2,827,8,1
-0.76,0.22,0.04,1.28,-14.53,173.10,0.80,173.71,2,828,8,0
-0.78,0.29,0.23,-6.53,-53.89,190.73,0.87,198.31,2,828,7,3
-0.93,0.45,0.51,-12.63,-63.48,211.12,1.15,220.82,2,830,9,1
-0.64,0.63,0.54,-16.72,-48.40,238.16,1.05,243.60,1,828,9,3
-0.06,1.00,0.51,-28.20,-51.09,221.92,1.12,229.47,2,826,11,2
0.01,1.43,0.85,-23.80,-48.34,205.99,1.67,212.92,2,826,10,1
0.83,1.49,0.53,-16.72,51.57,159.00,1.78,167.99,2,819,9,0
3.52,1.95,0.02,-40.83,143.49,128.72,4.03,197.05,3,795,10,1
4.00,1.07,-0.43,-10.13,123.11,-77.33,4.16,145.73,3,777,11,2
3.56,-2.05,-1.23,54.50,33.51,-86.43,4.29,107.53,11,742,37,1
0.02,1.87,-0.20,-2.81,6.77,81.24,1.88,81.57,84,673,85,5
0.02,1.25,0.08,45.96,-8.54,26.18,1.25,53.58,192,641,115,13
0.12,1.00,0.11,19.71,-4.33,-3.23,1.01,20.44,250,624,134,18
0.16,1.03,0.02,-2.01,-0.12,-14.95,1.05,15.09,244,635,145,16
0.17,0.92,0.04,-0.43,-1.46,-19.59,0.93,19.65,236,646,149,11
0.18,1.04,-0.00,-3.91,-0.24,-18.68,1.06,19.08,220,657,154,11
0.18,0.99,0.04,-0.67,-1.59,-27.40,1.00,27.46,231,683,156,6
0.20,1.02,0.03,-8.36,0.67,-33.45,1.03,34.48,179,712,160,4
0.22,1.14,0.01,-4.33,0.55,-48.52,1.17,48.72,147,749,162,2
0.24,1.15,0.02,-4.88,5.98,-60.55,1.17,61.04,92,779,160,2
0.31,1.10,-0.05,5.25,5.25,-73.30,1.15,73.68,50,817,161,2
0.32,0.93,-0.03,20.14,1.22,-78.61,0.98,81.16,28,843,160,2
0.36,1.03,-0.04,25.21,-0.92,-75.99,1.09,80.07,18,862,157,1
0.39,1.47,-0.03,33.14,-3.48,-91.98,1.52,97.83,12,863,144,2
0.50,1.54,-0.12,39.06,-10.13,-125.85,1.62,132.17,9,865,125,1
0.73,1.95,-0.25,25.57,-26.18,-173.77,2.09,177.58,6,861,67,0
0.47,1.63,-0.46,-0.55,-42.91,-166.93,1.76,172.36,2,839,27,2
-0.86,1.73,-0.39,42.36,-66.53,-25.51,1.97,82.89,2,835,12,3
-1.13,0.68,-0.51,22.09,-60.85,-0.92,1.41,64.75,2,835,12,2
-1.48,0.36,-0.20,-33.81,-29.72,15.99,1.54,47.78,2,836,13,4
-1.37,0.24,-0.05,-72.45,18.49,49.56,1.39,89.71,1,829,13,3
-1.19,0.54,0.18,-79.71,59.88,95.64,1.32,138.15,1,828,12,2
-0.78,0.71,0.10,-72.33,74.83,159.18,1.06,190.18,2,826,14,3
-0.39,1.15,0.16,-73.61,65.31,204.47,1.23,226.91,2,817,13,1
-0.18,1.45,0.22,-53.59,67.02,225.71,1.48,241.47,2,807,15,2
0.79,2.01,0.22,-56.46,97.11,157.96,2.17,193.83,2,799,14,2
2.07,2.03,0.13,31.37,93.02,66.22,2.90,118.41,2,790,13,1
3.93,0.75,-0.08,46.51,72.81,-14.53,4.01,87.61,3,780,12,0
4.00,0.18,-0.48,88.13,53.53,-68.18,4.03,123.62,4,749,20,1
1.00,-1.57,-1.10,50.54,17.76,-3.23,2.16,53.66,22,716,53,3
0.16,1.83,-0.38,20.02,2.26,44.13,1.87,48.51,120,685,96,5
0.05,1.07,0.14,73.91,-13.55,10.56,1.08,75.88,200,657,124,10
0.15,0.78,0.19,27.22,-4.27,1.16,0.81,27.58,283,639,139,11
0.16,1.11,-0.03,-15.93,4.03,7.87,1.13,18.22,249,631,150,16
0.16,1.00,0.02,-7.26,1.28,-6.96,1.01,10.14,254,632,151,11
0.16,1.01,0.00,-16.42,2.14,-16.24,1.02,23.19,283,642,155,6
0.18,1.01,-0.02,-20.51,2.56,-24.60,1.03,32.13,297,670,155,4
0.19,1.06,-0.02,-24.54,2.75,-34.36,1.07,42.31,250,696,152,2
0.23,1.10,-0.09,-24.17,1.40,-50.54,1.13,56.04,250,726,149,3
0.24,1.09,-0.04,-15.14,-1.65,-62.62,1.11,64.45,155,751,154,2
0.28,1.03,-0.09,-9.09,0.06,-65.61,1.07,66.24,120,773,148,2
0.34,1.02,-0.16,4.33,-1.83,-66.35,1.09,66.51,78,794,148,2
0.35,0.95,-0.10,21.55,-6.65,-64.51,1.02,68.34,62,811,155,2
0.36,0.89,-0.02,27.10,-7.81,-62.87,0.96,68.90,45,829,156,2
0.38,0.97,0.00,16.85,-4.27,-68.18,1.04,70.36,40,838,152,1
0.41,1.15,0.01,8.00,-1.46,-85.94,1.22,86.32,37,847,158,2
0.46,1.89,-0.11,-1.71,2.75,-129.03,1.95,129.07,29,861,152,1
0.50,2.39,-0.15,1.77,-0.37,-223.57,2.45,223.58,21,873,139,2
0.80,2.33,-0.26,13.55,-3.05,-315.67,2.48,315.98,8,877,73,1
0.59,2.01,-0.59,-30.52,-12.15,-328.00,2.17,329.64,3,847,27,3
-1.92,0.98,-0.60,-52.19,-80.69,-123.96,2.24,156.85,3,828,14,1
-2.28,1.48,0.43,-35.71,-50.90,31.13,2.75,69.53,2,835,12,1
-1.78,0.75,0.01,86.06,36.62,172.18,1.93,195.94,2,832,12,1
-1.14,0.52,-0.17,70.56,13.06,285.16,1.27,294.05,2,830,10,1
-0.72,0.63,-0.10,40.83,-27.77,303.53,0.96,307.52,2,830,10,2
-0.45,1.20,0.03,1.65,-46.14,317.87,1.29,321.21,2,826,10,0
0.18,1.47,0.16,-34.06,-23.32,284.18,1.48,287.16,2,821,10,1
1.21,2.64,0.51,-43.27,60.73,220.89,2.94,233.13,2,816,11,1
3.02,1.72,-0.03,21.24,95.58,126.16,3.47,159.70,2,805,11,1
4.00,0.76,-0.30,-12.27,102.23,28.81,4.08,106.92,2,784,10,2
4.00,0.05,-0.46,-15.87,122.31,-52.00,4.03,133.85,3,770,12,0
2.29,1.44,0.60,-6.90,79.53,-147.89,2.77,168.06,7,741,34,0
-0.38,3.25,0.57,1.71,7.08,104.55,3.32,104.81,64,665,73,3
0.09,1.68,-0.18,15.44,-0.43,40.83,1.70,43.66,204,611,113,23
0.10,0.89,0.19,38.21,-5.80,-9.95,0.92,39.91,250,592,134,32
0.16,0.97,0.02,-9.52,1.59,-9.83,0.98,13.77,284,597,144,26
0.16,0.98,0.01,-8.91,1.46,-7.32,1.00,11.63,219,600,149,23
0.15,1.01,0.00,-8.30,1.40,-10.07,1.02,13.13,254,607,150,18
0.16,0.96,0.02,-8.54,1.83,-13.24,0.97,15.87,296,618,154,14
0.17,1.01,-0.00,-13.61,3.11,-15.32,1.02,20.73,248,642,157,9
0.18,1.02,-0.00,-11.17,2.20,-23.25,1.03,25.89,210,677,153,7
0.19,1.07,-0.00,-13.55,0.18,-42.42,1.09,44.53,211,712,158,1
0.24,1.12,-0.04,-8.48,-2.20,-61.46,1.15,62.08,168,746,157,1
0.27,1.05,-0.11,8.61,-3.85,-62.68,1.09,63.39,109,772,157,3
0.30,0.97,-0.07,22.40,-2.93,-55.97,1.02,60.36,67,793,157,3
0.32,0.93,-0.02,29.91,-4.58,-52.19,0.98,60.32,53,812,155,1
0.34,1.13,-0.01,30.21,-6.47,-57.31,1.18,65.11,35,824,152,1
0.35,1.20,-0.02,34.30,-7.32,-78.06,1.25,85.58,25,840,150,2
0.34,1.45,0.06,26.86,-6.10,-115.11,1.49,118.36,18,853,152,2
0.39,2.08,-0.08,17.46,-5.74,-185.00,2.11,185.91,13,867,140,1
0.43,2.50,0.00,39.06,-7.57,-314.64,2.54,317.14,7,875,90,2
0.66,1.78,0.01,19.35,-10.99,-333.37,1.89,334.12,2,855,36,2
-0.58,-0.06,-0.71,18.07,-31.37,-241.39,0.92,244.09,2,830,14,2
-1.03,1.29,-0.22,-72.63,-43.70,-16.36,1.66,86.33,2,820,9,2
-1.07,0.34,0.00,-30.76,-14.34,26.37,1.12,42.98,2,818,9,2
-1.13,0.27,0.13,-34.55,22.77,124.88,1.17,131.55,2,819,10,1
-0.80,0.37,0.16,-26.92,38.51,208.01,0.89,213.25,1,819,11,3
-0.54,0.52,0.14,-31.13,20.63,252.81,0.76,255.55,1,814,10,2
-0.21,0.90,0.18,-38.51,-6.29,281.01,0.94,283.70,1,808,10,2
0.49,1.03,-0.00,-49.50,-63.17,255.86,1.14,268.15,2,791,9,0
0.49,1.55,0.54,-51.57,-43.46,205.02,1.72,215.83,2,790,10,1
2.08,1.64,0.17,-42.36,59.45,168.40,2.65,183.54,2,775,13,0
3.50,1.24,0.17,-18.49,93.69,43.27,3.72,104.84,3,775,13,1
4.00,1.04,0.40,23.44,31.43,-35.52,4.15,52.91,3,775,14,1
1.17,-1.63,-0.35,92.10,-5.07,-48.28,2.03,104.11,12,715,40,2
-0.62,1.95,0.34,-15.62,-1.95,119.69,2.07,120.72,47,682,62,1
0.48,1.18,-0.21,-21.00,5.49,0.00,1.29,21.70,144,655,91,8
0.17,1.10,-0.02,23.07,-3.23,-10.13,1.11,25.40,229,649,113,10
0.14,0.83,0.11,-3.23,0.49,-11.05,0.85,11.52,232,650,126,11
0.19,1.03,-0.05,-7.63,2.08,-7.39,1.05,10.82,226,652,137,10
0.18,0.99,-0.01,2.69,0.61,-7.02,1.01,7.54,238,651,145,9
0.18,0.98,0.01,7.45,-1.40,-12.15,0.99,14.32,254,653,150,6
0.18,0.98,0.02,0.12,-0.31,-13.12,0.99,13.13,235,661,150,5
0.19,1.03,0.01,-4.39,-0.12,-19.71,1.05,20.20,227,683,155,4
0.21,1.07,-0.01,-5.98,0.00,-29.91,1.09,30.50,204,712,155,2
0.21,1.06,0.01,-1.10,-0.79,-38.82,1.08,38.84,153,744,154,3
0.23,1.05,-0.02,-5.00,3.42,-44.86,1.07,45.27,139,770,151,1
0.28,1.11,-0.06,2.93,1.59,-55.66,1.15,55.76,83,795,153,2
0.31,1.02,-0.02,20.81,-1.59,-62.50,1.06,65.89,51,819,148,2
0.32,1.17,-0.00,21.91,-3.17,-73.97,1.21,77.22,33,837,148,2
0.34,1.42,-0.02,25.09,-4.76,-103.33,1.46,106.44,23,853,149,1
0.32,1.95,0.02,25.33,-4.15,-157.35,1.98,159.43,15,866,146,3
0.31,2.35,-0.05,38.33,-4.27,-243.59,2.37,246.63,9,875,120,1
0.64,2.09,-0.05,49.19,-2.99,-312.38,2.19,316.24,4,870,55,0
0.38,1.09,-0.29,33.02,-14.71,-275.51,1.19,277.87,2,843,24,2
-0.85,0.78,-0.81,-11.29,-68.12,-97.72,1.41,119.65,2,829,11,2
-1.16,0.94,-0.22,-57.92,-96.01,12.21,1.51,112.79,2,833,12,1
-1.30,0.28,-0.23,-4.03,-21.91,117.00,1.35,119.11,2,829,11,2
-0.98,0.27,-0.37,-24.05,21.97,195.25,1.09,197.95,1,828,12,1
-0.62,0.62,-0.34,-48.89,31.01,250.92,0.94,257.51,1,823,10,2
-0.07,0.79,-0.38,-75.62,17.33,251.34,0.88,263.04,2,818,12,3
0.18,1.39,0.08,-102.78,18.55,220.89,1.41,244.33,2,813,13,1
0.47,1.30,-0.07,-76.29,94.97,161.80,1.38,202.54,2,805,14,1
1.93,1.74,-0.07,-65.00,122.38,138.12,2.61,195.65,2,796,14,2
3.56,1.12,-0.03,-29.42,55.60,65.06,3.73,90.50,3,779,13,1
3.42,0.59,0.39,-43.95,-80.20,-27.47,3.50,95.49,3,787,14,2
3.09,2.29,2.22,-3.54,-95.40,-96.92,4.45,136.04,4,775,18,1
0.81,-0.23,-0.23,112.00,-22.83,47.73,0.87,123.87,24,771,71,1
0.30,1.98,-0.19,-10.19,13.98,128.30,2.01,129.46,131,705,112,2
0.19,1.59,-0.12,12.39,4.33,49.74,1.61,51.45,226,664,130,9
0.15,0.90,0.12,11.17,-0.67,-3.17,0.92,11.63,210,650,142,13
0.17,1.00,0.01,-36.99,5.86,-8.00,1.02,38.29,244,655,148,13
0.23,0.98,-0.10,-35.10,6.41,-17.76,1.01,39.85,297,662,150,10
0.22,0.97,-0.07,-19.10,4.76,-16.48,0.99,25.67,248,668,152,7
0.21,0.96,-0.05,-22.95,5.49,-17.52,0.99,29.39,261,676,152,4
0.24,1.01,-0.11,-24.29,5.98,-22.83,1.04,33.87,221,693,146,4
0.24,0.96,-0.09,-22.46,4.82,-28.08,1.00,36.28,200,711,153,4
0.27,0.99,-0.13,-20.20,2.93,-31.80,1.04,37.79,224,729,151,3
0.28,0.96,-0.12,-11.05,-0.31,-35.64,1.01,37.32,148,748,148,1
0.30,0.94,-0.16,-2.32,-1.77,-32.96,1.00,33.09,145,760,142,2
0.32,0.94,-0.17,7.93,-2.87,-27.28,1.00,28.56,129,765,146,3
0.33,0.96,-0.15,20.02,-4.88,-25.15,1.02,32.51,130,774,143,1
0.35,1.01,-0.15,29.05,-7.93,-26.43,1.08,40.07,112,781,141,2
0.38,1.16,-0.16,36.50,-11.54,-38.15,1.23,54.04,76,793,142,2
0.43,1.28,-0.32,55.60,-20.81,-60.49,1.39,84.76,46,805,131,2
0.60,0.98,-0.62,45.17,-48.95,-103.27,1.31,122.89,29,817,112,2
0.65,1.03,-0.88,-62.19,-110.90,-119.51,1.50,174.50,16,836,77,1
0.55,0.74,-1.05,-102.97,-177.43,-110.84,1.40,233.17,7,842,48,3
0.51,0.86,-1.11,-129.33,-252.44,-59.81,1.49,289.88,3,817,26,1
0.38,0.75,-1.01,-136.84,-337.22,-20.08,1.31,364.48,2,813,15,0
0.04,0.79,-0.31,-153.99,-396.79,-2.62,0.85,425.63,2,809,10,2
-0.26,0.76,0.39,-110.66,-384.28,25.82,0.89,400.73,2,832,11,1
-0.07,0.65,0.59,-96.92,-309.02,-2.08,0.88,323.87,2,836,10,1
-0.03,0.77,0.52,-88.81,-248.47,-18.25,0.93,264.50,2,843,11,1
-0.11,0.61,0.21,-80.75,-249.21,-21.12,0.66,262.81,2,844,11,2
-0.03,0.74,0.10,-82.03,-261.17,-42.66,0.75,277.05,2,842,10,2
-0.45,0.44,0.03,-108.09,-232.73,-80.51,0.63,268.94,2,842,11,3
-0.56,0.58,0.08,-143.80,-147.58,-61.16,0.81,214.94,2,837,10,3
0.22,0.44,-0.34,-218.93,-59.94,-44.56,0.60,231.32,2,838,20,2
-0.23,2.01,1.92,-108.46,-50.48,41.99,2.79,126.79,6,803,60,2
0.02,1.97,0.45,-102.05,8.18,105.47,2.03,146.99,18,786,105,0
0.34,1.96,-0.21,-79.65,20.87,77.76,2.00,113.25,44,766,126,1
0.28,1.39,-0.05,18.86,-3.17,24.23,1.42,30.87,66,746,134,1
0.23,0.77,0.13,3.11,0.37,16.91,0.81,17.19,93,734,146,1
0.25,1.02,-0.00,-24.41,8.12,27.71,1.05,37.81,109,719,150,4
0.26,1.08,-0.06,-9.83,5.80,28.81,1.11,30.99,174,703,151,4
0.22,1.04,-0.01,6.47,0.92,23.50,1.06,24.39,210,687,158,4
0.20,1.04,0.02,9.52,-1.22,12.15,1.06,15.48,213,675,155,5
0.19,1.01,0.04,2.44,-0.67,-0.98,1.03,2.71,224,670,155,4
0.21,1.02,0.01,-7.32,0.43,-10.99,1.04,13.21,257,674,154,3
0.22,1.01,0.01,-11.29,-0.67,-23.38,1.03,25.97,226,688,155,1
0.25,0.98,-0.02,-9.16,-1.71,-30.82,1.02,32.20,194,705,150,2
0.27,1.00,-0.04,-1.89,-2.75,-29.17,1.03,29.36,184,716,155,2
0.28,0.97,-0.04,7.02,-4.15,-27.34,1.01,28.53,178,729,151,2
0.30,0.95,-0.02,14.10,-5.25,-23.56,0.99,27.95,167,742,153,1
0.31,0.93,-0.01,21.18,-7.75,-23.32,0.98,32.44,157,747,153,0
0.31,0.97,0.01,21.48,-9.77,-24.48,1.02,34.00,135,757,156,1
0.31,1.04,0.05,21.61,-12.82,-31.74,1.08,40.48,92,769,157,2
0.34,1.28,0.04,12.76,-12.76,-56.70,1.33,59.50,70,782,149,1
0.49,1.54,-0.24,-1.40,-17.58,-105.47,1.63,106.93,42,810,147,1
0.62,1.59,-0.58,-91.80,-59.88,-207.95,1.80,235.06,23,842,121,2
0.50,1.36,-0.57,-212.71,-86.18,-247.38,1.56,337.44,10,858,55,1
0.18,1.33,-0.32,-314.27,-133.30,-145.87,1.38,371.23,4,839,22,2
-0.69,1.33,0.34,-171.26,-220.34,-10.38,1.53,279.26,3,814,10,0
-1.18,1.06,0.75,-98.57,-222.53,62.99,1.75,251.41,2,804,8,2
-0.83,0.59,0.52,5.19,-139.89,119.02,1.14,183.75,2,810,11,2
-0.52,0.29,0.14,16.24,-118.84,144.84,0.61,188.05,2,809,12,1
-0.43,0.37,0.09,-2.81,-122.19,144.59,0.58,189.33,2,813,12,0
-0.37,0.44,0.13,-25.51,-97.66,120.36,0.59,157.08,2,811,9,1
-0.09,0.61,0.20,-83.86,0.24,113.16,0.65,140.85,2,808,12,0
1.36,0.94,-0.05,-68.91,61.65,117.00,1.65,149.13,2,807,13,2
2.34,1.32,0.19,-91.86,35.34,87.22,2.69,131.51,3,787,13,0
2.98,1.68,0.43,-51.03,8.67,21.30,3.45,55.97,4,778,13,2
0.78,0.57,0.69,121.09,-40.16,-50.84,1.19,137.34,8,741,30,2
-0.38,1.04,0.75,28.69,-19.96,36.38,1.34,50.44,22,715,56,2
0.33,1.14,0.01,-11.05,2.93,6.16,1.19,12.99,53,700,88,2
0.26,1.44,-0.06,-8.54,0.00,-6.41,1.47,10.68,89,702,112,1
0.25,0.81,0.08,13.79,-6.35,-31.56,0.85,35.02,111,709,129,0
0.29,0.60,0.06,-21.00,3.78,1.16,0.67,21.37,149,708,143,2
0.30,0.99,-0.04,-11.84,3.42,22.03,1.03,25.25,192,697,142,2
0.27,1.15,-0.05,1.95,0.18,22.09,1.18,22.18,195,681,149,3
0.24,1.05,0.02,14.59,-4.76,-0.24,1.07,15.35,275,677,151,2
0.25,1.00,0.03,5.00,-3.11,-14.16,1.03,15.34,254,679,158,4
0.26,0.99,0.02,1.10,-2.08,-23.56,1.02,23.68,200,690,160,1
0.29,0.96,0.00,-1.65,-1.16,-28.20,1.00,28.27,201,705,161,3
0.31,0.94,-0.01,-3.17,0.31,-26.67,0.99,26.86,169,718,163,1
0.32,0.95,-0.01,-0.61,0.49,-22.22,1.00,22.23,195,728,164,3
0.34,1.00,-0.04,6.59,-1.28,-24.29,1.06,25.20,170,740,162,2
0.34,0.91,0.01,14.53,-4.15,-25.82,0.97,29.91,133,752,159,2
0.35,0.88,0.02,14.65,-4.70,-27.53,0.95,31.53,110,762,161,2
0.35,0.85,0.06,9.09,-2.62,-25.21,0.92,26.93,92,774,159,1
0.38,1.00,0.01,3.78,0.00,-28.20,1.07,28.45,76,785,160,0
0.38,1.10,0.07,2.26,-0.06,-45.17,1.17,45.22,68,797,160,1
0.34,1.35,0.14,-12.82,4.39,-75.99,1.40,77.19,51,809,158,3
0.39,1.76,0.09,-34.30,17.70,-134.58,1.80,140.01,40,833,155,2
0.36,2.33,0.08,-57.13,24.41,-236.21,2.36,244.24,25,864,126,1
0.43,2.25,0.35,-55.30,57.19,-333.98,2.32,343.33,8,881,64,1
0.52,0.80,-0.12,-51.64,46.63,-323.79,0.96,331.18,3,852,28,1
0.04,-0.23,-0.33,-89.60,0.31,-215.21,0.40,233.12,2,818,11,3
-0.22,0.93,-0.24,-80.75,-175.17,71.23,0.99,205.62,1,808,8,3
-1.00,0.83,0.40,-34.55,-284.85,137.63,1.36,318.24,1,814,6,2
-1.51,0.33,0.31,36.99,-225.77,184.14,1.58,293.68,1,810,7,3
-1.22,0.16,-0.19,53.83,-111.94,236.94,1.24,267.52,1,806,9,4
-0.82,0.33,-0.37,-17.94,-38.51,267.94,0.96,271.29,1,805,9,3
-0.39,0.92,-0.27,-84.66,3.66,271.06,1.03,283.99,1,795,9,4
0.13,1.29,-0.07,-91.80,65.43,243.10,1.30,267.97,2,772,8,2
0.90,1.73,0.02,-91.25,165.22,187.87,1.95,266.30,3,748,10,2
2.86,1.56,-0.51,-112.43,255.43,119.02,3.30,303.40,3,718,8,1
4.00,1.73,-0.14,-57.86,225.83,-16.17,4.36,233.69,4,705,10,2
4.00,0.76,-0.56,143.31,54.75,-79.77,4.11,172.91,8,701,23,2
-0.02,1.59,0.51,8.06,-16.78,84.35,1.67,86.38,44,717,68,2
0.28,1.20,0.01,-8.18,2.20,47.55,1.23,48.29,144,681,111,5
0.19,1.22,-0.06,-2.20,5.37,24.78,1.23,25.45,195,664,131,11
0.16,1.02,0.02,4.64,-0.06,-1.95,1.03,5.03,201,659,139,11
0.17,1.03,-0.01,-7.32,0.49,-20.02,1.04,21.32,205,670,153,7
0.21,1.04,-0.05,-11.60,1.22,-24.29,1.06,26.95,256,689,156,3
0.22,0.97,-0.03,-1.71,-2.08,-31.98,1.00,32.10,195,705,164,3
0.23,0.96,-0.03,1.04,-1.95,-26.79,0.99,26.89,189,726,161,1
0.24,1.03,-0.03,2.14,-2.20,-27.59,1.06,27.76,158,743,167,2
0.25,1.09,-0.04,5.98,-2.50,-35.40,1.12,35.99,147,765,170,1
0.27,1.10,-0.03,7.45,1.34,-42.54,1.13,43.21,96,793,167,2
0.29,1.01,-0.03,11.41,0.73,-52.61,1.05,53.84,61,819,172,2
0.32,0.94,-0.03,15.01,-0.43,-56.03,1.00,58.01,40,837,167,3
0.35,0.99,-0.03,16.85,-1.71,-59.45,1.05,61.81,30,845,169,1
0.40,1.20,-0.01,19.17,-2.62,-72.33,1.26,74.87,22,852,167,2
0.37,1.40,0.03,16.91,-2.44,-105.16,1.45,106.54,18,861,162,2
0.35,2.02,0.07,8.54,-0.79,-163.94,2.05,164.16,14,875,157,2
0.31,2.48,0.11,14.34,3.42,-263.00,2.50,263.41,10,876,134,2
0.54,2.31,0.08,31.98,16.66,-349.61,2.38,351.46,4,880,71,1
0.55,1.31,0.05,13.00,16.36,-346.86,1.42,347.49,1,845,27,0
-0.33,-0.22,-0.29,9.83,1.77,-252.44,0.49,252.64,1,821,11,3
-1.12,0.82,-0.45,-86.06,-31.98,53.28,1.46,106.15,2,809,9,1
-1.02,0.82,0.24,-101.68,-36.74,117.37,1.33,159.58,1,799,10,2
-1.22,0.45,0.06,22.71,-9.16,220.83,1.30,222.18,1,797,8,2
-0.51,0.37,-0.22,2.87,-4.76,271.85,0.67,271.91,1,793,7,3
-0.11,0.72,-0.04,-40.10,-30.27,275.63,0.73,280.18,1,793,10,4
0.56,0.84,0.00,-55.48,-66.41,249.76,1.01,264.32,1,787,13,3
0.48,1.41,0.63,-85.02,-52.06,189.76,1.62,214.35,2,780,11,1
1.46,1.26,0.25,-41.20,26.92,189.39,1.95,195.68,2,767,13,3
2.52,1.27,0.37,-53.34,48.77,133.79,2.84,152.06,3,757,14,1
3.57,1.12,0.40,-29.60,44.19,92.83,3.76,106.99,3,751,11,2
3.76,0.95,0.26,29.42,12.15,-28.14,3.89,42.48,4,735,17,1
0.71,1.28,-0.16,26.06,-1.04,74.04,1.48,78.50,12,723,38,0
0.24,1.71,-0.06,-50.60,9.22,18.68,1.73,54.72,44,706,73,3
0.19,1.45,-0.18,-6.77,5.55,23.19,1.47,24.79,110,695,98,4
0.21,0.95,0.01,32.41,-6.59,-8.54,0.97,34.16,157,689,121,2
0.20,0.81,0.04,-3.05,1.22,-2.56,0.83,4.17,193,691,132,5
0.21,1.04,-0.07,-11.35,3.48,8.42,1.07,14.56,204,684,139,4
0.20,1.07,-0.08,3.66,-0.18,-2.01,1.09,4.18,244,681,145,4
0.20,0.99,-0.03,13.31,-3.05,-10.93,1.01,17.48,236,686,153,5
0.20,0.98,-0.02,14.16,-3.54,-12.57,1.00,19.26,209,696,162,4
0.20,0.98,0.00,13.79,-2.87,-14.28,1.00,20.06,182,716,163,3
0.22,1.05,-0.00,10.50,-2.44,-22.52,1.08,24.97,161,739,168,2
0.23,1.05,0.01,11.84,-2.01,-30.76,1.08,33.02,116,764,166,1
0.24,1.15,0.00,9.40,-0.61,-41.99,1.18,43.04,81,794,168,3
0.27,1.21,-0.01,13.12,0.00,-61.77,1.24,63.15,52,822,164,3
0.28,1.20,0.00,18.62,-0.67,-85.82,1.23,87.81,35,839,166,2
0.29,1.42,0.01,17.33,-0.31,-117.49,1.45,118.76,21,853,162,0
0.18,1.67,0.15,15.62,0.31,-172.06,1.69,172.77,15,862,151,2
0.31,1.96,0.02,15.44,4.39,-254.33,1.98,254.84,9,872,135,1
0.50,2.38,-0.05,38.76,12.51,-326.11,2.43,328.64,4,872,72,3
0.59,1.38,-0.46,55.30,-5.68,-314.94,1.57,319.81,1,842,30,1
-0.65,-0.70,-1.02,-11.47,-50.90,-201.72,1.40,208.36,1,823,11,2
-1.38,1.56,0.02,-148.13,-98.08,36.13,2.08,181.30,2,816,11,2
-1.90,0.64,0.31,-31.86,-10.50,72.45,2.03,79.84,1,815,13,3
-1.36,0.34,-0.18,-23.32,65.19,188.90,1.41,201.19,2,801,11,1
-0.74,0.67,-0.13,-39.31,55.18,268.80,1.00,277.20,1,800,10,3
-0.14,0.89,-0.06,-52.25,2.93,290.71,0.90,295.38,2,792,9,1
0.52,1.12,0.03,-60.67,-60.67,279.11,1.24,292.00,2,772,10,3
0.31,1.48,0.60,-56.58,-35.58,226.14,1.62,235.81,2,765,12,1
1.98,1.68,0.03,-34.00,61.04,192.32,2.60,204.62,2,759,12,1
3.55,1.27,-0.35,-37.29,92.90,108.09,3.79,147.32,3,751,13,2
4.00,1.36,-0.09,-32.96,47.00,4.58,4.23,57.58,4,732,12,1
3.11,1.94,1.25,125.06,-54.75,-94.24,3.87,165.89,11,686,28,3
-0.38,1.45,1.37,12.39,-33.87,44.37,2.03,57.18,43,670,62,2
0.25,1.16,0.05,-63.42,12.76,19.53,1.19,67.57,128,670,103,4
0.26,1.34,-0.21,-20.51,6.59,-2.44,1.39,21.68,192,672,127,5
0.20,0.82,0.05,15.32,-2.01,-6.53,0.84,16.78,212,668,135,4
0.18,1.02,0.01,-12.33,2.32,-5.55,1.03,13.72,260,666,147,5
0.21,1.08,-0.06,-11.72,1.77,-18.37,1.10,21.86,206,675,153,4
0.21,1.00,-0.01,3.48,-2.75,-30.88,1.02,31.20,257,695,159,2
0.22,0.94,-0.01,0.79,-1.34,-30.33,0.97,30.37,198,714,165,3
0.24,0.99,-0.03,2.93,0.18,-24.60,1.02,24.77,178,733,165,2
0.26,1.05,-0.05,9.64,0.18,-26.12,1.08,27.85,151,757,167,3
0.27,1.02,-0.03,18.62,-0.67,-30.46,1.06,35.70,124,779,169,2
0.29,1.04,-0.02,19.71,-0.73,-38.21,1.08,43.00,76,803,163,2
0.31,1.00,-0.01,21.61,-2.08,-46.02,1.05,50.88,53,821,160,2
0.31,0.99,0.05,16.78,-1.71,-56.21,1.04,58.69,36,835,163,3
0.35,1.26,0.02,13.49,-0.49,-76.66,1.31,77.84,26,840,158,4
0.35,1.63,0.03,9.52,1.53,-122.01,1.67,122.39,19,853,155,0
0.33,2.03,0.04,8.24,0.61,-192.99,2.06,193.17,13,862,142,1
0.57,2.12,-0.03,14.59,3.85,-276.79,2.19,277.21,8,869,93,2
0.78,1.65,-0.19,-22.46,2.26,-301.39,1.84,302.24,3,846,36,0
-0.29,0.59,-0.49,-47.85,-31.25,-227.54,0.82,234.61,2,828,13,2
-0.68,1.51,-0.06,-53.77,-90.15,-40.89,1.65,112.65,2,825,11,1
-1.28,0.47,0.07,-17.27,-89.54,-5.86,1.37,91.38,2,821,12,1
-1.27,0.41,0.22,-11.66,-30.27,116.15,1.36,120.60,2,825,10,0
-0.82,0.38,0.09,-11.41,-17.64,193.91,0.91,195.04,1,826,10,1
-0.57,0.60,0.13,-25.39,-39.12,244.45,0.84,248.86,1,826,11,1
-0.36,0.81,0.15,-29.60,-55.30,269.90,0.90,277.09,1,825,10,0
-0.05,1.02,0.11,-62.26,-41.14,249.51,1.03,260.43,1,819,11,0
-0.03,1.60,0.37,-86.12,10.50,202.15,1.65,219.98,2,813,11,1
0.73,1.70,-0.05,-60.55,99.85,211.18,1.86,241.32,2,797,12,1
2.77,1.96,-0.27,-85.82,114.99,107.36,3.40,179.20,3,780,13,1
3.83,0.67,-0.63,-50.11,52.92,35.83,3.94,81.21,3,756,12,0
4.00,2.79,1.15,121.28,-46.39,-133.67,5.01,186.35,9,684,21,0
-0.59,2.11,0.61,41.20,-10.68,113.53,2.28,121.24,75,642,68,4
0.27,1.12,0.05,18.98,-5.43,3.48,1.15,20.05,219,610,104,21
0.17,1.14,-0.01,2.38,-0.67,-8.67,1.16,9.01,233,605,129,24
0.15,0.90,0.10,-6.04,1.83,-17.15,0.92,18.28,239,617,140,18
0.21,0.96,-0.02,-9.70,2.62,-15.75,0.98,18.68,257,626,140,16
0.20,0.96,-0.00,2.75,0.37,-5.49,0.98,6.15,238,627,144,14
0.16,1.01,0.05,7.63,-1.16,-4.70,1.03,9.04,250,631,145,13
0.16,1.04,0.05,-0.73,-1.16,-18.07,1.05,18.12,230,658,148,7
0.18,1.03,0.05,-9.83,-0.06,-35.46,1.05,36.80,242,694,154,4
0.23,1.05,-0.01,-9.83,0.12,-43.46,1.08,44.55,154,731,152,2
0.24,0.96,0.01,-6.47,0.98,-42.66,0.99,43.16,133,757,156,2
0.28,0.88,-0.01,-1.83,2.14,-36.44,0.92,36.55,99,771,157,1
0.30,0.88,-0.05,3.66,0.73,-26.73,0.93,26.99,92,783,157,2
