-,-,-
0.28,1.13,-0.08,6.77,-8.12,-65.31,1.16,66.16,11,658,49,18
0.29,1.12,-0.10,10.74,-19.53,-70.62,1.17,74.05,7,641,36,19
-0.20,0.96,-0.10,30.88,-30.82,-50.35,0.99,66.63,5,636,15,19
-0.42,0.62,-0.22,39.55,-30.64,-10.07,0.78,51.03,5,650,11,20
-0.35,0.90,-0.08,12.15,-16.97,50.48,0.97,54.62,5,651,12,20
-0.31,0.76,-0.15,9.28,-11.05,55.97,0.83,57.80,5,652,11,23
-0.25,0.87,-0.06,-3.48,-5.19,61.34,0.91,61.66,5,651,12,23
-0.20,0.85,-0.06,-13.61,5.25,57.01,0.88,58.84,5,649,14,22
-0.11,0.94,-0.00,-32.10,15.75,50.05,0.95,61.51,5,650,11,22
0.04,1.05,0.03,-32.47,20.32,38.94,1.06,54.62,4,655,13,19
0.17,1.06,0.00,-34.30,15.69,10.62,1.07,39.18,4,652,11,20
0.19,1.05,-0.01,-43.70,10.80,-15.81,1.07,47.71,3,652,9,18
0.48,3.10,0.66,-57.68,14.10,-19.10,3.21,62.37,3,640,8,20
0.45,0.78,-0.24,8.18,14.04,3.36,0.94,16.59,3,640,9,18
0.41,1.18,0.01,-92.47,11.72,1.28,1.25,93.22,3,655,9,18
0.38,0.90,0.11,-30.33,17.33,-4.46,0.98,35.22,3,656,9,17
0.55,0.99,0.07,-28.32,21.61,2.01,1.13,35.68,3,667,9,15
0.62,0.96,0.06,-11.78,8.79,-4.82,1.15,15.47,3,672,10,17
0.58,0.87,0.04,-11.78,1.77,-7.75,1.05,14.21,3,670,9,16
0.59,0.92,0.11,-10.62,0.79,-16.78,1.10,19.88,3,682,10,16
0.47,0.82,0.10,5.92,3.97,-35.95,0.95,36.65,3,684,11,14
0.40,0.73,0.02,18.07,18.74,-31.31,0.83,40.72,3,690,12,14
0.38,0.67,-0.09,28.63,29.42,-21.91,0.78,46.53,3,692,11,16
0.45,0.65,-0.12,12.39,24.60,-30.40,0.80,41.02,3,694,11,14
0.44,0.69,-0.08,2.81,7.81,-42.79,0.83,43.58,3,698,13,14
0.35,0.78,-0.03,-4.15,-5.00,-46.75,0.85,47.20,3,702,13,15
0.29,0.77,-0.03,5.00,-9.22,-37.29,0.83,38.74,3,703,12,16
0.31,0.82,-0.07,5.80,-5.49,-33.75,0.88,34.68,3,705,12,15
0.39,0.82,-0.07,4.76,-4.03,-39.31,0.91,39.80,3,714,13,14
0.34,0.81,-0.07,2.26,-3.66,-50.05,0.88,50.23,4,717,14,14
0.32,0.77,-0.06,-1.59,-1.28,-44.74,0.83,44.79,4,719,15,15
0.43,0.76,-0.03,-3.85,0.12,-26.86,0.87,27.13,4,719,15,12
0.56,0.79,0.05,-4.52,-1.16,-27.71,0.97,28.10,4,722,14,13
0.73,0.79,0.08,-4.94,8.24,-54.20,1.08,55.04,4,727,17,12
-0.15,1.95,1.09,33.26,29.05,-65.06,2.24,78.64,5,756,30,12
1.13,-0.23,-1.00,122.19,50.78,161.50,1.52,208.79,12,736,97,12
-0.14,3.36,0.65,-21.30,-17.58,180.48,3.42,182.58,31,730,120,10
0.29,1.89,0.02,28.75,-13.73,71.90,1.91,78.64,59,720,135,13
0.17,0.86,0.31,37.05,-11.29,27.89,0.93,47.73,84,714,142,18
0.22,0.57,0.22,-7.02,-0.92,31.62,0.65,32.40,140,708,148,18
0.31,1.03,-0.11,-22.28,10.13,88.32,1.08,91.65,440,668,152,20
0.24,1.47,-0.08,32.04,1.89,73.73,1.49,80.41,521,597,147,38
0.07,1.04,0.08,23.68,0.43,26.67,1.04,35.67,471,545,144,71
0.13,0.98,0.06,6.65,-0.06,0.06,0.99,6.65,736,539,144,77
0.14,0.98,0.04,-0.37,0.61,-3.30,1.00,3.37,426,543,145,70
0.14,0.97,0.05,-0.37,1.04,-5.07,0.98,5.18,858,554,142,60
0.16,0.95,0.04,0.55,1.16,-3.23,0.96,3.48,572,561,142,55
0.15,0.97,0.04,2.20,1.28,-0.67,0.99,2.63,5184,560,138,56
0.15,0.98,0.04,4.39,1.04,-0.18,0.99,4.52,740,562,142,54
0.15,0.97,0.04,7.02,0.37,-0.37,0.98,7.04,853,566,138,55
0.15,0.93,0.06,1.28,0.98,1.89,0.94,2.49,726,564,135,55
0.16,0.98,0.05,0.98,0.98,2.01,1.00,2.44,456,560,136,57
0.14,0.97,0.05,1.22,0.85,2.99,0.98,3.34,561,559,130,60
0.13,1.00,0.05,1.04,0.43,1.89,1.01,2.20,565,556,133,62
0.15,0.98,0.04,5.86,-0.67,-4.64,0.99,7.50,1272,559,133,60
0.14,0.98,0.06,6.59,-1.22,-6.53,0.99,9.36,1036,564,135,58
0.16,0.98,0.06,9.03,-1.89,-9.52,0.99,13.26,864,570,137,53
0.16,1.07,0.05,10.99,-2.62,-14.04,1.08,18.02,1738,586,141,43
0.17,1.01,0.05,14.71,-3.48,-24.23,1.03,28.56,749,620,142,30
0.18,0.91,0.10,16.42,-3.42,-21.67,0.93,27.40,1760,648,145,23
0.21,0.88,0.09,17.21,-2.26,-24.17,0.91,29.76,869,673,146,23
0.23,0.92,0.08,18.86,-2.81,-3.48,0.95,19.38,426,675,139,28
0.18,1.40,0.14,19.23,-3.97,-13.43,1.42,23.78,284,694,140,26
0.10,2.74,0.45,-4.88,6.77,-88.32,2.78,88.71,68,746,136,21
0.04,2.36,0.24,2.56,32.47,-184.81,2.37,187.66,21,722,137,17
-0.12,1.91,0.05,8.91,32.17,-294.25,1.92,296.14,9,734,122,12
-0.06,1.50,0.01,44.68,22.64,-357.67,1.50,361.16,4,747,80,12
-2.18,0.21,0.20,100.40,28.50,-330.69,2.20,346.77,3,663,39,21
-1.74,-1.30,-0.92,18.74,115.66,43.88,2.36,125.12,4,634,11,21
-0.47,0.25,-0.25,-4.03,39.61,139.40,0.59,144.98,4,639,14,22
-0.36,0.15,-0.34,27.34,-50.60,176.70,0.52,185.82,3,630,14,22
0.10,0.72,-0.04,19.04,-105.41,201.35,0.73,228.07,3,636,12,21
0.33,0.87,0.07,11.90,-102.11,173.65,0.93,201.79,3,650,10,20
0.66,1.00,0.15,-17.88,-63.48,109.31,1.21,127.67,3,676,11,19
0.73,0.98,0.26,-56.82,-30.21,39.06,1.25,75.28,2,691,9,17
0.52,1.25,0.51,-73.43,40.34,6.47,1.44,84.03,2,701,9,15
0.90,1.10,0.26,-58.04,129.70,5.62,1.45,142.21,2,702,11,15
1.34,1.07,0.13,-35.77,151.43,1.04,1.72,155.60,2,709,10,14
1.69,0.81,0.09,-1.53,106.63,-19.71,1.87,108.45,2,716,9,14
1.45,0.52,-0.10,-4.27,41.14,-31.74,1.54,52.13,2,715,11,12
1.12,0.48,-0.25,-19.59,-24.35,-9.64,1.24,32.71,2,710,11,14
1.00,0.57,-0.23,-30.21,-79.04,15.20,1.17,85.97,2,717,10,13
0.86,0.68,-0.13,-27.16,-113.22,11.84,1.10,117.03,2,723,10,13
0.59,0.59,-0.11,-42.54,-106.57,-15.26,0.84,115.75,3,736,12,13
0.46,0.66,0.17,-71.29,-48.71,-44.92,0.83,97.33,3,737,12,13
0.93,0.62,0.25,-65.12,46.14,-80.38,1.14,113.28,3,715,15,9
0.92,1.84,1.12,96.01,19.78,-2.38,2.35,98.05,6,719,48,7
-0.02,2.21,-0.39,14.59,-17.15,281.01,2.24,281.91,32,728,100,9
0.26,1.18,-0.29,50.66,-18.74,215.58,1.24,222.24,144,708,117,13
0.42,1.91,0.04,77.15,3.17,140.93,1.95,160.70,1062,583,129,41
0.03,0.97,0.14,29.24,-5.19,18.86,0.98,35.18,1760,519,130,101
0.15,0.89,0.07,-5.00,-1.16,-0.67,0.90,5.18,586,518,131,103
0.15,1.03,-0.02,-6.84,0.24,1.59,1.04,7.02,660,514,131,106
0.13,0.96,0.04,4.15,0.06,2.62,0.97,4.91,579,507,128,117
0.13,0.98,0.04,1.83,0.37,3.36,0.99,3.84,429,498,123,118
0.13,0.98,0.04,3.42,0.85,2.81,0.99,4.51,568,493,122,119
0.13,0.97,0.04,3.78,1.22,0.18,0.98,3.98,554,493,116,121
0.13,0.98,0.04,2.20,1.65,-1.28,0.99,3.03,450,492,118,118
0.13,0.97,0.04,2.87,1.83,-1.83,0.98,3.86,713,496,117,109
0.13,0.97,0.04,2.87,2.14,-1.46,0.98,3.87,2464,498,117,105
0.13,0.96,0.05,0.92,2.44,-1.34,0.97,2.93,616,503,116,103
0.13,0.97,0.05,-0.31,2.32,-1.28,0.98,2.67,713,503,111,101
0.13,1.00,0.03,0.67,1.53,-3.60,1.01,3.97,551,513,120,92
0.14,0.97,0.03,5.31,0.67,-8.00,0.98,9.62,731,518,123,82
0.13,0.95,0.06,4.88,0.37,-6.29,0.96,7.97,740,523,126,79
0.14,0.99,0.04,-1.77,1.04,-5.13,1.00,5.52,858,527,125,67
0.17,0.97,0.01,3.78,-0.61,-8.79,0.99,9.59,858,536,123,60
0.13,0.98,0.06,3.11,-1.59,-11.66,0.99,12.17,644,544,129,44
0.16,1.07,0.04,4.33,-2.38,-23.01,1.08,23.54,1056,572,133,32
0.17,0.95,0.07,9.46,-2.20,-28.44,0.97,30.05,1328,604,131,27
0.19,1.02,0.04,5.43,-1.34,-33.57,1.04,34.03,1320,642,136,21
0.22,0.91,0.04,13.55,-2.26,-31.07,0.94,33.97,896,662,140,22
0.22,0.91,0.07,16.60,-3.42,-15.26,0.94,22.81,772,668,141,22
0.26,1.13,0.03,15.69,-5.98,-23.01,1.16,28.48,593,684,139,22
0.18,2.20,0.36,0.00,-1.46,-74.34,2.23,74.36,211,723,140,18
0.07,2.28,0.28,-13.12,27.77,-156.86,2.30,159.84,59,745,138,17
-0.06,1.99,0.19,-23.01,41.50,-272.34,2.00,276.44,22,736,133,13
-0.07,1.38,0.18,-3.97,39.37,-345.21,1.39,347.47,10,755,99,10
0.14,1.07,0.20,-6.77,48.28,-359.44,1.09,362.73,4,727,61,13
-2.24,0.33,0.03,80.87,64.21,-162.23,2.26,192.31,4,648,26,21
-0.68,-1.10,-0.67,27.83,18.43,54.87,1.45,64.23,4,641,11,22
-1.00,0.61,0.23,26.43,-30.03,136.17,1.19,141.92,3,643,11,21
-0.51,0.02,-0.44,54.69,-45.10,176.33,0.67,190.05,3,641,11,23
-0.18,0.67,-0.22,16.91,-44.37,189.70,0.73,195.55,3,648,10,24
0.60,0.96,-0.13,-7.26,-50.90,148.99,1.14,157.61,4,649,11,19
0.74,1.27,0.13,-24.60,-42.36,40.47,1.47,63.54,4,670,12,16
0.61,1.17,0.18,23.07,-36.99,61.89,1.33,75.70,4,689,12,15
1.32,1.27,0.15,6.47,-41.50,68.85,1.83,80.65,4,717,14,13
1.00,1.14,0.45,15.14,-2.01,14.22,1.58,20.87,3,737,16,13
1.33,0.62,-0.02,6.47,61.10,21.61,1.47,65.13,3,745,14,13
1.65,0.84,-0.08,-41.69,76.90,18.31,1.85,89.37,3,760,16,11
1.66,0.49,-0.14,-32.96,36.56,4.52,1.74,49.43,3,766,15,12
1.33,0.45,0.12,-76.90,-19.71,-1.16,1.41,79.40,4,772,16,10
1.17,0.45,0.38,-69.40,-24.41,-26.98,1.31,78.36,4,779,16,9
1.18,0.31,0.23,-53.04,-15.56,-34.55,1.24,65.18,4,778,16,9
1.19,0.50,0.21,-55.42,-27.83,-37.78,1.31,72.62,4,779,17,8
0.94,0.65,0.23,-37.48,-25.51,-57.25,1.16,73.03,4,774,18,8
-0.74,1.39,0.74,-23.07,0.79,-80.69,1.74,83.93,4,775,41,6
0.54,0.29,-0.95,15.75,-3.78,249.76,1.13,250.28,16,750,112,9
-0.08,2.13,0.10,56.52,-25.76,261.11,2.14,268.39,68,743,124,12
0.48,3.41,-0.10,25.21,-7.75,145.87,3.45,148.24,401,671,141,21
-0.20,1.06,-0.01,-42.05,8.30,55.79,1.08,70.35,869,544,137,88
0.11,1.00,0.07,1.04,-1.34,8.73,1.01,8.89,572,512,136,115
0.14,0.99,0.03,-2.81,-0.67,-0.67,1.00,2.96,1030,507,128,120
0.14,0.98,0.04,-0.49,0.00,1.71,0.99,1.78,731,503,129,124
0.13,0.99,0.05,2.32,0.12,2.69,1.00,3.55,1288,499,125,123
0.12,0.99,0.05,0.85,0.67,1.95,1.00,2.24,558,496,124,127
0.12,0.98,0.05,2.32,1.53,0.06,0.99,2.78,1674,496,118,122
0.12,0.97,0.05,2.62,1.59,-1.04,0.98,3.24,448,498,121,112
0.13,0.96,0.05,1.65,1.65,-1.77,0.97,2.93,486,501,120,107
0.13,0.97,0.05,-0.73,1.65,-1.22,0.98,2.18,489,504,121,105
0.13,0.97,0.05,-0.98,1.59,-1.40,0.98,2.33,832,508,121,99
0.13,0.99,0.04,-0.49,1.53,-2.14,1.00,2.67,1653,513,126,91
0.13,0.97,0.04,1.04,1.10,-2.81,0.98,3.19,624,519,125,91
0.13,0.97,0.04,0.67,1.16,-2.44,0.98,2.78,826,522,125,88
0.13,0.99,0.04,0.92,0.92,-2.93,1.00,3.20,1685,524,127,84
0.14,1.00,0.04,4.27,0.55,-4.88,1.01,6.51,731,538,130,74
0.14,0.95,0.06,9.52,-0.18,-6.90,0.96,11.76,731,547,131,72
0.15,0.90,0.06,5.80,0.55,-1.59,0.92,6.04,722,544,130,76
0.13,1.01,0.05,3.11,0.24,-2.38,1.02,3.93,644,540,126,79
0.14,0.98,0.05,9.77,-1.40,-10.99,0.99,14.77,565,553,128,66
0.17,0.95,0.06,14.16,-1.95,-11.23,0.96,18.18,858,570,135,59
0.14,0.95,0.08,13.06,-2.20,-4.70,0.97,14.05,1288,571,133,59
0.14,1.07,0.05,13.24,-2.81,-6.65,1.08,15.09,731,581,129,56
0.16,1.17,0.06,25.33,-4.88,-22.77,1.18,34.41,853,622,133,41
0.13,1.16,0.16,34.36,-4.33,-46.75,1.17,58.18,391,678,135,29
0.14,2.42,0.48,-2.75,6.90,-85.39,2.47,85.71,90,726,136,22
0.08,2.37,0.21,-13.92,35.71,-156.56,2.38,161.18,23,715,132,19
-0.00,1.92,-0.00,15.32,29.24,-279.66,1.92,281.60,9,694,118,16
0.04,1.35,0.02,50.54,16.05,-315.73,1.35,320.16,4,695,81,14
-0.47,1.50,0.35,94.54,13.73,-298.16,1.61,313.09,2,665,50,16
-1.88,-1.56,-1.17,166.08,29.24,-71.23,2.71,183.06,3,615,16,23
-1.45,-0.40,-0.56,-13.43,9.16,44.68,1.60,47.54,3,636,14,24
-0.63,0.19,-0.22,-12.21,4.03,137.88,0.69,138.48,3,640,11,23
-0.18,0.30,-0.31,-40.41,-27.83,155.76,0.47,163.31,3,644,12,22
0.27,0.86,-0.05,-45.90,-80.26,159.36,0.90,184.24,3,646,12,21
0.48,0.90,-0.01,-60.36,-103.58,86.43,1.02,147.79,3,645,11,19
0.13,1.24,0.48,-63.17,-17.33,-2.01,1.33,65.54,2,667,11,19
0.45,0.91,0.11,-58.11,69.64,23.25,1.02,93.63,2,670,9,16
1.06,1.18,0.13,-75.68,87.83,36.01,1.59,121.40,2,689,12,16
1.25,1.10,0.23,-33.45,58.41,36.07,1.68,76.37,2,710,13,13
1.29,0.93,0.27,-24.78,46.94,30.46,1.61,61.19,2,727,15,14
1.41,0.82,0.28,-17.76,49.87,22.22,1.66,57.41,3,743,12,13
1.51,0.60,0.06,-5.74,35.64,24.05,1.63,43.38,3,747,11,11
1.56,0.26,-0.09,-15.20,-7.26,16.11,1.58,23.31,3,770,15,11
1.20,0.31,0.17,-67.08,-45.65,-11.23,1.26,81.91,3,776,14,12
0.97,0.75,0.72,-46.81,-30.21,-24.35,1.43,60.81,3,784,15,9
1.34,0.53,0.27,15.56,-14.40,-41.99,1.47,47.04,3,783,18,11
1.31,0.36,-0.25,29.60,-8.97,-73.36,1.38,79.62,3,777,18,10
1.05,-0.04,-0.79,159.30,36.50,110.84,1.31,197.47,6,785,73,9
-0.24,3.63,0.65,-45.72,-28.56,282.35,3.69,287.45,29,761,128,11
0.20,2.32,-0.07,31.13,-25.63,182.68,2.33,187.08,81,736,143,15
0.31,1.96,0.51,112.18,-19.23,129.46,2.05,172.38,568,639,151,29
0.03,2.05,-0.14,-48.52,4.15,61.58,2.05,78.51,652,540,145,86
0.13,1.04,0.07,0.98,0.55,9.46,1.05,9.53,1036,521,147,98
0.14,1.00,0.05,1.59,-0.31,-2.44,1.01,2.93,459,520,147,100
0.14,0.97,0.06,0.61,0.37,-0.31,0.98,0.77,583,517,145,102
0.14,0.98,0.06,1.95,0.67,0.85,0.99,2.24,515,514,139,103
0.13,0.99,0.07,3.05,0.43,-1.28,1.00,3.34,1030,518,142,100
0.14,0.98,0.06,4.88,0.12,-2.99,1.00,5.73,640,526,145,92
0.13,0.98,0.06,6.41,-0.12,-4.46,0.99,7.81,1696,537,143,77
0.15,0.95,0.07,5.43,0.06,-5.25,0.97,7.55,459,549,142,71
0.15,0.95,0.07,3.11,0.67,-3.42,0.97,4.67,1272,557,144,61
0.15,0.93,0.08,1.71,1.16,-1.95,0.94,2.84,731,557,142,63
0.15,0.98,0.06,-0.73,1.53,-0.12,1.00,1.70,636,558,142,64
0.15,0.98,0.06,0.79,1.10,-2.01,0.99,2.43,736,559,141,62
0.16,0.89,0.08,0.92,1.53,0.24,0.91,1.80,853,559,142,63
0.15,0.93,0.07,-6.04,2.62,10.25,0.95,12.19,640,546,135,73
0.14,0.99,0.06,-4.70,2.20,9.52,1.00,10.84,722,532,132,87
0.12,1.03,0.06,-6.29,2.08,7.93,1.04,10.33,632,521,125,92
0.12,1.03,0.06,2.56,-0.49,-5.98,1.03,6.53,726,527,129,87
0.16,1.01,0.03,10.56,-2.20,-15.99,1.02,19.29,858,545,130,70
0.14,1.01,0.07,10.80,-2.93,-19.47,1.02,22.46,869,574,136,48
0.16,1.02,0.06,16.85,-3.30,-33.63,1.04,37.76,576,623,139,31
0.20,0.90,0.08,16.66,-1.34,-31.13,0.92,35.33,2656,658,142,25
0.20,1.06,0.11,15.32,-0.24,-21.91,1.09,26.74,531,678,143,24
0.15,1.39,0.18,8.12,1.77,-50.23,1.42,50.91,249,719,144,20
0.18,2.09,0.26,-8.24,14.59,-98.45,2.11,99.87,81,755,153,18
0.13,2.21,0.18,-7.08,28.75,-169.19,2.22,171.76,35,757,151,14
-0.08,2.11,0.09,-1.95,28.87,-273.56,2.12,275.09,13,753,140,9
-0.01,1.59,0.00,34.73,22.95,-350.89,1.59,353.35,7,776,102,10
0.20,0.87,-0.07,76.84,17.94,-363.71,0.90,372.17,3,728,55,15
-2.16,-0.52,-0.69,125.73,4.70,-2.99,2.32,125.86,3,624,21,22
-1.60,-0.46,-0.32,1.16,-41.50,50.42,1.69,65.31,3,631,12,23
-0.83,0.14,-0.25,19.96,-32.78,162.54,0.87,167.01,3,646,12,23
-0.42,0.28,-0.40,-11.23,-38.39,181.09,0.64,185.46,3,643,11,24
0.22,0.91,-0.22,-39.79,-58.23,182.80,0.97,195.93,3,636,10,21
0.26,1.12,0.13,-40.04,-68.54,146.00,1.16,166.18,3,638,10,24
0.36,1.17,0.26,-53.96,-22.03,93.26,1.25,109.97,3,666,12,19
0.53,1.38,0.26,-67.14,8.18,48.03,1.50,82.96,3,676,11,17
0.67,1.42,0.37,-36.99,41.26,55.91,1.62,78.72,3,700,13,14
1.35,1.17,0.19,-32.59,82.64,29.05,1.80,93.47,4,710,13,13
1.73,0.97,0.26,-60.79,68.24,13.67,2.00,92.41,4,724,14,11
1.92,0.80,0.35,-42.79,46.39,11.66,2.11,64.17,4,745,14,11
1.77,0.39,0.17,-12.57,15.50,6.04,1.82,20.86,4,752,16,9
1.54,0.07,-0.01,-21.24,2.56,-2.44,1.54,21.53,4,752,17,9
1.52,0.28,0.20,-50.84,-6.77,-29.54,1.56,59.19,4,751,14,10
1.24,0.44,0.45,-41.69,-28.87,-48.28,1.39,70.02,4,751,14,8
1.15,0.68,0.19,-11.41,-14.40,-74.89,1.35,77.11,4,748,13,10
0.86,0.56,-0.13,-0.61,17.70,-135.99,1.03,137.13,5,769,19,9
1.31,0.02,-1.29,187.93,22.16,247.99,1.84,311.94,13,758,93,10
-0.01,1.64,-0.45,96.68,-20.14,256.53,1.70,274.88,66,744,129,11
0.20,1.33,-0.15,89.78,-24.96,174.26,1.35,197.61,226,718,139,13
0.11,1.63,0.44,86.18,-13.55,138.55,1.69,163.73,597,623,144,30
0.10,1.29,0.02,-41.87,8.48,55.60,1.30,70.12,482,541,135,92
0.12,0.96,0.06,11.17,-3.60,-3.05,0.97,12.13,664,531,135,97
0.16,0.93,0.03,1.95,-0.18,-3.23,0.95,3.78,768,533,133,92
0.15,0.99,0.03,1.04,0.85,3.11,1.00,3.39,579,528,134,98
0.14,0.98,0.03,7.20,-0.49,5.19,0.99,8.89,1030,515,130,110
0.14,0.98,0.05,5.49,-0.37,6.41,0.99,8.45,544,498,120,111
0.13,0.98,0.05,5.55,0.00,0.43,0.99,5.57,473,493,114,112
0.13,0.97,0.05,3.60,1.10,-0.92,0.98,3.87,584,498,117,108
0.13,0.97,0.05,2.32,1.16,-1.65,0.98,3.07,470,506,118,103
0.14,0.97,0.05,1.77,1.10,-2.20,0.98,3.03,470,507,117,99
0.14,0.97,0.05,0.06,1.46,-1.89,0.98,2.39,1589,513,119,93
0.14,0.97,0.04,0.49,1.34,-2.44,0.98,2.83,1208,516,121,94
0.14,0.98,0.04,1.59,1.46,-2.50,0.99,3.31,992,518,122,92
0.14,0.97,0.05,2.32,1.16,-3.11,0.98,4.05,547,525,127,82
0.16,1.00,0.06,1.53,0.92,-5.86,1.01,6.12,624,535,130,73
0.14,0.99,0.05,2.69,-0.18,-11.47,1.01,11.79,853,558,131,56
0.17,1.04,0.04,2.69,0.00,-21.61,1.06,21.77,731,587,135,35
0.17,0.97,0.06,-2.14,1.22,-31.74,0.98,31.83,1304,620,132,24
0.21,0.82,0.03,-3.66,1.53,-26.92,0.85,27.21,1075,639,136,21
0.20,0.98,0.04,-4.76,2.50,-4.33,1.00,6.91,5344,641,141,20
0.19,1.01,0.05,-0.12,0.85,-8.00,1.03,8.04,1368,645,137,23
0.21,0.98,0.03,9.83,-1.40,-5.98,1.00,11.59,1081,645,142,23
0.21,0.98,0.06,19.10,-3.78,-7.26,1.01,20.79,1834,651,142,21
0.21,0.97,0.05,21.36,-4.09,-10.74,1.00,24.26,-5472,659,142,24
0.22,1.05,0.08,28.20,-7.08,-13.73,1.07,32.15,777,672,137,24
0.19,1.87,0.30,10.99,-5.37,-54.50,1.91,55.86,408,711,137,19
0.18,1.73,0.26,10.31,13.18,-104.61,1.76,105.95,127,742,142,18
0.09,1.87,0.28,-11.47,33.57,-170.04,1.90,173.71,29,762,142,13
0.03,1.72,0.16,-26.12,40.10,-257.20,1.73,261.62,14,763,135,10
0.05,1.19,0.02,0.92,36.07,-309.33,1.19,311.42,7,782,94,11
0.06,1.10,0.18,25.39,32.29,-305.66,1.11,308.41,4,737,59,16
-1.71,-0.31,-0.54,122.99,29.72,-126.53,1.82,178.94,4,651,23,20
-0.84,-0.44,-0.49,-2.44,-45.90,20.63,1.07,50.38,3,650,12,21
-1.01,0.51,0.16,45.23,-52.73,154.60,1.14,169.49,3,656,11,23
-0.29,0.37,-0.26,-4.09,-32.53,164.37,0.54,167.61,3,660,9,22
0.27,0.80,-0.26,-19.53,-33.81,157.10,0.88,161.88,3,665,9,23
0.59,1.03,-0.04,-41.50,-64.15,161.32,1.19,178.49,4,671,10,22
0.95,1.38,0.33,-55.79,-42.72,135.07,1.71,152.26,4,671,11,18
1.13,1.16,0.12,-56.27,1.40,71.90,1.62,91.31,5,667,9,17
1.06,1.09,0.11,-63.54,25.39,27.47,1.53,73.73,4,670,7,15
1.03,1.14,0.12,-60.85,37.35,13.67,1.54,72.70,4,676,10,15
1.02,1.09,0.07,-17.76,35.16,14.53,1.49,41.98,4,682,11,13
0.95,0.76,-0.13,-37.48,14.53,-1.83,1.22,40.23,3,687,11,14
0.78,0.87,0.07,-62.32,7.75,-11.66,1.17,63.87,3,699,11,11
0.75,0.82,0.09,-69.34,6.65,-16.30,1.12,71.54,3,708,13,12
0.84,0.98,0.20,-63.42,-2.38,-13.06,1.30,64.79,3,728,10,12
0.74,0.72,0.15,-37.05,-21.18,-11.29,1.04,44.14,3,736,13,12
0.68,0.73,0.18,-36.99,-27.28,0.98,1.02,45.97,3,736,11,11
0.78,0.76,0.22,-20.63,-19.23,-3.91,1.11,28.47,3,740,13,10
0.76,0.56,0.14,-10.80,-6.29,-25.15,0.95,28.08,3,743,14,9
0.91,0.53,0.05,-12.57,1.65,-24.05,1.05,27.19,3,743,15,8
1.29,0.79,0.05,34.85,-26.25,-55.66,1.51,70.72,3,748,15,9
1.07,0.11,-0.22,39.49,-34.36,-90.82,1.10,104.83,4,761,13,9
0.10,0.29,0.04,160.89,10.44,38.09,0.31,165.66,6,776,62,9
-0.20,2.27,0.55,9.58,-49.07,253.97,2.35,258.84,28,730,122,9
0.12,2.23,0.01,5.86,-16.85,199.71,2.23,200.50,123,719,137,12
0.24,1.79,0.12,49.56,-4.76,136.66,1.81,145.44,326,676,149,16
0.05,0.49,0.45,96.44,-26.06,69.40,0.66,121.63,1062,596,147,43
0.15,1.13,0.09,3.72,-1.46,24.29,1.14,24.62,1792,549,146,81
0.14,1.01,0.05,-4.58,0.24,6.29,1.03,7.78,437,535,140,93
0.15,0.97,0.06,3.48,-0.61,-2.20,0.98,4.16,1056,535,142,91
0.15,0.99,0.06,4.70,0.06,-1.22,1.00,4.86,885,535,140,94
0.16,0.96,0.07,7.45,0.00,-0.85,0.98,7.50,885,536,142,91
0.16,0.96,0.07,4.70,0.37,-1.04,0.98,4.83,576,536,141,86
0.15,0.99,0.06,4.33,0.55,-1.71,1.01,4.69,561,543,134,82
0.17,0.99,0.06,7.93,-0.18,-4.94,1.01,9.35,1017,554,135,74
0.17,0.94,0.08,8.79,-0.61,-6.90,0.96,11.19,853,571,140,66
0.15,0.96,0.08,7.75,-0.06,-6.10,0.98,9.87,558,582,139,56
0.17,0.92,0.09,6.29,0.31,-4.52,0.94,7.75,448,588,140,51
0.17,0.99,0.08,3.85,0.67,-2.62,1.00,4.70,722,588,141,50
0.17,0.89,0.10,2.32,1.04,-0.98,0.91,2.72,558,588,137,54
0.16,0.98,0.08,-5.31,1.89,5.31,1.00,7.74,632,583,140,61
0.18,0.95,0.07,-2.99,1.71,3.91,0.97,5.21,505,575,137,63
0.21,0.95,0.10,-3.97,1.53,7.32,0.98,8.47,499,563,135,75
0.16,1.08,0.07,-1.28,0.85,2.08,1.09,2.58,554,560,133,72
0.16,1.09,0.04,12.63,-1.40,-12.45,1.11,17.79,726,574,136,63
0.16,0.97,0.11,23.25,-3.17,-20.87,0.99,31.41,853,604,138,45
0.17,0.97,0.10,18.80,-3.36,-28.69,0.99,34.46,572,654,137,32
0.21,0.91,0.10,19.59,-2.93,-27.22,0.94,33.67,363,676,144,29
0.19,1.07,0.17,10.93,0.06,-18.49,1.10,21.48,471,697,145,24
0.21,1.43,0.21,7.20,3.72,-45.72,1.46,46.43,143,732,147,21
0.21,1.48,0.25,11.29,11.11,-66.35,1.51,68.21,76,746,140,20
0.14,1.88,0.35,-8.24,28.99,-117.61,1.92,121.42,28,765,144,16
0.06,2.10,0.19,-21.18,40.53,-213.01,2.11,217.87,11,754,138,15
-0.05,1.70,0.07,5.62,41.69,-296.69,1.71,299.66,6,762,114,11
-0.11,1.55,0.40,52.12,38.33,-332.03,1.60,338.28,3,764,67,15
-1.90,-0.46,-0.32,195.62,72.02,-199.52,1.98,288.55,3,648,33,20
-1.45,-1.04,-0.96,24.11,73.30,8.85,2.03,77.67,3,622,10,24
-0.89,0.19,-0.24,26.37,69.58,127.44,0.94,147.57,3,622,12,22
-0.40,0.27,-0.40,-5.49,52.00,147.83,0.62,156.80,3,628,11,23
0.32,0.75,-0.39,-1.95,10.01,151.92,0.91,152.26,3,635,13,19
0.45,0.99,-0.22,-15.08,-32.96,122.38,1.11,127.63,4,633,11,18
0.73,1.07,-0.19,-23.19,-31.19,101.44,1.31,108.63,4,630,10,18
1.10,1.24,-0.11,-14.47,-39.43,89.42,1.66,98.79,4,647,12,15
1.07,1.10,-0.04,-16.17,-50.96,38.27,1.53,65.75,4,662,11,13
0.92,1.06,0.09,-32.10,-20.69,20.51,1.40,43.35,3,674,10,14
1.21,0.92,-0.02,-37.78,34.12,10.56,1.52,51.99,3,679,11,11
1.51,0.87,-0.02,-55.18,32.96,4.39,1.75,64.42,3,685,12,11
1.34,0.53,0.03,-47.49,12.94,15.32,1.44,51.55,3,682,13,12
1.27,0.58,-0.00,-49.93,12.15,27.10,1.39,58.09,3,683,11,11
1.24,0.44,-0.10,-49.07,1.16,0.92,1.32,49.09,3,692,14,12
1.07,0.51,0.09,-67.99,-17.94,-34.48,1.19,78.32,3,705,13,10
0.88,0.55,0.34,-49.93,-35.95,-41.69,1.09,74.32,3,703,12,9
0.92,0.53,0.34,-18.86,-37.23,-47.06,1.12,62.90,3,703,14,10
1.07,0.60,0.30,-13.31,-15.38,-80.38,1.26,82.92,3,738,21,9
1.02,-0.11,-0.40,218.69,13.61,220.09,1.10,310.57,12,735,93,10
-0.21,2.41,0.00,101.99,-28.02,287.41,2.42,306.26,46,740,125,10
0.24,2.04,0.08,95.70,-23.80,161.50,2.06,189.23,196,703,147,13
0.20,1.14,0.34,73.36,-11.23,94.85,1.20,120.44,368,654,153,19
0.11,1.05,0.11,5.68,-3.23,46.81,1.06,47.27,652,587,154,46
0.16,1.17,0.04,-0.24,0.06,12.21,1.19,12.21,1043,555,151,69
0.16,0.97,0.08,3.72,-0.37,1.65,0.98,4.09,1049,544,145,79
0.15,1.00,0.06,0.49,0.31,0.73,1.01,0.93,869,541,149,77
0.16,0.96,0.07,3.85,0.12,-1.28,0.98,4.06,745,544,147,73
0.16,0.96,0.07,2.81,0.43,0.31,0.97,2.86,731,544,145,74
0.15,0.97,0.06,-0.06,0.98,1.10,0.98,1.47,624,547,138,68
0.16,0.97,0.06,0.49,1.10,1.04,0.98,1.59,717,546,139,62
0.16,0.97,0.06,1.65,0.98,0.92,0.98,2.12,608,545,136,66
0.15,0.96,0.07,1.04,1.10,1.22,0.97,1.94,604,540,131,67
0.15,0.97,0.06,-0.06,1.34,1.77,0.98,2.22,805,539,129,67
0.15,0.98,0.06,0.31,1.46,1.34,0.99,2.01,805,540,132,68
0.15,0.98,0.06,1.59,1.10,-0.79,0.99,2.09,800,540,133,69
0.15,0.98,0.06,3.23,1.04,-2.32,0.99,4.11,600,540,129,67
0.15,0.98,0.06,4.39,0.49,-4.09,1.00,6.02,540,545,134,61
0.15,1.01,0.06,3.78,0.12,-8.30,1.02,9.12,821,560,135,51
0.17,0.92,0.08,8.54,-1.59,-12.94,0.94,15.59,1240,577,138,38
0.17,0.98,0.07,3.48,-2.14,-11.17,1.00,11.89,2544,589,141,33
0.17,1.00,0.06,4.21,-2.44,-19.04,1.01,19.66,853,610,140,28
0.19,0.86,0.10,7.08,-1.59,-11.47,0.89,13.58,2592,621,139,27
0.20,1.00,0.07,9.40,-1.34,-4.88,1.02,10.68,864,624,142,27
0.20,1.03,0.10,16.66,-3.54,-9.52,1.05,19.51,874,633,139,30
0.23,1.42,0.14,15.14,-2.26,-33.75,1.44,37.06,660,689,147,22
0.13,2.09,0.36,-9.77,5.98,-136.35,2.12,136.83,92,757,149,14
0.05,2.33,0.26,-33.26,42.66,-238.77,2.34,244.82,34,771,146,11
-0.30,2.18,0.21,-21.61,43.27,-366.46,2.22,369.63,14,794,140,8
-0.05,1.31,0.13,37.60,46.14,-431.46,1.32,435.54,6,797,81,11
-2.50,-0.55,-0.48,166.99,60.18,-181.03,2.60,253.54,4,678,38,21
-1.32,-0.63,-0.72,39.25,-26.55,32.04,1.63,57.20,4,653,10,22
-1.60,0.42,0.10,63.96,-68.36,151.49,1.66,178.08,3,660,12,22
-0.87,-0.24,-0.62,47.73,-30.82,194.21,1.09,202.35,3,669,10,23
0.04,0.87,-0.35,-9.46,-20.63,216.06,0.93,217.25,3,681,13,18
0.71,0.93,-0.49,-17.09,-62.81,154.97,1.27,168.08,4,681,10,19
0.67,1.22,0.09,-69.27,-71.96,132.75,1.40,166.13,4,687,11,17
1.24,1.54,0.28,-75.56,-5.00,82.21,2.00,111.78,5,692,12,15
1.64,1.33,0.36,-43.52,46.14,34.67,2.14,72.28,5,705,10,15
1.79,1.14,0.42,-35.58,53.83,-0.18,2.17,64.53,4,714,15,14
1.51,0.81,0.33,-25.27,49.99,-22.34,1.75,60.30,4,721,12,13
1.35,0.59,0.07,-15.26,49.56,-28.81,1.48,59.32,3,722,13,10
1.18,0.17,-0.21,-13.92,35.58,-32.78,1.21,50.34,3,725,14,11
1.23,0.25,-0.11,-65.06,15.81,-39.37,1.26,77.67,3,728,13,9
1.23,0.67,0.33,-98.51,0.73,-71.53,1.44,121.75,3,727,11,7
1.21,0.70,0.37,-25.27,3.72,-74.28,1.45,78.55,3,732,15,8
1.43,0.19,-0.20,5.49,-18.80,-77.45,1.45,79.89,4,738,14,7
1.14,0.59,-0.40,131.23,-23.25,143.07,1.34,195.52,8,796,85,7
0.01,3.23,-0.09,34.55,-35.58,286.56,3.23,290.82,31,784,139,9
0.25,1.27,-0.19,68.24,-32.04,154.97,1.30,172.33,67,758,151,11
0.13,0.80,0.25,31.37,-18.25,98.14,0.85,104.64,180,735,157,13
0.27,1.62,-0.04,-0.06,6.71,99.67,1.65,99.90,786,668,158,22
0.04,1.06,0.25,35.64,-6.23,47.79,1.09,59.94,494,596,150,37
0.13,1.08,0.07,3.42,-1.16,9.16,1.09,9.84,540,579,152,42
0.17,0.97,0.03,2.69,0.06,-0.98,0.99,2.86,600,582,154,42
0.16,0.97,0.06,3.23,0.06,-1.10,0.98,3.42,2736,584,153,40
0.15,1.04,0.04,0.31,0.98,-2.32,1.05,2.53,1081,593,153,37
0.16,0.95,0.06,4.64,1.34,-9.58,0.96,10.73,890,614,152,32
0.17,0.95,0.06,-0.79,2.69,-10.31,0.96,10.69,1781,641,152,28
0.18,0.98,0.05,-2.69,3.42,-11.17,1.00,11.99,586,664,146,23
0.18,0.98,0.06,-0.31,2.99,-11.41,0.99,11.80,343,686,152,19
0.19,0.97,0.04,1.22,2.38,-12.82,0.99,13.09,324,701,152,14
0.20,0.91,0.03,2.44,1.65,-12.94,0.93,13.27,272,711,152,15
0.20,0.94,0.05,0.85,0.92,-7.87,0.96,7.97,286,715,148,14
0.22,0.88,0.03,1.04,0.37,-4.88,0.90,5.01,259,712,150,14
0.21,0.97,0.05,0.92,0.18,4.33,0.99,4.43,354,697,146,16
0.20,1.01,0.02,2.81,-0.12,2.62,1.02,3.85,406,695,147,16
0.22,0.90,0.03,11.78,-2.08,2.50,0.93,12.22,768,682,149,18
0.17,1.07,0.08,12.39,-3.23,12.21,1.08,17.69,597,668,150,22
0.16,1.02,0.10,7.87,-2.93,-8.79,1.04,12.16,676,661,148,21
0.21,0.98,0.05,5.86,-1.59,-15.75,1.00,16.88,912,664,146,19
0.24,1.05,0.08,9.09,-1.28,-16.48,1.08,18.87,604,679,146,21
0.32,0.95,0.06,16.48,-2.75,-20.45,1.00,26.40,314,703,150,19
0.24,1.52,0.19,12.51,-1.53,-33.02,1.55,35.34,205,736,147,18
0.14,2.04,0.36,5.92,21.67,-92.41,2.08,95.10,59,782,146,17
0.01,2.12,0.20,-21.79,44.98,-195.56,2.13,201.84,20,789,140,12
-0.05,1.86,0.10,-8.06,41.75,-292.48,1.86,295.55,8,804,126,9
0.04,1.35,0.12,34.36,39.43,-339.05,1.35,343.06,4,800,73,13
-1.35,0.65,0.49,115.97,54.81,-259.70,1.58,289.65,2,719,39,18
-1.30,-0.74,-0.77,81.24,60.18,-24.72,1.68,104.08,3,641,9,22
-1.41,0.24,0.15,13.24,-7.87,48.16,1.44,50.56,3,664,10,22
-0.49,-0.04,-0.34,43.88,-27.16,137.88,0.59,147.22,3,662,10,20
0.11,0.61,-0.23,20.45,-45.90,138.00,0.66,146.86,3,672,11,20
0.41,0.74,-0.15,5.25,-60.30,91.92,0.86,110.06,3,682,12,18
0.26,0.61,-0.02,-24.72,-43.70,69.03,0.66,85.36,3,684,11,20
0.70,1.21,0.22,-70.25,2.93,73.12,1.42,101.44,4,697,12,17
1.01,1.16,0.26,-24.96,32.84,17.58,1.56,44.84,4,708,12,14
0.82,0.94,0.23,-18.74,51.09,-9.28,1.27,55.20,4,726,13,14
1.12,1.08,0.17,-8.61,59.57,10.86,1.57,61.16,3,734,13,12
1.43,0.69,-0.09,-7.39,45.10,14.34,1.59,47.90,3,745,14,10
1.47,0.68,-0.05,-43.52,-10.25,25.39,1.62,51.42,3,746,15,10
1.13,0.54,-0.05,-60.67,-43.46,45.04,1.25,87.17,3,755,14,9
1.12,0.72,0.19,-69.21,-49.19,50.78,1.34,98.94,3,759,16,10
1.01,0.32,0.28,-53.96,-23.56,12.94,1.09,60.28,4,769,17,9
1.12,0.20,0.23,-52.80,18.98,-1.16,1.16,56.12,4,759,17,6
1.44,0.29,0.19,-34.97,31.74,-37.66,1.48,60.40,4,754,17,7
1.38,0.53,0.26,-30.76,3.91,-71.96,1.50,78.36,4,744,16,6
-1.00,0.97,0.57,20.20,-31.62,-76.72,1.50,85.40,5,756,37,6
1.21,-0.45,-1.92,13.24,37.11,236.57,2.31,239.83,19,776,128,8
0.06,2.65,-0.11,59.27,-14.28,216.06,2.65,224.50,89,727,143,6
0.26,1.95,0.22,109.86,-17.52,135.68,1.98,175.46,388,655,151,15
-0.05,0.32,0.62,75.32,-12.39,63.72,0.70,99.43,424,574,161,45
0.12,1.15,0.01,-19.78,1.40,16.24,1.16,25.62,429,538,157,69
0.15,1.01,0.03,-3.60,-0.85,-2.50,1.02,4.47,896,535,156,69
0.15,0.98,0.04,1.89,-0.43,-4.76,0.99,5.14,5376,538,158,64
0.16,0.99,0.03,4.46,-0.37,-4.52,1.00,6.35,660,542,160,61
0.16,0.98,0.05,6.53,-0.37,-4.64,0.99,8.02,583,550,158,52
0.17,0.97,0.04,4.88,-0.24,-6.84,0.99,8.40,1062,561,159,40
0.16,0.98,0.06,3.54,15.50,-6.96,1.00,17.36,1049,574,159,33
0.16,0.95,0.06,-1.59,1.22,-9.46,0.97,9.67,885,591,160,30
0.18,0.94,0.05,-5.31,2.01,-9.58,0.96,11.14,1056,606,159,25
0.18,0.92,0.05,-6.10,2.38,-5.55,0.94,8.59,5376,613,156,21
0.19,0.95,0.03,-4.09,2.75,2.20,0.97,5.39,521,606,157,25
0.18,0.96,0.04,0.18,1.95,6.35,0.98,6.64,885,596,153,24
0.18,0.97,0.03,0.12,1.65,7.08,0.99,7.27,579,591,156,27
0.20,0.97,0.02,3.54,0.92,8.24,0.99,9.01,1320,583,147,33
0.14,1.00,0.04,5.49,0.31,7.14,1.01,9.01,1749,575,152,37
0.16,0.99,0.05,3.30,0.24,-1.53,1.01,3.64,1056,573,152,37
0.17,0.97,0.05,1.16,0.06,-3.72,0.99,3.90,1062,575,151,37
0.17,0.97,0.02,4.76,-0.67,-12.94,0.99,13.80,1062,583,150,31
0.17,0.96,0.07,9.64,-1.28,-10.25,0.98,14.13,885,591,147,27
0.21,0.97,0.07,8.36,-1.28,-15.87,1.00,17.98,652,620,151,24
0.20,0.89,0.06,15.44,-1.71,-14.34,0.92,21.14,758,639,155,18
0.18,0.93,0.05,16.05,-2.56,-6.71,0.95,17.59,890,644,152,23
0.21,0.98,0.04,22.64,-4.52,-1.95,1.00,23.17,1760,649,151,25
0.23,1.17,0.09,29.30,-7.32,-8.18,1.19,31.29,388,673,149,22
0.29,1.77,0.07,18.86,-8.00,-87.89,1.80,90.25,125,747,149,17
0.22,2.70,0.33,-9.28,3.78,-191.16,2.72,191.42,24,773,139,15
-0.35,2.45,0.25,31.25,15.87,-308.04,2.49,310.03,11,791,115,12
-0.27,1.82,0.26,73.97,24.29,-395.81,1.86,403.40,5,785,72,12
-0.62,0.71,0.44,146.36,28.08,-315.31,1.04,348.75,2,723,34,20
-1.03,-1.25,-1.14,109.31,8.12,-44.13,1.98,118.16,3,681,21,23
-1.04,0.08,0.14,25.39,-35.03,28.26,1.06,51.68,3,682,15,23
-0.83,-0.74,-0.64,46.26,-20.57,91.31,1.28,104.41,3,684,13,23
-0.62,0.17,-0.29,-12.45,-17.40,132.26,0.71,133.98,3,689,15,24
0.00,0.48,-0.46,-27.28,-32.47,147.03,0.67,153.03,3,680,14,24
0.09,0.92,0.11,-52.92,-61.95,153.50,0.93,173.79,3,688,16,23
0.41,1.10,0.12,-56.70,-46.20,147.22,1.18,164.39,4,689,15,23
0.59,1.28,0.27,-65.73,-33.94,111.02,1.43,133.41,4,701,17,23
0.83,1.47,0.39,-52.61,-20.57,73.00,1.73,92.30,4,723,18,18
0.71,1.07,0.25,-51.03,-23.80,53.83,1.30,77.90,4,724,15,18
0.84,1.40,0.39,-73.61,-15.56,46.02,1.68,88.19,4,734,15,14
0.81,1.22,0.30,-61.34,16.05,13.55,1.50,64.84,3,737,16,13
1.08,1.12,0.23,-38.70,30.94,10.99,1.58,50.75,3,738,18,11
1.10,0.70,0.02,-54.93,3.85,-8.97,1.30,55.79,3,747,18,10
0.95,0.88,0.24,-100.28,-27.71,-32.10,1.32,108.88,3,749,15,11
0.70,0.67,0.30,-95.76,-18.19,-46.57,1.01,108.03,3,750,16,12
0.89,0.68,0.28,-84.84,-7.63,-37.41,1.15,93.04,3,753,15,11
0.96,0.57,0.28,-63.05,-19.65,-32.41,1.15,73.57,3,753,15,9
1.07,0.62,0.30,-26.43,-40.22,-20.32,1.27,52.24,3,751,16,9
1.02,0.53,0.17,-10.68,-46.39,-45.29,1.16,65.70,3,747,16,10
1.39,0.33,-0.16,-1.40,-19.78,-73.73,1.44,76.35,4,756,27,8
0.90,-0.85,-0.55,150.45,-52.73,157.65,1.35,224.21,17,718,111,11
-0.16,3.44,0.58,72.02,-33.75,257.81,3.49,269.80,79,709,137,12
0.09,2.15,0.41,84.96,-12.15,97.84,2.19,130.15,349,657,148,21
0.08,0.73,0.24,26.25,-1.22,41.08,0.78,48.76,450,594,145,34
0.19,1.12,0.01,-10.93,3.48,25.39,1.14,27.86,453,565,151,47
0.17,1.00,0.04,3.11,1.40,11.17,1.01,11.68,413,546,149,61
0.16,1.00,0.08,2.56,0.43,1.83,1.01,3.18,502,542,153,67
0.17,1.00,0.06,0.85,0.24,-6.23,1.02,6.29,561,546,153,54
0.17,0.95,0.08,2.32,0.24,-11.29,0.97,11.53,1272,564,154,40
0.18,0.94,0.07,-2.20,0.98,-10.86,0.96,11.13,1036,584,148,32
0.19,0.94,0.07,-2.08,1.34,-9.22,0.96,9.54,726,603,152,28
0.19,0.93,0.06,-1.16,1.10,-5.68,0.96,5.90,1696,619,151,23
0.19,0.92,0.07,-3.97,1.53,0.00,0.94,4.25,2560,619,150,21
0.20,0.95,0.04,-1.53,1.59,7.45,0.97,7.76,853,612,150,25
0.19,0.94,0.06,4.03,0.55,15.99,0.97,16.50,853,595,146,29
0.16,0.98,0.06,1.46,0.37,15.01,1.00,15.09,512,578,147,36
0.16,1.02,0.06,1.53,-0.06,7.32,1.03,7.48,568,567,145,38
0.16,1.02,0.06,1.95,-0.79,-0.73,1.04,2.23,468,564,145,38
0.16,1.02,0.06,5.43,-1.53,-7.08,1.04,9.05,586,568,149,35
0.18,1.03,0.03,8.42,-2.75,-16.42,1.05,18.66,477,587,150,21
0.18,1.10,0.08,2.56,-3.36,-42.66,1.12,42.87,5408,643,157,9
0.23,1.36,0.07,-9.09,-1.40,-75.20,1.38,75.76,540,694,164,7
0.24,1.53,0.06,-10.50,-2.38,-113.53,1.55,114.03,186,741,166,3
0.33,1.61,-0.13,-8.24,-2.44,-164.55,1.65,164.78,87,766,167,2
0.82,1.48,-0.83,-36.07,-26.79,-232.42,1.88,236.73,45,771,164,2
0.55,2.72,-0.36,-114.32,-101.32,-329.71,2.80,363.38,18,786,131,2
0.02,2.18,-0.03,-62.32,-118.04,-392.64,2.18,414.71,5,732,57,4
0.06,1.78,-0.40,-40.89,-129.82,-315.73,1.83,343.82,3,665,24,11
-1.27,0.51,-0.89,-27.83,-173.95,-139.95,1.64,224.99,3,658,10,12
-1.26,1.06,-0.20,-49.26,-156.80,38.45,1.65,168.79,3,687,12,14
-1.02,0.34,-0.35,-19.78,-89.84,90.39,1.13,128.97,3,698,11,15
-0.84,0.41,-0.32,-71.59,-57.31,146.42,0.99,172.77,3,708,14,15
-0.77,0.78,-0.07,-103.52,-59.63,216.25,1.10,247.05,3,724,12,16
-0.47,0.97,0.20,-132.26,-70.80,250.92,1.10,292.34,2,741,13,16
-0.50,1.33,0.76,-151.79,-61.10,222.47,1.61,276.17,3,753,14,15
-0.22,1.68,1.02,-120.54,-47.61,216.67,1.98,252.48,3,766,14,18
0.35,1.63,0.82,-53.41,-77.39,190.37,1.86,212.33,3,783,17,17
0.14,1.37,0.83,-63.66,-145.39,167.97,1.61,231.09,3,789,16,19
0.15,1.66,1.21,-91.49,-127.14,139.16,2.06,209.52,3,796,14,18
0.46,1.47,1.47,-83.44,-58.65,131.84,2.13,166.68,3,794,13,20
0.98,1.40,1.27,-57.86,10.50,147.22,2.13,158.53,3,790,12,19
2.22,1.29,0.99,-8.54,93.51,91.00,2.75,130.76,3,787,15,26
3.02,1.00,1.15,-18.62,102.60,-60.18,3.38,120.40,3,689,8,48
1.31,1.30,0.53,44.13,129.94,-209.59,1.92,250.52,3,552,8,92
0.29,1.25,0.10,53.41,-15.81,-164.55,1.29,173.72,5,502,10,118
0.29,0.90,0.19,32.78,27.16,-53.96,0.97,68.72,17,465,17,130
0.15,0.95,0.10,12.82,1.34,-17.76,0.97,21.94,60,495,43,131
0.12,0.94,0.08,-12.94,2.75,-4.03,0.96,13.83,133,482,59,134
0.11,0.99,0.06,-5.49,3.72,0.49,1.00,6.65,209,464,68,136
0.12,0.98,0.06,1.16,1.89,-0.98,0.99,2.42,215,461,78,141
0.12,0.98,0.06,3.30,1.04,-1.89,0.99,3.94,294,465,84,143
0.10,0.97,0.06,2.32,1.40,-1.95,0.98,3.34,480,467,86,138
0.11,0.97,0.06,1.77,1.53,-2.44,0.98,3.38,368,471,92,135
0.11,0.98,0.07,2.08,1.59,-2.75,0.99,3.79,1536,478,96,135
0.11,0.98,0.07,3.54,1.71,-2.69,0.99,4.76,418,487,101,126
0.12,0.97,0.07,3.91,1.34,-2.99,0.98,5.10,947,489,98,125
0.11,0.97,0.08,2.56,1.10,-3.36,0.98,4.36,430,496,105,115
0.12,0.97,0.07,0.37,0.92,-2.87,0.98,3.03,805,501,106,112
0.12,0.96,0.08,-1.28,1.34,-2.50,0.97,3.12,826,508,106,109
0.13,0.97,0.07,-1.77,1.40,-2.38,0.99,3.28,1674,516,113,105
0.12,0.98,0.07,-0.55,1.10,-4.15,0.99,4.33,1024,520,111,98
0.13,0.98,0.06,-0.24,0.73,-6.10,0.99,6.15,749,532,120,93
0.13,1.00,0.07,0.37,0.31,-8.36,1.01,8.38,890,544,127,78
0.14,1.00,0.06,4.09,-0.98,-12.15,1.01,12.85,1368,561,131,57
0.15,1.18,0.02,5.37,-3.30,-18.19,1.19,19.25,1384,589,132,35
0.15,1.01,0.07,15.81,-5.37,-39.98,1.03,43.32,1845,644,137,21
0.19,1.42,0.07,-0.79,-7.39,-76.23,1.43,76.59,704,691,147,15
0.35,1.70,-0.12,-11.84,-10.13,-126.16,1.74,127.12,309,737,155,10
0.64,1.83,-0.64,-37.90,-33.57,-195.98,2.04,202.42,94,766,154,8
0.50,2.36,-0.58,-81.60,-93.69,-296.69,2.48,321.66,32,763,145,6
0.14,2.24,-0.02,-84.59,-129.52,-411.13,2.25,439.27,11,781,90,6
-0.09,2.56,0.30,-70.13,-117.07,-406.56,2.57,428.85,4,705,41,12
-0.97,0.22,-0.79,3.72,-139.71,-282.53,1.27,315.21,3,685,21,19
-1.18,0.84,-0.64,-89.29,-188.96,-41.38,1.58,213.06,3,707,13,15
-1.20,0.97,0.02,-82.34,-140.99,74.52,1.54,179.48,3,730,12,18
-1.06,0.35,-0.07,-43.82,-72.88,130.49,1.12,155.76,3,742,13,20
-0.75,0.60,-0.02,-74.77,-36.99,185.24,0.97,203.16,3,749,12,22
-0.61,0.68,0.01,-101.20,-34.55,215.27,0.92,240.37,3,759,12,23
-0.63,1.06,0.44,-135.56,-33.08,218.69,1.31,259.41,3,772,13,22
-0.29,1.30,0.75,-134.16,-36.62,221.37,1.53,261.43,3,787,14,22
-0.05,1.66,0.94,-124.27,-70.98,211.36,1.91,255.26,4,793,16,23
0.00,1.58,0.92,-104.61,-115.05,183.53,1.83,240.55,4,791,17,23
0.12,2.20,1.23,-108.15,-141.66,175.60,2.53,250.20,4,799,17,21
0.16,1.60,1.32,-80.57,-123.96,169.92,2.08,225.24,4,804,15,22
0.35,1.93,1.96,-87.04,-17.58,202.33,2.78,220.96,4,807,16,21
2.44,2.36,0.77,14.47,60.00,200.20,3.48,209.49,4,799,14,21
4.00,1.51,0.31,-21.30,10.07,56.34,4.29,61.06,5,766,13,28
1.66,0.15,1.01,99.12,-36.38,-165.28,1.95,196.13,4,651,9,54
-0.21,1.32,-0.26,32.84,-34.55,-227.84,1.36,232.78,4,548,9,95
0.30,1.38,0.15,56.64,26.43,-180.79,1.42,191.29,5,520,10,121
0.13,0.97,0.11,18.80,17.64,-64.03,0.99,69.02,15,463,14,129
0.36,0.99,0.09,14.53,13.24,-36.99,1.06,41.89,58,491,24,129
0.11,0.96,0.06,19.65,0.43,-11.29,0.97,22.67,125,494,40,137
0.12,0.96,0.05,13.37,-0.73,-4.70,0.97,14.19,174,482,57,140
0.12,0.96,0.07,16.97,-0.79,-2.26,0.97,17.14,330,467,63,145
0.11,0.95,0.07,13.00,-0.79,-0.85,0.96,13.05,336,463,69,148
0.10,0.95,0.07,4.64,0.61,-1.04,0.96,4.79,416,466,77,149
0.12,0.98,0.09,-0.85,1.83,-0.92,0.99,2.22,428,468,80,150
0.12,0.97,0.08,-1.22,2.14,-1.83,0.98,3.07,357,472,83,146
0.12,0.98,0.07,0.55,2.14,-1.89,0.99,2.91,902,477,87,140
0.12,0.98,0.08,2.08,1.83,-1.95,0.99,3.39,572,479,86,142
0.12,0.96,0.08,1.22,1.71,-2.38,0.97,3.17,464,484,89,136
0.13,0.97,0.07,-2.44,1.40,-2.01,0.98,3.46,1184,491,94,133
0.12,0.98,0.07,-2.69,1.83,-1.59,0.99,3.62,470,494,95,130
0.12,0.97,0.07,-2.56,1.83,-1.59,0.98,3.53,694,496,97,129
0.12,0.97,0.07,-1.28,1.65,-1.59,0.98,2.62,544,501,100,126
0.12,0.96,0.08,-0.73,0.92,-1.89,0.97,2.23,558,505,102,122
0.12,0.98,0.07,-1.40,0.67,-2.14,0.99,2.64,636,511,108,126
0.12,0.98,0.07,-0.98,0.67,-3.11,0.99,3.33,515,514,111,122
0.13,0.98,0.06,0.00,0.73,-4.88,0.99,4.94,749,518,115,116
0.13,0.99,0.06,2.99,0.55,-8.42,1.01,8.95,1068,533,121,103
0.14,1.02,0.05,5.92,-0.98,-15.14,1.03,16.28,906,546,124,81
0.14,1.17,0.03,7.57,-2.14,-18.43,1.18,20.04,1100,573,129,54
0.19,1.02,-0.06,18.43,-5.37,-30.09,1.04,35.69,32736,632,135,29
0.19,1.54,0.10,2.99,-11.66,-67.08,1.55,68.15,1888,692,138,17
0.28,1.91,0.06,-10.74,-13.61,-129.70,1.93,130.85,293,735,144,13
0.44,2.05,-0.37,-36.62,-19.47,-211.24,2.13,215.28,64,766,149,11
0.16,2.45,-0.18,-67.38,-58.59,-310.36,2.46,322.95,20,767,124,10
-0.03,2.63,0.26,-16.78,-65.86,-380.62,2.64,386.64,6,758,54,12
-0.64,0.35,-0.79,53.71,-73.79,-306.64,1.07,319.94,5,686,25,21
-0.98,0.39,-0.67,-56.82,-161.62,-43.27,1.25,176.70,4,705,14,21
-0.88,0.70,-0.05,-38.57,-150.09,37.11,1.13,159.34,3,715,14,21
-0.84,0.38,-0.06,-18.98,-87.95,95.95,0.92,131.54,3,726,12,24
-0.53,0.13,-0.14,-29.72,-33.87,143.55,0.57,150.46,3,734,14,23
-0.13,0.62,0.05,-81.05,-20.75,161.13,0.63,181.56,4,724,12,26
0.01,0.70,0.45,-89.78,-26.49,138.55,0.83,167.21,4,727,13,25
0.19,1.00,0.70,-89.23,-10.99,118.16,1.24,148.48,4,729,15,25
0.42,0.93,0.47,-55.54,-13.55,131.10,1.12,143.03,4,733,16,22
0.72,1.00,0.48,-47.12,-5.55,101.44,1.33,111.99,5,743,17,21
0.82,0.82,0.44,-43.70,51.88,13.67,1.24,69.20,4,762,15,22
1.05,0.79,0.44,-75.13,84.41,-4.70,1.39,113.10,3,764,16,19
1.33,0.72,0.59,-58.65,88.32,-10.19,1.62,106.51,3,761,14,18
1.46,0.61,0.58,-25.82,63.48,-10.56,1.69,69.33,3,760,13,18
1.34,0.44,0.30,8.61,18.98,-7.81,1.44,22.26,3,761,15,18
1.10,0.24,0.04,17.15,-9.95,-11.35,1.13,22.85,3,749,14,15
0.84,0.28,-0.00,-4.39,2.08,-32.47,0.89,32.83,3,749,16,15
0.84,0.47,0.11,-13.61,30.46,-36.44,0.97,49.40,3,753,15,13
0.97,0.66,0.15,-8.61,36.62,-45.96,1.19,59.39,3,748,16,11
1.04,0.65,0.03,3.91,27.77,-55.54,1.23,62.22,4,743,17,10
1.08,0.58,-0.30,35.34,30.52,-52.12,1.26,69.98,4,733,16,8
0.14,1.42,0.18,40.53,50.05,-48.52,1.44,80.63,5,712,32,5
0.12,1.57,-0.21,17.09,-44.74,265.14,1.58,269.43,20,715,89,7
0.24,2.04,-0.26,47.73,-33.45,197.08,2.07,205.52,74,705,120,15
0.11,1.90,0.35,92.04,-18.07,136.96,1.94,166.00,699,633,136,26
0.12,1.31,0.16,-5.49,-2.62,40.41,1.32,40.86,1256,556,143,66
0.14,1.00,0.08,-11.23,1.71,6.16,1.01,12.92,450,551,142,71
0.18,1.01,0.01,-6.16,0.55,-3.60,1.03,7.16,450,558,144,68
0.17,0.95,0.07,5.68,-0.31,-0.79,0.97,5.74,561,552,141,70
0.16,0.97,0.06,7.57,-0.37,-0.06,0.99,7.58,628,548,140,74
0.16,0.98,0.07,9.03,0.43,-1.22,0.99,9.13,717,546,145,73
0.17,0.97,0.07,7.57,0.06,-2.50,0.99,7.97,5056,551,140,69
0.17,1.00,0.07,7.26,-0.18,-4.52,1.02,8.55,1664,561,137,62
0.17,0.97,0.08,8.73,-0.79,-9.58,0.99,12.99,445,575,138,48
0.18,0.94,0.09,7.87,-1.10,-11.84,0.96,14.26,821,593,144,41
0.18,0.95,0.10,3.85,-0.85,-10.31,0.97,11.04,547,608,143,34
0.19,0.94,0.08,0.43,0.31,-9.03,0.96,9.05,837,627,145,31
0.20,0.87,0.08,-15.14,0.98,1.89,0.90,15.29,1674,620,139,33
0.16,1.02,0.08,0.43,-0.12,2.75,1.04,2.78,722,604,135,39
0.18,0.99,0.09,4.52,-0.06,-2.99,1.01,5.42,558,601,136,41
0.23,0.94,0.10,5.92,-0.12,-5.43,0.97,8.04,1017,599,136,41
0.24,1.00,0.09,5.31,-0.06,-5.25,1.03,7.47,2576,601,143,41
0.21,1.00,0.08,9.22,-1.34,-10.86,1.03,14.31,858,611,139,34
0.30,1.06,0.08,13.31,-2.62,-19.35,1.11,23.63,864,646,139,30
0.29,1.05,0.10,19.53,-2.56,-36.93,1.10,41.85,736,682,143,25
0.23,1.27,0.17,20.51,-1.04,-53.53,1.30,57.33,180,723,148,21
0.18,1.88,0.33,1.40,21.12,-120.79,1.91,122.63,52,755,149,17
0.06,2.30,0.22,-7.20,35.71,-220.76,2.31,223.75,22,759,141,12
-0.11,1.92,0.09,13.92,34.97,-319.89,1.93,322.09,9,775,119,10
0.02,1.71,0.16,58.04,28.20,-372.01,1.72,377.56,4,783,70,13
-2.64,-1.34,-0.77,172.30,21.36,-190.61,3.06,257.83,3,673,36,25
-0.99,-0.37,-0.54,26.12,-24.90,85.27,1.19,92.59,3,633,14,23
-1.32,0.27,-0.14,12.33,-16.11,138.06,1.36,139.54,3,646,15,23
-0.66,0.11,-0.42,-6.10,13.06,186.34,0.79,186.90,3,654,16,21
0.22,0.90,-0.20,-43.27,7.69,205.81,0.94,210.45,3,670,12,22
0.70,1.15,-0.05,-44.86,-59.51,176.82,1.35,191.88,3,672,14,22
0.95,1.22,0.20,-28.26,-72.63,132.75,1.56,153.94,4,688,14,20
1.02,1.24,0.30,-30.76,-60.61,61.46,1.63,91.64,3,696,15,18
0.93,0.89,0.25,-45.65,-38.94,20.51,1.31,63.41,3,707,15,17
1.04,1.21,0.46,-77.33,0.67,17.64,1.66,79.32,3,718,12,16
1.29,1.04,0.39,-54.93,37.78,-0.12,1.70,66.67,3,719,17,13
1.41,0.88,0.28,-53.83,48.40,-21.24,1.68,75.44,3,718,16,14
1.31,0.79,0.28,-43.40,34.36,-32.84,1.56,64.36,3,721,14,14
1.11,0.57,0.12,-26.25,12.27,-27.04,1.26,39.63,3,714,13,14
0.99,0.63,0.10,-15.81,2.62,-34.24,1.18,37.80,3,717,15,12
0.86,0.53,-0.02,-19.90,14.28,-55.91,1.01,61.04,3,723,15,14
0.87,0.54,0.08,-14.22,16.05,-75.50,1.03,78.49,3,734,15,12
0.81,0.56,0.01,-8.30,2.32,-68.54,0.98,69.08,3,734,16,13
0.61,0.62,-0.18,-11.96,-12.57,-65.12,0.89,67.40,3,733,16,12
0.48,0.65,-0.12,-38.39,-13.98,-79.59,0.81,89.46,3,721,14,11
1.00,0.55,0.30,70.86,-36.19,67.57,1.18,104.39,6,748,79,10
-0.01,2.50,-0.54,8.42,-11.47,318.36,2.56,318.68,21,760,129,9
0.25,1.04,-0.00,88.62,-36.07,182.86,1.07,206.38,61,729,139,14
0.19,1.32,0.16,94.36,-24.48,138.00,1.34,168.96,314,667,149,22
-0.00,2.55,-0.32,-33.39,0.92,73.55,2.57,80.78,636,553,144,72
0.10,0.98,0.10,6.35,-0.92,11.23,0.99,12.93,848,519,144,104
0.14,0.98,0.05,-1.28,-0.79,-2.38,0.99,2.82,632,519,144,102
0.14,0.99,0.05,-1.34,0.43,0.43,1.00,1.47,358,514,138,103
0.14,0.99,0.06,3.05,0.61,0.67,1.00,3.18,640,515,142,108
0.12,0.96,0.06,5.49,-0.12,-0.61,0.97,5.53,558,511,135,103
0.13,0.97,0.07,4.58,0.67,-2.14,0.98,5.10,722,515,141,100
0.14,0.99,0.06,5.55,0.31,-2.75,1.00,6.20,496,520,139,89
0.13,0.97,0.07,5.68,0.18,-2.44,0.98,6.18,620,522,133,89
0.15,0.97,0.07,4.03,0.12,-2.32,0.99,4.65,713,530,139,86
0.13,0.96,0.07,3.30,0.49,-1.95,0.98,3.86,708,531,138,83
0.14,0.91,0.08,1.71,0.85,0.24,0.92,1.93,483,529,133,82
0.14,0.97,0.07,-4.64,1.71,7.20,0.99,8.74,1600,517,127,87
0.13,1.01,0.07,-0.98,1.59,1.59,1.02,2.45,430,514,124,93
0.14,0.96,0.06,-0.37,1.46,-1.65,0.97,2.24,433,517,130,92
0.13,0.95,0.07,-3.85,1.89,2.26,0.96,4.84,699,511,120,96
0.12,1.01,0.06,-4.76,0.67,2.62,1.02,5.48,544,512,123,96
0.14,1.00,0.05,3.78,-1.04,-6.29,1.01,7.41,544,518,125,88
0.14,1.02,0.09,9.58,-2.14,-13.73,1.04,16.88,2512,532,124,80
0.16,1.02,0.05,13.24,-3.17,-17.40,1.03,22.09,632,552,131,65
0.16,1.04,0.07,19.96,-4.09,-19.96,1.05,28.52,1288,569,135,54
0.19,1.02,0.07,21.85,-4.64,-25.70,1.04,34.05,1717,597,132,39
0.18,1.16,0.09,22.89,-5.92,-34.79,1.18,42.06,568,646,137,30
0.22,1.37,0.16,14.34,-2.38,-75.93,1.40,77.31,368,710,143,24
0.20,1.63,0.32,8.06,14.22,-116.70,1.67,117.84,56,756,148,20
0.11,2.05,0.31,-14.95,38.45,-176.94,2.08,181.69,22,757,143,16
-0.03,1.92,0.07,-14.89,42.54,-274.35,1.92,278.03,10,767,136,13
0.06,1.40,-0.02,46.94,31.92,-337.83,1.40,342.57,5,785,94,12
-1.77,-0.02,0.00,163.21,31.80,-250.98,1.77,301.06,3,748,55,22
-1.40,-0.62,-1.07,38.02,-11.90,42.18,1.86,58.02,3,664,21,23
-1.48,0.21,0.08,-11.60,-66.89,71.72,1.50,98.76,3,665,14,25
-0.70,-0.09,-0.37,18.25,-48.16,166.26,0.79,174.05,3,667,13,24
-0.16,0.71,-0.11,-40.41,-36.56,169.92,0.73,178.45,3,674,12,25
0.29,0.86,-0.12,-42.05,-38.15,153.26,0.92,163.44,3,670,14,25
0.46,1.31,0.26,-65.43,-32.90,136.60,1.42,154.99,4,675,13,23
0.73,1.20,0.16,-57.43,-3.48,106.99,1.41,121.49,4,672,14,21
0.96,1.37,0.28,-64.51,6.90,55.97,1.69,85.69,4,683,15,19
0.87,1.49,0.44,-42.91,39.31,26.49,1.79,63.94,4,695,15,16
1.19,1.14,0.09,3.48,62.32,26.79,1.65,67.92,4,696,15,14
1.19,0.82,-0.14,-20.08,50.29,4.82,1.45,54.37,3,695,13,13
1.08,1.09,0.12,-51.33,50.29,-10.80,1.54,72.67,3,706,13,13
1.09,0.82,0.07,0.37,52.98,-24.17,1.37,58.23,3,716,14,12
1.02,0.37,-0.16,-8.42,45.23,-25.39,1.10,52.55,3,715,14,12
1.00,0.47,-0.10,-38.33,19.17,-10.13,1.11,44.04,3,714,13,11
1.00,0.45,0.08,-50.54,-11.23,-4.82,1.10,51.99,3,719,13,12
0.92,0.63,0.48,-33.57,-21.85,-10.19,1.22,41.33,3,728,14,10
1.09,0.69,0.32,14.04,-14.28,-24.90,1.33,31.96,3,732,15,10
0.93,0.41,-0.01,39.55,-18.13,-59.81,1.02,73.96,3,725,14,10
0.89,0.48,-0.08,21.61,4.33,-79.53,1.01,82.53,3,721,16,11
0.93,0.33,-0.28,8.67,21.18,-95.03,1.03,97.75,3,740,21,10
0.45,0.64,-1.24,105.77,-8.67,286.56,1.47,305.58,10,711,84,8
-0.15,2.37,0.17,-31.37,-33.02,251.34,2.38,255.44,53,709,123,12
0.16,2.41,-0.14,41.20,-8.97,193.05,2.42,197.61,262,678,137,13
0.03,1.28,0.07,114.56,-19.71,81.91,1.28,142.21,508,604,145,34
0.08,0.78,0.35,-9.83,1.46,18.80,0.86,21.26,632,566,144,52
0.17,1.09,0.00,-6.96,1.22,2.81,1.11,7.60,736,560,150,59
0.15,0.94,0.08,5.74,0.18,0.98,0.95,5.82,561,547,147,65
0.15,1.00,0.06,-2.56,1.59,5.98,1.01,6.70,418,537,147,75
0.15,0.99,0.06,4.09,0.43,3.48,1.00,5.39,713,531,145,87
0.16,0.96,0.08,3.72,0.67,2.44,0.98,4.50,492,526,141,90
0.13,0.98,0.06,1.22,1.04,1.40,0.99,2.13,985,521,135,88
0.15,0.97,0.07,1.59,1.04,-0.06,0.98,1.90,1632,523,139,83
0.14,0.94,0.07,0.37,1.16,0.43,0.96,1.29,966,524,137,84
0.14,0.96,0.06,-2.99,1.46,3.23,0.97,4.64,685,519,135,83
0.14,0.95,0.07,-5.55,1.53,5.19,0.97,7.75,592,512,126,90
0.14,0.99,0.06,-7.63,2.01,6.35,1.01,10.13,2352,505,125,97
0.12,1.00,0.05,-4.94,1.95,3.23,1.01,6.22,1557,500,122,97
0.13,0.97,0.06,-1.34,1.34,0.73,0.98,2.04,676,499,120,101
0.12,0.97,0.05,-3.05,0.92,1.34,0.98,3.46,522,498,114,104
0.12,0.99,0.04,-2.69,0.61,-0.31,1.00,2.77,2400,498,110,107
0.13,0.98,0.05,1.65,0.12,-2.32,0.99,2.85,690,501,113,103
0.13,1.04,0.03,3.05,-0.06,-7.26,1.04,7.88,704,511,116,93
0.15,0.98,0.04,6.59,-0.85,-11.66,0.99,13.42,1653,524,122,77
0.14,1.00,0.05,8.06,-1.77,-12.82,1.01,15.24,624,537,128,64
0.15,0.96,0.06,11.72,-2.62,-15.93,0.98,19.95,565,555,131,50
0.15,1.07,0.05,13.67,-2.44,-19.65,1.08,24.07,-5184,574,132,38
0.15,1.04,0.11,16.97,-3.11,-36.74,1.05,40.59,-5184,627,137,29
0.24,1.11,0.05,19.78,-2.50,-51.94,1.14,55.63,1304,674,141,23
0.23,1.63,0.18,13.49,-4.27,-75.20,1.65,76.51,218,722,149,18
0.13,2.19,0.34,-4.76,11.47,-137.02,2.22,137.59,54,771,157,15
0.01,2.41,0.21,0.79,32.04,-240.36,2.42,242.48,23,786,149,12
-0.31,2.08,0.16,24.66,32.96,-382.51,2.11,384.72,9,795,123,10
-0.20,1.69,0.36,76.54,30.03,-393.49,1.74,401.99,3,789,65,12
-2.18,-1.69,-1.20,215.52,25.88,-129.70,3.01,252.86,3,731,36,23
-0.67,-0.10,-0.24,-8.97,-54.75,72.69,0.72,91.44,3,692,14,21
-1.17,0.23,0.09,32.29,-58.72,159.73,1.19,173.21,3,707,14,21
-0.45,0.08,-0.38,16.42,-5.86,192.44,0.60,193.23,2,703,13,24
0.43,0.79,-0.35,-28.26,1.40,185.18,0.97,187.33,3,705,12,23
0.60,0.79,-0.20,-32.71,-53.77,163.94,1.01,175.61,3,702,13,23
0.70,1.19,0.18,-55.24,-74.83,161.50,1.39,186.37,4,702,14,22
0.95,1.29,0.28,-49.19,-35.52,93.69,1.63,111.62,4,709,14,21
0.92,1.07,0.31,-18.43,11.54,35.95,1.44,42.01,4,723,16,18
0.97,0.88,0.19,-51.51,46.57,24.66,1.32,73.69,3,734,14,17
1.17,1.05,0.30,-73.12,56.82,32.84,1.60,98.25,3,738,15,13
1.29,1.12,0.45,-55.42,54.08,20.87,1.77,80.20,3,743,16,13
1.39,0.89,0.26,-19.47,21.48,15.93,1.67,33.08,3,750,13,12
1.18,0.58,-0.05,-21.91,-27.59,5.25,1.32,35.62,3,747,15,13
0.93,0.62,0.02,-64.58,-54.02,-1.16,1.12,84.20,3,743,15,13
0.74,0.73,0.39,-83.13,-40.89,-13.31,1.11,93.59,3,744,13,12
0.79,0.72,0.49,-64.82,0.43,-30.40,1.17,71.59,3,737,16,12
1.07,0.66,0.13,-23.13,9.28,-57.13,1.26,62.33,3,724,14,12
0.91,0.55,-0.05,-19.71,-23.44,-71.11,1.07,77.42,3,717,15,13
0.67,0.77,-0.08,-36.74,-41.99,-89.84,1.02,105.76,3,703,14,8
-0.07,0.76,0.02,-33.08,-21.24,-114.26,0.76,120.83,3,723,22,8
1.00,-0.07,-1.43,164.92,40.89,187.56,1.75,253.08,10,749,93,10
-0.03,3.15,0.23,-26.37,-13.18,268.37,3.16,269.99,38,744,127,12
0.23,3.00,-0.18,44.62,-15.93,196.11,3.01,201.75,239,689,144,15
-0.22,1.41,0.24,136.11,-32.47,125.92,1.45,188.24,640,576,153,42
0.05,0.66,0.06,-20.94,4.58,24.72,0.67,32.72,502,515,146,93
0.13,0.95,0.06,0.37,-0.92,-2.50,0.96,2.69,726,514,149,96
0.14,0.97,0.05,-2.62,0.67,0.55,0.98,2.76,636,512,148,98
0.14,0.97,0.05,1.16,-0.43,4.03,0.98,4.21,848,509,143,108
0.12,0.98,0.06,1.22,-0.55,4.76,0.99,4.95,554,500,140,113
0.12,0.99,0.06,0.61,-0.12,5.43,1.00,5.47,473,483,132,116
0.12,0.97,0.07,0.98,0.49,3.23,0.98,3.41,504,474,125,118
0.14,0.96,0.06,-0.73,1.04,1.83,0.97,2.23,1144,472,125,117
0.12,0.97,0.05,-2.81,1.46,1.65,0.98,3.57,572,468,122,117
0.13,0.97,0.05,-2.56,1.95,2.26,0.98,3.94,404,469,120,118
0.12,0.98,0.05,-2.56,2.20,2.01,0.99,3.93,556,462,112,118
0.12,0.98,0.05,-1.65,1.46,1.65,0.99,2.75,548,463,112,123
0.12,0.98,0.04,-0.73,0.43,0.61,0.99,1.04,560,462,109,122
0.11,0.97,0.04,0.67,-0.12,-0.18,0.98,0.71,902,462,109,124
0.12,0.97,0.05,-0.73,0.06,-1.46,0.98,1.64,640,468,115,120
0.11,0.99,0.04,-3.85,0.55,-1.83,0.99,4.29,658,471,110,120
0.12,0.99,0.03,-1.89,0.67,-2.50,1.00,3.21,784,476,113,109
0.12,0.96,0.05,2.20,0.73,-3.05,0.97,3.83,685,482,116,106
0.12,1.01,0.03,2.81,0.79,-6.23,1.02,6.88,533,494,121,91
0.13,0.97,0.05,6.59,0.00,-8.85,0.98,11.04,816,506,123,80
0.13,0.98,0.04,7.63,-0.43,-9.03,0.99,11.83,713,514,127,71
0.14,0.96,0.06,11.11,-1.46,-11.17,0.97,15.82,624,524,131,62
0.14,1.03,0.04,11.05,-1.65,-12.39,1.04,16.68,1024,544,135,54
0.16,1.05,0.04,22.52,-3.48,-22.16,1.06,31.78,632,577,137,36
0.18,0.89,0.10,30.40,-4.88,-22.28,0.91,38.00,1272,601,144,35
0.17,1.00,0.10,16.85,-2.62,-17.46,1.02,24.40,1296,629,146,32
0.16,1.23,0.13,15.44,-1.46,-33.26,1.25,36.70,388,679,144,26
0.20,1.73,0.24,9.09,3.66,-108.70,1.76,109.14,95,746,146,22
0.03,2.44,0.31,-17.52,33.75,-191.22,2.46,194.97,22,757,144,18
-0.15,2.34,0.07,1.77,36.38,-304.69,2.34,306.86,10,762,135,14
-0.05,1.94,0.01,65.80,28.99,-388.43,1.94,395.03,5,775,82,14
-1.93,0.02,-0.11,203.61,28.14,-296.81,1.93,361.04,3,701,41,26
-1.37,-0.29,-0.90,52.19,-10.93,23.62,1.66,58.31,3,636,10,25
-1.22,0.19,-0.14,45.04,-50.23,84.17,1.24,107.87,3,654,13,26
-0.82,-0.34,-0.59,34.18,-22.09,136.72,1.07,142.65,3,661,15,26
-0.50,0.35,-0.29,-22.03,0.43,165.28,0.67,166.75,3,667,14,24
-0.02,0.57,-0.34,-31.62,8.06,163.94,0.67,167.16,3,667,14,24
0.24,0.99,-0.04,-59.14,-0.73,164.86,1.02,175.15,4,678,14,23
0.90,1.20,-0.03,-58.72,-37.23,135.38,1.50,152.19,4,678,12,24
0.93,1.27,0.13,-61.28,-91.49,92.22,1.58,143.64,4,684,16,21
0.55,1.59,0.64,-60.61,-60.67,43.46,1.80,96.14,4,706,16,16
1.09,1.14,0.34,-54.20,23.19,18.86,1.61,61.90,4,720,16,15
1.49,1.32,0.57,-74.10,59.69,4.27,2.07,95.25,4,724,15,12
1.60,1.07,0.56,-43.03,65.61,-15.08,2.00,79.90,3,724,16,14
1.39,0.53,0.30,-8.85,74.16,-24.11,1.52,78.48,3,721,16,11
1.40,0.38,0.03,-5.00,73.73,-34.85,1.45,81.71,3,716,14,10
1.26,0.11,-0.04,-42.85,28.26,-56.03,1.27,75.99,3,702,14,12
1.13,0.51,0.07,-73.91,-14.83,-50.66,1.25,90.83,3,688,13,11
0.96,0.77,0.13,-65.86,-53.04,-53.89,1.24,100.27,3,671,13,12
0.58,0.90,0.14,-34.00,-58.23,-69.95,1.08,97.15,3,668,13,11
0.29,0.79,-0.06,-15.56,-14.53,-89.48,0.84,91.98,3,667,12,9
0.65,1.40,0.52,120.73,10.80,16.85,1.62,122.37,7,690,61,9
0.04,2.36,-0.17,-26.98,-14.59,268.13,2.36,269.88,33,738,113,9
0.21,1.73,-0.16,51.21,-19.47,197.88,1.76,205.32,108,716,129,14
0.05,2.38,0.08,116.33,-16.17,162.05,2.38,200.14,572,616,140,33
0.11,2.45,0.05,-7.08,4.82,37.17,2.45,38.14,518,523,139,92
0.13,0.91,0.09,6.77,-1.46,-5.19,0.92,8.66,465,514,137,94
0.15,0.95,0.05,0.37,0.67,-2.87,0.97,2.97,740,519,140,95
0.13,1.00,0.06,1.65,1.65,3.66,1.01,4.34,1036,512,132,100
0.13,0.95,0.08,3.42,0.67,-0.43,0.97,3.51,421,512,131,101
0.14,0.97,0.07,-0.43,1.46,1.34,0.98,2.03,837,514,137,99
0.14,0.98,0.06,0.61,1.59,1.40,0.99,2.20,708,512,132,91
0.13,0.97,0.06,1.59,1.46,0.98,0.98,2.37,1610,510,132,94
0.13,0.96,0.07,-0.12,1.65,0.98,0.97,1.92,596,506,123,90
0.13,0.95,0.06,-2.32,2.26,3.36,0.96,4.66,522,504,124,87
0.13,0.95,0.06,-5.00,2.38,5.55,0.96,7.85,515,498,119,91
0.12,0.98,0.06,-7.51,2.38,7.14,0.99,10.63,784,492,111,100
0.12,0.98,0.05,-6.84,1.22,5.43,0.99,8.82,512,485,110,107
0.12,1.00,0.03,-5.62,0.43,3.30,1.01,6.53,508,482,105,111
0.12,0.96,0.05,-2.75,0.24,2.69,0.97,3.85,4672,479,104,115
0.11,0.97,0.04,-7.75,0.24,4.52,0.98,8.97,1546,474,96,121
0.10,1.00,0.03,-7.51,0.85,2.01,1.01,7.82,576,473,93,121
0.11,1.00,0.02,-4.64,0.55,-2.50,1.01,5.30,464,480,96,113
0.12,0.99,0.02,5.49,0.00,-5.13,1.00,7.51,800,483,93,111
0.11,0.98,0.03,2.93,0.55,-5.49,0.99,6.25,1621,490,97,107
0.11,1.02,0.03,9.64,-0.61,-10.44,1.03,14.22,1224,505,105,95
0.13,0.96,0.05,22.34,-3.23,-21.18,0.97,30.95,32736,520,110,80
0.15,0.96,0.06,20.94,-4.46,-21.12,0.98,30.07,1280,535,116,62
0.14,1.12,0.05,21.79,-4.46,-31.19,1.13,38.31,1288,576,121,39
0.18,1.14,0.09,24.96,-5.80,-64.45,1.16,69.36,32736,644,123,26
0.21,1.37,0.19,15.44,-1.34,-89.54,1.40,90.87,252,704,129,21
0.16,1.75,0.26,8.12,17.40,-116.33,1.78,117.91,49,742,131,17
0.09,1.88,0.14,-5.55,34.12,-226.50,1.89,229.12,17,735,127,15
0.06,1.45,0.01,15.99,27.28,-288.51,1.46,290.24,8,740,112,12
0.23,1.06,-0.07,49.93,19.59,-301.09,1.09,305.83,3,716,70,12
-1.27,0.68,-0.01,114.07,22.46,-213.07,1.44,242.73,3,659,45,23
-1.33,-1.19,-1.21,123.41,17.40,-29.24,2.16,128.02,3,618,8,26
-1.41,0.14,-0.27,-29.72,-40.71,76.42,1.44,91.54,3,650,12,24
-0.65,0.21,-0.28,-2.44,-33.45,160.10,0.74,163.57,3,641,12,24
-0.27,0.54,-0.20,-41.38,-34.12,171.20,0.63,179.41,3,651,12,24
0.16,0.87,-0.08,-57.37,-41.56,161.19,0.89,176.08,3,659,10,24
0.38,1.09,0.13,-59.27,-46.51,125.31,1.16,146.21,3,670,11,22
0.61,1.41,0.40,-112.61,-31.19,122.38,1.59,169.20,4,667,12,20
0.98,1.51,0.50,-64.45,4.27,95.40,1.87,115.21,4,677,13,19
1.18,1.29,0.35,-53.77,29.36,45.84,1.78,76.51,4,679,13,17
1.19,1.27,0.28,-46.45,42.11,25.82,1.76,67.81,4,683,12,17
1.26,1.19,0.15,-26.49,36.87,26.43,1.74,52.53,4,687,15,14
1.28,0.86,0.01,-7.08,-0.18,71.23,1.54,71.58,4,690,14,14
1.01,0.79,0.09,-34.00,-48.40,92.47,1.28,109.77,4,694,15,15
1.07,1.17,0.28,-52.25,-64.39,56.46,1.61,100.32,4,694,15,14
0.73,0.90,0.30,-20.81,-55.85,-7.02,1.19,60.01,3,700,14,13
0.50,0.90,0.31,-24.05,-37.17,-39.25,1.08,59.16,3,694,15,14
0.22,0.86,0.29,-1.65,-6.16,-60.79,0.94,61.12,3,699,14,15
0.16,0.71,0.08,17.64,37.54,-64.94,0.74,77.06,3,699,13,14
0.30,0.62,-0.13,15.99,75.99,-76.66,0.70,109.12,3,695,12,13
0.49,0.62,-0.25,6.47,99.37,-90.21,0.82,134.36,3,689,14,11
0.81,0.67,-0.22,28.63,107.85,-99.98,1.07,149.82,3,675,15,10
1.53,0.42,-0.24,45.29,98.45,-126.34,1.61,166.45,5,700,25,7
1.18,-1.96,-2.40,240.54,-13.61,225.28,3.32,329.84,25,738,114,11
0.22,2.34,-0.54,79.47,-28.32,214.48,2.41,230.47,91,730,136,15
0.40,2.52,0.71,91.92,-11.47,163.33,2.65,187.77,568,634,144,30
0.05,0.62,-0.10,-54.02,9.16,47.67,0.64,72.62,572,517,140,95
0.12,0.97,0.05,-4.46,-0.55,2.08,0.97,4.95,572,506,134,107
0.14,0.97,0.02,-6.47,0.61,-0.24,0.98,6.50,853,502,131,109
0.13,1.00,0.02,-3.54,1.10,3.60,1.01,5.17,453,496,130,118
0.11,1.00,0.03,6.77,0.49,2.99,1.01,7.42,604,483,123,122
0.12,0.96,0.05,11.05,0.79,2.62,0.97,11.38,1557,470,123,119
0.12,0.98,0.05,6.71,1.04,1.40,0.99,6.94,889,467,120,121
0.12,0.99,0.04,6.65,0.79,-0.73,1.00,6.74,532,464,117,116
0.12,0.97,0.05,7.02,0.37,-2.38,0.98,7.42,381,469,116,112
0.12,0.96,0.05,5.92,0.43,-2.44,0.97,6.42,320,477,118,102
0.11,0.98,0.06,4.09,0.79,-2.20,0.98,4.71,532,483,117,105
0.12,0.97,0.05,4.21,0.67,-2.50,0.98,4.94,389,488,115,99
0.12,0.97,0.05,3.78,0.67,-2.32,0.98,4.49,720,494,122,94
0.12,0.98,0.06,3.23,0.73,-3.23,0.99,4.63,544,496,124,95
0.13,0.94,0.07,5.19,0.55,-4.09,0.95,6.63,490,501,127,87
0.13,0.95,0.07,0.06,1.83,-0.43,0.96,1.88,741,503,128,94
0.12,0.97,0.07,-3.36,1.83,1.65,0.98,4.16,404,501,125,93
0.12,1.00,0.04,2.75,-0.37,-4.52,1.01,5.30,407,506,129,90
0.14,0.98,0.06,6.53,-1.53,-7.20,1.00,9.84,515,511,129,84
0.13,1.01,0.06,8.00,-2.20,-10.62,1.02,13.47,592,528,129,78
0.15,0.84,0.09,15.14,-3.05,-14.59,0.86,21.24,526,544,131,65
0.15,0.95,0.09,0.18,-0.43,-2.56,0.97,2.61,486,542,131,71
0.15,1.13,0.04,3.11,-0.49,-5.49,1.14,6.33,713,556,134,62
0.16,1.04,0.04,19.41,-3.30,-25.94,1.06,32.56,1004,599,136,40
0.19,0.98,0.08,27.71,-5.86,-30.09,1.00,41.32,558,631,136,36
0.20,1.08,0.13,22.77,-5.86,-34.85,1.11,42.04,388,681,140,28
0.19,1.50,0.34,-5.31,2.56,-82.89,1.55,83.10,105,734,138,22
0.08,1.97,0.28,-8.00,30.52,-149.35,1.99,152.65,32,747,134,18
0.00,1.89,0.12,-13.55,40.22,-241.76,1.90,245.46,13,730,126,16
0.07,1.45,0.07,16.54,35.58,-299.07,1.45,301.64,6,735,102,13
-0.01,0.98,0.14,65.00,31.13,-288.88,0.99,297.73,3,699,56,19
-1.11,-0.32,-0.60,81.91,15.87,-102.11,1.30,131.86,3,644,26,24
-0.82,-0.13,-0.23,27.28,-40.83,20.26,0.86,53.12,3,632,13,25
-0.88,-0.00,-0.17,16.60,-40.83,108.46,0.90,117.07,3,644,12,23
-0.32,0.26,-0.18,-17.27,-11.72,136.72,0.45,138.30,3,641,14,22
0.19,0.70,-0.06,-39.00,6.10,137.70,0.72,143.24,3,642,12,25
0.72,1.08,0.16,-39.55,-1.53,120.42,1.31,126.76,3,645,12,24
0.86,0.98,0.13,-28.87,-8.85,77.76,1.31,83.42,3,647,11,22
0.68,1.15,0.26,-22.95,-16.42,52.49,1.36,59.59,3,660,14,20
0.71,1.02,0.15,-15.50,-5.19,60.06,1.25,62.24,3,661,9,19
0.80,1.20,0.17,-19.65,8.36,60.73,1.45,64.38,2,670,10,19
0.84,1.09,0.01,-3.97,7.02,55.66,1.38,56.24,2,670,12,15
0.78,1.08,-0.01,-18.13,-1.65,45.41,1.34,48.92,2,683,11,16
0.70,1.08,0.08,-23.32,-7.39,49.13,1.29,54.88,2,692,13,16
0.71,1.03,0.08,-40.83,-12.70,53.47,1.26,68.46,2,697,12,17
0.70,1.06,0.13,-42.36,-20.14,41.32,1.28,62.51,2,711,12,15
0.65,1.01,0.06,-44.01,-26.18,27.83,1.20,58.28,2,706,10,18
0.61,0.96,0.01,-49.38,-29.60,18.62,1.14,60.51,2,709,12,18
0.60,0.94,0.04,-61.65,-33.81,11.72,1.12,71.28,2,709,6,17
0.59,1.04,0.15,-60.61,-31.68,7.26,1.20,68.77,2,710,8,17
0.62,0.95,0.14,-25.94,-22.58,-1.89,1.14,34.44,2,709,10,15
0.55,0.81,0.04,-6.77,-12.27,-21.85,0.98,25.96,2,700,9,15
0.36,0.79,0.02,-3.11,-5.31,-38.76,0.87,39.24,2,701,8,17
0.23,0.80,0.03,-2.08,5.43,-45.96,0.83,46.33,2,700,9,16
0.22,0.76,-0.01,-0.98,10.86,-45.23,0.79,46.52,2,707,10,15
0.25,0.68,-0.04,-5.25,7.87,-43.88,0.72,44.89,2,712,12,17
0.24,0.76,-0.02,-22.58,-2.44,-40.41,0.80,46.35,2,709,11,15
0.20,0.86,0.05,-16.97,-12.82,-25.82,0.89,33.45,2,710,10,16
0.25,0.86,0.03,1.71,-16.91,-9.46,0.89,19.45,2,709,10,14
0.41,0.85,-0.06,9.95,-21.42,-12.70,0.95,26.82,2,707,11,15
0.46,0.83,-0.02,6.16,-23.80,-31.37,0.95,39.86,2,701,10,13
0.47,0.87,-0.02,15.81,-8.18,-51.76,0.99,54.73,2,695,10,12
0.44,0.70,-0.16,14.83,35.40,-80.99,0.84,89.63,2,690,11,12
0.68,-0.14,0.02,168.40,5.07,32.59,0.69,171.60,5,674,46,10
0.14,1.27,-0.34,0.67,-7.26,222.90,1.32,223.02,19,720,97,11
0.17,1.62,0.06,34.24,-19.90,142.52,1.63,147.92,70,721,124,13
0.20,1.54,0.28,83.80,-17.94,106.69,1.57,136.85,208,693,136,16
0.12,1.17,0.22,57.43,-9.03,73.12,1.19,93.42,468,639,148,28
0.13,1.12,0.10,-11.05,2.20,26.43,1.13,28.73,572,588,147,44
0.16,1.07,0.02,-3.97,1.16,7.75,1.08,8.78,864,573,145,52
0.15,0.94,0.07,3.91,0.37,2.62,0.95,4.72,561,564,148,58
0.15,1.00,0.07,0.73,1.53,2.26,1.01,2.82,740,557,147,60
0.16,0.97,0.06,1.77,1.28,0.79,0.98,2.32,869,551,142,63
0.14,0.95,0.07,1.04,1.71,1.77,0.97,2.67,1717,553,141,64
0.14,0.96,0.06,-1.04,1.71,3.17,0.98,3.75,456,550,140,60
0.14,0.98,0.06,-0.49,1.65,2.38,0.99,2.94,1011,547,139,63
0.14,0.96,0.06,-0.85,1.22,1.53,0.97,2.13,848,544,134,65
0.14,0.98,0.06,-2.08,1.40,2.14,0.99,3.29,502,546,136,64
0.14,0.98,0.05,-0.73,1.16,1.10,0.99,1.76,502,543,137,68
0.14,0.97,0.06,-0.67,1.22,1.04,0.99,1.74,848,541,133,71
0.14,0.98,0.05,0.00,1.04,-0.61,0.99,1.20,726,542,135,68
0.14,0.96,0.06,-3.11,1.34,1.40,0.97,3.67,726,539,133,73
0.14,0.98,0.05,-4.46,1.71,2.50,1.00,5.39,1272,538,128,76
0.14,0.97,0.05,-2.81,1.28,2.44,0.98,3.94,1264,534,125,79
0.13,1.00,0.04,-2.20,1.34,3.36,1.01,4.23,1674,528,121,86
0.12,1.02,0.04,1.34,0.43,-2.14,1.03,2.56,5088,531,127,84
0.16,1.01,0.03,10.07,-1.59,-11.41,1.02,15.30,558,540,129,75
0.14,0.94,0.07,11.29,-1.04,-7.08,0.96,13.37,1272,545,126,76
0.18,1.02,0.04,12.02,-2.01,-7.63,1.04,14.38,1706,546,129,74
0.15,1.08,0.04,22.16,-4.76,-16.24,1.09,27.88,726,561,128,65
0.18,1.01,0.09,35.71,-7.02,-26.00,1.03,44.72,731,605,130,47
0.21,1.07,0.08,39.92,-8.73,-36.87,1.09,55.03,386,661,136,34
0.20,1.13,0.11,38.27,-9.28,-44.68,1.15,59.55,115,714,135,26
0.16,1.31,0.30,38.15,0.37,-57.50,1.35,69.00,55,723,135,23
0.11,1.63,0.38,16.05,21.36,-105.77,1.68,109.10,19,728,130,19
0.10,1.77,0.24,-3.91,37.66,-173.65,1.79,177.72,9,741,121,18
0.14,1.49,0.05,10.80,37.05,-230.41,1.49,233.62,5,747,96,13
0.24,1.32,0.08,56.52,25.82,-252.87,1.35,260.39,3,726,62,15
-0.68,0.56,0.02,125.31,23.07,-136.78,0.88,186.93,3,641,32,21
-0.92,-0.19,-0.41,31.74,-9.09,-28.20,1.02,43.42,2,622,11,24
-0.92,0.05,-0.12,2.93,-21.18,46.26,0.92,50.97,2,630,12,23
-0.40,0.34,-0.10,-13.31,-11.11,100.10,0.53,101.59,3,645,11,21
-0.03,0.57,-0.07,-22.22,-12.33,109.68,0.58,112.58,3,654,10,23
0.24,0.69,-0.10,-35.03,-28.81,106.99,0.74,116.21,3,649,11,21
0.19,1.03,0.23,-60.18,-26.67,99.43,1.07,119.24,3,651,11,21
0.44,0.99,0.18,-47.00,21.97,101.81,1.09,114.26,3,655,11,20
0.87,1.16,0.13,-61.40,41.63,80.51,1.46,109.47,3,665,12,19
1.00,1.19,0.15,-52.67,8.79,45.04,1.56,69.86,3,679,12,18
0.94,1.22,0.13,-33.87,-6.35,30.94,1.55,46.32,3,681,11,15
0.90,1.08,0.02,-26.49,-2.32,15.14,1.41,30.60,2,685,11,15
0.84,0.93,-0.04,-36.50,13.92,0.73,1.25,39.07,2,696,11,15
0.80,0.84,0.00,-56.34,25.94,-6.65,1.16,62.38,2,705,12,16
0.79,0.80,0.13,-76.97,26.67,-4.39,1.13,81.57,2,712,11,15
0.80,0.95,0.29,-75.99,16.11,1.46,1.28,77.69,2,718,12,15
0.70,0.87,0.26,-43.76,0.18,8.85,1.15,44.65,2,720,12,14
0.66,0.73,0.10,-20.20,-8.67,17.27,0.99,27.96,2,721,10,14
0.70,0.56,-0.05,-19.23,-18.62,8.42,0.90,28.06,2,706,13,14
0.68,0.47,-0.10,-41.44,-34.73,-7.02,0.84,54.52,2,702,13,15
0.69,0.61,-0.00,-62.13,-42.60,-20.63,0.92,78.11,2,698,11,13
0.66,0.84,0.13,-63.78,-49.07,-41.99,1.08,90.77,2,695,10,13
0.57,0.90,0.18,-38.02,-42.48,-51.57,1.08,76.88,2,696,11,14
0.58,0.97,0.20,-7.39,-20.51,-46.02,1.15,50.92,2,698,11,11
0.71,1.01,0.01,29.36,10.07,-62.68,1.23,69.95,3,688,10,11
0.22,1.40,0.42,139.28,30.09,-0.79,1.48,142.50,4,689,39,9
0.90,0.42,-1.06,45.78,9.52,181.09,1.46,187.03,12,730,93,9
0.16,1.85,-0.11,59.51,-21.73,138.18,1.86,152.01,30,730,124,12
0.31,1.42,0.15,83.13,-22.89,91.31,1.46,125.59,73,712,138,14
0.15,0.84,0.30,52.55,-10.68,69.46,0.90,87.75,164,679,144,19
0.25,1.22,0.08,11.96,-0.49,71.29,1.25,72.29,489,617,148,31
0.10,1.62,-0.05,-15.38,2.50,45.41,1.62,48.01,832,547,146,58
0.12,1.10,0.04,1.53,0.55,13.43,1.10,13.53,410,520,145,88
0.13,0.97,0.06,2.69,0.92,3.11,0.98,4.21,708,510,144,96
0.13,0.97,0.05,-0.55,1.22,0.79,0.98,1.56,713,509,144,95
0.13,0.98,0.04,-2.93,1.40,0.43,0.99,3.28,496,507,140,91
0.13,0.98,0.04,-3.48,1.34,1.34,0.99,3.96,496,509,143,88
0.13,0.98,0.03,-1.65,1.16,0.12,0.99,2.02,408,509,142,85
0.13,0.98,0.03,-0.06,1.59,0.43,0.99,1.64,1674,512,141,88
0.13,0.97,0.04,0.67,1.40,-0.12,0.98,1.56,448,512,140,86
0.13,0.97,0.04,1.28,1.22,-0.67,0.97,1.89,1011,511,139,81
0.13,0.97,0.04,0.92,1.34,0.18,0.98,1.64,554,509,134,84
0.13,0.98,0.04,0.73,0.98,-0.73,0.99,1.42,1685,512,136,85
0.13,0.97,0.04,1.16,0.79,-0.98,0.98,1.71,554,512,138,81
0.13,0.98,0.03,0.31,0.98,0.12,0.99,1.03,717,512,138,85
0.15,0.99,0.03,1.95,0.79,-1.22,1.00,2.44,1004,513,140,85
0.12,0.96,0.04,2.08,0.67,0.18,0.97,2.19,551,512,136,83
0.10,1.00,0.03,0.67,0.43,0.55,1.00,0.97,708,512,130,86
0.15,0.93,0.05,3.05,0.49,-1.04,0.94,3.26,2480,509,132,88
0.11,1.00,0.04,-2.32,0.61,1.04,1.01,2.61,492,508,130,87
0.12,0.99,0.03,2.87,-0.49,-7.26,1.00,7.82,496,516,133,78
0.14,0.97,0.04,4.03,-0.85,-9.46,0.98,10.32,1706,524,134,67
0.13,1.05,0.02,0.12,-0.92,-14.95,1.06,14.98,740,544,136,45
0.16,1.01,0.01,7.87,-2.50,-19.96,1.03,21.60,5184,569,142,37
0.15,1.00,0.06,14.16,-1.83,-15.93,1.02,21.39,1304,590,138,32
0.16,1.01,0.08,12.88,-1.46,-29.17,1.02,31.92,572,622,143,25
0.19,1.07,0.08,15.99,-0.67,-39.25,1.09,42.38,32736,658,149,23
0.17,1.42,0.19,6.96,4.33,-66.83,1.45,67.33,370,704,149,18
0.15,1.71,0.16,-10.38,19.10,-123.60,1.73,125.49,74,754,158,15
0.19,1.74,0.08,-17.33,33.39,-179.63,1.75,183.52,30,758,159,13
0.11,1.79,0.02,-5.80,25.88,-244.45,1.80,245.88,15,766,147,8
0.11,1.44,-0.01,30.03,17.88,-302.98,1.45,304.99,8,779,114,9
0.27,0.83,-0.03,66.04,15.81,-306.15,0.88,313.59,4,763,65,11
-1.05,0.26,0.10,150.94,23.80,-192.57,1.09,245.83,3,691,39,20
-1.45,-0.34,-0.69,39.25,28.38,107.18,1.64,117.61,3,624,17,21
-0.83,0.15,-0.19,-4.52,30.88,93.14,0.87,98.23,3,630,12,19
-0.40,0.44,-0.26,11.84,43.88,150.21,0.65,156.93,3,639,13,20
0.16,0.72,-0.22,-9.22,23.80,165.89,0.77,167.85,3,645,14,20
0.44,0.89,-0.14,-4.70,-4.27,159.42,1.00,159.55,3,648,14,18
0.59,0.94,-0.10,-7.51,-26.37,144.90,1.11,147.47,3,649,14,19
0.78,1.10,0.01,-11.41,-35.40,103.58,1.34,110.05,2,658,11,15
0.66,1.02,0.01,-18.13,-18.31,51.15,1.22,57.27,2,674,9,15
0.68,1.20,0.05,-38.33,11.11,26.92,1.38,48.14,2,682,8,14
0.87,1.20,-0.02,-27.22,30.82,21.24,1.48,46.28,2,684,10,15
1.02,1.01,-0.16,-31.07,18.43,24.96,1.44,43.91,2,694,9,14
1.02,1.00,-0.11,-57.19,1.53,32.90,1.43,65.99,2,687,11,11
1.00,1.05,0.02,-71.35,-10.44,43.58,1.45,84.26,2,695,11,12
0.92,1.04,0.13,-59.39,-16.97,55.24,1.39,82.86,2,705,11,13
0.95,1.02,0.14,-31.37,-18.92,55.91,1.40,66.84,2,715,11,12
0.92,0.80,-0.02,-10.80,-25.70,37.84,1.22,47.00,2,715,11,11
0.79,0.66,-0.04,-26.61,-30.33,13.24,1.03,42.47,2,722,13,12
0.69,0.72,0.08,-39.79,-26.18,-2.56,1.00,47.71,2,723,13,13
0.72,0.76,0.14,-23.13,-16.17,-15.99,1.06,32.44,2,730,12,13
0.73,0.78,0.10,-17.88,-14.04,-21.91,1.07,31.58,2,729,14,12
0.63,0.87,0.11,-9.83,-16.54,-38.70,1.08,43.22,2,728,13,11
0.46,0.87,0.14,15.93,-12.21,-56.88,0.99,60.32,2,725,13,11
0.34,0.80,0.05,39.37,3.05,-63.66,0.88,74.91,2,723,13,12
0.32,0.83,-0.04,65.12,14.59,-75.01,0.89,100.40,2,726,13,13
0.24,0.52,-0.23,39.73,24.11,-94.67,0.62,105.46,2,740,19,11
0.36,-0.82,-0.19,217.47,6.04,144.84,0.91,261.36,7,698,78,17
-0.21,2.03,0.21,-8.42,-17.40,264.16,2.05,264.87,29,745,121,8
0.34,3.00,-0.52,39.25,-2.81,153.81,3.07,158.76,214,690,135,15
-0.10,0.50,0.56,121.28,-26.55,56.76,0.75,136.51,636,602,144,38
0.12,1.10,0.14,-1.71,0.00,15.81,1.12,15.90,713,554,144,61
0.14,1.02,0.03,-25.76,3.66,10.74,1.03,28.15,717,535,142,74
0.14,0.99,0.03,-5.13,1.40,8.73,1.00,10.22,453,517,140,93
0.12,1.00,0.05,-2.87,0.79,14.40,1.00,14.71,547,496,130,107
0.10,0.99,0.06,4.76,0.06,7.39,1.00,8.79,473,480,123,123
0.10,0.97,0.07,3.97,0.61,2.26,0.97,4.61,464,476,123,125
0.11,0.98,0.05,-0.73,1.34,-0.31,0.99,1.56,515,475,117,121
0.11,0.98,0.05,1.40,1.16,-0.73,0.99,1.96,384,478,121,117
0.11,0.97,0.06,1.89,1.04,-0.67,0.98,2.26,416,478,120,119
0.11,0.97,0.05,1.34,1.40,-0.24,0.98,1.96,418,477,118,115
0.11,0.98,0.05,1.22,1.46,0.55,0.99,1.98,508,480,120,119
0.11,0.97,0.05,2.32,1.28,0.18,0.98,2.66,762,478,117,119
0.11,0.98,0.05,0.92,1.59,-0.49,0.98,1.90,1536,477,118,118
0.11,0.98,0.05,0.31,1.53,-1.04,0.99,1.87,1160,477,120,114
0.11,0.97,0.05,1.28,1.10,-2.01,0.98,2.63,421,481,122,115
0.11,0.97,0.06,-0.12,1.28,-1.83,0.98,2.24,592,483,122,113
0.12,1.00,0.04,14.95,0.61,-3.60,1.01,15.39,789,488,121,108
0.11,0.97,0.05,-1.53,0.79,-1.71,0.98,2.42,604,491,123,102
0.12,0.95,0.06,3.72,0.31,-2.26,0.96,4.37,972,495,125,103
0.11,0.96,0.07,0.43,0.67,-1.34,0.97,1.56,1240,494,127,104
0.12,0.97,0.04,-0.37,0.67,-1.71,0.98,1.87,612,496,124,104
0.12,0.99,0.05,1.71,0.49,-1.22,1.00,2.16,620,495,126,104
0.11,0.97,0.05,1.16,0.61,-1.34,0.98,1.88,717,498,126,103
0.11,0.97,0.07,5.25,0.43,-2.01,0.98,5.64,826,499,123,105
0.12,0.98,0.05,3.72,0.18,-3.42,0.99,5.06,1256,502,126,99
0.12,0.99,0.06,7.63,-0.61,-8.48,1.00,11.43,632,509,131,96
0.13,1.03,0.04,11.54,-1.83,-15.62,1.04,19.51,456,523,131,76
0.15,0.98,0.07,21.55,-2.87,-17.82,1.00,28.11,1685,545,134,65
0.15,1.05,0.07,22.22,-3.30,-21.79,1.06,31.29,858,577,132,46
0.15,1.01,0.12,19.71,-3.17,-32.78,1.03,38.38,1280,628,137,33
0.18,1.07,0.14,14.89,0.06,-41.08,1.10,43.69,388,684,141,28
0.20,1.21,0.16,11.84,5.31,-52.92,1.24,54.49,133,728,139,24
0.26,1.62,0.18,7.39,14.53,-71.17,1.65,73.01,40,758,142,20
0.18,1.74,0.15,6.96,21.91,-110.35,1.76,112.72,15,759,137,20
0.16,1.45,0.07,20.39,21.36,-183.17,1.46,185.53,7,757,124,16
0.21,0.97,0.08,45.78,15.56,-205.02,0.99,210.64,3,760,101,13
0.36,0.58,0.11,58.41,14.59,-192.26,0.69,201.47,2,729,65,12
0.42,0.51,0.20,53.47,15.38,-158.81,0.69,168.28,2,711,48,15
0.16,0.38,0.23,69.82,24.72,-113.22,0.48,135.30,1,686,37,17
