-,-,-
0.10,0.97,-0.02,-21.79,-1.28,-3.97,0.98,22.18,451,459,43,133
0.10,1.03,-0.07,-13.49,-0.79,-1.77,1.04,13.63,588,459,49,139
0.10,0.99,-0.05,2.81,1.28,1.28,1.00,3.34,433,455,54,144
0.10,0.97,-0.03,4.82,1.46,-0.43,0.98,5.06,685,455,62,141
0.10,0.97,-0.03,1.40,1.65,0.06,0.98,2.17,608,460,65,144
0.10,0.98,-0.03,-0.67,1.83,-0.12,0.99,1.95,620,460,68,141
0.10,0.98,-0.04,1.10,1.59,-1.40,0.99,2.39,496,462,68,138
0.10,0.98,-0.04,3.78,1.40,-2.26,0.99,4.62,502,464,69,142
0.10,0.97,-0.03,7.32,0.18,-2.50,0.98,7.74,561,466,75,140
0.10,0.97,-0.02,4.46,1.10,-1.34,0.98,4.78,565,469,76,141
0.10,0.98,-0.02,2.87,1.28,-1.22,0.98,3.37,572,471,82,139
0.10,0.98,-0.03,2.44,1.28,-1.46,0.99,3.12,572,475,83,132
0.10,0.97,-0.02,3.66,1.34,-0.85,0.98,3.99,652,479,83,135
0.10,0.97,-0.02,2.81,1.28,-0.73,0.97,3.17,524,479,86,137
0.10,0.98,-0.02,0.73,1.40,-0.37,0.98,1.63,480,479,89,130
0.10,0.98,-0.02,1.10,1.53,-0.43,0.99,1.93,880,479,87,135
0.10,0.98,-0.02,0.61,1.53,-0.85,0.98,1.85,758,482,91,129
0.10,0.98,-0.03,0.24,1.77,-0.92,0.99,2.01,442,484,93,127
0.10,0.98,-0.02,1.16,1.83,-1.28,0.98,2.52,676,488,96,124
0.10,0.98,-0.03,0.49,2.01,-1.40,0.99,2.50,1360,493,96,120
0.09,0.98,-0.03,2.56,1.95,-3.54,0.98,4.79,786,501,98,108
0.10,1.09,-0.06,17.09,2.08,-17.46,1.09,24.52,684,535,104,71
0.16,1.12,-0.07,7.63,-1.95,-57.56,1.13,58.09,1392,641,108,26
0.12,1.99,-0.03,11.05,-0.61,-147.40,1.99,147.81,423,737,114,16
-0.15,2.80,0.27,-11.90,11.84,-237.92,2.82,238.51,51,750,102,14
0.18,2.62,-0.17,39.12,20.32,-310.42,2.63,313.54,11,724,56,17
-0.53,1.76,-0.18,103.15,9.52,-267.82,1.85,287.16,6,691,16,27
0.04,0.74,-0.69,65.37,103.45,-99.91,1.01,157.98,7,693,13,29
0.50,1.25,-0.26,18.86,83.80,-48.77,1.37,98.78,6,705,13,29
0.45,0.67,-0.42,75.99,-1.40,52.25,0.91,92.23,6,704,12,30
0.07,0.60,-0.11,90.52,-44.80,108.28,0.61,148.07,5,689,12,32
-0.22,-0.01,-0.25,67.99,-12.08,98.57,0.33,120.36,5,687,13,33
-0.40,0.09,-0.12,16.11,28.08,86.98,0.42,92.80,5,688,13,33
-0.30,0.21,-0.10,-6.53,57.98,111.45,0.38,125.80,5,686,10,35
0.02,0.37,-0.04,-23.56,65.55,118.65,0.37,137.59,5,684,13,36
0.21,0.44,-0.06,-20.45,52.31,123.23,0.49,135.42,5,685,12,35
0.43,0.72,0.05,-16.11,14.28,131.84,0.84,133.58,5,680,12,35
0.35,0.67,-0.02,-0.06,-14.83,126.71,0.76,127.57,5,684,12,36
0.56,0.76,-0.07,1.40,-24.72,125.37,0.95,127.79,5,684,11,35
0.61,0.80,-0.09,-3.66,-28.56,95.89,1.01,100.12,5,686,12,35
0.64,0.83,-0.13,-18.68,-14.47,75.26,1.05,78.88,5,689,13,35
0.80,1.02,-0.03,-32.41,-1.16,53.16,1.30,62.27,6,694,13,33
0.83,1.00,-0.01,-34.30,7.26,16.78,1.30,38.87,5,700,13,31
0.64,0.99,0.11,-29.48,2.38,-2.20,1.18,29.66,5,720,10,33
0.40,0.93,0.22,-28.81,2.20,-10.68,1.04,30.80,5,730,12,33
0.48,1.14,0.31,-27.65,13.43,-22.28,1.27,37.96,5,739,14,32
0.52,1.03,0.21,3.54,15.38,-33.94,1.17,37.43,4,749,14,35
0.67,0.73,0.75,279.60,20.20,-79.71,1.24,291.44,9,590,10,59
0.04,0.84,0.14,-2.08,-14.04,-34.73,0.85,37.52,7,602,8,55
0.23,0.89,-0.02,23.86,1.95,-31.74,0.92,39.76,8,650,17,50
0.19,0.90,0.04,50.54,-4.94,-10.50,0.92,51.85,9,648,22,54
0.09,0.73,0.20,38.21,-6.10,-4.46,0.76,38.95,12,609,33,67
0.11,0.87,0.16,-8.36,1.34,6.23,0.89,10.51,22,565,51,83
0.13,0.96,0.09,-23.01,4.09,11.90,0.97,26.23,43,531,63,99
0.14,1.13,0.05,-10.93,2.81,9.89,1.14,15.00,70,506,74,112
0.10,0.99,0.07,-6.53,3.66,10.25,1.00,12.70,131,484,78,122
0.11,0.97,0.08,-7.39,4.03,8.79,0.98,12.17,175,469,81,130
0.11,1.01,0.06,-7.02,2.93,6.16,1.01,9.79,211,462,85,131
0.10,0.99,0.07,-0.61,1.65,3.42,1.00,3.84,227,460,85,138
0.10,0.99,0.06,1.77,1.04,2.26,1.00,3.05,240,458,87,135
0.10,0.97,0.08,3.91,0.61,0.79,0.98,4.03,227,454,84,140
0.10,0.97,0.08,1.89,1.16,0.61,0.98,2.30,225,454,82,139
0.10,0.98,0.07,-0.18,1.71,0.49,0.99,1.79,179,457,86,142
0.10,0.98,0.07,0.61,1.46,0.18,0.99,1.60,242,456,85,140
0.10,0.97,0.07,1.16,1.40,0.61,0.98,1.92,185,458,84,135
0.10,0.98,0.07,1.71,1.40,0.79,0.99,2.35,188,458,81,134
0.09,0.97,0.08,2.56,1.34,-0.37,0.98,2.92,158,456,81,137
0.10,0.97,0.07,2.99,1.28,-0.67,0.97,3.32,167,457,78,138
0.10,0.96,0.08,3.05,1.04,-0.55,0.97,3.27,167,458,81,137
0.10,0.97,0.08,0.18,1.65,-0.24,0.98,1.68,225,461,83,137
0.10,0.97,0.08,-0.73,1.95,-0.92,0.98,2.28,242,463,85,135
0.09,0.97,0.07,-2.75,2.38,-0.18,0.97,3.64,224,467,88,136
0.09,0.97,0.07,-5.74,2.75,-2.50,0.98,6.84,448,476,93,133
0.09,1.00,0.07,-10.01,2.50,-5.98,1.01,11.93,1224,493,106,126
0.10,1.05,0.04,-10.25,1.46,-14.04,1.06,17.45,2656,515,120,105
0.11,1.05,0.07,-8.30,1.53,-33.51,1.06,34.55,1384,557,134,68
0.11,1.04,0.09,-10.31,-0.85,-65.92,1.05,66.73,1132,647,149,27
0.17,2.08,0.21,-36.50,1.89,-101.01,2.10,107.42,822,734,154,12
0.13,1.71,0.06,-24.78,10.99,-153.20,1.71,155.58,152,784,158,11
0.16,1.41,0.05,-8.24,17.76,-181.27,1.43,182.33,57,805,152,10
0.24,1.44,0.03,1.53,21.30,-204.47,1.46,205.58,21,815,135,10
0.71,1.45,-0.07,31.49,23.13,-212.04,1.62,215.61,8,802,75,11
2.07,0.49,-0.34,58.11,8.73,-209.66,2.16,217.73,5,791,35,18
2.57,0.93,-0.37,21.91,-8.18,-142.03,2.76,143.94,3,767,15,20
2.03,1.13,-0.45,-2.50,-49.87,-84.47,2.37,98.12,2,759,11,20
1.55,1.51,-0.21,-60.36,-71.96,-96.68,2.18,134.79,2,740,13,20
0.34,2.01,0.33,-76.60,-52.80,-113.10,2.06,146.44,2,721,10,20
-0.27,1.48,0.11,16.05,1.59,-80.87,1.51,82.46,3,697,12,23
-0.51,0.81,-0.18,34.12,6.10,-7.93,0.98,35.56,3,685,11,25
-0.67,0.66,0.02,28.63,-35.52,74.04,0.94,86.96,3,689,12,24
-1.04,0.42,0.19,47.36,-38.57,115.72,1.14,130.85,3,680,13,26
-0.92,-0.03,-0.10,51.09,4.39,133.85,0.93,143.34,3,678,13,29
-0.94,-0.19,-0.19,-2.81,44.01,140.69,0.97,147.43,4,668,12,28
-0.48,0.02,-0.23,-29.54,67.87,175.42,0.53,190.39,4,663,11,29
-0.18,0.35,-0.15,-35.83,42.24,183.65,0.42,191.82,5,660,11,32
0.16,0.47,-0.22,-15.14,4.09,200.20,0.54,200.81,5,659,11,28
0.31,0.66,-0.09,-13.73,-25.88,191.22,0.73,193.45,5,658,13,30
0.58,0.68,-0.09,-14.53,-30.33,176.51,0.89,179.69,5,663,11,31
0.85,0.94,0.02,-25.63,-34.12,151.12,1.27,157.03,5,669,11,31
1.04,1.04,0.13,-21.48,-38.76,120.73,1.47,128.60,6,674,13,31
1.08,1.10,0.34,-30.88,-19.53,79.90,1.58,87.85,6,681,15,30
1.18,1.13,0.40,-33.08,24.96,27.22,1.68,49.58,6,680,15,30
1.20,1.18,0.46,-21.00,51.94,-32.10,1.74,64.57,5,689,15,27
0.89,0.72,0.20,-12.51,59.39,-50.17,1.16,78.74,6,688,12,29
0.67,1.93,0.17,-18.43,67.93,-59.69,2.05,92.29,6,671,13,27
-0.24,0.81,0.36,82.40,-5.37,59.69,0.92,101.89,101,504,35,93
0.15,1.02,0.07,-5.86,-0.85,-13.98,1.03,15.18,156,509,50,102
0.17,1.06,-0.05,0.00,-1.65,-14.77,1.08,14.86,264,512,68,107
0.11,0.93,0.09,5.19,-0.43,-1.46,0.94,5.41,464,508,87,115
0.14,0.96,0.03,-8.54,0.85,0.00,0.97,8.59,690,504,90,118
0.11,0.99,0.03,-2.26,1.34,4.39,1.00,5.12,612,500,101,121
0.11,0.99,0.03,-1.59,0.92,0.37,1.00,1.87,722,499,105,127
0.12,0.98,0.03,-0.18,0.98,-1.04,0.99,1.44,726,499,110,124
0.12,0.99,0.03,-0.49,1.53,-0.24,0.99,1.62,462,499,112,127
0.12,0.97,0.03,1.28,1.28,-0.31,0.97,1.84,652,499,110,125
0.11,0.98,0.03,0.67,0.85,-0.12,0.98,1.09,1043,498,109,128
0.12,0.97,0.03,0.67,1.59,1.16,0.98,2.08,1304,498,106,127
0.11,0.98,0.02,-0.73,1.65,1.53,0.99,2.36,508,497,103,128
0.10,0.98,0.03,0.06,1.89,1.95,0.98,2.72,736,498,107,129
0.09,0.98,0.02,-0.06,1.83,1.22,0.98,2.20,740,498,106,122
0.11,0.98,0.03,0.98,1.71,0.12,0.98,1.97,736,499,105,127
0.11,0.98,0.03,2.50,1.16,-0.67,0.99,2.84,1717,496,102,127
0.11,0.96,0.03,4.27,0.92,-2.20,0.97,4.89,644,500,104,123
0.11,0.98,0.03,2.56,1.04,-2.14,0.99,3.49,2624,502,103,121
0.12,0.97,0.03,4.39,0.73,-3.11,0.98,5.43,586,503,107,120
0.11,1.00,0.03,5.31,0.73,-4.39,1.01,6.93,1068,509,117,120
0.12,0.99,0.04,7.08,0.37,-6.65,0.99,9.72,450,514,123,111
0.11,0.98,0.05,6.96,-0.06,-10.68,0.99,12.75,1877,524,125,103
0.13,1.05,0.02,4.88,-0.55,-19.71,1.06,20.32,517,543,140,79
0.14,0.99,0.05,5.07,-2.56,-33.75,1.01,34.23,1480,574,149,36
0.13,1.06,0.08,-11.17,-3.05,-53.53,1.07,54.77,1190,655,156,18
0.19,1.61,0.07,-34.79,4.15,-89.84,1.62,96.43,748,722,159,10
0.18,1.61,0.06,-28.69,10.99,-138.18,1.62,141.56,368,771,162,10
0.16,1.55,0.05,-13.55,13.55,-177.37,1.56,178.40,91,793,151,9
0.33,1.57,0.01,-16.42,25.63,-211.61,1.60,213.79,33,789,106,10
1.98,1.38,-0.53,-14.77,10.13,-225.59,2.47,226.30,8,752,52,11
2.40,1.15,-0.38,-38.88,-33.81,-203.55,2.69,209.97,5,731,17,14
2.04,1.36,-0.30,-2.44,-106.02,-178.59,2.47,207.70,3,721,14,15
1.53,1.66,-0.10,12.88,-127.01,-129.58,2.26,181.90,3,730,14,16
0.68,1.38,0.09,-18.37,-87.65,-127.26,1.54,155.61,2,731,13,18
-0.17,1.50,0.35,8.79,-30.76,-92.71,1.55,98.08,3,741,13,19
-0.35,0.78,0.03,66.35,-11.35,-36.07,0.86,76.37,3,747,13,22
-0.51,0.58,0.08,62.26,-32.84,33.75,0.78,78.06,3,752,14,23
-0.85,0.32,0.05,85.33,-23.99,81.18,0.91,120.19,3,756,11,24
-0.64,0.07,-0.21,66.53,7.32,125.49,0.68,142.22,4,745,11,26
-0.73,-0.01,-0.24,26.98,27.04,129.52,0.76,135.03,4,736,13,28
-0.74,0.03,-0.28,-8.12,44.07,181.88,0.79,187.32,4,728,12,29
-0.37,0.24,-0.29,-36.19,56.88,185.73,0.52,197.59,4,711,14,28
-0.23,0.47,-0.24,-32.17,28.02,197.45,0.57,202.00,5,699,11,30
-0.01,0.38,-0.33,-22.52,3.48,192.26,0.50,193.61,5,688,12,29
0.11,0.61,-0.14,-42.24,-8.12,186.34,0.63,191.24,5,683,13,29
0.47,0.62,-0.08,-56.88,15.99,167.60,0.78,177.71,6,676,13,31
0.87,1.08,0.09,-73.30,42.36,141.11,1.39,164.56,6,675,13,29
1.32,1.26,0.18,-47.79,31.37,120.30,1.83,133.19,6,677,14,30
1.55,1.33,0.28,-21.30,2.32,95.58,2.06,97.95,6,684,13,29
1.76,1.36,0.32,0.73,-22.28,49.01,2.25,53.84,7,690,13,27
0.94,2.26,1.06,205.93,-42.36,-93.32,2.67,230.03,24,548,11,57
-0.42,0.91,0.14,-59.88,2.69,5.25,1.01,60.17,32,540,13,55
0.09,1.04,0.05,65.31,-7.75,-19.41,1.04,68.57,98,500,34,75
0.10,0.75,0.16,36.25,-3.72,-12.08,0.77,38.40,216,486,68,94
0.10,1.04,0.05,-8.79,3.36,4.27,1.04,10.33,357,484,84,100
0.08,1.00,0.08,-2.01,1.28,-5.92,1.01,6.38,344,485,95,101
0.11,0.92,0.06,-9.89,2.08,-2.87,0.93,10.50,1610,494,108,100
0.11,0.97,0.04,-12.70,2.62,1.22,0.97,13.02,492,498,115,107
0.10,0.98,0.04,-9.58,2.44,4.58,0.99,10.90,1011,497,111,108
0.09,0.99,0.03,-6.16,2.01,5.25,1.00,8.34,640,495,116,110
0.09,1.00,0.03,-1.89,1.95,4.27,1.00,5.06,1280,494,109,112
0.09,0.99,0.03,0.31,1.40,1.16,1.00,1.85,421,493,112,113
0.08,0.98,0.04,2.81,1.28,0.49,0.98,3.12,1706,492,114,108
0.09,0.97,0.03,1.40,1.22,0.06,0.97,1.86,508,492,108,111
0.07,0.98,0.02,2.75,1.40,1.34,0.99,3.36,505,492,108,111
0.09,0.98,0.03,4.33,1.16,0.61,0.98,4.53,502,491,111,111
0.09,0.98,0.03,4.46,1.34,2.26,0.99,5.17,628,490,108,111
0.08,0.95,0.05,4.94,1.10,1.89,0.96,5.41,620,487,106,110
0.08,0.98,0.04,0.67,0.73,2.44,0.98,2.64,616,489,101,111
0.08,0.98,0.04,-1.46,0.98,2.38,0.99,2.96,992,490,103,115
0.08,0.98,0.04,1.65,0.55,0.85,0.98,1.94,448,490,102,116
0.07,0.99,0.04,3.78,0.79,-0.85,0.99,3.96,554,489,101,115
0.08,1.00,0.03,3.85,0.67,-2.56,1.00,4.67,502,493,105,114
0.08,1.00,0.04,6.59,0.43,-7.02,1.01,9.64,462,497,111,112
0.08,1.00,0.05,8.67,-0.12,-13.49,1.00,16.03,745,504,115,105
0.09,1.03,0.05,5.98,-0.49,-20.75,1.03,21.60,885,523,125,86
0.10,1.32,0.01,6.35,-2.38,-38.82,1.32,39.41,912,563,135,48
0.07,1.07,0.14,22.89,-0.98,-63.23,1.08,67.25,2800,645,146,25
0.14,1.38,0.08,4.39,2.87,-114.93,1.39,115.05,566,727,149,15
0.22,2.23,0.20,-21.73,3.97,-151.73,2.25,153.33,97,786,155,11
0.17,1.59,0.11,5.43,14.34,-192.08,1.61,192.69,37,800,145,11
0.46,1.60,-0.15,15.62,7.63,-219.48,1.67,220.17,14,814,93,11
1.69,1.18,-0.56,1.53,-18.43,-226.50,2.13,227.26,5,785,42,13
2.06,1.06,0.13,-24.41,-42.30,-161.87,2.31,169.07,3,756,13,18
1.88,1.00,-0.27,45.47,-88.62,-111.15,2.14,149.25,2,764,13,20
1.31,1.00,-0.33,6.41,-133.00,-73.49,1.68,152.08,2,757,12,21
0.25,1.62,0.41,-75.99,-126.77,-56.03,1.69,158.06,2,749,10,22
-0.45,1.69,0.65,22.34,-31.74,-14.47,1.86,41.42,3,748,12,21
-0.37,0.53,-0.11,35.83,34.06,32.78,0.66,59.31,3,723,12,24
-0.43,0.72,0.25,19.71,10.80,58.11,0.87,62.30,3,721,10,23
-0.67,0.26,0.14,39.12,17.76,67.93,0.73,80.38,3,717,12,26
-0.70,0.30,0.10,16.42,49.13,107.42,0.77,119.26,4,712,11,25
-0.46,0.01,-0.17,-0.67,76.17,113.65,0.49,136.82,4,700,11,27
-0.40,0.28,-0.14,-31.07,79.35,133.42,0.51,158.31,4,692,10,28
-0.20,0.36,-0.24,-37.41,65.43,141.30,0.47,160.14,4,684,12,29
-0.14,0.53,-0.19,-34.18,34.73,162.60,0.58,169.74,5,680,11,29
0.06,0.57,-0.20,-30.82,5.49,169.37,0.61,172.24,5,672,10,30
0.19,0.64,-0.13,-18.80,-33.14,157.84,0.68,162.37,5,672,11,29
0.29,0.73,0.06,-25.94,-40.53,142.40,0.79,150.31,6,678,13,29
0.58,0.71,0.14,-39.12,-15.20,118.59,0.93,125.80,6,680,11,31
0.79,1.03,0.33,-57.37,24.84,88.99,1.34,108.76,6,683,11,31
1.26,1.19,0.34,-59.88,59.33,50.54,1.77,98.28,6,686,14,27
1.42,1.21,0.37,-28.56,46.26,0.12,1.90,54.37,6,697,14,27
1.23,1.08,0.30,8.36,8.18,-31.19,1.67,33.31,6,708,12,29
1.11,-1.37,-0.68,110.72,-17.27,-114.75,1.89,160.39,18,563,14,66
0.15,0.11,0.37,84.66,0.92,7.14,0.41,84.96,22,520,17,74
0.10,1.25,-0.05,0.24,1.10,-8.61,1.25,8.68,30,524,27,80
0.12,0.92,0.07,24.54,-2.87,-9.34,0.93,26.41,70,502,47,96
0.13,0.95,0.09,4.70,0.43,2.01,0.97,5.13,140,480,63,109
0.10,1.00,0.05,-2.32,0.55,2.20,1.01,3.24,270,471,77,117
0.11,0.98,0.05,0.85,-0.12,-1.89,0.99,2.08,548,467,87,124
0.10,0.97,0.05,2.62,-0.12,-1.59,0.97,3.07,410,469,92,131
0.11,0.97,0.05,-0.79,0.73,0.43,0.98,1.16,464,469,96,133
0.10,0.97,0.05,-1.59,1.16,2.26,0.97,2.99,470,467,97,130
0.10,0.98,0.04,-1.34,1.40,2.75,0.98,3.36,800,465,99,131
0.10,0.99,0.04,0.49,1.34,1.04,1.00,1.77,592,465,99,135
0.10,0.97,0.05,0.31,1.40,-0.43,0.98,1.50,433,465,97,138
0.10,0.97,0.05,-1.28,1.59,-0.37,0.98,2.07,480,467,96,138
0.10,0.98,0.04,-1.65,1.77,-1.65,0.98,2.93,483,468,97,132
0.09,0.98,0.03,-1.04,1.53,-1.28,0.98,2.25,480,472,97,130
0.10,0.98,0.03,0.73,1.59,-2.26,0.99,2.86,533,475,99,123
0.10,0.97,0.04,2.08,1.59,-1.89,0.98,3.23,608,479,101,123
0.10,0.97,0.05,3.11,1.34,-1.77,0.98,3.82,979,480,98,121
0.11,0.96,0.04,2.32,1.46,-0.61,0.97,2.81,439,481,100,116
0.10,0.98,0.04,-0.06,1.77,0.37,0.99,1.81,496,481,101,119
0.10,0.98,0.04,1.10,1.22,-0.92,0.99,1.88,381,484,103,122
0.11,1.00,0.04,0.61,0.79,-1.40,1.01,1.72,864,488,110,123
0.10,0.99,0.04,3.23,0.55,-3.42,0.99,4.74,583,495,116,120
0.10,1.02,0.04,4.58,0.73,-6.96,1.02,8.36,408,501,121,113
0.11,1.01,0.04,8.24,0.43,-13.67,1.02,15.97,491,512,125,100
0.12,1.04,0.06,10.74,-0.79,-22.09,1.04,24.58,1120,537,139,70
0.09,1.12,0.09,8.97,-2.62,-38.64,1.13,39.75,813,604,148,36
0.17,1.04,0.03,3.66,0.55,-65.55,1.06,65.66,716,697,157,17
0.15,2.08,0.20,-14.53,7.57,-123.17,2.09,124.25,318,758,162,10
0.10,1.71,0.14,0.24,11.66,-169.62,1.72,170.02,79,788,156,9
0.19,1.65,0.11,-3.54,22.83,-215.27,1.67,216.51,26,796,129,9
1.37,1.39,-0.21,7.87,21.85,-233.46,1.96,234.61,9,786,61,10
1.83,1.07,-0.06,26.55,5.00,-237.06,2.12,238.60,4,753,23,14
2.43,1.02,-0.58,30.15,-63.35,-159.12,2.70,173.90,2,757,12,19
1.78,1.45,-0.34,-0.12,-142.09,-117.00,2.32,184.06,2,753,10,21
0.90,1.44,-0.01,-33.51,-156.43,-126.59,1.70,204.01,2,756,10,21
-0.16,1.65,0.50,-18.80,-102.17,-115.36,1.73,155.24,2,762,11,22
-0.63,0.94,0.26,56.58,10.99,-1.22,1.16,57.65,2,767,12,24
-0.47,0.54,-0.03,50.96,21.00,59.27,0.71,80.94,3,764,12,24
-0.65,0.33,-0.01,48.16,16.60,91.61,0.72,104.82,3,758,12,25
-0.77,0.25,-0.04,34.97,37.17,120.06,0.81,130.45,3,750,14,25
-0.75,-0.04,-0.25,16.05,70.86,145.26,0.79,162.42,3,730,13,28
-0.59,0.09,-0.26,-26.73,97.11,165.47,0.65,193.71,4,708,12,27
-0.37,0.24,-0.29,-47.30,106.87,178.47,0.53,213.33,4,695,12,31
-0.03,0.44,-0.24,-42.30,80.08,185.61,0.51,206.52,5,700,12,29
0.21,0.61,-0.15,-18.80,18.13,198.18,0.66,199.89,5,698,11,30
0.20,0.57,-0.11,-0.92,-45.41,179.81,0.61,185.46,5,694,11,31
0.44,0.77,0.11,-19.41,-26.73,161.93,0.90,165.26,6,683,13,30
0.99,1.03,0.17,-30.15,11.66,123.54,1.44,127.69,6,690,14,31
1.37,1.26,0.24,-30.70,39.79,89.90,1.88,103.00,7,696,16,32
1.84,1.37,0.26,-25.21,39.06,48.65,2.31,67.29,7,700,15,33
1.68,1.07,0.24,2.75,3.05,1.40,2.01,4.34,7,705,15,29
2.02,2.59,1.18,27.34,-15.44,-64.15,3.49,71.42,11,646,12,38
0.03,1.50,-0.07,2.81,-11.05,47.12,1.50,48.48,57,501,25,76
0.05,1.23,0.02,6.04,0.55,7.63,1.23,9.75,77,479,43,91
0.09,1.00,0.05,10.93,1.46,-4.64,1.01,11.96,145,472,61,103
0.06,0.94,0.12,2.44,1.59,-6.96,0.95,7.54,220,470,81,107
0.09,0.94,0.07,-10.31,3.78,1.71,0.94,11.12,233,469,91,110
0.07,1.00,0.06,-13.67,4.39,6.35,1.00,15.70,386,469,98,114
0.08,1.00,0.05,-11.54,2.81,3.05,1.00,12.26,560,471,101,115
0.07,0.98,0.05,-7.14,1.83,3.05,0.99,7.98,460,470,103,120
0.07,0.99,0.05,-3.60,1.71,5.07,0.99,6.45,512,469,102,120
0.06,1.00,0.04,-0.24,1.28,4.27,1.00,4.47,762,468,104,119
0.06,0.99,0.05,1.95,1.04,0.98,0.99,2.42,584,468,101,124
0.06,0.98,0.05,-15.08,1.04,-0.43,0.99,15.12,381,467,99,120
0.06,0.97,0.05,1.10,0.98,-2.01,0.97,2.49,762,471,101,120
0.07,0.97,0.05,0.00,0.92,-1.22,0.98,1.53,512,474,104,118
0.06,0.99,0.04,1.89,0.98,0.49,1.00,2.18,519,474,100,116
0.07,0.97,0.05,5.13,0.67,0.73,0.97,5.22,662,473,100,118
0.06,0.97,0.05,2.81,0.85,2.32,0.98,3.74,576,473,99,113
0.06,0.99,0.05,0.43,0.92,1.53,0.99,1.83,1160,472,93,119
0.06,0.98,0.05,1.16,0.98,0.37,0.98,1.56,522,473,98,114
0.05,1.00,0.04,0.31,0.85,-1.16,1.01,1.47,519,478,99,120
0.06,0.98,0.05,3.66,0.49,-4.88,0.98,6.12,476,481,103,119
0.06,1.00,0.05,3.48,0.85,-8.06,1.00,8.82,708,488,109,113
0.06,1.01,0.05,2.50,0.73,-12.82,1.01,13.08,632,499,118,108
0.08,1.02,0.05,4.88,-0.12,-23.19,1.02,23.70,754,514,124,88
0.09,1.11,0.04,4.70,-1.83,-35.77,1.11,36.12,600,544,131,62
0.07,1.21,0.08,12.15,-1.65,-53.34,1.22,54.73,1094,607,139,30
0.13,1.36,0.09,7.32,1.10,-86.73,1.37,87.05,790,682,148,15
0.23,1.32,0.04,0.73,1.46,-131.41,1.34,131.42,225,761,153,9
0.15,1.45,0.11,12.02,11.60,-166.63,1.46,167.46,63,788,145,8
0.18,1.55,0.14,1.53,21.73,-205.26,1.57,206.41,20,793,119,9
0.49,1.64,-0.09,23.13,26.61,-217.22,1.72,220.07,7,784,58,10
1.49,1.21,-0.19,55.11,4.76,-191.04,1.93,198.89,4,728,21,16
2.06,1.24,-0.69,25.21,-62.68,-116.58,2.50,134.74,2,730,11,19
1.58,1.21,-0.49,-17.09,-144.41,-82.40,2.05,167.14,2,716,10,20
0.76,1.64,0.16,-94.30,-145.08,-112.18,1.82,206.22,2,725,11,18
-0.23,1.79,0.67,-15.08,-64.09,-100.04,1.92,119.76,2,736,10,21
-0.29,0.61,-0.09,47.49,23.62,-10.74,0.68,54.11,3,718,12,21
-0.27,0.83,0.13,-2.81,17.58,49.80,0.88,52.89,3,725,11,21
-0.39,0.42,0.13,38.51,-3.48,76.84,0.59,86.02,3,721,10,25
-0.69,0.08,0.09,16.97,11.11,89.97,0.70,92.22,3,717,11,25
-0.68,0.00,-0.04,-0.24,49.80,127.69,0.68,137.06,4,710,11,27
-0.59,0.04,-0.09,-31.62,77.94,129.33,0.60,154.28,4,698,12,27
-0.31,0.27,-0.08,-42.54,73.79,150.45,0.42,172.89,4,688,11,27
-0.25,0.41,-0.08,-30.52,51.33,153.26,0.48,164.48,5,685,11,29
-0.03,0.43,-0.12,-15.87,14.89,176.03,0.45,177.37,5,679,12,27
0.05,0.50,-0.09,-13.67,-13.92,172.97,0.52,174.07,5,681,12,30
0.49,0.77,0.01,-19.84,-13.06,167.42,0.91,169.10,6,683,11,29
0.90,0.95,0.12,-21.24,-6.35,120.30,1.32,122.33,6,686,11,28
1.29,1.18,0.24,-34.36,17.58,85.82,1.77,94.10,6,692,14,29
1.59,1.25,0.31,-7.93,-4.46,42.30,2.04,43.27,7,696,13,30
1.23,1.03,0.30,13.55,-23.13,0.31,1.64,26.81,7,706,14,29
0.54,-2.24,0.05,65.80,3.85,-105.16,2.30,124.11,18,557,11,66
-0.06,0.75,0.08,2.32,11.17,14.95,0.76,18.81,30,519,17,71
0.09,1.14,-0.02,6.71,0.12,-6.84,1.14,9.58,55,499,34,92
0.12,0.90,0.08,23.25,-1.22,-5.37,0.91,23.90,123,466,51,109
0.08,0.94,0.07,-7.32,2.32,9.16,0.94,11.95,179,445,63,120
0.08,1.03,0.04,-11.41,2.44,8.97,1.03,14.72,276,436,68,130
0.05,1.02,0.03,-6.35,0.98,-0.43,1.02,6.44,580,438,74,135
0.07,0.97,0.04,-5.92,1.10,-0.79,0.97,6.07,472,440,84,134
0.07,0.99,0.03,-5.37,1.77,1.22,0.99,5.79,392,445,85,133
0.07,0.98,0.03,-4.88,1.83,1.83,0.98,5.53,392,443,87,137
0.06,1.00,0.02,-1.16,1.83,1.40,1.00,2.58,487,447,86,136
0.07,0.97,0.03,0.24,1.59,-0.43,0.97,1.66,544,447,88,134
0.07,0.96,0.03,-2.32,1.71,0.24,0.97,2.89,552,444,83,134
0.07,0.98,0.03,-4.15,1.53,0.00,0.98,4.42,395,449,84,127
0.07,0.98,0.01,-3.17,1.16,-1.89,0.99,3.87,398,450,80,129
0.07,1.00,0.01,2.81,0.43,-2.50,1.01,3.79,501,456,86,128
0.06,0.96,0.03,1.89,0.00,-2.62,0.97,3.24,653,461,88,126
0.07,1.00,0.01,0.67,0.00,-2.93,1.00,3.01,529,468,89,127
0.07,0.96,0.03,4.27,0.31,-3.54,0.97,5.56,400,478,95,125
0.07,0.98,0.02,3.54,0.85,-2.14,0.99,4.22,612,481,96,126
0.07,0.97,0.03,4.88,0.73,-2.56,0.97,5.56,502,481,100,125
0.07,0.98,0.03,3.30,0.73,-1.95,0.98,3.90,418,487,104,124
0.08,0.98,0.03,2.32,0.85,-2.26,0.98,3.35,858,490,106,124
0.08,0.98,0.03,0.18,1.10,-2.44,0.98,2.68,396,492,107,121
0.07,0.99,0.02,0.98,1.34,-4.58,1.00,4.87,434,496,113,114
0.08,1.00,0.02,5.80,0.79,-11.23,1.01,12.66,408,506,120,107
0.09,1.02,0.03,6.90,0.18,-20.81,1.03,21.93,608,517,129,90
0.08,1.08,0.07,3.85,-0.24,-36.99,1.09,37.19,692,549,139,47
0.13,1.06,0.03,6.16,2.62,-74.71,1.07,75.01,2848,628,143,24
0.22,1.54,-0.05,-11.29,6.71,-112.06,1.56,112.83,720,725,155,11
0.12,1.90,0.09,-21.42,8.91,-162.60,1.91,164.24,163,779,154,8
0.06,1.75,0.12,-6.47,15.50,-213.26,1.76,213.92,44,799,143,7
0.39,1.86,-0.02,4.33,23.93,-251.34,1.90,252.52,15,798,80,7
1.96,1.55,0.00,-26.12,16.30,-270.87,2.50,272.62,6,746,31,13
2.22,1.32,-0.49,46.26,-3.85,-175.05,2.63,181.10,3,725,15,18
1.82,1.25,-0.72,35.28,-72.27,-91.49,2.32,121.81,3,728,12,20
0.78,1.13,-0.31,-38.33,-144.71,-32.90,1.41,153.28,3,720,14,21
-0.55,1.95,0.69,-44.86,-130.62,-9.70,2.14,138.44,3,719,12,21
-0.89,0.69,0.08,97.11,-22.71,41.08,1.13,107.85,3,702,12,24
-0.68,0.18,-0.18,50.66,18.86,82.09,0.72,98.29,4,687,15,23
-0.76,0.40,0.05,27.47,40.53,74.22,0.86,88.91,3,684,13,27
-0.79,0.09,-0.14,31.56,68.18,91.55,0.81,118.43,4,675,11,28
-0.70,0.12,-0.15,8.30,94.42,119.14,0.72,152.25,4,672,12,25
-0.46,0.12,-0.21,-13.67,94.48,143.07,0.52,171.99,4,673,14,29
-0.23,0.37,-0.17,-10.56,72.75,155.03,0.47,171.58,5,668,11,28
0.02,0.57,-0.13,-0.67,20.87,187.44,0.59,188.60,5,670,12,29
0.37,0.57,-0.24,19.59,-30.21,188.23,0.72,191.65,5,673,12,30
0.48,0.46,-0.18,16.05,-65.98,163.82,0.69,177.33,6,680,12,28
0.67,0.69,0.07,-9.09,-46.02,139.65,0.97,147.32,6,684,12,28
1.20,0.83,0.05,-43.09,8.42,100.95,1.46,110.09,6,694,13,30
1.68,1.17,0.27,-45.90,25.63,65.37,2.06,83.89,7,699,12,29
1.87,1.13,0.28,6.10,-14.28,-16.11,2.20,22.38,7,710,15,28
-0.19,3.31,-0.04,-13.73,-13.06,29.30,3.32,34.89,54,528,22,69
0.07,1.37,-0.12,-61.83,7.69,18.37,1.38,64.96,86,510,32,78
0.12,1.08,-0.03,13.43,0.73,-0.98,1.09,13.48,167,476,54,97
0.08,0.91,0.10,18.37,-0.92,2.08,0.91,18.51,249,453,64,113
0.07,0.97,0.05,-4.15,1.83,11.78,0.98,12.62,354,441,75,120
0.05,1.01,0.06,-4.09,1.04,9.40,1.02,10.30,366,435,79,128
0.06,0.99,0.05,-4.39,0.73,5.55,0.99,7.12,838,432,80,133
0.05,0.99,0.06,-1.22,0.37,4.46,0.99,4.63,419,435,86,136
0.06,0.99,0.05,-3.30,1.28,4.46,1.00,5.69,528,436,84,131
0.04,0.98,0.06,-0.12,1.59,2.50,0.99,2.97,349,432,85,136
0.04,0.97,0.06,-2.32,1.53,0.79,0.98,2.89,425,434,82,135
0.05,0.98,0.05,-3.72,1.46,-0.61,0.99,4.05,608,433,83,136
0.05,0.98,0.05,-6.04,1.46,-1.53,0.98,6.40,720,437,84,134
0.05,0.98,0.04,-3.48,1.40,-1.16,0.98,3.93,540,440,83,127
0.05,1.00,0.03,-2.26,1.34,-2.14,1.00,3.39,556,445,85,129
0.05,0.99,0.03,1.10,1.04,-2.26,1.00,2.72,1493,449,87,128
0.05,0.98,0.04,3.72,0.67,-3.23,0.98,4.98,497,451,87,126
0.05,0.97,0.05,3.11,0.61,-4.27,0.97,5.32,457,456,91,126
0.06,0.98,0.04,3.85,0.67,-5.07,0.98,6.40,386,463,93,124
0.06,0.98,0.05,5.49,0.37,-6.16,0.98,8.27,953,467,96,123
0.06,0.96,0.05,5.37,0.37,-6.41,0.97,8.37,483,474,102,115
0.07,0.99,0.05,2.44,0.55,-6.59,0.99,7.05,551,482,105,117
0.07,0.98,0.04,0.73,0.37,-9.34,0.99,9.37,572,488,111,110
0.08,1.01,0.03,0.24,0.12,-14.59,1.02,14.59,524,500,123,99
0.07,1.00,0.05,3.17,-1.59,-23.93,1.01,24.19,1352,514,129,79
0.09,1.00,0.06,0.31,-2.38,-35.03,1.01,35.12,1400,539,135,43
0.09,1.10,0.08,-8.85,2.93,-57.13,1.11,57.88,704,600,147,25
0.13,1.42,0.08,-15.44,4.33,-87.04,1.43,88.50,818,669,158,14
0.20,1.50,0.06,-24.72,5.68,-132.93,1.51,135.33,576,742,155,10
0.13,1.47,0.10,-6.23,14.34,-174.93,1.48,175.62,146,788,159,9
0.16,1.61,0.10,-16.85,26.49,-219.73,1.62,221.96,44,791,127,6
0.93,1.63,-0.12,3.42,35.34,-243.53,1.88,246.10,11,777,64,10
1.94,0.68,-0.42,-5.68,25.94,-249.69,2.09,251.10,5,737,24,11
2.24,1.62,-0.54,11.90,-42.60,-132.51,2.81,139.70,3,734,13,17
1.71,1.31,-0.70,37.78,-127.14,-67.20,2.26,148.68,3,721,13,16
0.67,1.32,-0.26,-36.74,-156.62,-41.38,1.50,166.11,3,721,13,20
-0.47,1.57,0.45,38.02,-84.84,-2.69,1.70,93.01,3,725,13,20
-0.56,0.46,-0.24,71.29,-2.50,53.34,0.76,89.07,3,707,11,23
-0.72,0.58,0.03,16.42,7.20,77.33,0.92,79.38,4,700,13,21
-1.05,0.16,-0.04,38.57,30.21,119.51,1.06,129.16,4,697,12,23
-0.70,0.14,-0.05,8.06,63.60,168.40,0.72,180.19,5,685,11,25
-0.51,0.01,-0.14,-16.97,93.87,129.46,0.53,160.81,6,685,12,27
-0.30,0.12,-0.12,-24.60,88.87,131.65,0.35,160.73,6,687,12,28
-0.17,0.24,-0.11,-18.43,55.36,138.18,0.31,150.00,7,688,12,27
0.08,0.49,-0.08,-8.48,12.15,155.46,0.51,156.16,7,684,11,29
0.20,0.56,-0.09,5.92,-29.60,156.92,0.60,159.80,7,684,10,30
0.47,0.67,-0.09,-14.71,-15.01,153.44,0.82,154.88,7,685,14,30
0.90,0.93,0.04,-25.94,5.43,125.55,1.29,128.32,7,687,12,29
1.05,1.00,0.07,-31.43,24.84,87.52,1.45,96.26,7,686,12,28
1.35,1.06,0.13,-31.19,34.06,46.14,1.72,65.28,8,691,12,28
1.45,1.15,0.21,-16.42,12.21,25.33,1.86,32.56,7,697,14,27
1.17,1.08,0.30,0.67,-24.48,-9.89,1.62,26.41,8,705,13,28
0.71,0.73,0.26,31.62,-22.89,-16.60,1.05,42.42,7,711,13,27
0.47,0.82,0.42,13.00,22.89,22.28,1.03,34.48,25,495,9,79
-0.14,1.17,-0.15,-0.92,11.66,-18.55,1.19,21.93,34,468,9,89
0.03,0.81,0.17,78.06,-11.41,-35.10,0.83,86.35,109,458,28,108
0.11,0.87,0.09,10.38,-3.36,-14.47,0.88,18.12,240,455,56,119
0.10,0.96,0.05,1.71,-1.46,-3.05,0.96,3.79,532,453,71,126
0.07,1.02,0.04,-4.15,-0.98,0.18,1.02,4.27,572,458,83,132
0.08,0.98,0.04,2.08,-1.40,-4.33,0.99,5.01,430,464,92,131
0.09,0.96,0.05,0.12,0.24,-3.17,0.97,3.19,985,469,100,133
0.09,0.98,0.04,-2.08,1.22,-1.04,0.98,2.62,554,473,104,131
0.09,0.98,0.04,-2.62,1.40,-1.40,0.98,3.29,508,474,100,129
0.09,0.98,0.04,-3.05,1.71,-1.46,0.99,3.79,848,479,103,129
0.09,0.97,0.03,-2.14,1.59,-2.01,0.98,3.34,869,481,106,125
0.09,0.98,0.03,-2.20,1.77,0.06,0.98,2.82,424,484,105,124
0.09,0.98,0.03,-0.37,2.01,0.98,0.98,2.27,740,485,104,121
0.09,0.98,0.03,1.40,1.89,0.85,0.99,2.51,864,485,103,121
0.08,0.99,0.03,0.67,2.01,1.10,1.00,2.39,508,486,103,120
0.09,0.98,0.03,2.56,1.22,-2.38,0.99,3.71,640,487,98,119
0.09,0.97,0.03,2.01,1.34,-2.08,0.98,3.19,462,490,100,113
0.09,0.98,0.03,1.16,1.04,-2.32,0.98,2.79,515,494,103,109
0.09,0.98,0.03,1.83,0.79,-2.44,0.99,3.15,652,493,104,110
0.09,0.98,0.03,3.36,0.79,-2.50,0.99,4.26,1056,496,105,113
0.09,0.99,0.04,4.39,0.55,-4.33,1.00,6.20,676,502,115,110
0.10,1.00,0.03,5.25,0.49,-7.14,1.01,8.88,2768,507,120,103
0.10,0.98,0.05,6.47,0.43,-11.29,0.99,13.02,618,512,127,94
0.11,1.00,0.04,3.36,0.61,-16.97,1.01,17.31,949,521,131,77
0.11,1.04,0.05,3.36,-0.73,-30.09,1.05,30.29,813,549,138,47
0.09,1.03,0.11,5.62,0.85,-54.63,1.04,54.92,640,615,148,22
0.14,1.35,0.04,-19.04,7.93,-86.30,1.36,88.74,1973,701,160,13
0.16,2.27,0.12,-35.40,11.41,-155.58,2.28,159.96,452,773,160,10
0.05,1.78,0.11,-11.35,16.54,-213.26,1.78,214.20,78,809,155,8
0.18,1.98,0.19,-8.24,29.17,-263.67,2.00,265.41,28,820,117,8
1.45,1.67,-0.15,27.53,40.53,-274.66,2.22,278.99,7,791,54,12
1.77,0.22,-0.73,9.77,29.17,-204.77,1.93,207.07,4,747,17,16
1.95,0.93,-0.66,-17.64,-51.76,-122.92,2.26,134.54,3,763,15,18
1.55,0.99,-0.61,-44.43,-94.91,-72.33,1.94,127.33,2,743,13,19
0.83,0.99,-0.29,-98.45,-115.42,-31.31,1.32,154.90,3,709,12,20
-0.03,1.73,0.53,-107.36,-107.48,-4.52,1.80,151.98,3,702,12,16
-0.65,1.12,0.44,81.48,-22.83,50.96,1.37,98.78,4,696,12,19
-0.62,0.42,0.09,44.19,-18.86,96.86,0.75,108.12,4,687,13,21
-0.86,0.46,0.23,58.47,-12.02,116.46,1.01,130.86,4,688,11,24
-1.13,-0.06,-0.02,55.97,29.24,125.85,1.13,140.81,5,679,12,26
-1.04,-0.04,-0.23,1.77,103.76,142.40,1.07,176.20,5,674,10,26
-0.58,0.15,-0.37,-27.04,143.43,156.19,0.70,213.77,6,661,8,26
-0.33,0.45,-0.32,-26.25,120.12,169.68,0.64,209.54,6,654,9,28
0.03,0.52,-0.33,-9.40,72.81,190.37,0.61,204.04,7,656,7,27
0.27,0.68,-0.38,-3.54,22.03,187.99,0.82,189.31,7,657,12,28
0.77,0.70,-0.30,0.79,-17.40,162.66,1.08,163.59,8,659,12,27
1.24,1.04,-0.11,6.23,-22.16,118.47,1.62,120.68,8,663,10,28
1.56,1.24,0.11,-17.76,-8.91,82.15,2.00,84.52,8,673,12,29
1.85,1.36,0.33,-10.44,-4.39,34.48,2.32,36.30,8,685,13,28
1.57,1.03,0.38,40.10,-37.41,-15.93,1.91,57.11,8,711,13,28
0.46,-2.10,-0.06,116.64,-51.33,-39.43,2.15,133.39,21,596,15,50
-0.14,0.56,0.27,36.44,-0.37,16.97,0.63,40.20,33,543,15,49
0.11,1.23,-0.10,-36.74,3.97,0.24,1.24,36.96,69,519,28,67
0.09,1.05,0.04,34.85,-4.15,-2.26,1.06,35.17,176,474,51,87
0.10,0.91,0.16,6.90,-2.01,2.99,0.93,7.78,333,460,65,101
0.06,1.03,0.06,-9.70,1.53,9.03,1.03,13.35,540,455,79,115
0.06,1.00,0.06,-3.72,0.00,-1.71,1.00,4.10,501,457,88,119
0.06,0.96,0.06,-5.25,0.06,-1.77,0.96,5.54,529,465,95,121
0.07,1.00,0.05,-5.00,0.49,-0.67,1.00,5.07,492,471,101,119
0.07,0.97,0.05,-2.32,0.85,-2.08,0.98,3.23,636,475,105,121
0.06,1.01,0.04,-1.16,1.28,-1.95,1.01,2.61,1030,480,106,115
0.07,0.97,0.05,1.28,0.98,-4.76,0.97,5.03,515,484,106,114
0.07,0.98,0.05,-0.98,1.53,-3.11,0.98,3.60,754,488,107,111
0.07,0.98,0.04,-1.04,1.59,-3.48,0.98,3.96,1056,495,114,109
0.07,0.99,0.04,-1.16,2.08,-1.53,0.99,2.82,474,495,113,104
0.08,0.98,0.04,2.14,1.71,-2.14,0.98,3.47,1068,495,113,98
0.08,0.98,0.04,2.87,1.53,-1.83,0.99,3.73,480,498,109,95
0.07,0.97,0.05,2.62,1.59,-1.10,0.97,3.26,437,500,112,93
0.08,0.97,0.05,1.22,1.28,-0.18,0.97,1.78,763,502,112,93
0.08,0.97,0.04,0.67,1.16,1.28,0.98,1.85,763,499,112,93
0.08,0.98,0.04,1.89,1.22,2.81,0.98,3.60,401,497,108,99
0.07,0.98,0.04,3.66,1.16,2.26,0.99,4.46,437,496,112,103
0.07,0.99,0.05,4.64,0.79,-0.67,0.99,4.75,1088,497,116,106
0.07,1.00,0.05,4.88,0.61,-3.78,1.01,6.21,772,496,114,101
0.08,0.99,0.05,7.81,0.43,-10.80,0.99,13.34,608,501,120,95
0.09,1.01,0.04,7.26,0.00,-18.55,1.02,19.93,458,511,125,80
0.09,1.01,0.06,5.13,-1.28,-26.73,1.01,27.25,509,529,137,57
0.10,1.05,0.07,3.36,-0.67,-39.79,1.06,39.94,514,570,146,33
0.09,1.08,0.11,-6.77,2.32,-58.23,1.09,58.67,720,635,153,22
0.14,1.33,0.07,-17.15,8.67,-88.75,1.34,90.80,836,704,156,11
0.22,1.65,0.01,-34.91,7.69,-131.10,1.67,135.89,585,765,160,9
0.17,1.57,0.09,-10.44,14.59,-193.12,1.58,193.95,107,788,154,6
0.23,1.73,0.13,-17.40,26.73,-232.42,1.75,234.60,40,807,115,4
1.62,1.38,-0.39,-16.85,29.48,-228.76,2.16,231.27,10,773,51,9
2.09,1.59,-0.03,-34.85,3.48,-138.06,2.62,142.43,5,737,13,13
1.95,1.33,-0.39,59.33,-73.00,-86.00,2.39,127.45,4,732,13,12
1.36,1.35,-0.35,32.59,-122.62,-71.53,1.95,145.65,3,726,14,16
0.41,1.56,0.21,-5.80,-113.22,-85.51,1.63,142.00,3,736,10,16
-0.28,1.24,0.25,34.73,-37.35,-63.23,1.30,81.24,3,732,14,17
-0.45,0.68,-0.03,45.35,13.55,-9.89,0.82,48.35,4,721,13,17
-0.57,0.37,-0.04,31.31,6.47,52.61,0.68,61.57,4,716,13,19
-0.67,0.37,0.07,51.33,19.10,75.68,0.77,93.42,4,703,11,21
-0.75,0.12,-0.07,38.33,44.62,98.69,0.76,114.89,4,696,13,23
-0.56,0.14,-0.15,30.82,67.87,120.91,0.60,142.04,4,694,12,23
-0.53,0.15,-0.20,6.23,66.71,139.89,0.58,155.11,5,693,12,24
-0.24,0.47,-0.18,2.20,53.53,173.65,0.56,181.72,5,692,11,23
-0.10,0.64,-0.20,2.56,25.09,174.19,0.68,176.01,5,690,11,23
0.00,0.70,-0.25,7.39,3.23,191.65,0.75,191.82,5,691,11,24
0.10,0.77,-0.25,5.07,-7.57,187.13,0.82,187.36,5,686,12,24
0.21,0.91,-0.16,-8.18,0.85,166.87,0.94,167.07,6,690,12,27
0.25,1.03,-0.16,-24.66,37.84,148.44,1.07,155.16,6,693,13,25
0.61,1.29,-0.05,-42.97,53.16,124.33,1.43,141.88,6,699,15,24
0.76,1.38,0.06,-32.47,44.25,109.31,1.58,122.32,7,701,14,24
0.72,1.21,0.11,-17.33,38.76,79.28,1.41,89.94,7,706,14,24
0.61,1.10,0.20,-19.84,54.02,48.58,1.28,75.31,7,706,14,24
0.65,1.10,0.22,-21.91,87.40,17.40,1.30,91.77,7,707,14,22
0.56,1.12,0.18,-8.54,112.98,-0.79,1.27,113.30,7,712,13,22
0.64,0.77,-0.13,9.22,109.25,-4.76,1.01,109.74,7,707,15,22
0.64,0.90,-0.07,-3.17,79.04,0.43,1.11,79.11,7,707,14,21
0.08,0.60,-0.04,-48.65,87.59,-143.49,0.60,175.01,4,649,10,42
0.47,1.36,0.11,8.18,6.16,-144.90,1.45,145.26,5,550,8,83
0.10,1.12,-0.03,4.70,4.21,-44.13,1.13,44.58,7,536,7,87
0.07,0.96,0.02,18.19,5.13,-27.47,0.96,33.34,10,520,10,95
0.20,0.95,0.03,13.18,-1.95,-28.56,0.97,31.52,28,482,15,112
0.11,0.91,0.06,5.92,-4.39,-9.95,0.92,12.38,107,478,28,122
0.12,1.00,0.01,-3.91,-2.75,-6.16,1.00,7.80,227,466,39,127
0.11,0.99,0.02,0.18,-1.83,-2.99,0.99,3.51,412,465,51,137
0.11,0.98,0.01,-1.77,-0.55,-2.08,0.99,2.78,386,461,53,135
0.11,0.99,0.01,-0.73,0.00,-2.08,0.99,2.20,494,459,58,139
0.12,0.99,0.01,1.89,0.00,-1.46,0.99,2.39,501,463,65,136
0.12,0.98,0.01,3.91,0.37,-0.73,0.99,3.99,564,464,70,140
0.11,0.97,0.02,4.39,1.16,0.18,0.98,4.55,378,462,74,140
0.12,0.97,0.03,3.97,1.65,0.00,0.98,4.30,347,462,74,143
0.12,0.97,0.02,1.53,1.53,-0.37,0.97,2.19,658,461,73,139
0.11,0.97,0.02,-0.06,1.28,-0.67,0.98,1.45,515,462,74,138
0.11,0.98,0.02,-0.61,1.28,-0.67,0.99,1.57,522,466,75,138
0.11,0.99,0.02,-0.37,1.34,-1.04,0.99,1.74,392,467,78,144
0.11,0.98,0.01,2.69,1.22,-0.98,0.99,3.11,433,468,80,143
0.11,0.98,0.02,2.87,1.34,-1.40,0.99,3.46,540,472,82,139
0.12,0.97,0.02,3.85,1.22,-2.26,0.98,4.62,1248,476,86,139
0.12,0.98,0.01,2.44,1.16,-2.14,0.99,3.45,726,482,87,135
0.12,0.97,0.02,4.15,0.92,-2.56,0.98,4.96,518,489,94,131
0.12,0.97,0.02,3.97,1.46,-2.81,0.98,5.08,586,493,100,129
0.12,0.99,0.02,2.14,1.83,-2.38,1.00,3.69,597,499,105,124
0.12,0.98,0.02,3.30,2.32,-2.56,0.99,4.78,547,502,107,121
0.12,0.96,0.03,3.05,2.62,-2.50,0.97,4.74,553,507,112,114
0.13,0.97,0.03,1.40,2.26,-2.08,0.98,3.37,615,511,118,113
0.13,0.98,0.03,1.16,1.89,-2.14,0.99,3.08,622,513,119,103
0.13,0.98,0.03,1.34,1.59,-2.56,0.98,3.30,944,516,121,96
0.13,0.98,0.02,0.18,1.28,-3.60,0.99,3.83,472,522,125,89
0.13,0.98,0.02,0.00,1.40,-6.35,0.99,6.50,2896,529,124,78
0.14,0.97,0.03,0.73,1.22,-9.22,0.98,9.33,523,543,131,64
0.10,1.04,0.11,-4.94,-0.24,-10.56,1.05,11.66,1962,564,131,41
0.13,1.01,0.02,-13.43,-1.77,-28.63,1.02,31.67,-5920,621,131,23
0.15,1.55,0.00,-19.35,-0.49,-63.60,1.56,66.48,986,697,138,13
0.21,1.77,-0.05,-25.33,4.39,-160.58,1.78,162.63,736,757,144,12
0.00,2.00,0.10,-7.32,7.08,-229.68,2.00,229.90,100,790,140,9
-0.05,2.26,0.35,-3.91,27.10,-308.53,2.29,309.75,35,801,109,8
0.35,1.78,0.00,13.00,43.82,-357.91,1.81,360.82,9,795,52,12
-0.64,1.48,0.24,90.76,45.53,-302.25,1.63,318.85,5,746,26,18
-0.75,0.49,-0.49,102.78,31.07,-113.28,1.02,156.08,5,734,14,21
-0.26,0.85,-0.28,87.83,-58.23,23.56,0.94,107.98,4,738,12,22
-0.58,0.49,-0.22,111.82,-102.23,74.10,0.79,168.66,3,727,11,21
-0.93,0.67,-0.10,121.64,-45.59,134.22,1.15,186.79,3,718,12,21
-0.74,0.44,-0.49,114.38,80.26,210.14,0.99,252.36,3,720,11,24
-0.18,0.77,-0.80,61.77,121.34,224.12,1.13,262.24,3,710,10,22
0.14,0.97,-0.91,51.76,104.06,218.26,1.34,247.28,4,711,11,24
0.34,1.06,-0.84,36.07,67.75,223.21,1.39,236.03,4,707,10,23
0.18,1.35,-0.53,7.08,85.57,205.87,1.47,223.06,5,711,11,23
0.16,1.55,-0.63,4.33,144.17,172.91,1.68,225.17,5,716,14,23
0.44,1.70,-0.81,-0.49,176.39,186.10,1.93,256.41,6,719,14,23
0.57,1.64,-0.86,9.77,186.58,178.53,1.94,258.42,6,717,13,20
0.74,1.56,-0.97,19.90,199.16,178.65,1.98,268.28,6,714,12,22
1.18,1.40,-0.87,-27.71,193.91,149.60,2.03,246.47,6,713,13,22
1.45,1.33,-0.55,-4.76,171.14,127.62,2.05,213.54,5,710,12,19
2.08,0.79,-0.83,-10.74,115.78,94.73,2.38,149.98,6,708,14,20
2.83,1.77,-0.01,-76.11,34.00,31.62,3.34,89.15,5,692,11,25
1.27,0.76,0.50,-66.10,88.32,-137.94,1.57,176.63,5,638,10,45
0.75,3.45,0.25,-130.86,104.86,-142.03,3.54,219.75,5,575,8,79
0.18,1.18,-0.18,-11.05,-17.94,-163.39,1.21,164.74,9,511,9,113
0.26,1.15,-0.05,-52.49,17.58,-69.15,1.18,88.58,28,444,13,134
0.13,1.03,-0.07,-25.82,-5.43,-22.77,1.04,34.85,86,426,15,139
0.14,1.02,-0.08,-15.14,1.95,6.29,1.03,16.51,158,428,12,139
0.10,0.97,-0.07,-6.10,1.10,5.55,0.98,8.33,317,430,15,142
0.09,0.99,-0.08,0.92,1.71,2.26,1.00,2.98,571,428,14,145
0.10,0.97,-0.06,4.76,2.26,1.04,0.98,5.37,403,425,19,150
0.09,0.97,-0.06,0.92,2.26,2.44,0.97,3.45,403,424,19,151
0.12,1.01,-0.10,-2.75,1.53,6.53,1.02,7.25,310,423,19,152
0.08,0.99,-0.08,-4.39,2.20,5.07,0.99,7.06,580,420,19,153
0.08,0.99,-0.08,-0.31,2.14,3.36,0.99,3.99,451,417,20,156
0.08,0.99,-0.08,3.48,1.71,0.79,0.99,3.96,403,417,18,158
0.08,0.99,-0.08,5.80,0.55,-2.69,0.99,6.41,504,414,19,157
0.09,0.97,-0.06,9.58,0.79,-4.09,0.98,10.45,403,413,18,153
0.09,0.97,-0.06,6.35,1.95,-2.56,0.98,7.12,390,411,18,155
0.09,0.98,-0.06,5.37,2.01,-2.26,0.98,6.16,566,412,20,153
0.09,0.98,-0.06,7.26,1.83,-2.26,0.99,7.82,672,416,22,155
0.09,0.94,-0.05,11.90,0.06,-4.46,0.94,12.71,585,417,24,155
0.10,0.97,-0.04,14.28,-0.67,-5.43,0.97,15.30,524,422,31,148
0.10,0.97,-0.03,8.73,-0.06,-3.78,0.98,9.51,472,428,38,152
0.10,0.98,-0.03,6.23,0.24,-3.23,0.99,7.02,544,434,49,153
0.11,0.96,-0.03,5.86,0.55,-2.62,0.97,6.44,746,443,57,152
0.10,0.97,-0.03,0.31,1.16,-2.08,0.98,2.40,778,449,62,148
0.11,0.98,-0.03,-0.31,1.10,-2.38,0.98,2.64,592,456,69,147
0.10,0.99,-0.04,-0.06,0.92,-4.52,1.00,4.61,1224,465,71,138
0.10,0.99,-0.03,4.09,1.89,-5.98,0.99,7.49,736,483,86,127
0.10,1.02,-0.04,4.76,3.05,-8.06,1.03,9.84,32736,506,93,103
0.10,1.10,-0.03,26.79,3.60,-22.16,1.10,34.95,604,568,106,59
0.18,1.50,-0.10,10.07,0.73,-63.23,1.51,64.03,-2832,681,119,21
0.14,2.09,-0.05,1.46,1.46,-157.53,2.10,157.55,176,762,128,18
-0.11,2.43,-0.01,10.01,21.48,-280.09,2.43,281.09,42,786,125,16
-0.13,2.25,-0.26,76.84,12.70,-361.45,2.27,369.75,12,803,81,13
0.18,2.16,-0.14,130.00,0.43,-351.01,2.17,374.31,4,745,38,19
-1.11,0.11,-0.77,158.94,35.64,-104.92,1.35,193.75,4,698,10,24
-0.08,1.19,-0.26,19.96,89.05,40.41,1.22,99.80,4,709,12,25
0.10,0.73,-0.45,59.81,99.12,91.92,0.86,147.82,4,703,14,29
0.11,0.70,-0.27,37.54,47.18,174.50,0.76,184.62,4,694,14,30
0.22,0.56,-0.26,49.68,22.71,198.30,0.65,205.69,4,685,11,27
0.14,0.51,-0.28,32.35,8.48,192.50,0.60,195.39,4,667,11,31
0.12,0.58,-0.25,25.33,6.53,188.23,0.64,190.04,4,665,9,30
0.14,0.59,-0.19,9.77,21.18,180.66,0.64,182.16,4,657,9,31
0.06,0.54,-0.19,-1.77,45.65,164.73,0.57,170.95,4,655,9,32
0.25,0.64,-0.24,-27.34,81.48,163.64,0.73,184.83,5,651,11,32
0.69,0.86,-0.16,-43.21,92.29,143.68,1.11,176.14,5,650,10,29
0.94,0.97,-0.08,-28.38,77.45,109.19,1.35,136.85,6,655,11,30
0.96,0.92,-0.08,-12.21,61.28,77.70,1.33,99.71,6,655,11,27
1.06,0.92,-0.06,-14.34,58.41,59.14,1.40,84.35,6,660,13,28
1.11,0.98,0.01,-24.11,64.94,18.01,1.48,71.57,6,664,12,27
1.18,1.10,0.12,-18.92,75.56,-121.03,1.61,143.93,5,637,11,36
1.11,0.83,0.26,93.99,37.60,-130.80,1.41,165.40,8,589,12,56
-0.07,0.88,0.09,1.59,-2.38,-6.41,0.88,7.02,9,550,10,59
0.03,1.12,-0.09,-1.83,22.64,-31.74,1.13,39.03,12,517,12,66
0.18,0.86,0.04,36.44,-5.92,-20.63,0.87,42.29,38,529,30,89
0.13,0.89,0.11,28.44,-2.75,-6.84,0.90,29.38,89,502,55,104
0.09,0.98,0.07,-2.44,1.65,4.21,0.98,5.14,169,489,70,115
0.10,1.01,0.04,1.10,-0.18,-3.42,1.02,3.59,395,482,84,118
0.11,0.95,0.05,-1.89,0.18,-2.44,0.96,3.09,773,482,95,120
0.10,0.98,0.04,-6.04,0.55,0.37,0.98,6.08,366,481,102,128
0.11,0.98,0.00,-5.80,0.43,0.43,0.99,5.83,413,485,104,124
0.09,0.98,0.04,-2.44,0.06,0.12,0.99,2.45,424,487,107,129
0.09,1.00,0.03,-1.28,1.04,0.24,1.00,1.67,858,487,100,127
0.09,0.99,0.03,2.69,1.28,-0.73,0.99,3.06,648,485,105,124
0.10,0.97,0.04,3.66,1.46,-1.28,0.97,4.15,1036,486,110,127
0.10,0.97,0.04,1.89,1.53,-0.79,0.97,2.56,515,485,108,127
0.10,0.98,0.04,-0.06,1.71,-0.18,0.98,1.72,426,489,111,125
0.10,0.98,0.03,0.06,1.22,-0.79,0.99,1.46,468,488,109,125
0.10,0.98,0.03,0.31,1.53,-0.43,0.98,1.61,471,490,111,126
0.10,0.98,0.03,2.44,1.46,-0.43,0.98,2.88,864,489,111,126
0.10,0.97,0.04,3.11,1.53,0.18,0.98,3.47,396,488,105,124
0.10,0.97,0.04,1.77,1.28,0.00,0.98,2.19,432,490,106,123
0.10,0.97,0.04,1.83,1.10,0.06,0.98,2.14,471,489,109,125
0.10,0.97,0.04,1.34,1.28,0.55,0.98,1.94,518,489,111,122
0.10,0.97,0.04,0.12,1.22,1.40,0.97,1.86,1312,489,111,126
0.09,0.98,0.04,-1.16,1.40,2.87,0.99,3.40,1043,488,108,126
0.09,0.99,0.03,-0.73,1.34,1.28,0.99,2.00,874,491,104,126
0.09,0.98,0.03,0.43,1.34,-0.37,0.99,1.46,664,489,108,125
0.09,0.98,0.03,0.85,1.16,-0.79,0.98,1.64,401,488,107,127
0.09,0.99,0.03,2.14,1.10,-2.69,1.00,3.60,442,493,114,128
0.10,0.98,0.03,3.48,0.55,-4.94,0.99,6.07,1081,497,116,119
0.09,1.00,0.03,4.33,0.61,-7.69,1.01,8.85,922,504,125,112
0.09,0.99,0.05,4.33,0.24,-13.06,0.99,13.76,813,517,129,100
0.10,1.05,0.04,3.54,-0.06,-22.28,1.05,22.56,1440,543,143,71
0.09,1.21,0.05,6.53,-1.83,-48.83,1.21,49.30,1464,615,151,29
0.19,1.13,-0.04,-4.58,-1.77,-81.60,1.14,81.75,1472,718,156,12
0.18,1.44,0.04,3.66,2.93,-134.34,1.45,134.42,187,769,163,11
0.09,1.45,0.19,-12.82,18.13,-182.62,1.47,183.96,70,785,150,9
0.24,1.46,0.17,-21.97,28.87,-206.48,1.49,209.65,23,790,113,8
1.58,1.65,-0.07,0.67,30.09,-206.24,2.29,208.42,7,769,59,10
1.82,0.30,-0.68,35.52,1.71,-196.78,1.96,199.97,4,736,23,14
2.34,0.87,-0.81,-2.81,-76.78,-136.05,2.62,156.24,3,739,14,16
1.65,1.32,-0.43,-36.74,-148.19,-79.96,2.15,172.35,2,736,12,19
0.99,1.63,0.08,-78.19,-145.32,-94.12,1.91,189.97,2,733,13,17
0.17,1.84,0.56,-10.19,-66.10,-130.13,1.93,146.31,2,738,11,20
-0.07,1.13,0.19,64.82,23.38,-96.86,1.14,118.87,2,731,14,21
-0.08,0.50,-0.13,20.32,28.93,-28.08,0.52,45.15,3,732,12,23
-0.30,0.70,0.25,13.37,-12.82,36.56,0.80,40.98,3,737,15,24
-0.55,0.36,0.22,41.08,-14.59,70.25,0.70,82.68,3,735,14,23
-0.57,0.21,0.06,28.20,18.49,97.35,0.61,103.03,3,727,13,27
-0.45,0.13,-0.12,7.87,51.39,105.90,0.48,117.97,3,713,13,24
-0.35,0.30,-0.15,-11.54,61.40,123.05,0.48,138.00,4,708,13,26
-0.04,0.40,-0.19,-7.08,34.97,148.19,0.45,152.43,4,703,13,28
-0.09,0.43,-0.16,-5.13,-5.19,155.15,0.47,155.32,4,699,13,28
-0.05,0.44,-0.17,-2.81,-26.49,175.72,0.48,177.73,4,698,13,29
0.09,0.58,-0.12,-12.82,-32.29,173.34,0.60,176.79,5,696,13,30
0.19,0.71,0.02,-25.51,-18.80,168.82,0.74,171.77,5,691,12,27
0.67,0.98,0.09,-51.82,-2.32,150.15,1.19,158.85,6,690,12,30
0.90,1.22,0.22,-49.74,0.79,118.35,1.53,128.38,6,688,11,29
0.99,1.14,0.20,-21.79,3.48,86.61,1.52,89.38,6,688,14,29
0.83,1.09,0.23,-19.65,13.12,63.48,1.39,67.73,6,691,14,27
0.92,1.13,0.23,-20.39,32.96,41.63,1.48,56.87,6,692,13,29
1.00,1.07,0.20,-10.62,42.72,17.76,1.48,47.47,6,694,14,28
0.89,0.97,0.22,1.40,27.71,-7.75,1.34,28.81,6,699,15,28
0.78,0.13,0.55,34.00,-4.94,-3.48,0.97,34.53,16,582,13,48
-0.10,1.21,0.04,-48.03,7.51,15.75,1.22,51.10,17,570,13,50
0.13,1.20,-0.13,5.74,20.02,-16.66,1.22,26.67,23,530,12,61
0.11,0.86,0.10,56.34,-5.49,-11.29,0.87,57.72,43,508,27,79
0.08,0.73,0.16,16.66,-1.16,0.98,0.75,16.73,77,488,41,92
0.08,1.09,0.04,-19.53,3.72,19.41,1.10,27.79,157,456,48,111
0.05,1.00,0.08,-9.22,2.14,6.96,1.00,11.74,262,441,57,120
0.07,1.02,0.04,-5.92,0.79,-2.32,1.02,6.41,310,441,67,122
0.07,0.97,0.06,-2.69,0.31,-2.99,0.97,4.03,540,443,76,126
0.07,0.99,0.05,-5.86,1.16,-0.12,0.99,5.97,401,449,83,125
0.07,0.98,0.05,-4.03,1.28,-0.49,0.99,4.26,410,453,86,125
0.07,0.98,0.05,-2.69,1.53,0.79,0.98,3.19,410,455,91,131
0.06,0.98,0.05,-2.20,1.40,0.00,0.98,2.61,580,458,92,127
0.07,0.97,0.05,-4.03,1.46,-1.04,0.98,4.41,421,460,93,128
0.07,0.98,0.04,-5.00,1.28,-0.61,0.99,5.20,596,463,94,130
0.07,0.99,0.04,-4.03,1.46,-0.37,0.99,4.30,800,466,94,123
0.07,0.99,0.03,-0.67,1.46,-0.98,0.99,1.88,536,471,93,124
0.07,1.00,0.03,2.99,1.22,-0.85,1.00,3.34,540,472,96,123
0.07,0.96,0.04,5.31,1.10,-1.46,0.97,5.62,1621,474,95,125
0.07,0.97,0.05,4.33,0.85,-1.34,0.97,4.62,713,475,97,124
0.07,0.98,0.04,0.67,0.61,-2.01,0.98,2.21,713,478,99,124
0.07,0.99,0.03,0.12,0.55,-2.26,1.00,2.33,453,484,102,124
0.07,0.98,0.04,2.81,0.55,-2.50,0.98,3.80,640,486,104,117
0.07,0.99,0.05,3.05,0.73,-2.75,0.99,4.17,874,489,106,119
0.07,0.99,0.04,4.15,0.73,-3.11,0.99,5.24,652,495,109,117
0.08,0.98,0.05,3.48,0.61,-3.91,0.99,5.27,528,498,113,115
0.08,0.98,0.05,5.19,0.49,-5.68,0.98,7.71,485,505,117,105
0.09,0.98,0.04,6.16,-0.06,-10.44,0.99,12.12,777,511,122,97
0.09,0.99,0.05,5.98,-0.49,-14.89,1.00,16.06,503,520,125,89
0.09,1.00,0.06,6.77,-1.59,-22.46,1.00,23.51,716,531,130,66
0.09,1.08,0.07,4.76,-2.32,-31.37,1.09,31.82,1930,554,141,41
0.11,1.05,0.09,0.43,0.37,-47.24,1.06,47.24,526,606,152,25
0.14,1.23,0.08,-10.86,5.49,-72.88,1.24,73.89,845,675,160,13
0.23,1.36,0.04,-24.29,8.79,-107.12,1.38,110.19,672,749,167,9
0.22,1.46,-0.01,-12.94,12.76,-145.94,1.48,147.06,186,786,161,9
0.12,1.58,0.13,-9.95,15.69,-190.86,1.59,191.76,78,811,156,6
0.24,1.66,0.13,-12.45,26.79,-234.99,1.68,236.84,27,827,110,6
1.36,1.43,-0.35,-2.14,19.23,-243.53,2.00,244.30,7,789,51,8
1.96,0.90,-0.44,-27.28,-31.13,-170.65,2.20,175.60,4,755,19,14
1.73,0.93,-0.67,19.47,-119.14,-95.28,2.08,153.79,3,768,13,17
1.23,0.95,-0.56,-31.07,-164.25,-5.55,1.65,167.25,3,752,12,17
0.30,2.00,0.48,-92.96,-144.96,9.46,2.08,172.46,3,741,13,17
-0.18,1.58,0.47,42.79,-34.42,-15.62,1.65,57.09,3,730,12,18
-0.24,0.35,-0.21,57.74,14.22,9.52,0.47,60.22,4,725,11,21
-0.56,0.55,0.16,8.54,-10.62,56.95,0.80,58.55,4,721,12,23
-0.77,0.38,0.27,34.97,-6.90,98.75,0.89,104.99,4,714,12,24
-0.86,-0.05,0.05,23.80,42.66,100.16,0.86,111.44,4,701,13,27
-0.78,0.09,0.00,1.28,82.34,138.24,0.79,160.91,5,689,13,28
-0.54,0.13,-0.13,-11.41,98.02,136.72,0.57,168.61,5,680,12,28
-0.39,0.40,-0.11,-11.35,82.15,166.20,0.57,185.74,6,678,12,27
0.02,0.52,-0.13,3.23,45.29,187.01,0.53,192.44,6,678,14,28
0.18,0.59,-0.14,6.16,10.62,174.93,0.63,175.36,7,677,9,30
0.42,0.74,-0.16,1.22,-2.87,176.03,0.87,176.05,7,683,13,29
0.88,1.02,-0.05,-15.38,4.09,138.24,1.35,139.16,8,681,12,28
0.98,1.09,0.02,-16.05,20.45,93.87,1.47,97.40,8,686,15,29
1.37,1.25,0.05,-18.68,22.09,60.42,1.85,66.99,9,687,15,29
1.43,1.13,0.11,-20.26,6.65,12.94,1.83,24.95,9,695,15,26
2.44,2.40,0.55,-112.73,52.61,-168.46,3.47,209.41,11,628,16,45
0.37,0.66,0.19,32.17,-13.73,-6.96,0.78,35.66,15,593,12,46
-0.54,0.95,0.04,-21.55,-14.59,-20.94,1.09,33.40,13,589,11,44
0.16,1.06,-0.02,10.50,2.69,-10.62,1.07,15.17,22,579,22,54
0.15,0.84,0.09,35.28,-2.81,-1.53,0.86,35.42,40,531,35,73
0.08,0.88,0.10,-5.68,3.97,19.10,0.88,20.32,72,484,46,95
0.08,1.14,0.01,-14.53,4.76,12.39,1.14,19.68,138,461,59,112
0.10,0.97,0.09,4.52,-0.31,-5.80,0.98,7.36,297,457,68,118
0.10,0.97,0.05,-5.74,0.61,-1.77,0.98,6.04,378,458,81,120
0.10,0.97,0.04,-6.41,0.79,1.04,0.97,6.54,308,461,90,124
0.09,0.98,0.03,-6.53,0.49,3.11,0.99,7.25,376,464,92,128
0.09,0.99,0.03,-2.44,0.49,2.93,0.99,3.84,768,460,92,132
0.08,0.99,0.03,-1.53,1.16,3.17,0.99,3.71,457,457,93,129
0.08,0.99,0.03,-0.06,1.46,3.36,0.99,3.66,576,454,87,136
0.08,0.97,0.04,0.67,1.53,1.71,0.98,2.39,416,453,90,139
0.08,0.98,0.04,-1.04,1.65,1.28,0.98,2.33,504,452,88,138
0.08,0.97,0.04,-1.22,1.22,-0.61,0.97,1.83,376,456,88,137
0.08,0.98,0.03,-3.17,1.16,-0.18,0.99,3.38,1152,455,85,130
0.08,0.98,0.02,-0.55,1.04,-1.28,0.99,1.74,460,455,85,133
0.08,0.99,0.02,2.93,0.85,-1.59,0.99,3.44,519,461,87,132
0.08,0.96,0.03,5.25,1.04,-1.71,0.97,5.62,384,462,89,134
0.09,0.97,0.04,3.66,0.73,-1.28,0.97,3.95,476,466,91,131
0.08,0.98,0.03,1.34,0.67,-1.34,0.99,2.01,540,467,88,132
0.09,0.98,0.03,2.20,0.55,-2.01,0.98,3.03,992,472,91,131
0.08,0.99,0.03,1.40,0.61,-1.65,0.99,2.25,413,476,93,131
0.07,0.97,0.04,2.38,1.16,-2.14,0.98,3.40,1280,481,100,131
0.09,0.98,0.03,2.75,1.46,-2.14,0.99,3.78,334,484,101,124
0.07,0.99,0.03,2.20,1.40,-2.26,1.00,3.45,518,486,104,124
0.09,0.98,0.04,3.72,0.85,-3.42,0.98,5.13,524,490,110,126
0.09,0.97,0.04,3.23,0.73,-3.85,0.98,5.08,885,494,114,121
0.09,0.99,0.03,3.11,0.92,-5.13,1.00,6.07,597,500,117,119
0.09,1.00,0.04,4.03,0.73,-8.54,1.00,9.48,790,507,118,109
0.12,1.07,0.01,7.02,-0.06,-17.33,1.08,18.70,512,525,132,89
0.10,1.05,0.04,14.10,-3.60,-40.28,1.06,42.83,813,573,138,46
0.10,1.21,0.04,19.53,-1.04,-78.25,1.21,80.65,1920,678,154,18
0.11,2.60,0.29,-22.58,-0.92,-107.97,2.62,110.31,237,770,161,10
0.08,1.63,0.19,5.07,10.74,-159.48,1.65,159.93,67,803,159,12
0.10,1.48,0.21,-2.62,20.69,-201.23,1.50,202.31,29,823,153,8
0.40,1.39,0.14,-2.56,29.42,-229.13,1.46,231.02,13,837,99,9
1.96,1.56,0.11,-8.30,21.24,-247.80,2.51,248.85,5,811,49,11
2.19,0.83,-0.22,-2.01,-1.77,-232.18,2.36,232.19,3,779,17,16
2.17,0.89,-0.60,1.28,-56.40,-194.46,2.42,202.47,2,773,13,17
1.45,0.97,-0.51,-43.09,-106.20,-109.38,1.82,158.42,2,768,13,17
0.59,1.35,0.00,-98.63,-117.43,-21.12,1.47,154.81,2,752,11,19
-0.42,1.62,0.50,5.68,-38.02,-10.50,1.75,39.85,2,732,11,20
-0.59,0.48,-0.18,62.62,33.63,27.65,0.78,76.27,3,704,13,20
-0.54,0.56,-0.05,17.21,39.00,80.38,0.78,90.99,3,695,13,21
-0.55,0.47,0.10,26.61,37.90,89.48,0.74,100.75,4,692,13,25
-0.60,0.23,0.02,35.77,41.38,99.85,0.64,113.85,4,686,13,25
-0.66,0.13,0.00,22.95,46.81,120.79,0.67,131.56,4,691,11,27
-0.61,0.19,-0.08,6.84,55.18,154.54,0.64,164.24,4,686,12,26
-0.20,0.46,-0.04,-14.04,45.10,196.96,0.51,202.55,5,676,12,27
-0.07,0.58,-0.04,-3.05,17.88,199.52,0.59,200.35,5,671,11,28
0.18,0.66,0.00,5.55,-12.76,188.11,0.69,188.62,6,664,11,29
0.24,0.66,-0.01,5.13,-10.07,176.09,0.71,176.45,6,661,13,30
0.57,0.93,0.22,-15.62,19.04,147.34,1.11,149.38,7,668,12,29
0.83,0.92,0.13,-16.17,46.33,108.15,1.25,118.76,6,678,15,28
1.08,1.21,0.15,-12.51,45.90,82.15,1.63,94.93,6,682,13,29
1.09,0.92,-0.07,4.33,31.31,53.16,1.43,61.85,7,689,16,26
1.36,1.14,0.00,-2.14,3.97,37.05,1.77,37.32,7,692,13,28
1.24,0.94,-0.09,18.07,-26.73,-1.10,1.56,32.28,6,703,15,28
0.39,-0.86,0.03,-9.77,5.49,-22.40,0.95,25.05,17,568,14,53
-0.49,1.03,0.08,-0.43,-12.08,-7.87,1.14,14.43,25,521,13,56
0.10,0.95,0.06,23.44,-2.20,-18.80,0.96,30.13,62,504,35,75
0.11,0.88,0.12,13.18,-0.61,-9.70,0.89,16.38,123,486,55,91
0.10,0.98,0.06,-14.34,3.66,9.95,0.98,17.84,262,471,71,104
0.04,1.02,0.04,-9.34,1.59,7.45,1.02,12.05,432,466,79,114
0.08,0.96,0.06,-3.48,0.06,-0.85,0.97,3.58,504,468,89,117
0.08,0.98,0.04,-7.51,0.55,1.22,0.98,7.63,364,473,92,120
0.08,1.00,0.03,-6.47,0.49,-0.18,1.00,6.49,489,479,100,124
0.08,0.99,0.03,-3.11,0.73,0.43,0.99,3.23,416,479,98,122
0.08,0.98,0.03,0.43,1.28,1.28,0.99,1.86,565,477,100,125
0.07,0.98,0.04,0.79,1.34,1.53,0.98,2.18,456,477,98,127
0.08,0.98,0.04,-0.06,1.53,1.53,0.98,2.16,632,475,99,126
0.07,0.97,0.04,-0.37,1.46,2.32,0.98,2.77,502,476,100,127
0.07,0.98,0.03,-1.59,1.53,3.78,0.99,4.38,558,472,93,128
0.07,0.98,0.03,-1.77,1.59,4.46,0.98,5.05,489,471,94,126
0.07,0.99,0.03,-0.12,1.46,4.39,0.99,4.63,369,467,89,126
0.06,0.98,0.03,2.26,1.40,5.37,0.99,5.99,972,461,79,132
0.06,0.98,0.03,3.54,1.04,4.58,0.99,5.88,470,458,76,131
0.06,0.97,0.04,2.56,0.85,4.33,0.97,5.11,1176,457,71,137
0.05,0.98,0.04,3.17,0.67,1.89,0.98,3.76,467,459,71,139
0.05,0.98,0.04,2.81,0.18,0.55,0.98,2.87,421,459,73,137
0.05,0.99,0.04,2.32,0.61,-0.31,0.99,2.42,676,459,74,142
0.05,0.97,0.04,3.23,0.61,-1.95,0.97,3.83,690,463,77,133
0.05,0.98,0.04,2.62,0.73,-2.01,0.98,3.39,402,466,81,138
0.06,0.98,0.04,2.99,0.67,-2.38,0.98,3.88,547,470,83,137
0.05,0.98,0.04,3.60,0.85,-2.56,0.99,4.50,1248,472,82,136
0.06,0.98,0.04,4.94,0.73,-3.66,0.98,6.20,508,476,91,131
0.05,0.97,0.04,6.23,0.49,-6.90,0.97,9.30,388,479,97,133
0.07,0.98,0.05,7.08,0.18,-11.90,0.98,13.85,656,486,107,126
0.07,1.00,0.05,4.76,0.31,-15.08,1.01,15.81,534,501,117,113
0.06,1.03,0.06,7.02,-0.49,-23.86,1.03,24.88,622,517,127,92
0.09,1.02,0.06,6.84,-2.38,-41.14,1.02,41.77,632,550,139,55
0.06,1.07,0.12,-3.66,1.77,-66.77,1.08,66.90,1456,631,151,23
0.17,1.52,-0.01,-24.29,4.94,-109.99,1.53,112.74,588,739,161,10
0.11,1.72,0.05,-22.28,9.22,-150.39,1.72,152.31,181,783,161,11
0.08,1.45,0.15,-5.62,12.21,-210.45,1.46,210.88,76,815,159,8
0.24,1.56,0.08,-24.78,29.30,-234.99,1.58,238.10,35,835,115,8
1.72,1.24,-0.59,-23.93,11.05,-226.32,2.20,227.85,10,816,53,11
1.99,0.67,-0.79,-44.19,-71.29,-160.40,2.25,181.01,6,785,21,14
1.72,0.92,-0.46,-49.38,-165.59,-112.12,2.00,205.98,4,782,16,18
1.28,1.57,0.05,-28.32,-168.88,-58.72,2.03,181.03,3,774,13,17
0.57,1.65,0.36,9.03,-98.21,-63.96,1.78,117.55,3,776,15,19
0.17,1.27,0.31,39.31,2.44,-70.25,1.32,80.54,3,773,14,20
0.08,0.93,0.07,50.29,39.79,-39.37,0.94,75.25,3,768,12,22
-0.29,0.50,0.01,31.07,9.77,46.20,0.58,56.53,4,749,12,23
-0.43,0.64,0.29,30.03,-8.36,76.66,0.83,82.76,4,742,13,25
-0.55,0.29,0.13,36.25,25.21,93.02,0.63,102.97,4,727,14,26
-0.43,0.12,-0.02,23.38,46.69,105.59,0.44,117.80,4,718,12,25
-0.24,0.19,-0.04,9.46,42.24,125.92,0.31,133.15,5,711,12,28
-0.30,0.20,-0.07,4.88,32.90,126.95,0.37,131.24,5,705,13,28
-0.20,0.28,-0.14,-4.64,24.60,147.89,0.38,149.99,5,695,12,26
-0.15,0.43,-0.12,-11.29,16.11,154.05,0.47,155.30,6,693,10,30
0.03,0.50,-0.09,-16.42,2.93,160.40,0.51,161.27,6,693,9,29
0.18,0.64,-0.05,-19.04,-13.00,153.14,0.67,154.86,6,696,12,28
0.34,0.84,0.15,-15.99,-15.56,143.86,0.92,145.58,7,700,13,28
0.55,0.93,0.12,-22.40,-5.31,125.18,1.09,127.28,8,701,14,27
0.83,1.11,0.18,-37.54,19.41,106.26,1.40,114.36,8,704,14,28
1.16,1.28,0.24,-28.38,21.18,77.70,1.74,85.39,9,706,12,28
1.20,1.25,0.25,-7.63,-4.46,48.52,1.75,49.32,9,711,15,28
1.05,1.09,0.20,5.74,-14.83,15.14,1.53,21.95,9,720,16,27
1.62,4.00,1.17,-61.52,26.06,-99.67,4.47,119.99,10,662,13,44
0.28,0.75,0.18,19.23,-1.34,-15.08,0.82,24.47,14,594,9,53
-0.16,1.13,-0.06,-11.41,1.95,-6.10,1.14,13.09,14,554,11,55
0.12,0.81,0.00,32.23,-2.93,-10.38,0.82,33.98,28,503,26,76
0.11,0.96,0.10,10.50,1.22,-0.98,0.97,10.61,68,480,42,97
0.09,1.02,0.06,-14.71,3.97,7.32,1.03,16.90,122,459,59,108
0.09,1.01,0.04,-9.70,1.10,-0.55,1.02,9.78,352,451,71,115
0.10,0.99,0.04,-3.72,-0.12,-3.48,1.00,5.10,258,456,82,124
0.10,0.97,0.04,-1.95,-0.06,-2.08,0.98,2.85,407,461,89,123
0.09,0.99,0.04,-3.54,0.61,0.79,0.99,3.68,421,465,94,127
0.09,0.98,0.04,0.24,0.24,-1.59,0.99,1.62,366,469,97,123
0.10,1.00,0.03,0.61,1.04,-0.61,1.00,1.35,374,472,99,123
0.09,0.99,0.04,3.36,0.85,-2.38,1.00,4.20,445,474,102,129
0.09,0.97,0.04,2.75,1.34,-2.01,0.98,3.66,496,477,107,126
0.10,0.97,0.04,1.46,1.16,-2.20,0.98,2.88,354,481,111,125
0.10,0.97,0.04,-0.79,2.01,-2.14,0.98,3.04,456,483,110,121
0.10,0.98,0.04,-0.43,1.83,-2.20,0.98,2.89,858,489,111,119
0.10,0.97,0.04,1.65,1.28,-1.65,0.98,2.66,515,485,111,115
0.10,0.97,0.04,2.44,0.98,-0.49,0.98,2.67,1738,490,108,116
0.10,0.98,0.04,3.23,0.98,-0.06,0.98,3.38,579,489,111,119
0.10,0.97,0.04,2.75,1.04,0.73,0.98,3.03,471,490,110,117
0.10,0.97,0.05,0.18,0.92,0.92,0.98,1.31,656,488,110,120
0.10,0.98,0.04,0.12,0.79,0.31,0.98,0.86,758,489,113,117
0.10,0.98,0.04,0.49,0.85,0.73,0.99,1.23,586,490,110,122
0.10,0.98,0.04,0.79,1.04,0.67,0.98,1.47,583,490,113,119
0.10,0.99,0.04,0.73,0.92,0.12,0.99,1.18,664,489,113,119
0.10,0.98,0.04,2.44,1.04,-1.59,0.98,3.09,758,493,113,122
0.10,0.98,0.04,2.08,1.16,-1.59,0.99,2.86,401,494,116,122
0.10,0.97,0.05,1.95,1.10,-2.08,0.97,3.05,668,498,118,120
0.10,0.99,0.04,0.92,1.22,-2.93,1.00,3.30,413,499,114,115
0.09,0.99,0.04,3.36,0.67,-7.87,1.00,8.59,795,508,125,109
0.10,1.00,0.05,5.49,0.06,-15.38,1.00,16.33,809,521,133,90
0.12,1.05,0.05,3.72,-0.85,-29.30,1.06,29.54,1440,542,141,55
0.12,1.23,0.03,5.80,-1.34,-61.46,1.24,61.75,1472,635,150,25
0.25,1.11,-0.03,-0.43,-0.18,-95.58,1.14,95.58,732,734,160,12
0.17,1.52,0.09,13.79,3.48,-145.69,1.53,146.38,151,783,162,11
0.08,1.40,0.20,0.55,16.24,-183.04,1.41,183.76,58,808,157,9
0.19,1.39,0.20,-13.92,26.49,-213.44,1.42,215.53,23,821,118,8
0.78,1.43,-0.05,-8.48,34.67,-223.88,1.63,226.70,8,816,62,9
1.69,0.53,-0.34,18.80,8.79,-207.40,1.80,208.43,5,784,32,13
2.31,0.91,-0.61,-14.89,-62.13,-139.83,2.56,153.74,3,773,17,17
1.48,1.00,-0.47,-27.71,-132.69,-63.60,1.85,149.73,3,770,16,18
0.93,1.43,-0.00,-58.78,-152.47,-13.31,1.70,163.94,3,753,13,17
0.10,1.92,0.68,-30.52,-89.54,-37.54,2.04,101.77,3,756,12,17
-0.15,1.13,0.26,75.81,16.48,-34.00,1.17,84.70,3,746,13,20
-0.04,0.59,-0.05,53.77,48.89,0.18,0.60,72.67,3,746,12,22
-0.19,0.66,0.20,34.55,25.57,27.65,0.72,51.11,3,748,13,22
-0.29,0.35,0.16,47.49,9.58,51.33,0.49,70.58,4,741,14,22
-0.44,0.32,0.19,23.93,22.34,81.85,0.57,88.15,4,729,12,24
-0.41,0.24,0.01,15.69,44.56,100.34,0.47,110.90,4,721,13,25
-0.18,0.27,-0.13,10.68,37.60,118.04,0.35,124.34,4,712,13,25
-0.26,0.30,-0.13,0.06,10.31,127.75,0.42,128.16,5,700,11,25
-0.19,0.37,-0.10,4.03,-8.48,152.83,0.43,153.12,5,696,10,28
-0.06,0.37,-0.09,-3.30,-17.70,155.94,0.39,156.98,6,693,10,29
-0.06,0.48,-0.03,-16.72,-17.33,162.96,0.48,164.73,6,696,12,29
0.35,0.70,0.01,-22.95,-17.94,156.49,0.78,159.18,7,704,14,26
0.49,0.85,0.14,-28.50,-27.47,145.32,0.99,150.62,8,702,14,29
0.83,1.02,0.23,-27.59,-25.88,110.05,1.33,116.37,8,701,13,29
0.93,0.99,0.35,-25.02,4.09,77.27,1.40,81.32,9,704,14,28
1.09,0.96,0.25,-28.81,48.16,48.16,1.47,73.95,8,703,17,27
1.25,0.98,0.13,-27.83,67.20,11.90,1.59,73.70,9,706,16,26
1.20,0.78,-0.02,-21.55,71.11,-19.78,1.43,76.89,9,703,17,27
0.47,2.85,-0.09,18.37,-0.31,1.83,2.89,18.47,36,567,26,63
0.05,1.15,-0.01,-15.93,5.55,12.33,1.15,20.90,47,540,28,72
0.09,0.98,0.03,16.24,-0.43,-7.20,0.99,17.77,76,519,48,90
0.10,0.93,0.09,13.49,-0.37,-5.68,0.94,14.64,128,503,72,99
0.12,0.94,0.07,-4.15,2.44,0.85,0.95,4.89,244,492,86,108
0.10,0.99,0.05,-7.69,1.59,1.83,0.99,8.06,339,487,96,110
0.10,0.99,0.04,-4.39,0.67,-1.53,1.00,4.70,784,487,98,116
0.10,0.97,0.04,-2.62,0.31,-2.32,0.98,3.52,439,491,107,118
0.11,0.98,0.04,0.79,0.43,-2.75,0.98,2.89,328,490,113,119
0.10,0.98,0.04,0.98,1.04,-0.92,0.98,1.69,568,492,116,119
0.11,0.98,0.05,1.40,1.28,-0.31,0.98,1.93,644,493,119,120
0.08,0.97,0.04,1.34,1.22,-0.67,0.97,1.93,515,494,119,119
0.10,0.98,0.04,0.18,1.53,-1.40,0.98,2.08,426,496,119,112
0.10,0.98,0.04,0.98,0.79,-2.20,0.99,2.53,468,499,121,113
0.10,0.98,0.04,0.79,0.98,-2.62,0.99,2.91,648,502,122,110
0.11,0.97,0.04,1.95,1.10,-2.56,0.98,3.40,763,505,123,105
0.11,0.97,0.05,3.17,1.28,-1.95,0.97,3.94,593,510,123,105
0.11,0.97,0.04,4.03,1.34,-0.73,0.98,4.31,440,510,120,103
0.11,0.97,0.05,2.62,1.28,-0.06,0.98,2.92,597,509,118,101
0.11,0.96,0.05,0.79,1.40,0.18,0.97,1.62,901,511,124,100
0.11,0.98,0.04,-0.31,1.28,0.18,0.98,1.33,485,511,125,105
0.11,0.98,0.04,0.73,1.40,0.67,0.98,1.72,901,508,119,104
0.12,0.97,0.05,-0.06,1.16,1.59,0.98,1.97,604,510,126,107
0.11,0.97,0.04,0.12,1.34,2.08,0.98,2.47,600,507,120,108
0.10,0.98,0.04,0.85,1.40,1.22,0.99,2.05,608,508,119,110
0.10,0.98,0.04,1.59,1.59,-0.85,0.99,2.40,547,509,125,112
0.10,0.98,0.04,1.83,1.46,-1.95,0.99,3.05,688,508,122,107
0.11,0.98,0.05,2.50,0.92,-2.99,0.99,4.01,461,512,127,102
0.10,0.99,0.04,0.55,0.73,-5.43,1.00,5.51,560,516,126,99
0.10,1.02,0.04,1.16,0.43,-12.88,1.03,12.94,517,526,134,80
0.10,1.04,0.07,-0.31,-0.79,-28.08,1.04,28.09,643,559,146,44
0.14,1.11,0.04,-4.52,-0.98,-72.69,1.12,72.84,1973,660,158,22
0.20,1.53,0.17,-38.02,5.07,-103.76,1.55,110.62,850,743,163,11
0.14,1.70,0.11,-13.73,12.08,-157.84,1.71,158.89,149,789,166,10
0.12,1.46,0.12,-5.07,16.60,-199.16,1.47,199.91,62,809,149,8
0.25,1.60,0.16,-7.02,27.16,-227.84,1.63,229.56,21,834,115,8
0.70,1.33,-0.15,13.43,34.06,-234.31,1.51,237.16,7,815,63,11
1.78,0.65,-0.64,36.01,8.61,-207.52,2.00,210.80,5,791,32,14
2.29,0.76,-0.77,-21.91,-47.73,-173.46,2.53,181.24,3,757,19,15
1.61,0.69,-0.46,-54.44,-103.88,-143.62,1.81,185.42,3,755,13,13
1.23,0.96,-0.06,-75.32,-118.96,-56.95,1.56,151.88,2,740,14,14
0.69,1.25,0.58,-76.97,-80.20,-46.08,1.55,120.33,2,736,12,13
0.12,1.43,0.54,45.04,-16.24,-24.29,1.53,53.69,3,727,14,17
-0.09,0.35,-0.01,90.39,13.67,4.33,0.36,91.52,3,715,15,17
-0.33,0.56,0.27,44.01,7.87,58.29,0.70,73.46,4,721,14,18
-0.48,0.39,0.22,74.04,21.55,100.34,0.66,126.55,4,715,13,20
-0.35,0.22,0.01,59.63,45.35,120.61,0.41,141.98,4,713,13,21
-0.42,0.09,-0.12,35.10,62.50,115.72,0.45,136.12,4,699,13,22
-0.26,0.27,-0.19,5.07,73.61,142.76,0.42,160.70,4,686,11,24
-0.15,0.30,-0.33,-0.49,73.55,135.38,0.48,154.07,5,677,14,23
-0.00,0.39,-0.40,-20.75,36.87,154.30,0.56,159.99,5,666,12,25
0.11,0.52,-0.35,-8.73,6.90,147.34,0.64,147.76,6,666,12,26
0.20,0.64,-0.25,-22.28,-14.83,156.74,0.72,159.01,6,668,12,25
0.35,0.82,-0.10,-23.99,-29.97,144.17,0.90,149.19,7,669,11,25
0.47,0.96,-0.04,-23.25,-44.13,133.24,1.07,142.27,8,678,13,23
0.67,1.06,0.12,-19.59,-55.73,119.81,1.26,133.58,8,680,13,24
0.78,0.97,0.25,-21.36,-54.26,98.94,1.27,114.84,9,688,15,26
1.00,1.11,0.44,-22.34,-39.55,78.31,1.56,90.53,9,689,18,27
1.16,1.04,0.47,-11.78,-16.78,36.25,1.63,41.65,9,702,16,27
4.00,4.00,2.51,157.10,-11.11,-79.65,6.19,176.49,18,618,17,41
0.49,0.29,0.15,30.21,-12.27,17.58,0.59,37.04,22,601,22,39
0.02,1.31,-0.09,-56.46,14.71,20.20,1.32,61.74,32,589,29,40
0.14,1.10,-0.05,11.17,2.01,0.37,1.11,11.36,62,550,46,54
0.09,0.88,0.13,41.44,-3.91,0.06,0.89,41.63,116,512,68,70
0.08,1.02,0.08,-17.33,3.60,7.39,1.03,19.18,185,498,83,84
0.11,1.05,0.03,-4.58,1.83,-6.29,1.06,7.99,362,499,99,87
0.10,0.95,0.07,-5.62,1.95,-3.72,0.96,7.01,784,502,106,89
0.11,0.98,0.05,-6.65,1.34,-4.09,0.99,7.92,492,509,113,89
0.11,0.98,0.03,-5.49,0.67,-2.26,0.99,5.98,1296,517,123,89
0.11,1.00,0.03,-1.04,0.61,-2.62,1.01,2.89,1320,520,126,88
0.11,0.97,0.04,2.26,0.67,-2.75,0.98,3.62,1352,522,123,85
0.11,0.98,0.04,2.87,1.28,-1.71,0.99,3.58,442,524,130,85
0.12,0.96,0.05,2.93,1.95,-2.32,0.97,4.22,377,526,128,82
0.11,0.97,0.04,0.85,1.89,-1.89,0.98,2.81,448,529,133,75
0.12,0.97,0.04,-0.06,1.53,-2.32,0.98,2.78,600,532,133,77
0.12,0.97,0.04,-0.79,1.04,-2.38,0.98,2.72,912,534,134,71
0.12,0.98,0.04,0.12,0.92,-1.83,0.99,2.05,1100,536,133,73
0.12,0.97,0.04,0.85,1.22,-0.12,0.98,1.50,547,535,135,72
0.12,0.97,0.04,2.81,1.34,1.71,0.98,3.55,547,536,136,73
0.12,0.98,0.04,3.30,1.34,2.69,0.99,4.46,544,534,135,75
0.11,0.97,0.04,1.16,1.10,1.89,0.98,2.48,550,529,129,76
0.11,0.96,0.04,0.85,1.34,2.38,0.97,2.86,912,531,135,78
0.11,0.96,0.05,0.43,1.34,3.48,0.97,3.75,550,527,129,79
0.11,0.96,0.04,-1.16,1.77,4.15,0.97,4.66,550,526,129,84
0.11,0.97,0.04,-2.26,1.83,6.71,0.97,7.32,611,523,129,90
0.09,1.00,0.03,-1.34,1.71,6.35,1.01,6.71,684,518,126,95
0.10,0.99,0.03,2.69,1.34,1.65,1.00,3.43,497,515,127,94
0.10,0.98,0.04,1.65,1.28,0.31,0.98,2.11,615,511,126,99
0.10,0.98,0.04,0.24,1.16,0.06,0.99,1.19,418,515,130,100
0.10,0.98,0.04,1.16,0.92,-1.65,0.98,2.21,1392,514,130,94
0.10,0.98,0.04,1.65,0.67,-2.38,0.98,2.97,696,516,131,95
0.10,0.99,0.04,0.61,0.98,-3.11,0.99,3.32,615,517,133,87
0.08,0.99,0.03,1.34,0.37,-6.10,0.99,6.26,556,521,132,81
0.11,1.01,0.03,1.59,0.73,-11.66,1.02,11.79,804,529,135,69
0.12,0.97,0.06,-1.10,-0.06,-17.94,0.98,17.98,720,545,142,51
0.10,1.03,0.06,-7.32,2.14,-27.47,1.03,28.51,477,568,140,33
0.15,1.11,0.00,-13.06,3.36,-42.60,1.12,44.69,1973,615,144,22
0.14,1.14,0.06,-5.19,1.46,-62.93,1.15,63.16,1488,678,154,12
0.24,1.31,-0.02,-15.26,7.87,-89.54,1.33,91.17,1184,741,157,8
0.23,1.65,0.05,-21.24,8.12,-125.79,1.67,127.83,232,780,156,7
0.18,1.48,0.03,-6.29,9.28,-160.03,1.49,160.43,87,801,157,5
0.24,1.46,0.10,-4.82,20.45,-198.00,1.49,199.11,39,809,132,5
0.60,1.61,-0.02,-1.46,27.34,-225.46,1.72,227.12,14,811,75,5
1.59,1.10,-0.33,4.03,14.10,-231.63,1.96,232.09,6,764,39,9
2.43,0.54,-0.56,-58.35,-75.44,-150.21,2.55,177.93,3,742,15,11
1.48,0.93,-0.32,-16.97,-158.57,-109.25,1.78,193.31,3,752,13,14
0.97,1.01,-0.18,-18.98,-166.50,-53.59,1.42,175.94,3,740,12,15
0.23,1.26,0.34,-41.02,-130.00,-27.53,1.32,139.07,3,736,14,13
-0.04,1.41,0.58,31.31,-34.48,-7.87,1.53,47.24,3,742,15,13
0.19,0.64,0.02,75.87,36.74,-17.40,0.67,86.07,4,733,16,16
-0.03,0.59,0.15,38.82,31.92,-6.23,0.61,50.64,3,739,15,17
-0.25,0.51,0.21,57.68,16.60,34.12,0.60,69.04,4,743,14,19
-0.43,0.25,0.06,55.18,17.64,86.18,0.50,103.84,4,737,14,21
-0.37,0.22,-0.08,32.10,48.52,111.27,0.44,125.56,4,723,12,21
-0.32,0.23,-0.29,4.58,69.89,125.49,0.49,143.71,4,710,13,22
-0.14,0.35,-0.36,-17.27,73.06,135.74,0.52,155.12,5,694,13,22
-0.12,0.46,-0.36,-21.61,64.64,148.44,0.59,163.34,5,682,14,21
0.02,0.45,-0.42,-27.16,49.44,154.05,0.61,164.06,5,673,12,22
0.08,0.56,-0.36,-34.48,27.59,161.25,0.67,167.19,6,669,12,26
0.32,0.72,-0.32,-39.12,1.71,158.87,0.85,163.63,7,672,11,23
0.57,0.89,-0.07,-43.15,-15.44,128.42,1.06,136.35,8,673,11,23
0.56,0.96,0.03,-32.29,-26.49,118.35,1.11,125.50,9,678,14,22
0.63,1.00,0.13,-31.74,-12.15,96.62,1.19,102.42,9,684,13,26
0.90,1.22,0.28,-28.14,4.39,86.43,1.54,91.00,10,684,14,24
1.10,1.08,0.35,-8.24,4.09,67.20,1.58,67.83,10,687,15,26
1.16,1.09,0.42,10.62,2.08,31.86,1.65,33.65,10,697,12,24
1.01,0.89,0.37,44.19,-13.98,-8.54,1.40,47.13,9,719,14,25
-0.10,2.58,0.51,-11.29,-15.81,-23.19,2.63,30.25,21,635,19,37
-0.05,0.21,0.42,129.52,-16.72,19.71,0.47,132.07,35,544,25,52
0.08,1.14,0.00,-44.86,5.13,6.35,1.14,45.60,55,530,37,64
0.14,1.17,-0.04,22.58,-1.46,-7.63,1.18,23.88,113,494,60,80
0.10,0.78,0.16,26.61,-3.36,-9.34,0.81,28.40,218,487,86,93
0.12,1.00,0.04,-21.06,5.43,8.54,1.01,23.37,398,485,98,95
0.10,1.02,0.05,-2.69,1.40,-1.53,1.03,3.39,522,487,102,103
0.12,0.96,0.06,-3.60,0.61,-2.81,0.97,4.61,713,496,115,104
0.11,0.98,0.05,-4.64,0.79,-0.98,0.98,4.81,640,502,117,104
0.11,0.98,0.05,-3.05,0.92,-0.79,0.99,3.28,869,503,117,104
0.10,0.99,0.05,-0.49,0.79,-1.83,1.00,2.05,531,509,124,102
0.11,0.97,0.05,1.89,0.85,-2.32,0.98,3.11,1336,509,123,96
0.11,0.98,0.05,1.34,1.28,-1.28,0.98,2.26,597,512,124,99
0.11,0.97,0.05,1.28,1.10,-1.40,0.98,2.20,777,512,122,95
0.11,0.97,0.05,0.00,1.89,0.49,0.98,1.95,772,512,125,92
0.11,0.96,0.06,0.79,1.59,-0.18,0.97,1.78,540,515,129,93
0.11,0.98,0.05,0.12,1.65,0.55,0.99,1.74,1094,514,125,89
0.11,1.00,0.05,1.40,1.71,0.49,1.00,2.26,1368,516,128,93
0.11,0.97,0.05,2.75,1.28,-0.31,0.98,3.05,676,517,129,92
0.11,0.96,0.06,1.83,1.46,1.34,0.97,2.70,1088,515,126,92
0.11,0.98,0.05,0.67,1.46,1.59,0.98,2.26,781,514,127,90
0.11,0.97,0.05,1.28,1.28,1.77,0.98,2.53,676,512,122,96
0.10,0.98,0.05,0.06,1.16,2.32,0.98,2.59,600,511,121,98
0.10,0.97,0.06,0.43,1.40,1.59,0.97,2.16,600,512,123,101
0.10,0.98,0.05,0.55,1.28,1.53,0.99,2.07,684,511,126,99
0.10,0.97,0.06,-0.24,1.40,2.32,0.97,2.72,600,512,123,103
0.09,1.00,0.04,-1.53,1.34,2.50,1.01,3.22,1360,510,123,107
0.10,0.99,0.05,1.77,1.22,-1.34,1.00,2.53,1368,510,122,104
0.10,0.98,0.05,2.62,0.85,-2.44,0.98,3.68,922,511,127,100
0.10,0.99,0.05,1.71,1.04,-3.60,0.99,4.12,692,513,127,94
0.10,0.99,0.05,3.60,0.67,-6.35,0.99,7.33,1113,517,132,92
0.11,1.00,0.05,3.97,0.31,-11.11,1.01,11.80,625,525,134,75
0.10,1.04,0.06,5.62,-0.92,-20.14,1.04,20.93,632,541,141,61
0.11,1.04,0.08,2.44,0.06,-29.48,1.05,29.58,1171,565,146,37
0.13,1.11,0.06,-4.15,2.69,-49.26,1.12,49.50,1480,632,149,24
0.23,1.28,0.02,-0.18,3.48,-84.41,1.30,84.48,650,713,159,11
0.16,2.10,0.23,-29.11,2.75,-123.05,2.11,126.47,220,772,162,8
0.13,1.53,0.16,-8.06,12.51,-156.62,1.55,157.32,76,800,157,10
0.25,1.36,0.14,-9.58,23.07,-189.58,1.39,191.21,33,803,129,7
0.51,1.44,-0.04,-6.29,28.14,-206.30,1.53,208.30,13,804,77,10
1.55,1.23,-0.24,-6.23,10.44,-208.31,2.00,208.67,5,773,37,12
2.08,0.76,-0.39,-8.54,-33.08,-135.93,2.25,140.15,4,753,13,15
1.69,1.01,-0.49,4.33,-111.39,-104.86,2.03,153.04,3,761,15,16
1.16,1.19,-0.31,-36.07,-142.03,-75.01,1.69,164.62,2,757,13,16
0.42,1.54,0.28,-67.57,-129.46,-70.43,1.62,162.13,2,751,12,15
-0.22,1.64,0.65,13.73,-48.71,-59.39,1.78,78.02,2,762,14,17
-0.23,0.67,0.04,84.78,27.10,-26.61,0.71,92.90,3,746,15,17
-0.21,0.55,0.03,37.35,31.92,21.12,0.59,53.48,3,752,15,19
-0.42,0.56,0.23,41.38,23.74,48.95,0.73,68.35,3,762,16,20
-0.40,0.26,0.01,46.88,34.30,94.91,0.48,111.27,4,750,14,19
-0.34,0.25,-0.03,-0.98,57.62,98.75,0.42,114.34,4,733,15,23
-0.38,0.28,-0.14,-6.29,79.53,116.82,0.50,141.46,4,718,14,24
-0.14,0.46,-0.21,-21.85,78.06,138.18,0.52,160.21,4,708,14,25
-0.04,0.52,-0.22,-15.50,53.04,149.29,0.57,159.19,5,694,13,24
0.13,0.55,-0.24,-3.97,15.26,158.81,0.61,159.59,5,690,13,26
0.05,0.50,-0.22,-4.58,-11.72,160.22,0.55,160.71,5,688,14,25
0.16,0.62,-0.17,-11.23,-13.31,176.45,0.66,177.31,6,690,12,25
0.51,0.77,-0.10,-32.23,-1.83,155.40,0.93,158.71,6,694,13,26
0.77,1.02,0.17,-26.98,-3.42,133.00,1.29,135.75,6,699,11,26
0.89,1.07,0.25,-16.48,-6.77,103.64,1.42,105.16,6,707,12,24
0.93,1.04,0.34,-7.26,2.32,81.24,1.43,81.59,7,706,12,26
0.85,0.89,0.30,-1.46,37.11,48.77,1.27,61.30,7,712,14,24
0.92,0.76,0.19,-1.34,69.52,11.78,1.21,70.52,6,714,13,25
1.17,2.14,0.32,155.64,15.08,-151.79,2.46,217.93,19,576,21,67
-0.00,0.67,0.17,33.20,-2.44,1.22,0.69,33.32,16,540,19,62
0.12,1.16,-0.04,-9.46,2.20,-9.46,1.16,13.56,20,540,32,65
0.12,1.00,0.01,29.72,-3.05,-17.46,1.01,34.61,41,524,50,74
0.15,0.82,0.10,31.86,-4.09,-17.94,0.84,36.79,82,526,71,87
0.13,0.90,0.09,-9.34,4.64,7.81,0.92,13.03,150,511,86,97
0.13,0.99,0.07,2.01,0.98,-3.36,1.00,4.03,290,502,100,103
0.14,0.96,0.07,-2.26,0.85,-2.38,0.97,3.39,305,499,110,106
0.13,0.95,0.07,-4.88,1.53,0.06,0.96,5.12,369,498,114,108
0.13,0.98,0.05,-8.00,1.40,1.40,0.99,8.24,832,501,123,108
0.13,0.98,0.04,-5.19,1.65,1.95,0.99,5.78,453,497,119,110
0.13,0.98,0.05,-2.01,1.77,2.32,0.99,3.55,561,496,123,112
0.13,0.98,0.04,-0.73,2.01,2.32,0.99,3.16,644,494,124,113
0.12,0.97,0.05,-0.43,2.01,2.93,0.98,3.58,424,490,124,118
0.12,0.98,0.04,-0.37,1.59,2.44,0.98,2.93,502,486,117,119
0.12,0.98,0.04,-2.38,1.71,2.44,0.99,3.81,632,487,122,123
0.12,0.98,0.04,-1.77,1.04,-0.24,0.99,2.07,505,487,121,120
0.12,0.99,0.03,-0.31,0.85,-1.40,1.00,1.67,508,486,117,121
0.11,0.98,0.03,2.99,0.85,-2.44,0.99,3.95,858,489,123,115
0.13,0.97,0.04,5.62,0.73,-2.56,0.98,6.22,583,490,123,118
0.13,0.97,0.05,4.70,0.85,-2.01,0.98,5.18,749,495,128,112
0.13,0.96,0.05,4.58,1.10,-1.10,0.97,4.83,524,497,125,116
0.12,0.96,0.05,2.56,1.28,0.49,0.97,2.91,471,494,128,118
0.12,0.96,0.05,0.73,1.16,1.83,0.97,2.29,398,492,125,115
0.12,0.96,0.05,-1.83,1.04,3.72,0.97,4.28,515,488,120,120
0.12,0.98,0.05,-3.11,1.16,3.85,0.99,5.08,576,489,119,124
0.12,0.97,0.04,-0.67,0.85,2.26,0.98,2.51,572,486,116,129
0.11,0.97,0.04,0.49,0.67,0.79,0.98,1.15,468,486,117,128
0.11,0.97,0.04,0.73,0.61,1.04,0.98,1.41,426,486,119,130
0.11,0.98,0.04,1.28,0.85,0.00,0.98,1.54,426,482,114,131
0.11,0.98,0.04,1.65,1.04,-0.31,0.99,1.97,576,484,118,127
0.12,0.98,0.04,1.71,1.10,-0.37,0.99,2.06,432,483,117,129
0.11,0.97,0.04,1.65,1.22,-0.61,0.98,2.14,656,483,118,128
0.10,0.98,0.04,0.61,1.40,-1.28,0.99,2.00,1049,485,120,126
0.11,0.97,0.05,1.53,1.40,-2.08,0.97,2.93,583,489,121,129
