X,Y,Z
77.04,2.57,47.50
77.05,4.09,47.76
77.28,5.86,48.17
77.79,7.80,48.76
78.52,9.79,49.49
79.38,11.78,50.35
80.32,13.75,51.33
81.24,15.67,52.38
82.15,17.50,53.47
83.01,19.22,54.61
83.79,20.84,55.76
84.53,22.43,56.91
85.16,24.02,58.04
85.68,25.60,59.15
86.09,27.22,60.22
86.44,28.92,61.25
86.66,30.65,62.21
86.70,32.28,63.03
86.62,33.63,63.65
86.45,34.58,64.01
86.30,34.95,64.20
86.21,34.75,64.27
86.19,34.10,64.24
86.17,33.19,64.09
86.10,32.17,63.85
85.97,31.11,63.52
85.79,30.05,63.10
85.54,28.99,62.58
85.25,27.88,61.98
84.90,26.70,61.33
84.54,25.43,60.66
84.18,24.05,60.00
83.80,22.57,59.35
83.41,21.04,58.73
83.00,19.50,58.17
82.57,17.97,57.66
82.12,16.47,57.22
81.68,15.03,56.85
81.30,13.69,56.55
81.05,12.48,56.29
80.98,11.37,56.07
81.07,10.34,55.89
81.34,9.34,55.72
81.73,8.32,55.56
82.19,7.25,55.41
82.64,6.13,55.28
83.04,4.98,55.14
83.35,3.84,54.99
83.55,2.78,54.83
83.63,1.89,54.63
83.59,1.24,54.42
83.48,0.83,54.19
83.33,0.66,53.96
83.21,0.68,53.75
83.13,0.86,53.57
83.10,1.18,53.45
83.12,1.63,53.38
83.14,2.22,53.36
83.11,3.00,53.34
83.36,3.61,53.00
83.89,3.51,52.66
84.06,3.02,52.38
84.11,2.26,52.08
84.14,1.05,51.79
84.17,0.04,51.50
84.09,-0.48,51.20
84.19,-0.47,51.10
84.61,-0.21,51.14
84.71,0.07,51.12
84.82,0.01,51.11
84.84,-0.31,51.08
84.75,-0.66,51.01
84.71,-0.99,51.01
84.68,-1.23,51.03
84.66,-1.45,51.03
84.64,-1.68,51.01
84.62,-1.80,50.99
84.62,-1.83,50.98
84.60,-1.79,50.98
84.58,-1.68,50.99
84.54,-1.50,51.03
84.48,-1.28,51.09
84.40,-1.00,51.14
84.31,-0.70,51.20
84.21,-0.36,51.27
84.11,0.01,51.33
84.02,0.42,51.39
83.97,0.86,51.45
83.96,1.33,51.50
83.99,1.82,51.55
84.05,2.33,51.59
84.15,2.85,51.64
84.28,3.37,51.68
84.41,3.87,51.71
84.55,4.36,51.73
84.71,4.83,51.75
84.88,5.29,51.76
85.05,5.73,51.77
85.22,6.14,51.77
85.38,6.51,51.77
85.52,6.83,51.77
85.65,7.10,51.76
85.78,7.33,51.74
85.89,7.53,51.72
85.98,7.71,51.71
86.06,7.84,51.69
86.12,7.94,51.68
86.17,8.02,51.67
86.19,8.06,51.67
86.22,8.09,51.68
86.25,8.10,51.68
86.28,8.11,51.68
86.31,8.11,51.68
86.34,8.11,51.67
86.39,8.13,51.67
86.44,8.17,51.65
86.52,8.25,51.63
86.61,8.38,51.60
86.72,8.55,51.56
86.85,8.78,51.52
86.99,9.06,51.47
87.16,9.43,51.42
87.34,9.90,51.37
87.54,10.49,51.30
87.77,11.21,51.23
88.01,12.08,51.16
88.23,13.12,51.09
88.44,14.32,51.04
88.64,15.74,51.02
88.84,17.40,51.02
88.97,19.36,51.00
88.96,21.66,50.97
88.77,24.31,50.92
88.38,27.22,50.84
87.85,30.34,50.78
87.25,33.55,50.75
86.53,36.76,50.71
85.61,39.92,50.55
84.48,42.99,50.26
83.28,46.02,49.82
82.04,49.01,49.19
80.67,51.88,48.22
79.17,54.56,46.80
78.10,56.24,45.56
77.81,56.70,45.10
78.11,55.92,45.25
79.11,54.15,45.94
80.44,51.90,46.93
81.87,49.53,48.04
83.21,47.24,49.15
84.32,45.12,50.17
85.11,43.16,51.03
85.54,41.32,51.72
85.64,39.54,52.26
85.44,37.77,52.68
84.99,35.94,52.99
84.38,34.00,53.26
83.65,31.94,53.51
82.84,29.66,53.73
82.08,27.28,54.03
81.45,24.85,54.43
80.97,22.41,54.91
80.63,19.98,55.47
80.45,17.56,56.07
80.36,15.16,56.67
80.30,12.77,57.26
80.25,10.40,57.81
80.18,8.08,58.28
80.08,5.83,58.68
79.95,3.70,58.97
79.75,1.77,59.17
79.45,0.06,59.30
79.04,-1.41,59.38
78.56,-2.61,59.47
78.10,-3.51,59.62
77.73,-4.12,59.86
77.55,-4.49,60.22
77.57,-4.72,60.70
77.79,-4.89,61.27
78.15,-5.10,61.91
78.62,-5.44,62.57
79.09,-5.94,63.22
79.46,-6.58,63.80
79.62,-7.29,64.29
79.53,-7.93,64.67
79.22,-8.35,64.93
78.82,-8.49,65.02
78.48,-8.31,64.95
78.29,-7.82,64.73
78.28,-7.05,64.37
78.41,-6.07,63.92
78.64,-4.90,63.43
78.94,-3.58,62.96
79.46,-2.10,62.62
80.92,-1.66,62.50
82.00,-2.54,62.80
82.55,-3.46,62.92
82.44,-4.45,62.66
82.51,-5.40,62.53
82.78,-5.99,62.59
82.66,-6.03,62.62
82.60,-5.78,62.69
82.64,-5.64,62.82
82.59,-5.91,62.94
82.54,-6.28,63.00
82.51,-6.56,63.04
82.48,-6.72,63.06
82.44,-6.81,63.07
82.40,-6.79,63.09
82.36,-6.65,63.13
82.30,-6.45,63.16
82.23,-6.22,63.20
82.20,-5.95,63.24
82.19,-5.67,63.29
82.16,-5.38,63.34
82.16,-5.13,63.39
82.19,-4.86,63.42
82.25,-4.59,63.46
82.36,-4.33,63.48
82.50,-4.05,63.50
82.66,-3.73,63.52
82.85,-3.41,63.54
83.01,-3.08,63.59
83.19,-2.75,63.64
83.39,-2.45,63.69
83.60,-2.17,63.72
83.83,-1.93,63.74
84.06,-1.71,63.75
84.32,-1.52,63.74
84.59,-1.37,63.72
84.85,-1.25,63.69
85.13,-1.16,63.65
85.44,-1.07,63.59
85.74,-0.96,63.52
86.04,-0.83,63.43
86.31,-0.69,63.34
86.55,-0.56,63.24
86.75,-0.44,63.16
86.92,-0.33,63.09
87.04,-0.24,63.04
87.12,-0.19,63.02
87.15,-0.17,63.03
87.13,-0.17,63.05
87.09,-0.19,63.08
87.03,-0.21,63.13
86.96,-0.22,63.17
86.90,-0.20,63.22
86.86,-0.13,63.27
86.86,-0.01,63.32
86.88,0.19,63.38
86.94,0.50,63.43
87.05,0.91,63.49
87.17,1.47,63.55
87.31,2.15,63.61
87.46,2.96,63.70
87.64,3.89,63.79
87.85,4.99,63.89
88.12,6.25,63.99
88.43,7.73,64.10
88.73,9.43,64.19
89.01,11.36,64.29
89.26,13.56,64.42
89.42,16.03,64.58
89.49,18.80,64.72
89.48,21.82,64.89
89.51,25.01,65.11
89.70,28.29,65.44
89.98,31.59,65.86
90.23,34.84,66.29
90.27,38.02,66.72
90.00,41.23,67.15
89.38,44.48,67.55
88.42,47.74,67.81
87.15,50.94,67.74
85.46,53.92,66.97
83.82,56.10,65.81
82.46,57.40,64.78
81.32,57.50,63.97
80.74,56.65,63.63
80.62,55.17,63.67
80.91,53.26,63.98
81.49,51.04,64.51
82.29,48.63,65.20
83.21,46.14,65.98
84.19,43.69,66.75
85.13,41.36,67.48
85.99,39.18,68.15
86.68,37.10,68.76
87.20,35.10,69.29
87.52,33.10,69.77
87.68,31.04,70.21
87.65,28.89,70.64
87.59,26.60,71.04
87.58,24.19,71.47
87.65,21.70,71.95
87.82,19.16,72.46
88.08,16.58,72.98
88.45,13.99,73.49
88.86,11.43,73.94
89.25,8.89,74.29
89.59,6.40,74.53
89.87,3.97,74.64
90.07,1.59,74.62
90.21,-0.72,74.46
90.30,-2.91,74.20
90.32,-4.92,73.86
90.32,-6.59,73.53
90.37,-7.77,73.32
90.58,-8.38,73.33
91.05,-8.54,73.60
91.74,-8.50,74.18
92.55,-8.47,75.04
93.33,-8.65,76.15
93.94,-9.20,77.41
94.27,-10.14,78.71
94.28,-11.38,79.98
94.01,-12.64,81.22
93.59,-13.65,82.41
93.15,-14.16,83.46
92.81,-14.11,84.22
92.58,-13.58,84.61
92.44,-12.72,84.68
92.36,-11.68,84.52
92.39,-10.46,84.31
92.58,-8.98,84.41
92.91,-8.41,84.74
92.97,-9.44,84.84
93.30,-10.48,84.91
93.01,-11.84,84.54
92.89,-13.06,84.08
92.97,-13.67,84.03
92.93,-13.62,84.18
93.01,-13.34,84.30
93.16,-13.74,84.34
92.93,-14.47,84.25
92.77,-14.98,84.21
92.80,-15.36,84.21
92.69,-15.75,84.11
92.55,-16.02,84.07
92.30,-16.16,84.08
91.90,-16.25,84.12
91.38,-16.28,84.20
90.79,-16.19,84.34
90.18,-15.98,84.53
89.60,-15.69,84.72
89.11,-15.29,84.91
88.70,-14.82,85.10
88.37,-14.33,85.30
88.07,-13.82,85.49
87.75,-13.29,85.68
87.37,-12.69,85.91
86.97,-12.04,86.17
86.57,-11.39,86.43
86.28,-10.79,86.68
86.09,-10.23,86.88
85.99,-9.68,87.05
85.95,-9.14,87.17
85.98,-8.61,87.26
86.08,-8.11,87.30
86.21,-7.66,87.32
86.43,-7.25,87.31
86.71,-6.89,87.28
87.07,-6.59,87.22
87.52,-6.34,87.12
88.02,-6.16,87.00
88.55,-6.03,86.85
89.12,-5.94,86.67
89.74,-5.87,86.48
90.41,-5.82,86.26
91.11,-5.76,86.03
91.80,-5.69,85.79
92.46,-5.58,85.54
93.09,-5.43,85.29
93.66,-5.24,85.04
94.13,-5.01,84.81
94.50,-4.75,84.61
94.73,-4.45,84.47
94.83,-4.11,84.41
94.83,-3.74,84.42
94.78,-3.30,84.51
94.68,-2.76,84.66
94.58,-2.11,84.87
94.49,-1.33,85.10
94.38,-0.38,85.37
94.29,0.76,85.67
94.19,2.10,86.00
94.07,3.66,86.34
93.84,5.49,86.69
93.29,7.64,87.00
92.18,10.14,87.22
90.39,13.04,87.31
88.09,16.32,87.25
85.69,19.79,87.13
83.59,23.25,87.02
81.94,26.60,86.93
80.62,29.83,86.77
79.45,32.97,86.50
78.23,36.05,86.16
76.71,39.01,85.64
74.86,41.88,84.89
72.66,44.75,83.89
69.79,47.28,82.35
66.40,49.15,80.11
62.87,50.70,77.35
59.53,51.32,74.69
57.07,51.08,72.75
55.64,50.23,71.64
55.19,48.95,71.26
55.55,47.37,71.48
56.49,45.61,72.08
57.80,43.75,72.87
59.26,41.86,73.70
60.77,39.98,74.51
62.23,38.14,75.27
63.55,36.30,75.96
64.70,34.41,76.60
65.64,32.41,77.18
66.37,30.24,77.73
66.92,27.92,78.28
67.32,25.45,78.87
67.62,22.83,79.52
67.84,20.10,80.25
68.00,17.27,81.04
68.14,14.40,81.88
68.26,11.60,82.76
68.39,8.94,83.65
68.53,6.50,84.53
68.64,4.29,85.38
68.69,2.29,86.20
68.66,0.41,86.99
68.50,-1.39,87.79
68.17,-3.13,88.62
67.64,-4.83,89.50
66.97,-6.47,90.45
66.24,-7.96,91.47
65.54,-9.23,92.57
64.93,-10.14,93.75
64.36,-10.67,94.93
63.88,-10.84,96.02
63.54,-10.78,96.97
63.32,-10.64,97.79
63.11,-10.60,98.52
62.82,-10.76,99.14
62.44,-11.20,99.62
62.03,-11.83,99.93
61.69,-12.41,100.03
61.53,-12.70,99.90
61.57,-12.50,99.57
61.76,-11.76,99.14
62.03,-10.61,98.72
62.39,-9.24,98.21
63.50,-8.18,97.63
64.65,-8.08,97.84
65.32,-9.07,98.39
65.55,-10.33,98.66
65.76,-11.63,98.79
66.29,-12.32,98.91
66.85,-12.14,98.78
67.33,-11.58,98.51
67.93,-11.08,98.28
68.38,-10.93,98.09
68.66,-11.11,97.96
68.93,-11.46,97.93
69.01,-11.71,97.95
69.10,-12.00,98.03
69.12,-12.23,98.13
69.07,-12.37,98.21
69.02,-12.42,98.27
68.99,-12.37,98.30
68.97,-12.23,98.30
68.94,-12.03,98.29
68.88,-11.79,98.27
68.81,-11.51,98.25
68.73,-11.22,98.23
68.65,-10.91,98.21
68.59,-10.58,98.19
68.55,-10.20,98.16
68.53,-9.78,98.11
68.52,-9.29,98.06
68.52,-8.75,98.00
68.52,-8.16,97.92
68.52,-7.57,97.84
68.54,-6.97,97.76
68.54,-6.40,97.68
68.55,-5.87,97.61
68.57,-5.39,97.54
68.59,-4.97,97.49
68.64,-4.61,97.44
68.72,-4.30,97.38
68.82,-4.03,97.31
68.96,-3.81,97.23
69.12,-3.65,97.15
69.31,-3.55,97.07
69.50,-3.52,97.00
69.68,-3.58,96.94
69.84,-3.71,96.91
70.01,-3.90,96.90
70.16,-4.13,96.89
70.31,-4.35,96.89
70.46,-4.57,96.88
70.59,-4.76,96.86
70.70,-4.90,96.85
70.81,-4.99,96.84
70.89,-5.04,96.83
70.96,-5.02,96.81
71.04,-4.91,96.79
71.12,-4.70,96.75
71.23,-4.38,96.69
71.38,-3.93,96.58
71.58,-3.36,96.42
71.82,-2.64,96.22
72.11,-1.77,95.99
72.39,-0.75,95.72
72.69,0.44,95.43
72.92,1.80,95.11
73.10,3.33,94.78
73.18,5.05,94.44
73.12,6.97,94.12
72.89,9.11,93.83
72.60,11.48,93.57
72.36,14.00,93.37
72.23,16.63,93.23
72.20,19.33,93.12
72.22,22.04,92.99
72.22,24.76,92.80
72.13,27.55,92.56
71.82,30.39,92.27
71.11,33.21,91.84
69.97,36.11,91.24
68.36,39.00,90.40
66.19,41.46,89.10
63.74,43.24,87.40
61.40,44.43,85.61
59.56,44.70,84.23
58.55,44.28,83.52
58.30,43.42,83.41
58.73,42.25,83.75
59.65,40.88,84.40
60.84,39.37,85.21
62.10,37.77,86.07
63.28,36.11,86.90
64.30,34.39,87.64
65.09,32.63,88.26
65.62,30.86,88.77
65.88,29.13,89.21
65.94,27.45,89.60
65.89,25.82,90.01
65.81,24.17,90.45
65.77,22.48,90.99
65.84,20.65,91.62
66.02,18.63,92.35
66.29,16.46,93.13
66.58,14.16,93.94
66.82,11.79,94.73
66.95,9.39,95.49
66.90,7.05,96.18
66.66,4.89,96.78
66.25,2.97,97.32
65.69,1.30,97.79
65.04,-0.18,98.23
64.36,-1.58,98.65
63.75,-2.98,99.11
63.30,-4.43,99.62
63.05,-5.92,100.16
62.98,-7.41,100.73
63.02,-8.85,101.34
63.09,-10.23,102.03
63.13,-11.46,102.78
63.11,-12.46,103.59
63.03,-13.20,104.49
62.80,-13.73,105.48
62.39,-14.14,106.52
61.81,-14.48,107.58
61.15,-14.76,108.58
60.49,-15.00,109.42
59.90,-15.18,110.04
59.45,-15.22,110.40
59.16,-15.07,110.51
59.06,-14.64,110.41
59.11,-13.93,110.15
59.37,-12.98,109.65
60.43,-12.33,109.02
61.28,-12.92,109.27
61.64,-14.13,109.71
61.81,-15.27,109.99
62.25,-16.36,110.28
62.92,-16.81,110.31
63.68,-16.52,110.07
64.40,-16.01,109.79
64.92,-15.77,109.60
65.19,-15.86,109.59
65.33,-16.00,109.65
65.40,-16.05,109.73
65.38,-16.06,109.83
65.27,-16.08,109.93
65.17,-16.04,110.00
65.09,-15.91,110.02
65.04,-15.72,109.99
65.00,-15.47,109.93
64.99,-15.15,109.84
65.00,-14.80,109.75
65.01,-14.44,109.65
65.03,-14.06,109.56
65.06,-13.69,109.48
65.09,-13.33,109.42
65.13,-12.96,109.35
65.20,-12.56,109.27
65.30,-12.10,109.18
65.43,-11.57,109.05
65.57,-11.01,108.91
65.72,-10.45,108.77
65.87,-9.91,108.63
66.02,-9.40,108.50
66.17,-8.90,108.38
66.32,-8.41,108.25
66.48,-7.93,108.12
66.63,-7.47,107.99
66.81,-7.02,107.86
66.98,-6.59,107.72
67.16,-6.19,107.58
67.33,-5.82,107.46
67.49,-5.48,107.34
67.65,-5.18,107.24
67.81,-4.92,107.15
67.97,-4.69,107.06
68.13,-4.49,106.99
68.31,-4.31,106.92
68.51,-4.15,106.85
68.74,-4.02,106.77
68.96,-3.91,106.69
69.18,-3.81,106.61
69.40,-3.73,106.53
69.60,-3.67,106.46
69.79,-3.60,106.40
69.97,-3.52,106.35
70.14,-3.41,106.31
70.34,-3.26,106.24
70.55,-3.04,106.15
70.80,-2.76,106.02
71.07,-2.41,105.85
71.35,-1.99,105.67
71.64,-1.50,105.48
71.93,-0.91,105.27
72.23,-0.21,105.03
72.55,0.60,104.77
72.86,1.54,104.48
73.16,2.60,104.17
73.42,3.80,103.83
73.55,5.13,103.50
73.55,6.63,103.21
73.50,8.30,103.00
73.45,10.11,102.81
73.42,12.09,102.63
73.43,14.24,102.44
73.41,16.58,102.22
73.34,19.08,101.94
73.20,21.70,101.57
73.00,24.42,101.20
72.53,27.18,100.79
71.61,29.99,100.31
70.13,32.78,99.69
68.24,35.43,98.87
66.04,37.84,97.82
63.43,39.78,96.36
60.89,40.88,94.80
58.97,41.07,93.88
57.54,40.43,93.66
56.93,38.94,94.23
57.05,37.09,95.27
57.57,35.07,96.47
58.33,32.96,97.67
59.22,30.87,98.81
60.11,28.88,99.86
60.98,27.00,100.80
61.81,25.22,101.62
62.59,23.55,102.30
63.29,21.95,102.86
63.87,20.39,103.33
64.27,18.79,103.74
64.48,17.08,104.14
64.50,15.22,104.57
64.40,13.17,105.07
64.23,10.97,105.69
64.02,8.67,106.42
63.80,6.34,107.26
63.56,4.06,108.20
63.29,1.88,109.20
62.99,-0.19,110.25
62.65,-2.14,111.33
62.31,-3.94,112.43
61.96,-5.59,113.52
61.58,-7.06,114.59
61.15,-8.35,115.64
60.65,-9.44,116.67
60.08,-10.35,117.70
59.51,-11.04,118.74
59.01,-11.46,119.81
58.63,-11.59,120.92
58.43,-11.46,122.07
58.41,-11.14,123.26
58.60,-10.70,124.39
59.00,-10.33,125.55
59.34,-10.09,126.80
59.57,-10.01,128.12
59.66,-10.05,129.46
59.64,-10.17,130.69
59.57,-10.40,131.81
59.49,-10.75,132.75
59.42,-11.16,133.41
59.33,-11.62,133.73
59.16,-12.01,133.67
58.93,-12.26,133.27
58.74,-12.31,132.63
58.72,-12.16,131.88
58.95,-11.83,131.11
59.46,-11.29,130.38
60.40,-10.64,129.93
61.81,-10.11,130.01
63.69,-9.88,130.55
64.94,-10.41,131.08
65.11,-11.39,131.14
65.22,-12.26,131.13
65.68,-13.10,131.31
66.00,-13.50,131.30
66.40,-13.56,131.17
66.87,-13.59,131.05
67.15,-13.66,130.95
67.27,-13.81,130.93
67.23,-13.98,131.00
67.10,-14.11,131.13
66.95,-14.21,131.26
66.77,-14.24,131.39
66.58,-14.22,131.49
66.45,-14.15,131.55
66.38,-14.04,131.56
66.35,-13.89,131.54
66.36,-13.72,131.50
66.39,-13.53,131.45
66.46,-13.33,131.39
66.53,-13.13,131.34
66.61,-12.94,131.30
66.68,-12.75,131.26
66.76,-12.57,131.22
66.86,-12.40,131.18
66.97,-12.24,131.13
67.08,-12.11,131.08
67.19,-12.00,131.04
67.28,-11.92,131.01
67.35,-11.87,130.99
67.39,-11.85,130.98
67.41,-11.86,130.99
67.42,-11.88,131.00
67.42,-11.92,131.02
67.42,-11.96,131.04
67.42,-12.02,131.05
67.44,-12.09,131.07
67.46,-12.17,131.08
67.51,-12.26,131.08
67.56,-12.37,131.08
67.62,-12.51,131.08
67.66,-12.67,131.09
67.70,-12.86,131.11
67.72,-13.06,131.14
67.73,-13.27,131.17
67.75,-13.49,131.22
67.75,-13.73,131.26
67.75,-14.00,131.31
67.74,-14.31,131.38
67.74,-14.62,131.45
67.73,-14.93,131.51
67.76,-15.22,131.56
67.80,-15.48,131.59
67.83,-15.75,131.63
67.85,-16.06,131.68
67.82,-16.42,131.75
67.74,-16.87,131.86
67.62,-17.41,131.99
67.50,-17.99,132.14
67.32,-18.60,132.31
67.16,-19.24,132.48
66.99,-19.91,132.64
66.66,-20.55,132.86
66.30,-21.28,133.10
65.92,-22.09,133.39
65.51,-22.89,133.70
65.20,-23.62,133.95
65.04,-24.25,134.15
64.98,-24.84,134.32
64.96,-25.49,134.49
64.91,-26.19,134.69
64.85,-26.88,134.86
64.87,-27.42,134.96
64.95,-27.75,135.01
65.14,-27.77,134.99
65.35,-27.78,134.94
65.53,-27.74,134.89
65.68,-27.67,134.83
65.82,-27.58,134.77
65.92,-27.51,134.70
65.97,-27.43,134.61
66.00,-27.33,134.53
66.02,-27.23,134.46
66.03,-27.08,134.40
66.07,-26.90,134.36
66.11,-26.70,134.32
66.12,-26.51,134.30
66.11,-26.34,134.29
66.08,-26.20,134.29
66.04,-26.09,134.30
65.99,-26.00,134.31
65.94,-25.93,134.32
65.90,-25.90,134.34
65.88,-25.88,134.35
65.90,-25.88,134.34
65.96,-25.89,134.33
66.04,-25.91,134.31
66.13,-25.94,134.29
66.22,-25.97,134.28
66.32,-26.00,134.26
66.43,-25.99,134.23
66.54,-25.97,134.21
66.65,-25.93,134.18
66.75,-25.87,134.16
66.84,-25.81,134.14
66.91,-25.73,134.12
66.95,-25.66,134.11
66.99,-25.57,134.10
67.02,-25.48,134.09
67.03,-25.39,134.07
67.05,-25.29,134.05
67.07,-25.19,134.04
67.10,-25.09,134.02
67.14,-24.99,133.99
67.20,-24.89,133.96
67.25,-24.80,133.93
67.32,-24.72,133.89
67.39,-24.66,133.86
