X,Y,Z
78.56,-1.20,9.00
78.36,-1.01,8.96
78.22,-0.72,8.94
78.08,-0.33,8.91
78.04,0.12,8.89
78.05,0.60,8.88
78.05,1.11,8.86
78.10,1.67,8.84
78.17,2.27,8.83
78.26,2.95,8.81
78.40,3.72,8.78
78.56,4.62,8.75
78.75,5.66,8.71
78.98,6.87,8.66
79.28,8.28,8.63
79.66,9.84,8.59
80.03,11.49,8.54
80.40,13.19,8.48
80.80,14.97,8.43
81.24,16.79,8.40
81.65,18.58,8.36
82.13,20.36,8.35
82.64,22.08,8.37
83.16,23.84,8.40
83.68,25.75,8.44
84.10,27.72,8.49
84.38,29.71,8.54
84.48,31.67,8.56
84.42,33.55,8.50
84.17,35.16,8.31
83.86,36.25,8.00
83.60,36.64,7.63
83.45,36.49,7.31
83.34,35.98,7.08
83.23,35.21,6.94
83.10,34.29,6.88
82.95,33.25,6.89
82.78,32.13,6.93
82.57,30.97,7.00
82.30,29.79,7.08
81.98,28.57,7.19
81.62,27.30,7.32
81.22,25.96,7.47
80.81,24.56,7.65
80.37,23.12,7.86
79.89,21.66,8.11
79.35,20.20,8.40
78.75,18.78,8.74
78.09,17.42,9.12
77.43,16.18,9.52
76.77,15.09,9.93
76.15,14.21,10.34
75.58,13.56,10.76
75.11,13.10,11.18
74.83,12.71,11.62
74.81,12.27,12.07
75.05,11.72,12.54
75.49,11.06,13.00
76.01,10.32,13.44
76.50,9.61,13.81
76.88,9.01,14.09
77.11,8.59,14.27
77.24,8.36,14.35
77.34,8.33,14.35
77.47,8.49,14.31
77.68,8.87,14.26
77.98,9.48,14.24
78.36,10.34,14.31
78.79,11.49,14.37
79.63,12.45,14.31
80.62,12.60,14.41
81.28,12.09,14.56
81.40,11.32,14.55
81.29,10.54,14.49
81.31,9.89,14.52
81.43,9.58,14.57
81.48,9.51,14.56
81.62,9.56,14.55
81.82,9.55,14.58
81.92,9.43,14.57
82.00,9.26,14.54
82.09,9.06,14.52
82.15,8.84,14.50
82.21,8.62,14.48
82.28,8.42,14.46
82.32,8.27,14.42
82.39,8.16,14.38
82.46,8.08,14.33
82.52,8.03,14.29
82.58,8.02,14.24
82.61,8.07,14.19
82.62,8.17,14.17
82.61,8.30,14.17
82.58,8.43,14.18
82.53,8.56,14.21
82.46,8.71,14.26
82.41,8.88,14.31
82.37,9.08,14.35
82.35,9.33,14.39
82.36,9.60,14.43
82.39,9.88,14.45
82.43,10.16,14.46
82.48,10.43,14.47
82.54,10.66,14.48
82.61,10.84,14.49
82.69,10.98,14.48
82.79,11.06,14.47
82.91,11.13,14.44
83.05,11.18,14.39
83.23,11.25,14.31
83.43,11.32,14.23
83.62,11.40,14.14
83.80,11.45,14.06
83.95,11.48,13.98
84.08,11.49,13.92
84.15,11.48,13.87
84.20,11.45,13.84
84.22,11.39,13.82
84.20,11.33,13.80
84.18,11.25,13.79
84.16,11.18,13.78
84.15,11.12,13.76
84.16,11.08,13.73
84.19,11.08,13.70
84.24,11.12,13.67
84.31,11.24,13.63
84.41,11.43,13.58
84.52,11.71,13.53
84.64,12.08,13.49
84.76,12.54,13.45
84.89,13.10,13.44
85.04,13.77,13.43
85.17,14.57,13.42
85.29,15.53,13.41
85.41,16.68,13.44
85.54,18.06,13.52
85.60,19.70,13.60
85.52,21.62,13.65
85.29,23.83,13.68
85.02,26.28,13.71
84.78,28.91,13.75
84.65,31.67,13.85
84.54,34.50,13.96
84.38,37.38,14.08
84.06,40.24,14.23
83.57,43.06,14.35
82.90,45.84,14.35
81.99,48.56,14.19
80.92,51.17,13.95
79.32,53.64,13.28
77.61,55.41,12.39
76.75,56.15,12.21
76.81,56.00,12.80
77.85,55.04,13.99
79.65,53.54,15.53
81.75,51.72,17.05
83.80,49.75,18.32
85.60,47.77,19.23
87.09,45.87,19.80
88.27,44.11,20.07
89.11,42.49,20.08
89.58,40.97,19.86
89.70,39.47,19.44
89.50,37.94,18.85
89.06,36.29,18.13
88.45,34.49,17.38
87.67,32.52,16.61
86.90,30.45,15.91
86.25,28.32,15.35
85.77,26.16,14.94
85.50,24.00,14.67
85.44,21.88,14.50
85.55,19.81,14.42
85.77,17.81,14.38
86.02,15.92,14.38
86.22,14.14,14.40
86.26,12.49,14.41
86.13,11.01,14.40
85.82,9.72,14.36
85.36,8.61,14.32
84.80,7.66,14.34
84.17,6.80,14.45
83.52,5.94,14.66
82.91,5.06,14.97
82.43,4.19,15.38
82.10,3.40,15.86
81.96,2.79,16.39
82.01,2.42,16.97
82.12,2.21,17.57
82.21,2.03,18.17
82.22,1.82,18.73
82.18,1.59,19.22
82.15,1.47,19.62
82.17,1.61,19.92
82.25,2.11,20.11
82.36,2.97,20.21
82.43,4.14,20.23
82.55,5.66,19.96
83.41,6.64,19.51
84.57,6.66,19.36
85.77,6.18,19.31
86.21,5.44,19.06
86.31,4.92,18.68
86.63,4.61,18.51
87.05,4.42,18.45
87.28,4.43,18.33
87.48,4.44,18.30
87.64,4.39,18.31
87.64,4.32,18.30
87.59,4.21,18.33
87.50,4.08,18.39
87.36,4.00,18.45
87.24,3.98,18.53
87.14,4.02,18.60
87.07,4.10,18.64
87.02,4.21,18.67
86.98,4.36,18.70
86.94,4.58,18.73
86.90,4.86,18.78
86.84,5.15,18.85
86.77,5.46,18.94
86.70,5.78,19.03
86.63,6.10,19.14
86.59,6.44,19.23
86.60,6.83,19.31
86.62,7.26,19.37
86.70,7.71,19.42
86.79,8.17,19.45
86.90,8.64,19.47
87.03,9.10,19.49
87.16,9.53,19.50
87.28,9.91,19.51
87.38,10.24,19.52
87.48,10.51,19.54
87.58,10.72,19.55
87.68,10.89,19.54
87.77,11.04,19.52
87.87,11.16,19.48
87.98,11.27,19.43
88.07,11.36,19.36
88.16,11.43,19.30
88.23,11.47,19.25
88.29,11.48,19.20
88.32,11.46,19.16
88.32,11.43,19.13
88.30,11.38,19.11
88.27,11.32,19.11
88.23,11.29,19.11
88.18,11.29,19.12
88.15,11.33,19.14
88.12,11.44,19.17
88.13,11.62,19.19
88.16,11.88,19.22
88.21,12.23,19.23
88.30,12.68,19.25
88.41,13.24,19.26
88.56,13.92,19.26
88.72,14.73,19.27
88.88,15.64,19.28
89.02,16.64,19.30
89.11,17.72,19.35
89.08,18.88,19.45
88.83,20.11,19.62
88.35,21.42,19.89
87.61,22.90,20.18
86.59,24.60,20.41
85.45,26.50,20.58
84.31,28.58,20.71
83.15,30.76,20.78
82.00,32.96,20.76
80.80,35.14,20.61
79.45,37.27,20.33
77.84,39.33,19.89
75.97,41.25,19.18
73.93,42.99,18.22
71.70,44.67,17.02
69.93,46.02,15.99
69.28,46.69,15.77
69.85,46.84,16.47
71.34,46.62,17.83
73.22,46.18,19.51
75.00,45.71,21.12
76.49,45.17,22.50
77.61,44.50,23.61
78.42,43.63,24.43
79.01,42.50,24.96
79.45,41.07,25.19
79.74,39.35,25.11
79.88,37.48,24.75
79.87,35.54,24.19
79.69,33.56,23.49
79.38,31.54,22.74
79.01,29.45,22.04
78.62,27.26,21.44
78.32,25.03,21.00
78.13,22.79,20.74
78.03,20.57,20.64
78.04,18.37,20.69
78.13,16.19,20.87
78.27,14.05,21.15
78.43,11.98,21.50
78.49,10.05,21.87
78.34,8.32,22.25
77.95,6.79,22.64
77.38,5.44,23.09
76.81,4.22,23.63
76.39,3.15,24.28
76.19,2.19,25.07
76.16,1.36,25.97
76.21,0.68,26.95
76.30,0.11,27.94
76.51,-0.41,28.89
76.94,-0.97,29.80
77.54,-1.58,30.65
78.21,-2.19,31.39
78.83,-2.71,32.00
79.27,-3.11,32.45
79.56,-3.42,32.72
79.76,-3.69,32.82
79.91,-3.91,32.78
80.02,-3.99,32.67
80.08,-3.82,32.55
80.14,-3.35,32.50
80.29,-2.58,32.59
80.60,-1.56,32.82
81.13,-0.31,33.18
82.17,1.11,33.24
83.74,1.62,33.34
84.74,1.04,33.50
84.81,-0.04,33.30
84.70,-1.10,33.01
85.15,-2.08,32.96
85.47,-2.55,32.87
85.78,-2.49,32.71
86.23,-2.28,32.69
86.45,-2.03,32.68
86.52,-1.95,32.65
86.55,-2.00,32.66
86.46,-2.01,32.69
86.30,-1.98,32.77
86.14,-1.93,32.89
85.95,-1.82,32.99
85.81,-1.72,33.08
85.70,-1.59,33.14
85.59,-1.41,33.16
85.49,-1.22,33.19
85.39,-1.04,33.22
85.29,-0.88,33.26
85.18,-0.77,33.30
85.04,-0.71,33.36
84.88,-0.68,33.43
84.71,-0.66,33.52
84.53,-0.58,33.61
84.39,-0.43,33.70
84.27,-0.23,33.79
84.19,0.03,33.87
84.13,0.30,33.94
84.10,0.55,33.99
84.08,0.75,34.04
84.04,0.89,34.08
83.98,0.94,34.12
83.94,0.95,34.16
83.93,0.94,34.19
83.93,0.93,34.19
83.96,0.89,34.19
84.00,0.84,34.18
84.06,0.79,34.15
84.12,0.72,34.12
84.17,0.60,34.09
84.21,0.43,34.06
84.22,0.20,34.04
84.21,-0.08,34.02
84.19,-0.38,34.00
84.18,-0.69,33.98
84.17,-1.00,33.96
84.16,-1.31,33.93
84.16,-1.61,33.91
84.14,-1.89,33.87
84.11,-2.13,33.84
84.09,-2.34,33.82
84.07,-2.52,33.81
84.06,-2.63,33.80
84.07,-2.67,33.79
84.09,-2.61,33.78
84.13,-2.45,33.78
84.20,-2.14,33.77
84.29,-1.70,33.76
84.41,-1.10,33.74
84.55,-0.33,33.72
84.73,0.59,33.70
84.93,1.70,33.67
85.12,2.99,33.65
85.28,4.49,33.65
85.38,6.21,33.68
85.42,8.18,33.75
85.37,10.43,33.83
85.18,13.02,33.92
84.90,15.85,33.99
84.73,18.84,34.10
84.79,21.93,34.33
84.93,25.05,34.60
84.98,28.12,34.84
84.80,31.16,35.06
84.22,34.21,35.19
83.29,37.25,35.14
82.12,40.27,34.84
80.85,43.32,34.34
79.26,46.22,33.46
77.36,48.68,32.12
75.39,50.70,30.50
73.62,52.00,29.04
72.46,52.47,28.14
72.03,52.32,27.87
72.35,51.68,28.11
73.25,50.65,28.72
74.55,49.33,29.58
75.99,47.82,30.53
77.36,46.12,31.45
78.52,44.23,32.26
79.44,42.15,32.92
80.09,39.86,33.41
80.51,37.40,33.69
80.77,34.87,33.79
80.93,32.35,33.71
81.02,29.91,33.48
81.06,27.57,33.15
81.03,25.31,32.75
80.95,23.10,32.33
80.80,20.90,31.92
80.57,18.68,31.58
80.26,16.41,31.35
79.87,14.11,31.23
79.39,11.73,31.21
78.83,9.38,31.34
78.19,7.12,31.59
77.51,5.01,31.94
76.87,3.09,32.36
76.27,1.38,32.86
75.74,-0.20,33.45
75.27,-1.64,34.18
74.89,-2.94,35.05
74.60,-4.05,36.08
74.33,-4.92,37.21
74.05,-5.55,38.38
73.71,-5.94,39.55
73.30,-6.18,40.72
72.83,-6.37,41.87
72.38,-6.64,43.00
71.99,-7.04,44.06
71.65,-7.54,44.96
71.29,-8.05,45.58
70.90,-8.43,45.82
70.51,-8.60,45.65
70.17,-8.54,45.12
69.94,-8.26,44.33
69.89,-7.76,43.39
70.48,-7.22,42.33
71.69,-6.86,41.68
73.35,-7.08,41.68
74.55,-8.26,41.95
74.91,-9.66,41.86
75.37,-11.13,41.69
76.01,-12.02,41.73
76.38,-11.84,41.68
76.68,-11.08,41.59
77.01,-10.29,41.56
77.18,-9.91,41.51
77.43,-9.72,41.50
77.59,-9.52,41.49
77.63,-9.27,41.50
77.73,-9.08,41.55
77.85,-8.98,41.56
77.93,-8.93,41.56
77.96,-8.88,41.61
78.07,-8.82,41.60
78.14,-8.72,41.58
78.23,-8.54,41.57
78.33,-8.31,41.58
78.41,-8.04,41.59
78.50,-7.77,41.62
78.59,-7.51,41.66
78.68,-7.30,41.69
78.80,-7.10,41.71
78.95,-6.89,41.75
79.15,-6.62,41.76
79.33,-6.28,41.76
79.52,-5.91,41.73
79.73,-5.53,41.69
79.94,-5.14,41.63
80.14,-4.71,41.57
80.33,-4.27,41.51
80.49,-3.83,41.46
80.63,-3.39,41.43
80.73,-2.98,41.40
80.80,-2.60,41.40
80.85,-2.23,41.40
80.88,-1.90,41.42
80.89,-1.59,41.44
80.89,-1.31,41.47
80.89,-1.06,41.49
80.87,-0.84,41.52
80.85,-0.67,41.56
80.82,-0.52,41.59
80.78,-0.42,41.63
80.73,-0.34,41.66
80.68,-0.28,41.70
80.64,-0.25,41.74
80.60,-0.23,41.78
80.57,-0.22,41.81
80.55,-0.18,41.84
80.54,-0.11,41.86
80.55,0.00,41.88
80.58,0.15,41.89
80.60,0.35,41.90
80.62,0.60,41.91
80.66,0.92,41.94
80.72,1.33,41.96
80.81,1.86,41.96
80.91,2.52,41.93
81.02,3.30,41.89
81.11,4.21,41.86
81.17,5.27,41.84
81.22,6.49,41.87
81.26,7.96,41.93
81.27,9.70,41.97
81.30,11.73,42.01
81.36,14.02,42.03
81.45,16.55,42.05
81.61,19.27,42.11
81.80,22.12,42.19
81.94,25.00,42.26
81.93,27.89,42.33
81.71,30.80,42.43
81.24,33.68,42.49
80.51,36.55,42.45
79.58,39.44,42.24
78.35,42.25,41.72
76.71,44.70,40.74
75.24,46.66,39.74
74.18,48.31,39.06
73.52,49.27,38.77
73.59,49.52,39.02
74.13,49.20,39.60
75.10,48.40,40.47
76.24,47.36,41.44
77.27,46.12,42.28
78.06,44.74,42.91
78.59,43.27,43.29
78.83,41.73,43.47
78.81,40.13,43.47
78.57,38.45,43.33
78.17,36.71,43.10
77.64,34.91,42.82
77.02,33.07,42.51
76.33,31.16,42.22
75.62,29.18,41.97
74.89,27.09,41.76
74.16,24.88,41.65
73.51,22.57,41.66
72.99,20.15,41.83
72.61,17.63,42.15
72.38,14.99,42.60
72.24,12.32,43.15
72.15,9.69,43.78
72.03,7.18,44.44
71.82,4.91,45.14
71.49,2.96,45.85
71.07,1.35,46.57
70.60,0.06,47.35
70.16,-1.00,48.22
69.81,-1.94,49.23
69.58,-2.81,50.41
69.47,-3.61,51.77
69.48,-4.39,53.29
69.58,-5.16,54.95
69.77,-5.95,56.67
70.00,-6.78,58.37
70.19,-7.60,59.95
70.30,-8.29,61.30
70.26,-8.81,62.35
70.14,-9.17,63.04
70.02,-9.41,63.37
70.02,-9.54,63.39
70.15,-9.55,63.20
70.37,-9.36,62.87
70.71,-8.90,62.51
71.17,-8.14,62.20
71.72,-7.06,62.00
72.67,-5.76,61.78
73.93,-5.42,61.91
74.55,-6.40,62.21
74.34,-7.77,62.21
74.31,-9.18,62.30
74.73,-10.63,62.48
75.07,-11.25,62.41
75.62,-10.91,62.25
76.21,-10.13,62.10
76.63,-9.55,61.88
76.86,-9.59,61.72
76.89,-9.74,61.70
76.79,-9.77,61.75
76.69,-9.83,61.88
76.47,-9.95,62.04
76.24,-10.09,62.15
76.07,-10.19,62.23
75.96,-10.21,62.28
75.89,-10.19,62.31
75.82,-10.10,62.33
75.78,-9.98,62.35
75.74,-9.84,62.37
75.68,-9.73,62.40
75.60,-9.62,62.44
75.52,-9.52,62.49
75.44,-9.41,62.54
75.37,-9.28,62.58
75.31,-9.08,62.62
75.24,-8.83,62.66
75.17,-8.54,62.70
75.10,-8.22,62.74
75.03,-7.89,62.78
74.98,-7.54,62.82
74.93,-7.21,62.85
74.87,-6.90,62.89
74.82,-6.59,62.92
74.76,-6.29,62.95
74.71,-6.01,62.98
74.67,-5.74,63.01
74.64,-5.50,63.03
74.62,-5.28,63.06
74.62,-5.11,63.08
74.62,-4.95,63.10
74.65,-4.83,63.11
74.69,-4.75,63.12
74.76,-4.72,63.12
74.86,-4.73,63.12
74.99,-4.79,63.10
75.13,-4.87,63.07
75.30,-4.97,63.03
75.49,-5.07,62.97
75.67,-5.17,62.91
75.86,-5.26,62.84
76.05,-5.33,62.77
76.23,-5.37,62.70
76.41,-5.37,62.63
76.59,-5.33,62.56
76.77,-5.22,62.49
76.93,-5.06,62.42
77.09,-4.83,62.34
77.25,-4.52,62.27
77.39,-4.13,62.18
77.51,-3.65,62.11
77.59,-3.10,62.03
77.63,-2.47,61.97
77.63,-1.75,61.93
77.58,-0.94,61.90
77.49,-0.02,61.88
77.34,1.02,61.88
77.12,2.19,61.88
76.80,3.50,61.90
76.31,4.97,61.93
75.62,6.58,62.02
74.87,8.31,62.18
74.30,10.14,62.38
73.96,12.08,62.57
73.76,14.15,62.67
73.63,16.39,62.67
73.53,18.79,62.58
73.40,21.29,62.40
73.14,23.81,62.13
72.70,26.36,61.71
72.15,28.99,61.24
71.34,31.63,60.71
70.19,34.21,60.05
68.70,36.69,59.24
66.89,39.05,58.25
64.74,41.08,56.94
62.42,42.55,55.30
60.22,43.34,53.50
58.53,43.37,51.96
57.66,42.74,51.04
57.50,41.60,50.60
57.83,40.12,50.39
58.50,38.36,50.32
59.40,36.44,50.31
60.42,34.42,50.32
61.47,32.35,50.31
62.49,30.27,50.28
63.39,28.16,50.23
64.13,26.02,50.15
64.65,23.83,50.07
64.96,21.61,50.02
65.05,19.39,50.03
64.99,17.20,50.11
64.83,15.09,50.25
64.61,13.08,50.47
64.38,11.16,50.78
64.17,9.34,51.19
63.99,7.51,51.70
63.87,5.68,52.33
63.80,3.81,53.09
63.77,1.89,53.96
63.73,-0.06,54.91
63.65,-2.02,55.92
63.48,-3.98,56.94
63.21,-5.89,57.96
62.85,-7.70,58.96
62.42,-9.31,59.95
61.94,-10.64,60.91
61.47,-11.63,61.85
61.04,-12.30,62.79
60.69,-12.68,63.74
60.49,-12.85,64.70
60.43,-12.86,65.67
60.45,-12.79,66.66
60.40,-12.70,67.66
60.16,-12.71,68.67
59.69,-12.87,69.67
59.06,-13.20,70.65
58.41,-13.65,71.58
57.88,-14.12,72.46
57.53,-14.56,73.30
57.40,-14.94,74.09
57.41,-15.29,74.85
57.50,-15.60,75.56
57.65,-15.88,76.17
57.81,-16.10,76.63
57.97,-16.24,76.93
58.11,-16.28,77.06
58.26,-16.21,77.03
58.43,-16.02,76.89
58.66,-15.68,76.68
59.01,-15.12,76.41
59.50,-14.25,76.08
60.35,-13.20,75.72
61.69,-12.63,75.73
63.10,-12.64,76.27
63.65,-13.53,76.86
63.78,-14.51,77.14
63.77,-15.60,77.31
64.02,-16.44,77.44
64.49,-16.57,77.40
65.07,-16.23,77.19
65.49,-15.85,76.98
65.74,-15.67,76.89
65.75,-15.49,76.86
65.61,-15.35,76.95
65.40,-15.19,77.11
65.13,-15.05,77.29
64.84,-14.93,77.47
64.58,-14.81,77.60
64.40,-14.67,77.67
64.31,-14.49,77.70
64.29,-14.27,77.68
64.33,-13.99,77.61
64.43,-13.68,77.51
64.55,-13.36,77.40
64.69,-13.05,77.28
64.84,-12.81,77.18
64.96,-12.69,77.11
65.09,-12.61,77.07
65.22,-12.57,77.04
65.35,-12.54,77.02
65.48,-12.49,77.00
65.65,-12.43,76.97
65.84,-12.37,76.92
66.03,-12.31,76.88
66.23,-12.25,76.83
66.42,-12.19,76.78
66.60,-12.14,76.74
66.75,-12.09,76.73
66.87,-12.05,76.73
66.96,-12.01,76.74
67.03,-11.98,76.76
67.07,-11.95,76.79
67.11,-11.93,76.81
67.15,-11.91,76.84
67.20,-11.89,76.86
67.25,-11.88,76.87
67.31,-11.90,76.89
67.37,-11.94,76.93
67.43,-12.01,76.97
67.50,-12.12,77.01
67.57,-12.26,77.07
67.65,-12.43,77.13
67.74,-12.62,77.19
67.84,-12.82,77.24
67.96,-13.04,77.29
68.10,-13.26,77.33
68.26,-13.50,77.37
68.41,-13.76,77.41
68.55,-14.02,77.46
68.68,-14.30,77.51
68.80,-14.58,77.56
68.90,-14.87,77.64
68.98,-15.18,77.71
69.04,-15.50,77.80
69.10,-15.83,77.88
69.15,-16.15,77.95
69.20,-16.45,78.04
69.20,-16.78,78.16
69.23,-17.24,78.29
69.22,-17.76,78.41
69.14,-18.29,78.53
69.02,-18.79,78.63
68.91,-19.26,78.75
68.76,-19.71,78.88
68.60,-20.10,79.00
68.46,-20.45,79.11
68.37,-20.73,79.22
68.31,-20.97,79.30
68.26,-21.18,79.37
68.22,-21.37,79.43
68.17,-21.56,79.50
68.11,-21.73,79.56
68.09,-21.85,79.60
68.07,-21.94,79.63
68.08,-21.99,79.63
68.16,-21.96,79.60
68.28,-21.88,79.54
68.42,-21.74,79.47
68.58,-21.57,79.38
68.73,-21.36,79.30
68.86,-21.13,79.22
68.98,-20.89,79.15
69.07,-20.66,79.11
69.13,-20.44,79.09
69.18,-20.27,79.08
69.21,-20.13,79.09
69.23,-20.03,79.11
69.24,-19.97,79.14
69.28,-19.95,79.17
69.32,-19.97,79.21
69.38,-20.04,79.24
69.45,-20.14,79.27
69.53,-20.28,79.30
69.64,-20.45,79.32
69.75,-20.66,79.33
69.84,-20.90,79.35
69.93,-21.19,79.37
70.01,-21.51,79.39
70.05,-21.88,79.41
70.06,-22.29,79.44
70.01,-22.73,79.48
69.93,-23.21,79.53
69.86,-23.64,79.58
69.94,-23.79,79.61
70.09,-23.88,79.61
70.26,-23.90,79.59
70.39,-23.91,79.58
70.45,-23.90,79.59
70.47,-23.88,79.60
70.44,-23.86,79.62
70.39,-23.84,79.66
70.34,-23.81,79.68
70.30,-23.77,79.71
70.28,-23.72,79.73
70.28,-23.67,79.74
