X	Y	Z
92.88	-2.1	266.76
92.49	-2.9	267.12
92.09	-3.71	267.51
91.68	-4.52	267.9
91.28	-5.33	268.29
90.9	-6.13	268.64
90.55	-6.92	268.96
90.21	-7.68	269.21
89.9	-8.42	269.39
89.58	-9.13	269.5
89.28	-9.8	269.54
89	-10.43	269.52
88.71	-11.02	269.44
88.42	-11.56	269.34
88.13	-12.07	269.22
87.82	-12.57	269.11
87.52	-13.06	269.05
87.26	-13.56	269.02
87.01	-14.03	269.05
86.79	-14.48	269.14
86.58	-14.87	269.28
86.36	-15.2	269.47
86.15	-15.45	269.7
85.95	-15.62	269.97
85.75	-15.7	270.26
85.57	-15.69	270.56
85.41	-15.61	270.87
85.28	-15.44	271.17
85.23	-15.1	271.43
85.13	-14.32	271.49
85.19	-13.22	271.4
85.49	-12.09	271.26
85.97	-11.07	271.09
86.59	-10.14	270.91
87.31	-9.2	270.75
87.93	-8.17	270.71
88.32	-7.1	270.84
88.58	-6.1	271.03
88.77	-5.22	271.12
88.88	-4.45	271.11
88.86	-3.76	271.03
88.76	-3.21	270.91
88.78	-2.69	270.76
88.96	-2.24	270.6
89.16	-1.87	270.48
89.4	-1.6	270.38
89.59	-1.38	270.33
89.74	-1.2	270.29
89.87	-1.06	270.23
89.96	-0.94	270.17
90.04	-0.84	270.11
90.1	-0.75	270.04
90.15	-0.67	269.98
90.19	-0.59	269.93
90.23	-0.53	269.88
90.26	-0.46	269.82
90.3	-0.4	269.77
90.34	-0.33	269.71
90.38	-0.27	269.66
90.42	-0.2	269.6
90.46	-0.13	269.55
90.5	-0.06	269.49
90.52	0.02	269.44
90.54	0.09	269.38
90.54	0.16	269.33
90.52	0.23	269.28
90.5	0.31	269.23
90.49	0.39	269.18
90.47	0.47	269.13
90.45	0.55	269.08
90.44	0.63	269.03
90.42	0.7	268.98
90.4	0.77	268.93
90.38	0.83	268.88
90.36	0.9	268.83
90.34	0.96	268.77
90.32	1.02	268.72
90.31	1.09	268.67
90.29	1.15	268.61
90.28	1.23	268.56
90.26	1.3	268.5
90.25	1.39	268.45
90.24	1.48	268.39
90.26	1.58	268.34
90.26	1.68	268.28
90.26	1.78	268.23
90.27	1.89	268.18
90.27	2.01	268.13
90.29	2.13	268.08
90.31	2.27	268.03
90.33	2.41	267.98
90.36	2.57	267.94
90.39	2.74	267.9
90.43	2.93	267.85
90.48	3.13	267.81
90.53	3.36	267.77
90.6	3.6	267.73
90.66	3.87	267.69
90.71	4.15	267.65
90.76	4.45	267.61
90.81	4.78	267.58
90.88	5.16	267.55
90.95	5.58	267.51
91.01	6.04	267.46
91.06	6.54	267.42
91.09	7.08	267.37
91.1	7.68	267.34
91.1	8.33	267.32
91.09	9.03	267.3
91.08	9.8	267.28
91.07	10.63	267.27
91.08	11.54	267.26
91.1	12.53	267.25
91.15	13.6	267.25
91.24	14.77	267.26
91.34	16.07	267.27
91.46	17.5	267.29
91.59	19.06	267.31
91.75	20.77	267.35
91.91	22.64	267.39
92.06	24.68	267.42
92.17	26.89	267.41
92.15	29.26	267.31
92.03	31.73	267.13
91.85	34.27	266.86
91.64	36.84	266.5
91.41	39.42	266.06
91.09	41.96	265.53
90.67	44.36	264.88
90.17	46.63	264.1
89.59	48.82	263.17
88.93	51.03	262.01
88.22	53.25	260.69
87.42	55.22	259.2
86.23	56.45	257.58
84.65	56.69	255.96
82.96	56.14	254.54
81.55	55.07	253.44
80.59	53.73	252.71
80.01	52.33	252.27
79.74	50.97	252.08
79.66	49.65	252.11
79.65	48.33	252.31
79.65	46.99	252.62
79.62	45.59	253.03
79.57	44.1	253.56
79.49	42.43	254.15
79.49	40.59	254.86
79.51	38.64	255.64
79.51	36.59	256.42
79.54	34.5	257.24
79.5	32.38	258.02
79.38	30.26	258.74
79.17	28.16	259.4
78.87	26.06	259.99
78.51	23.98	260.53
78.14	21.9	261.05
77.78	19.83	261.57
77.44	17.76	262.09
77.11	15.72	262.62
76.75	13.72	263.12
76.36	11.75	263.59
75.91	9.81	264.04
75.44	7.93	264.47
74.93	6.1	264.88
74.41	4.33	265.3
73.87	2.64	265.75
73.3	1.03	266.25
72.68	-0.48	266.83
72.04	-1.89	267.49
71.36	-3.19	268.23
70.65	-4.41	269.05
69.94	-5.55	269.95
69.24	-6.61	270.9
68.55	-7.56	271.87
67.89	-8.4	272.79
67.29	-9.11	273.61
66.75	-9.67	274.29
66.29	-10.13	274.81
65.92	-10.47	275.17
65.73	-10.57	275.34
65.73	-10.38	275.31
66.04	-9.82	275.11
66.64	-8.85	274.74
67.62	-7.53	274.24
68.79	-5.92	273.7
69.9	-4.34	273.25
71.07	-2.99	272.84
72.25	-1.79	272.49
73.11	-0.66	272.31
73.73	0.16	272.2
74.41	0.7	272.05
74.88	1.01	271.91
75.11	1.22	271.84
75.21	1.37	271.85
75.27	1.44	271.88
75.31	1.46	271.91
75.35	1.46	271.95
75.39	1.46	271.99
75.43	1.45	272.03
75.5	1.44	272.07
75.57	1.42	272.11
75.64	1.41	272.15
75.71	1.4	272.19
75.77	1.39	272.22
75.84	1.38	272.26
75.9	1.37	272.3
75.96	1.36	272.33
76.01	1.34	272.37
76.04	1.33	272.41
76.08	1.31	272.45
76.11	1.3	272.49
76.16	1.3	272.52
76.22	1.3	272.55
76.28	1.3	272.58
76.32	1.3	272.6
76.35	1.31	272.63
76.38	1.33	272.65
76.42	1.35	272.67
76.47	1.38	272.69
76.52	1.41	272.71
76.58	1.45	272.73
76.63	1.49	272.75
76.67	1.53	272.77
76.71	1.58	272.79
76.72	1.63	272.81
76.76	1.7	272.83
76.8	1.77	272.85
76.85	1.86	272.86
76.9	1.96	272.88
76.95	2.07	272.9
77	2.2	272.93
77.07	2.34	272.94
77.16	2.49	272.95
77.26	2.66	272.96
77.36	2.84	272.97
77.47	3.02	272.97
77.58	3.23	272.97
77.7	3.45	272.96
77.83	3.68	272.94
77.96	3.94	272.91
78.1	4.21	272.88
78.23	4.51	272.84
78.35	4.82	272.79
78.46	5.17	272.73
78.56	5.56	272.66
78.64	6	272.57
78.71	6.49	272.48
78.76	7.03	272.39
78.78	7.64	272.29
78.79	8.3	272.2
78.79	9.02	272.1
78.78	9.81	271.99
78.8	10.69	271.88
78.86	11.66	271.74
78.95	12.75	271.59
79.09	13.98	271.4
79.23	15.38	271.16
79.37	16.94	270.87
79.52	18.69	270.56
79.62	20.64	270.21
79.66	22.78	269.78
79.58	25.1	269.22
79.37	27.54	268.5
79.08	30.07	267.61
78.7	32.64	266.56
78.22	35.22	265.34
77.59	37.74	263.99
76.85	40.09	262.5
76.09	42.3	260.94
75.34	44.41	259.27
74.64	46.44	257.51
74.08	48.43	255.67
73.85	49.95	254.23
73.82	50.38	253.55
73.75	49.9	253.41
73.7	48.89	253.64
73.8	47.64	254.07
74.13	46.37	254.64
74.64	45.17	255.31
75.22	44	256.06
75.82	42.78	256.9
76.39	41.45	257.83
76.93	39.96	258.84
77.45	38.31	259.93
77.97	36.53	261.08
78.53	34.69	262.29
79.09	32.77	263.53
79.61	30.8	264.75
80.05	28.79	265.94
80.38	26.74	267.07
80.6	24.68	268.12
80.75	22.65	269.12
80.79	20.64	270.06
80.77	18.65	270.95
80.68	16.67	271.8
80.54	14.7	272.62
80.36	12.72	273.4
80.16	10.77	274.11
79.9	8.84	274.75
79.58	6.95	275.32
79.21	5.11	275.79
78.79	3.31	276.17
78.31	1.56	276.47
77.76	-0.15	276.67
77.15	-1.8	276.79
76.48	-3.38	276.85
75.75	-4.9	276.86
74.97	-6.34	276.85
74.14	-7.75	276.86
73.28	-9.13	276.93
72.46	-10.42	277.09
71.7	-11.61	277.33
70.93	-12.79	277.68
70.11	-13.88	278.1
69.2	-14.9	278.58
68.26	-15.85	279.09
67.35	-16.7	279.64
66.63	-17.33	280.16
66.2	-17.57	280.61
66.15	-17.24	280.94
66.49	-16.37	281.16
67.4	-14.83	281.23
68.84	-12.81	281.16
70.7	-10.4	281.1
72.5	-8.01	281.17
74.15	-6.12	281.2
75.55	-4.79	281.11
76.64	-3.93	280.84
77.48	-3.27	280.49
77.92	-2.91	280.31
78.07	-2.74	280.25
78.16	-2.66	280.21
78.26	-2.61	280.17
78.34	-2.55	280.15
78.42	-2.51	280.13
78.51	-2.46	280.12
78.61	-2.4	280.1
78.72	-2.35	280.08
78.84	-2.3	280.06
78.94	-2.25	280.05
79.03	-2.2	280.04
79.12	-2.15	280.03
79.21	-2.11	280.01
79.31	-2.06	280
79.4	-2.02	279.99
79.47	-1.98	279.98
79.54	-1.94	279.97
79.6	-1.9	279.96
79.67	-1.85	279.95
79.74	-1.8	279.93
79.82	-1.75	279.92
79.9	-1.69	279.9
79.98	-1.62	279.88
80.05	-1.55	279.85
80.12	-1.47	279.83
80.17	-1.38	279.81
80.22	-1.29	279.79
80.27	-1.18	279.77
80.32	-1.07	279.74
80.39	-0.96	279.72
80.45	-0.83	279.69
80.52	-0.7	279.67
80.59	-0.56	279.65
80.67	-0.41	279.62
80.76	-0.26	279.6
80.86	-0.09	279.57
80.98	0.09	279.54
81.11	0.28	279.51
81.24	0.47	279.48
81.38	0.67	279.45
81.52	0.88	279.42
81.67	1.09	279.38
81.83	1.31	279.34
81.98	1.54	279.29
82.15	1.79	279.23
82.33	2.05	279.18
82.53	2.32	279.12
82.74	2.61	279.05
82.94	2.92	278.97
83.14	3.26	278.89
83.32	3.62	278.8
83.5	4.02	278.71
83.67	4.46	278.62
83.83	4.95	278.53
84	5.49	278.44
84.15	6.1	278.34
84.3	6.76	278.25
84.44	7.49	278.17
84.59	8.28	278.1
84.74	9.14	278.03
84.9	10.09	277.96
85.08	11.15	277.9
85.28	12.33	277.82
85.49	13.64	277.74
85.7	15.11	277.63
85.92	16.74	277.48
86.15	18.57	277.31
86.36	20.59	277.1
86.53	22.81	276.83
86.62	25.19	276.44
86.62	27.71	275.91
86.57	30.34	275.26
86.43	33.06	274.48
86.17	35.8	273.58
85.83	38.46	272.58
85.43	40.95	271.52
85.04	43.29	270.4
84.74	45.57	269.23
84.51	47.81	268
84.41	49.82	266.8
84.43	51.04	266.06
84.2	51.12	265.64
83.76	50.53	265.39
83.45	49.62	265.31
83.47	48.62	265.46
83.74	47.6	265.73
84.03	46.57	266.07
84.22	45.47	266.45
84.28	44.23	266.85
84.21	42.82	267.28
84.07	41.2	267.74
83.88	39.42	268.2
83.71	37.49	268.73
83.58	35.47	269.3
83.49	33.39	269.9
83.38	31.3	270.52
83.24	29.19	271.13
82.99	27.1	271.71
82.66	25.02	272.28
82.27	22.94	272.84
81.85	20.86	273.39
81.41	18.79	273.92
80.95	16.72	274.45
80.48	14.63	274.96
80.01	12.54	275.45
79.52	10.44	275.9
79.02	8.36	276.31
78.5	6.31	276.68
77.95	4.31	277.02
77.39	2.36	277.32
76.77	0.48	277.61
76.09	-1.32	277.89
75.34	-3.03	278.18
74.55	-4.65	278.49
73.72	-6.14	278.81
72.86	-7.49	279.17
71.96	-8.7	279.58
70.98	-9.83	280.06
69.88	-10.94	280.65
68.66	-12.11	281.37
67.39	-13.27	282.21
66.14	-14.34	283.15
64.98	-15.23	284.11
63.93	-15.9	285.04
62.95	-16.38	285.87
61.97	-16.69	286.5
61.04	-16.83	286.88
60.29	-16.73	286.96
60.41	-15.79	286.63
61.06	-14.13	285.96
62.21	-12	285.13
63.41	-9.49	284.51
64.8	-6.94	284.11
66.03	-4.83	283.29
67.55	-3.45	282.41
69.59	-2.57	281.6
71.43	-2.07	280.9
72.72	-1.75	280.61
73.45	-1.53	280.48
73.8	-1.36	280.35
73.97	-1.21	280.26
74.03	-1.11	280.19
74.01	-1.05	280.12
73.99	-0.99	280.05
74.01	-0.94	279.98
74.05	-0.89	279.91
74.12	-0.84	279.84
74.22	-0.78	279.76
74.35	-0.73	279.68
74.5	-0.67	279.6
74.63	-0.61	279.52
74.74	-0.56	279.44
74.84	-0.5	279.36
74.93	-0.44	279.28
75	-0.38	279.2
75.06	-0.31	279.12
75.11	-0.22	279.03
75.16	-0.13	278.94
75.19	-0.03	278.84
75.22	0.09	278.73
75.18	0.21	278.62
75.15	0.36	278.52
75.17	0.51	278.41
75.2	0.68	278.3
75.23	0.86	278.2
75.25	1.05	278.09
75.25	1.24	277.99
75.26	1.45	277.9
75.28	1.68	277.8
75.3	1.92	277.7
75.34	2.16	277.6
75.39	2.41	277.5
75.44	2.67	277.4
75.49	2.93	277.29
75.55	3.19	277.19
75.61	3.46	277.08
75.67	3.73	276.97
75.72	4	276.86
75.78	4.28	276.74
75.82	4.55	276.62
75.86	4.84	276.49
75.9	5.13	276.36
75.93	5.44	276.22
75.97	5.75	276.07
76	6.08	275.91
76.04	6.42	275.75
76.07	6.79	275.58
76.1	7.18	275.39
76.13	7.59	275.2
76.14	8.03	275.01
76.14	8.5	274.81
76.13	9.01	274.61
76.11	9.56	274.4
76.08	10.16	274.19
76.05	10.81	273.98
76.01	11.52	273.76
75.97	12.28	273.52
75.94	13.11	273.28
75.91	14.02	273.03
75.9	15.02	272.74
75.9	16.13	272.43
75.9	17.37	272.1
75.9	18.75	271.73
75.89	20.32	271.32
75.83	22.09	270.85
75.73	24.07	270.3
75.49	26.24	269.63
75.13	28.59	268.83
74.61	31.11	267.89
73.92	33.76	266.77
73.06	36.48	265.44
72.08	39.17	263.92
71.07	41.79	262.25
69.95	44.26	260.47
68.66	46.52	258.57
67.19	48.7	256.44
65.53	50.84	254.03
63.74	52.78	251.36
62.16	54.4	248.82
61.16	55.22	247.26
60.89	55.13	246.86
61.25	54.48	247.29
62.06	53.57	248.19
63.18	52.6	249.32
64.39	51.6	250.52
65.54	50.58	251.66
66.53	49.5	252.73
67.35	48.33	253.72
68.02	47.03	254.66
68.59	45.56	255.56
69.11	43.92	256.45
69.61	42.09	257.32
70.14	40.08	258.24
70.64	37.95	259.13
71.1	35.76	260
71.51	33.52	260.85
71.84	31.25	261.67
72.07	28.96	262.48
72.21	26.65	263.3
72.24	24.38	264.11
72.17	22.16	264.9
72.03	20.01	265.7
71.86	17.9	266.5
71.66	15.81	267.3
71.46	13.69	268.1
71.23	11.54	268.84
70.97	9.4	269.48
70.67	7.28	270.02
70.34	5.19	270.47
69.97	3.15	270.87
69.53	1.17	271.29
69.02	-0.71	271.72
68.43	-2.49	272.18
67.77	-4.14	272.66
67.04	-5.65	273.19
66.25	-7.02	273.78
65.38	-8.26	274.46
64.45	-9.41	275.24
63.45	-10.5	276.13
62.36	-11.59	277.13
61.24	-12.59	278.2
60.14	-13.44	279.3
59.13	-14.13	280.38
58.26	-14.63	281.37
57.61	-14.86	282.12
57.23	-14.67	282.5
57.29	-14.02	282.44
57.72	-12.86	281.92
58.67	-11.31	281.03
59.93	-9.51	280
61.17	-7.72	279.02
62.52	-6.22	278.07
64.05	-4.96	277.12
65.47	-3.77	276.38
66.69	-2.89	275.9
67.91	-2.31	275.53
68.82	-1.98	275.31
69.32	-1.69	275.21
69.56	-1.52	275.13
69.7	-1.44	275.06
69.78	-1.42	275.04
69.84	-1.41	275.04
69.89	-1.41	275.04
69.94	-1.41	275.04
70.02	-1.41	275.04
70.12	-1.41	275.03
70.23	-1.41	275.03
70.35	-1.4	275.01
70.47	-1.39	275
70.6	-1.37	274.99
70.7	-1.37	274.98
70.79	-1.36	274.97
70.87	-1.36	274.96
70.94	-1.35	274.95
71	-1.34	274.94
71.07	-1.33	274.93
71.16	-1.31	274.91
71.25	-1.29	274.89
71.34	-1.27	274.87
71.42	-1.25	274.85
71.5	-1.21	274.83
71.59	-1.17	274.8
71.66	-1.13	274.77
71.74	-1.07	274.74
71.81	-1.01	274.71
71.89	-0.95	274.68
71.96	-0.88	274.64
72.03	-0.8	274.61
72.08	-0.72	274.58
72.13	-0.63	274.55
72.2	-0.53	274.52
72.27	-0.43	274.49
72.35	-0.31	274.45
72.43	-0.18	274.42
72.52	-0.04	274.39
72.62	0.11	274.35
72.72	0.27	274.31
72.84	0.45	274.27
72.96	0.64	274.22
73.09	0.85	274.17
73.23	1.06	274.12
73.37	1.29	274.05
73.5	1.53	273.99
73.64	1.77	273.92
73.78	2.04	273.85
73.92	2.31	273.77
74.07	2.61	273.68
74.22	2.93	273.57
74.35	3.28	273.46
74.48	3.68	273.33
74.6	4.12	273.2
74.71	4.6	273.06
74.81	5.15	272.91
74.89	5.75	272.75
74.96	6.4	272.57
75.01	7.12	272.39
75.07	7.92	272.21
75.16	8.81	272.01
75.29	9.81	271.77
75.46	10.94	271.51
75.65	12.22	271.21
75.87	13.68	270.86
76.08	15.3	270.45
76.3	17.1	269.99
76.48	19.08	269.46
76.58	21.23	268.85
76.59	23.53	268.15
76.48	25.95	267.34
76.26	28.46	266.39
75.92	30.99	265.3
75.5	33.5	264.06
75.01	35.93	262.69
74.48	38.19	261.25
73.93	40.26	259.78
73.36	42.21	258.26
72.86	44.1	256.63
72.55	45.99	254.96
72.56	47.53	253.68
72.68	48.09	252.98
72.72	47.91	252.7
72.71	47.32	252.66
72.8	46.51	252.8
73.02	45.6	253.08
73.34	44.71	253.47
73.7	43.82	253.94
74.06	42.9	254.5
74.4	41.88	255.16
74.71	40.72	255.93
74.98	39.4	256.82
75.26	37.9	257.81
75.55	36.23	258.9
75.86	34.41	260.04
76.17	32.48	261.21
76.44	30.45	262.37
76.65	28.38	263.51
76.75	26.29	264.58
76.75	24.21	265.59
76.63	22.16	266.53
76.41	20.14	267.42
76.13	18.15	268.28
75.86	16.2	269.12
75.55	14.24	269.94
75.2	12.27	270.72
74.81	10.28	271.45
74.39	8.27	272.11
73.96	6.26	272.65
73.51	4.27	273.1
73.04	2.32	273.47
72.53	0.41	273.8
71.96	-1.43	274.12
71.35	-3.19	274.48
70.7	-4.88	274.85
70	-6.42	275.3
69.25	-7.81	275.82
68.44	-9.04	276.43
67.54	-10.12	277.13
66.67	-10.98	277.9
65.78	-11.68	278.75
64.88	-12.45	279.71
64.01	-13.1	280.7
63.08	-13.74	281.68
62.24	-14.3	282.56
61.55	-14.7	283.27
61.13	-14.9	283.77
60.97	-14.9	284.01
61.16	-14.6	283.97
61.8	-13.88	283.62
63.02	-12.69	282.9
64.78	-10.99	281.9
66.44	-8.99	280.9
67.7	-7.26	280.02
68.9	-6.09	279.24
70.13	-5.22	278.65
71.17	-4.61	278.25
71.72	-4.25	278.09
71.92	-4.07	277.98
71.97	-3.97	277.88
71.99	-3.89	277.8
71.98	-3.84	277.74
71.98	-3.8	277.7
71.98	-3.76	277.66
72	-3.72	277.61
72.05	-3.67	277.55
72.13	-3.62	277.49
72.21	-3.56	277.43
72.31	-3.5	277.37
72.4	-3.44	277.3
72.47	-3.38	277.24
72.52	-3.32	277.18
72.55	-3.26	277.13
72.58	-3.21	277.07
72.6	-3.15	277.01
72.62	-3.09	276.96
72.64	-3.03	276.9
72.66	-2.96	276.83
72.69	-2.89	276.77
72.72	-2.81	276.7
72.75	-2.72	276.63
72.78	-2.64	276.56
72.81	-2.55	276.49
72.83	-2.45	276.42
72.83	-2.35	276.35
72.82	-2.25	276.28
72.82	-2.13	276.21
72.82	-2.01	276.14
72.83	-1.89	276.07
72.84	-1.75	276
72.87	-1.61	275.93
72.89	-1.45	275.85
72.92	-1.28	275.78
72.96	-1.1	275.7
73	-0.91	275.62
73.05	-0.71	275.54
73.11	-0.5	275.45
73.18	-0.29	275.36
73.25	-0.07	275.27
73.33	0.16	275.17
73.41	0.39	275.06
73.5	0.64	274.95
73.6	0.9	274.84
73.7	1.17	274.72
73.8	1.46	274.6
73.9	1.76	274.47
73.98	2.07	274.33
74.05	2.4	274.19
74.11	2.75	274.04
74.16	3.12	273.88
74.2	3.53	273.72
74.22	3.98	273.54
74.23	4.48	273.36
74.22	5.03	273.17
74.2	5.65	272.96
74.17	6.32	272.74
74.13	7.06	272.51
74.1	7.87	272.26
74.08	8.76	271.98
74.09	9.75	271.66
74.11	10.85	271.32
74.16	12.08	270.93
74.22	13.45	270.51
74.27	15	270.04
74.29	16.75	269.52
74.26	18.68	268.95
74.14	20.82	268.31
73.91	23.16	267.59
73.55	25.67	266.75
73.01	28.31	265.77
72.33	31.01	264.61
71.57	33.7	263.24
70.73	36.34	261.72
69.77	38.86	260.05
68.64	41.15	258.28
67.41	43.25	256.36
66.14	45.21	254.21
65.05	47.01	251.96
64.46	48.53	249.92
64.24	49.26	248.61
64.31	49.09	248.12
64.5	48.37	248.1
64.79	47.37	248.29
65.18	46.28	248.55
65.62	45.22	248.84
66.02	44.2	249.13
66.36	43.17	249.47
66.61	42.09	249.88
66.81	40.9	250.44
67.03	39.58	251.17
67.3	38.12	252.09
67.69	36.53	253.19
68.18	34.81	254.44
68.7	33.02	255.77
69.17	31.2	257.08
69.55	29.34	258.37
69.8	27.47	259.6
69.94	25.58	260.77
69.95	23.65	261.89
69.86	21.7	262.95
69.69	19.71	263.97
69.45	17.69	264.94
69.15	15.65	265.84
68.78	13.6	266.68
68.34	11.55	267.45
67.84	9.51	268.17
67.31	7.48	268.84
66.75	5.49	269.49
66.18	3.53	270.15
65.59	1.62	270.81
64.96	-0.24	271.47
64.28	-2.05	272.13
63.55	-3.8	272.79
62.79	-5.45	273.47
61.99	-6.97	274.17
61.49	-8.1	274.85
61.19	-9.1	275.6
60.91	-10.07	276.48
60.5	-10.94	277.4
59.9	-11.69	278.3
59.2	-12.32	279.17
58.44	-12.77	279.98
57.78	-13.02	280.69
57.27	-13.06	281.23
57.04	-12.86	281.54
57.14	-12.37	281.59
57.65	-11.55	281.39
58.68	-10.33	280.94
60.21	-8.72	280.3
61.89	-6.84	279.65
63.28	-5.19	279.11
64.4	-4.09	278.63
65.33	-3.34	278.17
66.02	-2.76	277.79
66.36	-2.39	277.57
66.52	-2.19	277.48
66.59	-2.08	277.42
66.64	-1.99	277.38
66.7	-1.93	277.36
66.8	-1.88	277.36
66.92	-1.83	277.35
67.04	-1.77	277.34
67.2	-1.7	277.32
67.36	-1.62	277.31
67.52	-1.55	277.29
67.66	-1.49	277.28
67.77	-1.43	277.27
67.87	-1.37	277.27
67.95	-1.31	277.27
68.02	-1.25	277.26
68.08	-1.19	277.26
68.14	-1.13	277.26
68.19	-1.07	277.26
68.25	-1	277.26
68.3	-0.94	277.25
68.34	-0.86	277.24
68.37	-0.78	277.23
68.4	-0.7	277.22
68.43	-0.61	277.21
68.46	-0.5	277.19
68.49	-0.39	277.17
68.53	-0.27	277.15
68.58	-0.14	277.12
68.63	0	277.09
68.7	0.15	277.05
68.78	0.31	277.02
68.87	0.47	276.98
68.96	0.64	276.94
69.06	0.81	276.89
69.16	0.99	276.84
69.27	1.18	276.79
69.37	1.36	276.74
69.48	1.53	276.69
69.59	1.71	276.64
69.71	1.89	276.59
69.82	2.07	276.53
69.93	2.25	276.48
70.04	2.44	276.43
70.15	2.63	276.37
70.26	2.82	276.31
70.36	3.02	276.24
70.46	3.23	276.17
70.55	3.44	276.1
70.65	3.67	276.02
70.75	3.9	275.94
70.84	4.15	275.85
70.94	4.41	275.75
71.03	4.69	275.65
71.13	4.99	275.54
71.23	5.32	275.42
71.32	5.67	275.3
71.4	6.06	275.18
71.47	6.49	275.05
71.53	6.95	274.92
71.58	7.46	274.78
71.62	8.03	274.63
71.65	8.64	274.47
71.69	9.31	274.3
71.72	10.05	274.11
71.76	10.86	273.89
71.82	11.75	273.65
71.88	12.74	273.38
71.96	13.82	273.09
72.02	15.02	272.75
72.08	16.35	272.37
72.12	17.84	271.92
72.1	19.48	271.39
71.99	21.26	270.78
71.79	23.19	270.07
71.47	25.24	269.24
71.05	27.4	268.25
70.52	29.64	267.07
69.84	31.93	265.71
69	34.24	264.16
68.01	36.51	262.48
66.91	38.67	260.69
65.68	40.66	258.79
64.36	42.45	256.8
63.07	44.09	254.71
61.85	45.65	252.47
60.71	47.15	250.1
59.63	48.42	247.68
58.62	49.02	245.74
57.69	48.71	244.59
56.92	47.73	244.11
56.51	46.38	244.16
56.53	44.9	244.58
56.91	43.46	245.22
57.52	42.12	245.99
58.26	40.88	246.88
59.06	39.69	247.88
59.85	38.53	249
60.6	37.33	250.24
61.29	36.06	251.6
61.92	34.69	253.04
62.5	33.24	254.56
63.03	31.7	256.11
63.53	30.09	257.69
64	28.43	259.25
64.42	26.72	260.77
64.79	24.98	262.25
65.06	23.22	263.66
65.25	21.44	265.01
65.34	19.65	266.3
65.34	17.86	267.53
65.26	16.08	268.72
65.13	14.32	269.86
64.97	12.57	270.98
64.79	10.86	272.07
64.6	9.19	273.11
64.39	7.55	274.11
64.13	5.98	275.03
63.83	4.45	275.89
63.47	2.99	276.69
63.03	1.59	277.44
62.53	0.22	278.17
61.96	-1.11	278.88
61.32	-2.39	279.58
60.63	-3.65	280.3
59.92	-4.88	281.05
59.19	-6.07	281.8
58.44	-7.22	282.55
57.66	-8.36	283.28
56.86	-9.48	283.98
56.05	-10.61	284.64
55.24	-11.74	285.24
54.44	-12.85	285.76
53.64	-13.94	286.18
52.82	-14.99	286.51
52	-15.99	286.78
51.15	-16.94	287.05
50.26	-17.78	287.35
49.33	-18.47	287.69
48.42	-18.95	288.07
47.72	-19.07	288.33
47.66	-18.41	288.19
48.23	-17.14	287.69
49.52	-15.35	286.79
51	-13.21	285.77
52.54	-10.99	284.82
54.25	-9.05	283.9
56.09	-7.21	282.94
57.63	-5.36	282.05
58.79	-4.09	281.38
60.21	-3.39	280.81
61.54	-2.99	280.21
62.64	-2.65	279.73
63.17	-2.34	279.56
63.54	-2.14	279.46
63.9	-2.02	279.37
64.25	-1.93	279.28
64.58	-1.83	279.19
64.87	-1.73	279.1
65.13	-1.61	279
65.33	-1.48	278.88
65.47	-1.34	278.78
65.6	-1.21	278.69
65.71	-1.09	278.61
65.8	-0.97	278.54
65.88	-0.86	278.47
65.96	-0.74	278.41
66.05	-0.63	278.34
66.13	-0.51	278.28
66.21	-0.4	278.21
66.27	-0.29	278.15
66.32	-0.19	278.1
66.35	-0.08	278.04
66.37	0.02	277.99
66.38	0.12	277.93
66.4	0.22	277.88
66.43	0.32	277.83
66.46	0.43	277.77
66.51	0.52	277.71
66.56	0.62	277.66
66.61	0.72	277.6
66.66	0.82	277.54
66.73	0.91	277.48
66.8	1.01	277.42
66.87	1.12	277.36
66.95	1.22	277.3
67.03	1.33	277.23
67.11	1.43	277.17
67.19	1.53	277.11
67.27	1.63	277.04
67.36	1.72	276.98
67.44	1.81	276.92
67.53	1.9	276.86
67.62	1.99	276.8
67.71	2.07	276.73
67.8	2.15	276.67
67.89	2.23	276.61
67.99	2.31	276.55
68.09	2.39	276.49
68.19	2.47	276.42
68.29	2.54	276.37
68.39	2.6	276.31
68.48	2.67	276.26
68.57	2.73	276.21
68.66	2.8	276.15
68.74	2.87	276.1
68.83	2.94	276.05
68.91	3	275.99
68.99	3.07	275.94
69.08	3.13	275.9
69.16	3.2	275.85
69.24	3.26	275.8
69.31	3.33	275.75
69.37	3.39	275.71
69.43	3.47	275.66
69.48	3.55	275.62
69.54	3.64	275.57
69.61	3.72	275.53
69.68	3.8	275.49
69.75	3.89	275.44
69.83	3.98	275.39
69.9	4.06	275.34
69.98	4.15	275.29
70.06	4.24	275.24
70.13	4.33	275.19
70.2	4.42	275.14
70.27	4.51	275.09
70.33	4.6	275.05
70.38	4.67	275.01
70.44	4.74	274.97
70.49	4.79	274.93
70.54	4.82	274.9
70.59	4.84	274.87
70.63	4.85	274.84
70.68	4.86	274.81
70.72	4.86	274.79
70.76	4.86	274.76
70.8	4.86	274.74
70.85	4.87	274.71
70.9	4.88	274.68
70.95	4.9	274.65
71	4.92	274.61
71.04	4.95	274.58
71.08	4.97	274.54
71.12	5	274.51
