-,-,-
0.06,0.99,0.00,-1.22,-0.31,-1.04,0.99,1.63,280,597,106,123
0.06,0.99,0.00,-1.16,-0.43,-1.22,0.99,1.74,213,593,108,119
0.06,0.99,0.00,-1.46,-0.55,-1.46,0.99,2.14,228,594,103,118
0.06,0.99,0.00,-1.40,-0.85,-1.59,1.00,2.28,238,593,110,110
0.07,0.99,0.00,-1.34,-0.92,-1.65,0.99,2.31,286,595,106,97
0.07,1.00,0.00,-1.34,-1.22,-1.89,1.00,2.62,256,599,116,76
0.07,1.02,-0.01,-3.11,-1.83,-3.05,1.02,4.73,286,609,114,55
0.07,1.06,-0.03,-1.04,-3.30,-8.06,1.06,8.77,202,647,112,20
0.09,1.33,-0.12,13.61,-5.25,-20.87,1.34,25.47,136,717,114,0
0.03,1.63,-0.01,-10.13,-12.57,-47.49,1.63,50.16,71,776,113,0
0.26,1.15,-0.31,3.60,-19.04,-71.53,1.22,74.11,35,804,110,0
0.25,1.23,-0.27,-13.92,-41.99,-82.52,1.28,93.63,15,817,93,0
0.31,1.26,-0.25,3.60,-70.43,-84.84,1.32,110.33,7,829,65,2
0.25,0.70,-0.22,23.32,-82.64,-78.19,0.78,116.13,2,820,38,13
-0.63,0.52,0.14,-8.73,-28.93,-59.20,0.83,66.47,1,804,14,16
-0.04,0.28,-0.34,-47.36,150.70,-42.85,0.44,163.67,1,799,12,18
0.49,0.80,-0.34,-91.80,195.13,-32.10,1.00,218.02,1,798,11,17
0.82,0.77,-0.30,-72.39,133.73,-22.64,1.16,153.74,1,786,11,19
0.77,0.82,-0.23,-40.95,41.93,-7.69,1.15,59.12,2,789,11,19
0.40,0.63,-0.15,-29.54,-10.31,-18.01,0.76,36.10,2,788,13,18
0.68,0.74,-0.00,21.00,-46.88,-17.58,1.01,54.29,5,792,27,9
-0.19,1.15,0.63,75.74,-79.22,-19.71,1.32,111.37,10,787,44,4
0.43,0.63,0.49,75.56,-63.96,-3.36,0.91,99.06,25,802,94,0
0.16,0.89,0.51,38.09,-16.48,25.33,1.04,48.62,40,808,123,0
0.29,1.08,0.12,-19.23,9.64,16.48,1.13,27.10,54,810,147,0
0.42,1.26,-0.23,-31.98,16.05,-2.69,1.34,35.89,64,820,156,0
0.41,1.12,-0.19,-8.85,2.26,-19.35,1.21,21.40,67,825,160,0
0.36,0.81,-0.00,4.33,-3.91,-26.79,0.89,27.42,78,828,165,0
0.37,0.72,0.02,-4.52,0.98,-18.86,0.81,19.42,74,832,167,0
0.43,0.90,-0.14,-3.23,2.20,-5.55,1.01,6.79,80,844,177,0
0.43,0.91,-0.18,12.51,-3.91,-4.88,1.02,13.99,72,848,178,0
0.43,0.95,-0.11,23.13,-9.95,-2.87,1.05,25.34,75,842,185,0
0.37,0.95,0.04,22.77,-10.44,-5.19,1.02,25.58,79,842,181,0
0.39,0.98,0.02,12.63,-4.33,-8.73,1.06,15.96,72,847,184,0
0.43,0.98,-0.05,14.59,-3.91,-14.10,1.07,20.66,59,868,183,0
0.42,0.87,-0.01,18.74,-6.10,-15.62,0.97,25.15,49,867,183,0
0.44,0.84,-0.02,19.78,-5.43,-10.86,0.94,23.21,40,872,189,0
0.43,0.82,0.02,22.22,-5.55,-3.23,0.93,23.13,32,879,185,0
0.42,0.91,0.05,21.00,-5.74,-1.77,1.00,21.84,28,880,185,0
0.42,0.93,0.06,19.29,-5.00,-6.23,1.03,20.88,23,885,185,0
0.44,0.89,0.13,14.40,-2.99,-11.66,1.00,18.77,19,888,180,0
0.43,0.80,0.05,6.41,-0.12,-12.15,0.91,13.73,16,894,179,0
0.45,0.81,0.04,2.87,-0.06,-8.18,0.93,8.67,15,896,177,0
0.45,0.97,0.05,1.71,-0.37,-6.59,1.07,6.82,15,897,177,0
0.45,0.97,0.04,5.25,-1.04,-14.71,1.07,15.65,14,902,174,0
0.45,0.98,0.07,5.43,-1.28,-26.98,1.08,27.55,13,899,177,0
0.44,1.08,0.10,2.56,-0.43,-41.44,1.17,41.52,13,900,182,0
0.51,1.25,-0.01,-0.85,-0.06,-64.21,1.35,64.21,12,899,183,0
0.50,0.95,0.02,8.24,-2.93,-92.29,1.07,92.70,11,900,182,0
0.52,0.80,0.10,6.96,-3.97,-97.17,0.96,97.50,10,903,184,0
0.54,0.75,0.14,5.55,-2.08,-106.63,0.93,106.79,10,903,181,0
0.61,0.66,0.09,-0.85,0.92,-103.52,0.91,103.52,9,898,187,0
0.69,0.61,-0.03,0.92,0.18,-95.34,0.92,95.34,8,894,177,1
0.74,0.61,-0.03,4.70,-6.16,-86.73,0.96,87.08,8,892,186,0
0.77,0.47,0.02,12.21,-11.66,-71.29,0.91,73.26,8,890,182,0
0.79,0.73,0.13,14.47,-12.27,-76.11,1.08,78.44,7,887,176,0
0.86,0.83,0.01,18.43,-13.43,-79.28,1.19,82.50,6,890,167,0
0.93,0.90,-0.13,30.88,-26.73,-87.22,1.30,96.31,5,889,153,0
0.87,0.82,0.20,42.66,-37.11,-104.37,1.21,118.70,3,889,135,0
0.83,0.96,0.45,36.68,-25.15,-119.69,1.35,127.69,2,889,116,0
0.91,0.83,0.14,41.26,-7.51,-132.63,1.24,139.10,1,899,92,2
1.05,0.44,-0.47,45.96,-20.94,-124.21,1.23,134.08,0,0,61,13
0.15,-0.74,-1.53,-3.23,-129.21,50.35,1.71,138.71,0,0,17,17
-0.98,0.24,0.12,-106.57,-177.55,95.34,1.01,227.97,0,0,8,12
-0.35,0.80,0.30,-95.28,-28.02,116.70,0.92,153.24,0,0,10,9
0.05,0.70,0.21,-75.32,47.24,89.97,0.73,126.48,0,0,12,8
0.56,0.51,0.07,-70.92,-3.85,103.76,0.76,125.74,0,0,18,10
0.28,0.72,0.51,-85.69,-42.72,102.78,0.92,140.47,0,0,15,9
0.18,0.64,0.62,-74.34,0.00,91.25,0.91,117.70,0,0,18,9
0.49,0.56,0.32,-66.96,52.31,86.24,0.81,121.07,0,0,16,10
1.08,0.71,0.20,-79.65,25.76,63.72,1.30,105.20,0,0,12,7
0.86,0.74,0.53,-76.72,-13.73,30.82,1.25,83.81,0,0,10,8
0.80,0.67,0.52,-60.00,26.55,28.08,1.17,71.36,0,0,8,9
1.35,0.71,0.19,-52.06,51.88,17.03,1.54,75.45,0,0,5,7
1.46,0.50,0.16,-59.88,6.10,-2.14,1.55,60.22,0,0,6,9
1.07,0.77,0.53,-60.42,-9.83,12.88,1.42,62.56,0,0,5,9
1.22,0.68,0.36,-31.86,23.74,12.02,1.44,41.51,0,0,5,10
1.11,0.80,0.29,-18.49,37.29,-13.31,1.40,43.70,0,0,5,14
0.58,0.69,0.02,8.18,46.02,-32.29,0.91,56.81,0,0,7,14
0.07,0.59,-0.19,-6.47,57.25,-21.48,0.62,61.49,0,0,5,18
-0.13,0.73,-0.14,-15.87,61.71,4.88,0.76,63.90,0,0,7,19
0.35,0.73,-0.11,-13.31,46.57,44.31,0.82,65.65,1,879,7,16
0.66,0.73,0.03,-4.70,25.82,74.16,0.98,78.66,1,872,8,11
0.91,0.58,-0.00,15.20,57.31,68.85,1.08,90.86,1,861,12,6
1.36,0.53,-0.33,30.88,109.44,46.94,1.50,123.02,1,856,14,3
1.90,0.28,-0.47,46.75,96.37,-23.86,1.97,109.74,2,856,18,4
1.35,0.34,-0.08,20.87,34.79,-69.34,1.40,80.33,2,860,18,6
-0.84,0.94,1.26,160.34,-19.35,38.39,1.78,166.00,7,876,52,0
0.87,-0.37,-0.46,75.20,16.72,199.95,1.05,214.28,20,890,151,0
0.01,3.65,-0.17,-15.26,10.80,254.82,3.66,255.51,28,889,173,0
0.28,1.15,-0.07,44.43,-5.13,115.84,1.18,124.18,32736,2,178,0
0.16,1.11,0.40,20.69,-15.38,69.09,1.19,73.75,32736,0,192,0
0.27,1.97,-0.11,-28.38,4.03,22.09,1.99,36.19,32736,0,196,0
0.26,2.03,-0.15,-11.17,-0.18,-62.68,2.06,63.67,115,775,192,0
0.23,0.99,0.06,9.77,-4.58,-127.69,1.02,128.14,32736,7,195,0
0.31,0.51,0.08,-4.03,0.12,-122.80,0.60,122.87,57,847,198,0
0.47,0.49,-0.17,-9.58,3.42,-71.72,0.70,72.43,50,878,201,0
0.54,0.61,-0.13,8.18,-4.52,-36.62,0.83,37.79,44,882,201,0
0.49,0.70,-0.04,16.48,-9.09,-12.45,0.86,22.57,47,879,200,0
0.50,0.92,-0.01,18.37,-8.67,-2.08,1.05,20.42,46,875,198,0
0.51,0.99,-0.04,22.28,-8.91,-7.57,1.12,25.16,47,875,189,0
0.51,0.97,-0.02,26.31,-12.27,-18.62,1.10,34.48,41,875,188,0
0.52,0.75,0.01,28.56,-12.45,-20.75,0.91,37.44,35,872,187,0
0.50,0.68,0.06,28.44,-13.37,-11.78,0.85,33.56,31,875,191,0
0.50,0.84,0.10,21.67,-8.48,-9.03,0.98,24.96,29,878,185,0
0.53,0.80,0.06,18.98,-5.25,-11.35,0.96,22.73,26,872,191,0
0.53,0.40,0.02,23.13,-4.82,-0.55,0.67,23.64,23,874,183,0
0.49,0.89,0.20,10.80,-1.34,7.51,1.03,13.22,22,876,183,0
0.56,1.16,0.03,5.92,2.01,-13.24,1.29,14.65,21,879,189,0
0.58,0.98,0.03,13.67,-0.67,-33.75,1.14,36.42,18,884,179,0
0.57,0.39,0.01,23.01,-3.60,-27.89,0.70,36.34,15,890,174,0
0.55,0.76,0.13,19.23,-5.55,-4.82,0.95,20.58,13,892,172,0
0.58,1.01,0.16,13.55,-2.99,-22.28,1.18,26.25,13,889,175,0
0.59,0.77,0.17,14.89,-4.46,-29.42,0.99,33.27,12,890,172,0
0.66,1.52,-0.01,7.81,-5.55,-44.56,1.65,45.58,10,890,159,0
0.63,2.02,0.08,15.99,-17.09,-117.37,2.12,119.68,9,886,154,0
0.43,1.70,0.39,20.63,-13.61,-212.22,1.80,213.65,7,885,137,0
0.62,1.34,0.55,10.31,6.10,-257.51,1.58,257.79,4,875,109,0
0.51,0.89,0.08,33.33,27.59,-263.06,1.03,266.60,2,888,68,0
0.46,0.25,-0.12,16.17,13.67,-244.69,0.54,245.60,0,0,30,16
-0.58,-1.11,-0.62,-2.01,-8.73,-173.40,1.40,173.63,0,0,17,25
-1.35,0.21,-0.12,-26.00,-90.58,108.64,1.37,143.82,0,0,2,21
-0.89,0.51,0.03,-46.75,-91.43,122.68,1.02,159.99,0,0,5,17
-0.23,0.28,-0.17,-29.79,-57.37,166.87,0.40,178.95,0,0,7,15
0.16,0.54,-0.12,-57.25,-45.35,182.92,0.58,196.96,0,0,10,11
0.54,0.67,0.01,-85.21,-40.16,175.60,0.86,199.27,0,0,10,11
0.82,0.80,0.18,-91.06,-36.56,152.71,1.16,181.52,0,0,10,9
1.16,0.89,0.14,-113.65,-35.64,101.68,1.47,156.61,0,0,8,9
1.09,0.93,0.42,-138.98,-41.63,37.72,1.49,149.90,0,0,5,7
0.97,0.98,0.64,-124.51,8.91,48.83,1.52,134.04,0,0,4,8
1.39,0.74,0.32,-83.19,31.74,58.59,1.60,106.59,0,0,4,6
1.29,0.75,0.41,-78.67,17.64,45.17,1.55,92.42,0,0,2,6
1.08,0.75,0.56,-52.49,13.79,30.15,1.43,62.09,0,0,3,5
0.89,0.83,0.53,-21.67,34.48,17.94,1.33,44.50,0,0,3,4
0.98,0.88,0.25,4.27,59.39,3.72,1.34,59.66,0,0,3,7
1.05,0.67,-0.04,7.26,52.61,-11.66,1.25,54.38,0,0,2,6
0.80,0.71,0.08,-6.23,42.79,-23.01,1.08,48.98,0,0,5,7
0.59,0.90,0.21,0.06,58.17,-3.78,1.10,58.29,1,876,7,5
0.70,0.83,0.08,23.13,58.96,5.43,1.09,63.57,1,875,11,4
0.86,0.94,0.15,41.32,46.63,6.04,1.29,62.60,1,873,11,1
0.92,0.54,-0.03,63.05,18.07,-11.29,1.06,66.55,1,878,12,2
0.34,0.76,0.41,77.76,-13.98,-17.46,0.93,80.91,3,880,40,0
0.83,0.01,-0.75,41.02,13.79,139.77,1.12,146.32,9,891,114,0
0.16,1.72,-0.02,24.41,4.03,190.00,1.73,191.61,15,891,153,0
0.36,2.07,-0.22,15.20,1.10,82.03,2.11,83.43,23,883,165,0
0.39,1.37,-0.15,28.81,-4.58,25.02,1.43,38.43,27,871,173,6
0.31,0.87,0.17,23.38,-4.70,10.56,0.94,26.08,29,856,180,7
0.33,1.16,0.08,2.26,-0.55,-6.96,1.21,7.34,32,855,175,8
0.37,0.97,0.00,0.85,0.73,-26.25,1.04,26.27,32,854,184,6
0.36,0.21,0.13,1.89,0.00,-14.53,0.43,14.65,36,853,185,14
0.33,0.46,0.13,-13.12,-0.73,26.43,0.58,29.52,57,823,182,15
0.35,1.31,-0.08,-30.46,4.33,44.86,1.36,54.40,83,781,177,14
0.34,1.10,-0.04,2.87,-2.08,21.85,1.15,22.14,92,754,178,16
0.25,0.49,0.20,-1.95,-1.65,26.31,0.59,26.43,146,741,176,19
0.21,0.98,0.15,-46.51,9.70,44.98,1.02,65.43,171,736,180,15
0.26,1.39,-0.07,-39.31,11.72,30.33,1.41,51.01,180,726,176,11
0.26,1.26,-0.10,-20.81,4.94,-0.12,1.29,21.39,224,728,174,10
0.23,1.05,0.05,-22.22,2.99,-21.42,1.08,31.01,248,735,170,9
0.25,1.03,-0.03,-28.75,5.43,-30.09,1.06,41.97,214,747,163,7
0.30,0.81,-0.09,-17.94,3.48,-24.35,0.87,30.45,178,759,171,8
0.30,1.01,-0.10,-10.68,2.50,-10.25,1.06,15.02,178,758,172,8
0.29,1.22,-0.10,-0.37,-0.18,-19.71,1.25,19.72,168,760,175,4
0.29,1.14,-0.05,7.20,15.56,-39.43,1.18,43.00,160,773,179,4
0.35,1.16,-0.15,11.41,1.46,-47.73,1.22,49.10,114,819,173,6
0.39,0.99,-0.19,30.33,-6.65,-57.80,1.08,65.61,77,837,184,7
0.36,0.79,0.02,37.78,-12.76,-54.75,0.87,67.73,63,854,177,7
0.38,0.90,0.07,27.53,-6.41,-48.83,0.98,56.42,50,863,182,6
0.45,1.25,-0.07,20.75,-4.94,-59.88,1.33,63.56,42,868,182,7
0.46,1.25,-0.10,30.58,-12.33,-85.94,1.33,92.05,33,874,180,7
0.39,0.51,0.26,34.55,-14.34,-99.49,0.69,106.29,28,870,177,5
0.45,0.66,0.23,2.81,4.64,-82.28,0.83,82.45,22,874,167,3
0.59,0.93,-0.00,-8.00,4.52,-79.47,1.10,80.00,19,878,159,4
0.66,0.95,-0.14,17.40,-6.29,-86.49,1.17,88.44,15,874,149,1
0.68,1.22,-0.02,28.87,-18.13,-100.71,1.40,106.32,11,878,138,0
0.73,1.14,-0.08,45.17,-28.81,-122.07,1.36,133.31,7,879,119,0
0.90,1.08,-0.23,68.54,-42.60,-131.04,1.43,153.90,3,880,95,0
0.92,1.18,-0.48,94.79,-65.98,-109.01,1.57,158.81,1,889,56,5
-0.06,-0.65,-0.87,89.05,-107.48,-54.44,1.09,149.82,0,0,26,12
-0.98,0.42,0.02,16.91,-101.62,13.73,1.07,103.93,0,0,11,12
-0.34,-0.37,-0.34,20.94,11.96,27.22,0.61,36.36,0,0,12,10
0.11,0.76,0.03,-82.70,-0.98,71.78,0.77,109.51,0,0,14,8
0.29,0.47,-0.07,-59.81,-41.32,74.46,0.56,104.07,0,0,12,9
0.20,0.66,0.14,-88.87,-75.74,80.81,0.70,142.00,0,0,11,9
0.22,0.70,0.26,-106.26,-60.55,70.19,0.78,141.01,0,0,10,7
0.38,0.83,0.35,-126.46,-34.00,52.67,0.98,141.15,0,0,7,8
0.48,1.07,0.55,-133.73,-5.25,18.98,1.30,135.17,0,0,7,7
0.55,1.28,0.74,-115.78,24.72,-10.38,1.58,118.85,0,0,2,7
0.63,1.13,0.61,-56.88,39.25,-0.92,1.43,69.12,0,0,0,8
0.70,0.65,0.36,-17.52,27.71,16.60,1.02,36.75,0,0,2,10
0.72,0.78,0.22,14.10,42.30,61.28,1.08,75.78,0,0,2,11
1.05,0.61,-0.28,15.75,77.58,58.35,1.24,98.34,0,0,3,9
1.18,0.91,-0.28,-6.16,83.74,11.47,1.51,84.75,0,0,3,11
1.04,0.49,-0.39,-16.78,74.16,5.92,1.22,76.26,0,0,2,13
1.08,0.97,0.03,-59.20,50.05,26.92,1.46,82.06,0,0,4,12
0.99,0.82,0.36,-46.75,19.23,24.84,1.34,56.33,0,0,6,11
0.82,0.82,0.55,-31.62,18.13,17.21,1.28,40.30,0,0,7,10
0.89,0.49,0.28,8.73,37.29,17.70,1.06,42.19,1,886,9,9
1.39,0.80,0.50,3.23,32.71,5.74,1.68,33.37,1,887,9,6
1.17,0.53,0.44,69.15,8.24,-39.86,1.36,80.24,1,886,9,6
0.53,0.50,0.16,75.56,11.23,-62.26,0.74,98.55,0,0,10,6
0.49,0.96,0.69,150.27,18.49,8.48,1.28,151.64,2,873,42,1
0.98,-0.94,-0.64,74.71,26.67,139.16,1.50,160.18,9,891,113,4
0.28,1.55,-0.65,8.18,33.51,240.84,1.70,243.30,18,888,151,0
0.31,2.18,-0.43,28.63,3.91,149.29,2.24,152.06,32,870,167,0
0.31,1.40,-0.08,71.96,-22.28,58.96,1.44,95.66,45,832,173,6
0.18,1.27,0.32,43.88,-12.51,22.89,1.32,51.05,48,833,179,8
0.28,1.58,0.03,13.31,-1.53,-14.47,1.61,19.71,40,843,184,9
0.30,1.29,-0.05,18.74,-0.85,-59.14,1.32,62.05,27,858,180,9
0.28,0.64,0.11,19.29,-2.26,-70.56,0.71,73.18,17,879,183,10
0.33,0.51,0.17,11.47,-2.20,-52.98,0.63,54.25,14,880,182,9
0.36,0.78,0.09,5.68,-0.98,-32.78,0.87,33.28,14,881,182,8
0.39,0.61,0.10,11.72,-1.65,-16.54,0.73,20.34,13,880,173,16
0.32,0.14,0.30,6.41,-1.40,36.62,0.46,37.20,15,872,169,18
0.36,1.24,-0.07,-3.97,0.06,50.84,1.30,51.00,19,860,173,19
0.34,0.90,0.08,23.86,-5.31,40.53,0.96,47.33,17,858,169,20
0.24,0.95,0.24,12.82,-5.92,38.27,1.01,40.79,18,857,159,23
0.19,0.77,0.44,-11.96,-2.44,30.15,0.90,32.53,27,838,166,20
0.24,1.22,0.12,-50.48,4.82,22.52,1.25,55.48,45,815,173,18
0.30,1.17,0.01,-42.97,10.80,0.31,1.21,44.31,66,802,171,18
0.25,0.86,0.18,-39.67,6.96,-3.85,0.91,40.46,90,792,174,15
0.29,1.43,-0.02,-47.42,14.77,-12.08,1.46,51.12,101,792,177,14
0.31,1.31,-0.08,-12.45,6.35,-46.94,1.35,48.97,91,803,174,14
0.29,1.15,0.04,-3.85,3.48,-60.67,1.19,60.89,70,825,177,12
0.34,0.87,0.00,5.86,2.93,-65.67,0.93,66.00,54,847,174,14
0.38,0.67,-0.01,14.40,-0.61,-51.82,0.77,53.79,41,867,182,15
0.42,0.85,-0.03,20.63,-4.70,-31.13,0.95,37.64,34,872,178,15
0.43,1.10,0.01,32.04,-10.19,-31.13,1.18,45.82,29,877,178,16
0.40,1.53,0.09,33.45,-12.88,-58.78,1.59,68.84,25,881,171,11
0.38,1.76,0.11,28.81,-8.67,-112.73,1.80,116.68,19,884,167,3
0.38,1.80,-0.03,31.49,-14.65,-207.82,1.84,210.71,10,886,153,0
0.39,1.56,-0.12,57.37,-27.59,-264.22,1.61,271.78,4,882,133,0
0.62,1.52,-0.09,77.09,-40.89,-284.42,1.65,297.51,2,886,96,0
0.28,0.35,-0.12,83.68,-45.47,-267.58,0.47,284.02,1,887,60,6
0.08,-0.21,-0.38,23.25,-57.56,-220.09,0.44,228.68,0,0,29,21
-1.09,0.20,-0.18,7.39,-67.08,-127.56,1.13,144.31,0,0,13,24
-1.13,-0.68,-0.51,23.86,-18.07,-23.80,1.42,38.24,0,0,0,23
-0.75,0.06,-0.21,-56.64,-22.28,95.03,0.78,112.85,0,0,0,23
-0.00,0.36,-0.29,-46.14,-30.76,207.34,0.46,214.62,0,0,0,21
0.43,0.80,0.13,-101.07,-34.55,178.22,0.92,207.78,0,0,0,19
0.80,0.73,0.43,-106.81,-14.83,137.15,1.17,174.46,0,0,0,18
0.87,0.89,0.53,-121.89,-1.16,110.84,1.35,164.75,0,0,0,16
1.07,0.86,0.58,-114.50,18.19,94.54,1.49,149.60,0,0,0,15
1.05,1.02,0.82,-112.85,31.37,68.54,1.68,135.71,0,0,1,16
0.97,0.89,0.89,-65.12,53.77,58.65,1.59,102.83,0,0,0,15
1.13,0.66,0.52,-26.06,73.67,70.80,1.41,105.45,0,0,0,14
1.11,0.74,0.39,-2.81,58.78,78.00,1.39,97.71,0,0,1,14
1.04,0.71,0.17,24.96,55.42,58.35,1.28,84.26,0,0,5,14
0.83,0.70,-0.03,14.47,72.69,29.79,1.08,79.88,0,0,5,14
0.81,0.63,-0.24,11.05,93.99,20.32,1.05,96.80,0,0,2,13
0.98,0.78,-0.30,0.00,91.00,16.78,1.29,92.54,0,0,5,10
0.98,0.63,-0.27,-7.45,71.53,-8.67,1.20,72.44,0,0,3,10
0.84,0.61,-0.16,-25.76,61.71,-25.82,1.05,71.68,0,0,8,10
0.88,0.73,-0.10,-33.69,61.52,-25.51,1.15,74.64,0,0,6,9
0.98,0.75,-0.09,-18.49,38.82,-36.74,1.24,56.56,1,870,9,8
0.69,0.60,0.30,-18.62,12.88,-67.02,0.97,70.74,1,869,10,8
0.61,0.90,0.63,37.11,30.21,-75.81,1.25,89.65,1,873,12,8
0.26,0.55,0.41,160.64,1.46,19.41,0.73,161.82,4,883,57,4
0.83,0.00,-0.71,36.07,17.15,222.78,1.09,226.33,14,898,143,4
0.02,2.77,0.01,17.94,0.49,230.16,2.77,230.86,22,890,160,0
0.24,1.54,0.13,42.60,-7.32,111.69,1.56,119.77,39,847,172,0
0.26,1.23,0.10,21.48,-10.50,61.16,1.27,65.67,67,807,181,0
0.22,1.66,0.18,-32.04,3.05,35.34,1.68,47.80,72,794,188,0
0.34,1.78,-0.24,-20.45,6.47,-33.57,1.83,39.84,99,799,188,0
0.27,0.85,-0.02,4.15,0.92,-55.36,0.89,55.52,72,823,186,0
0.32,0.84,0.06,3.23,-1.28,-35.10,0.90,35.27,59,847,188,0
0.37,0.86,-0.05,5.74,-2.01,-27.28,0.94,27.95,53,855,183,0
0.37,0.89,0.01,8.24,-4.09,-21.55,0.96,23.43,52,856,188,0
0.35,0.95,0.05,6.16,-2.99,-23.62,1.01,24.59,52,856,189,0
0.39,0.71,0.06,2.44,-1.34,-24.11,0.82,24.27,59,849,189,0
0.42,0.86,-0.03,-0.24,-0.24,-14.59,0.96,14.59,56,844,191,0
0.40,0.93,0.01,8.85,-3.85,-14.22,1.02,17.19,53,846,187,3
0.39,0.78,0.08,4.70,-1.77,-9.77,0.87,10.98,50,855,183,3
0.42,0.97,0.00,2.99,-0.73,-4.27,1.06,5.27,49,861,181,2
0.41,1.07,0.01,8.18,-2.38,-12.15,1.14,14.84,46,863,187,2
0.43,1.04,0.03,10.99,-2.44,-22.77,1.12,25.40,40,867,191,1
0.45,0.94,0.01,13.37,-2.26,-29.30,1.04,32.28,35,872,182,2
0.44,0.94,0.05,15.20,-4.88,-29.97,1.04,33.95,30,878,189,1
0.43,0.93,0.11,17.33,-4.94,-33.63,1.03,38.16,26,884,186,0
0.45,0.89,0.12,10.31,-1.28,-37.72,1.00,39.13,23,889,188,0
0.50,1.11,0.01,1.28,1.34,-52.25,1.21,52.28,20,893,181,0
0.53,0.82,0.01,25.15,-3.97,-69.70,0.98,74.21,17,895,181,0
0.47,0.67,0.25,19.71,-5.07,-72.33,0.85,75.14,16,898,175,0
0.49,0.83,0.27,-11.05,6.23,-76.35,1.00,77.40,16,894,183,0
0.57,1.45,0.20,-40.65,15.20,-103.76,1.57,112.47,16,889,175,0
0.68,1.86,-0.14,-29.79,13.92,-163.51,1.99,166.79,14,884,166,0
0.73,1.26,0.10,-4.94,2.93,-212.77,1.46,212.85,8,878,151,0
0.83,0.68,0.21,6.90,18.92,-200.44,1.10,201.45,4,888,104,2
0.07,0.30,0.02,46.81,29.66,-68.66,0.30,88.24,1,890,62,12
-0.36,-0.06,-0.54,35.58,-37.05,21.42,0.66,55.66,1,896,35,12
-0.50,0.04,-0.61,34.42,-51.27,72.08,0.79,94.92,0,0,13,9
-0.39,0.53,-0.39,-23.80,-56.15,84.41,0.76,104.14,0,0,12,11
0.06,0.57,-0.37,-23.44,-39.61,97.66,0.68,107.96,0,0,10,9
0.29,0.80,-0.24,-44.74,-50.17,113.53,0.89,131.93,0,0,11,8
0.39,0.87,-0.11,-60.49,-69.95,120.85,0.96,152.17,0,0,10,7
0.57,1.03,0.09,-66.89,-81.91,106.99,1.18,150.44,0,0,8,6
0.52,0.74,0.21,-76.11,-77.21,68.05,0.93,128.01,0,0,6,7
0.64,0.86,0.43,-115.23,-31.19,26.25,1.16,122.23,0,0,4,5
0.94,1.02,0.41,-103.03,-24.72,8.97,1.45,106.33,0,0,1,5
0.84,0.80,0.28,-88.07,-52.37,9.70,1.19,102.93,0,0,1,6
0.58,0.76,0.44,-95.15,-48.40,36.80,1.05,112.92,0,0,2,4
0.70,0.91,0.40,-68.36,-4.03,51.27,1.22,85.54,0,0,3,5
0.91,0.79,0.16,-48.77,18.92,33.45,1.21,62.09,0,0,4,5
0.81,0.74,0.18,-49.74,12.57,22.40,1.11,55.98,0,0,3,8
0.70,0.79,0.39,-35.64,13.79,37.35,1.12,53.44,0,0,3,6
0.74,1.00,0.42,-1.46,42.60,28.69,1.31,51.38,0,0,2,5
0.86,0.80,0.09,28.02,76.54,-2.38,1.17,81.54,0,0,3,5
0.87,0.69,0.05,37.60,78.00,-6.16,1.11,86.81,0,0,2,5
0.96,0.70,0.01,49.32,69.76,-15.81,1.19,86.88,0,0,5,3
1.06,0.71,0.06,52.49,62.62,-40.10,1.28,91.02,0,0,8,6
1.15,0.53,-0.09,65.00,40.95,-53.71,1.27,93.74,0,0,7,6
1.46,0.23,0.12,45.96,8.61,-74.46,1.49,87.93,1,881,27,3
1.18,-0.47,-0.70,132.69,20.57,2.32,1.45,134.30,8,897,123,7
0.02,1.61,-0.04,-6.71,10.25,259.28,1.61,259.57,18,895,157,0
0.30,2.83,-0.31,57.86,-1.95,116.21,2.86,129.83,29,887,172,0
0.35,1.41,-0.09,21.48,-3.78,58.59,1.45,62.52,42,866,173,3
0.27,1.41,-0.01,-5.98,2.14,12.27,1.44,13.81,58,841,183,2
0.31,1.08,-0.02,-10.74,6.04,-20.20,1.12,23.67,68,840,189,2
0.38,0.97,-0.09,-10.07,5.62,-31.31,1.05,33.37,68,844,189,2
0.35,0.88,-0.03,-9.46,2.62,-31.19,0.95,32.70,64,852,183,0
0.37,0.97,-0.06,-7.51,1.22,-29.91,1.04,30.86,60,858,186,1
0.35,0.97,0.04,-9.95,0.98,-34.30,1.03,35.73,53,858,187,0
0.43,1.05,-0.12,-11.60,2.75,-41.99,1.15,43.65,42,878,176,0
0.42,0.87,-0.11,3.66,-2.01,-43.27,0.97,43.48,32,884,173,0
0.44,0.74,-0.08,14.53,-5.86,-34.36,0.87,37.76,25,888,165,1
0.44,0.88,-0.03,19.41,-9.89,-24.60,0.99,32.86,21,890,160,1
0.44,0.88,0.00,26.92,-12.02,-25.21,0.98,38.79,19,887,160,3
0.45,0.49,0.06,30.21,-10.99,-16.66,0.67,36.21,17,887,152,6
0.40,0.74,0.20,17.46,-9.77,9.40,0.86,22.10,17,886,160,6
0.41,1.34,0.13,-3.66,-2.38,-0.98,1.41,4.48,22,875,171,2
0.44,1.27,0.06,-3.66,0.92,-61.40,1.35,61.52,25,875,173,0
0.51,0.69,0.02,-13.67,8.06,-76.05,0.85,77.69,22,885,174,1
0.60,0.47,-0.13,-15.32,7.02,-54.44,0.77,56.99,21,888,172,2
0.63,1.26,-0.20,-8.18,-1.40,-46.81,1.42,47.54,20,893,177,0
0.63,1.70,-0.13,13.00,-13.12,-84.35,1.82,86.35,18,888,172,0
0.52,2.04,0.17,8.42,-17.82,-154.48,2.12,155.73,16,881,151,0
0.55,1.58,0.27,-19.59,-3.97,-229.00,1.70,229.87,10,878,124,0
0.72,1.53,0.04,-32.10,9.70,-248.90,1.69,251.15,4,884,82,0
-0.34,0.98,0.61,33.75,10.01,-221.25,1.21,224.04,2,890,42,15
-1.18,-1.49,-0.77,0.24,22.28,-46.63,2.05,51.68,0,0,16,17
-0.48,0.66,0.06,-39.37,-5.31,55.73,0.82,68.43,0,0,5,15
-0.15,0.44,-0.14,31.92,-28.20,121.52,0.48,128.77,0,0,7,15
0.09,0.37,-0.24,30.52,-67.99,125.06,0.45,145.58,0,0,6,14
0.02,0.69,-0.01,6.59,-88.99,146.85,0.69,171.84,0,0,7,12
0.18,0.80,-0.05,-0.31,-56.21,160.40,0.82,169.97,0,0,4,11
0.55,0.89,-0.18,-24.48,-12.76,149.90,1.06,152.42,0,0,4,9
0.84,1.09,-0.10,-43.64,8.06,114.32,1.38,122.63,0,0,3,10
1.00,0.82,-0.16,-49.07,10.19,61.71,1.30,79.50,0,0,2,7
1.09,0.85,0.03,-68.60,21.67,55.42,1.38,90.81,0,0,4,8
1.46,0.63,-0.12,-48.65,34.06,69.40,1.60,91.34,0,0,2,7
1.56,0.50,-0.19,-53.77,-2.20,56.58,1.65,78.09,0,0,5,5
1.28,0.71,0.07,-67.44,-23.07,29.79,1.46,77.25,0,0,5,6
1.03,0.46,0.06,-50.60,8.61,17.09,1.13,54.10,0,0,10,6
1.20,0.47,0.04,-47.18,46.57,4.15,1.29,66.42,0,0,8,6
1.55,0.48,0.22,-40.41,35.64,-24.48,1.64,59.18,0,0,8,4
1.74,0.40,0.43,-24.84,-15.08,-66.89,1.84,72.93,1,875,11,4
1.26,2.20,1.86,19.47,-34.06,-107.30,3.15,114.25,2,883,33,1
1.56,-1.04,-2.73,148.74,49.99,226.81,3.31,275.80,16,897,142,4
-0.06,2.57,-0.04,30.94,12.70,316.59,2.57,318.35,45,847,162,0
0.08,1.91,0.07,10.19,2.26,158.75,1.91,159.10,193,753,174,0
0.15,1.63,0.04,-3.11,-2.93,77.88,1.64,78.00,237,743,174,2
0.15,1.51,0.11,-15.81,-2.08,38.21,1.52,41.40,390,723,185,0
0.16,1.41,0.05,-32.96,4.46,5.49,1.42,33.71,394,716,183,0
0.22,1.07,-0.14,-26.12,6.77,-8.61,1.10,28.33,422,715,179,0
0.22,1.18,-0.16,-6.47,2.44,-15.87,1.21,17.31,352,726,182,0
0.20,1.11,-0.07,6.47,-0.79,-30.15,1.13,30.85,372,740,180,0
0.20,1.03,-0.06,6.90,-2.62,-38.70,1.05,39.39,256,759,173,0
0.24,0.95,-0.08,9.83,-1.95,-41.14,0.98,42.34,163,777,176,0
0.27,0.90,-0.10,15.20,-3.42,-36.80,0.95,39.97,160,799,173,0
0.29,0.86,-0.07,24.29,-6.53,-29.24,0.91,38.57,125,808,168,0
0.30,0.86,-0.05,30.09,-9.58,-20.14,0.91,37.46,99,818,173,0
0.29,0.87,0.01,31.25,-11.78,-14.10,0.91,36.25,90,818,164,0
0.28,0.94,0.09,25.39,-9.28,-13.31,0.98,30.13,85,820,171,0
0.30,0.98,0.09,15.50,-3.30,-17.70,1.03,23.76,82,824,169,0
0.32,0.80,0.03,14.53,-1.83,-15.56,0.87,21.37,69,831,167,0
0.31,0.99,0.09,5.55,-2.75,-18.01,1.04,19.04,82,823,169,0
0.27,1.11,0.24,-14.71,1.22,-37.72,1.16,40.50,107,813,176,0
0.33,1.31,0.08,-36.44,10.99,-60.30,1.35,71.31,98,814,169,0
0.40,0.91,-0.09,-18.74,11.29,-82.34,1.00,85.19,80,835,179,0
0.47,0.15,-0.05,-6.35,4.70,-60.73,0.50,61.24,75,846,180,0
0.50,0.66,-0.10,-3.91,1.77,-7.57,0.83,8.70,70,846,181,0
0.56,1.72,-0.22,16.17,-10.38,-23.07,1.83,30.03,70,849,179,0
0.42,2.02,-0.03,36.38,-23.80,-92.90,2.06,102.56,57,859,177,0
0.33,1.45,0.16,30.40,-19.47,-169.49,1.50,173.30,36,869,166,0
0.37,0.93,0.10,6.84,-11.60,-207.95,1.00,208.38,20,876,147,0
0.52,0.77,-0.04,-3.91,-11.72,-208.31,0.92,208.68,12,875,134,0
0.55,0.68,-0.02,0.85,-20.69,-206.60,0.87,207.64,7,879,114,0
0.45,0.91,0.04,13.92,-26.18,-189.76,1.01,192.06,6,886,93,3
-0.04,-0.22,-0.31,66.04,-22.34,-151.18,0.38,166.48,4,885,63,11
-0.31,0.34,-0.33,-18.37,-63.96,-70.19,0.56,96.72,3,893,39,15
-0.49,0.09,-0.65,-28.93,-106.75,-6.16,0.82,110.77,1,889,22,18
-0.21,0.25,-0.27,-106.63,-138.79,45.96,0.42,180.96,0,0,7,16
-0.60,0.65,0.14,-70.74,-146.30,137.57,0.90,212.92,0,0,5,13
-0.06,0.56,-0.14,-75.13,-102.72,224.67,0.58,258.21,0,0,5,11
0.55,1.10,-0.04,-130.68,-78.00,231.20,1.23,276.79,0,0,4,7
0.80,1.54,0.51,-105.96,-79.65,163.21,1.81,210.26,0,0,2,7
0.50,0.87,0.49,-67.63,-33.81,123.90,1.12,145.15,0,0,3,8
0.71,0.90,0.37,-99.24,56.40,95.09,1.20,148.57,0,0,2,7
1.12,1.06,0.38,-113.77,86.73,47.73,1.58,150.81,0,0,4,5
1.22,0.90,0.45,-82.21,88.87,3.23,1.58,121.11,0,0,3,7
1.17,0.54,0.34,-59.20,83.50,-9.03,1.33,102.75,0,0,3,6
1.18,0.79,0.45,-49.68,89.11,-2.81,1.49,102.06,0,0,4,6
1.18,0.53,0.36,-7.26,97.96,-25.45,1.34,101.47,0,0,5,4
1.10,0.55,0.41,7.39,104.31,-47.06,1.30,114.67,0,0,7,6
1.15,0.52,0.29,42.05,111.88,-67.99,1.29,137.51,1,873,8,2
1.46,-0.10,-0.03,29.11,85.39,-115.42,1.46,146.49,1,875,8,3
1.32,-1.41,0.17,204.77,5.25,103.27,1.94,229.40,15,901,137,9
-0.98,4.00,1.10,-12.02,10.80,418.82,4.26,419.14,37,875,161,0
0.10,1.78,0.03,49.13,-4.58,189.82,1.78,196.13,159,779,171,1
0.26,1.72,-0.28,11.47,-2.26,97.53,1.76,98.23,237,737,175,9
0.16,1.81,0.05,48.46,-5.49,30.58,1.81,57.57,320,691,179,16
0.13,1.11,0.18,8.85,-5.43,-21.36,1.13,23.75,342,697,187,14
0.20,1.21,-0.05,-18.98,3.17,-34.18,1.23,39.23,308,729,184,13
0.22,1.28,-0.08,-9.64,3.60,-50.72,1.30,51.75,254,750,184,5
0.21,1.08,0.01,-2.69,5.13,-71.04,1.10,71.28,181,781,186,4
0.27,0.88,-0.03,-5.62,5.37,-71.04,0.92,71.47,114,811,177,1
0.31,0.75,-0.04,-1.28,2.32,-62.74,0.82,62.80,80,830,180,0
0.35,0.72,-0.05,2.08,0.37,-48.28,0.80,48.32,61,851,177,0
0.38,0.78,-0.05,7.08,-2.01,-31.43,0.87,32.28,50,860,180,0
0.39,0.82,-0.02,12.45,-4.03,-18.74,0.91,22.86,46,864,179,0
0.38,0.96,-0.00,14.77,-5.49,-13.37,1.03,20.66,42,870,171,0
0.38,0.93,0.03,18.13,-5.68,-15.62,1.00,24.60,36,873,169,1
0.39,0.84,0.06,17.82,-3.72,-13.61,0.92,22.73,33,877,174,0
0.42,0.99,-0.03,12.57,-3.48,-10.93,1.07,17.02,30,875,170,1
0.42,0.90,-0.01,21.67,-5.68,-17.70,1.00,28.55,28,880,169,2
0.42,0.85,0.03,21.06,-6.41,-17.09,0.95,27.87,26,876,176,5
0.49,0.72,-0.05,23.32,-8.18,-9.52,0.87,26.48,24,875,174,10
0.39,0.55,0.17,23.07,-15.99,-0.73,0.70,28.08,29,858,172,14
0.37,0.71,0.27,7.32,-8.61,16.42,0.84,19.93,43,832,169,14
0.42,1.53,0.06,-4.88,-3.11,6.41,1.59,8.64,59,818,163,10
0.49,2.35,-0.08,-1.53,-4.88,-94.73,2.40,94.86,52,831,167,2
0.38,2.36,-0.11,10.62,-24.29,-210.45,2.39,212.11,29,859,158,0
0.23,1.41,-0.05,15.69,-37.48,-273.62,1.43,276.62,11,877,133,0
0.46,1.17,-0.47,47.85,-55.85,-271.91,1.34,281.68,4,887,111,0
-0.17,0.53,-0.58,39.06,-97.72,-228.21,0.81,251.31,2,888,79,6
-0.81,0.18,-0.55,92.22,-123.66,-178.04,0.99,235.57,1,897,46,12
-1.58,-0.36,-0.53,21.55,-97.17,-119.26,1.71,155.34,0,0,16,16
-0.87,0.30,0.08,-122.80,39.55,1.53,0.92,129.02,0,0,7,17
-0.56,0.82,-0.04,-79.16,115.54,184.02,1.00,231.26,0,0,9,14
0.59,0.80,-0.56,-151.31,104.13,227.23,1.14,292.18,0,0,7,7
0.71,1.44,0.27,-127.50,12.63,185.79,1.63,225.69,0,0,7,7
0.62,1.36,0.37,-79.96,-38.27,171.08,1.55,192.68,0,0,9,6
0.56,1.20,0.44,-67.87,-57.56,146.97,1.40,171.81,0,0,10,6
0.46,1.16,0.57,-64.70,-45.84,146.36,1.37,166.46,0,0,13,6
0.96,1.23,0.51,-60.79,-10.86,144.35,1.64,157.00,0,0,16,4
1.83,0.93,0.33,-48.22,2.32,105.04,2.08,115.60,0,0,19,4
2.23,0.90,0.35,-49.07,-23.13,75.74,2.43,93.17,0,0,21,4
2.21,0.75,0.29,-41.38,-26.67,1.16,2.35,49.25,1,865,24,3
0.88,0.18,0.66,132.51,-79.96,-7.26,1.11,154.93,7,866,78,5
-0.48,2.47,1.10,-26.67,-60.00,46.88,2.74,80.67,14,868,126,0
0.19,0.59,0.41,3.36,8.79,7.08,0.74,11.77,28,852,151,4
0.19,1.03,0.17,-38.21,35.46,-5.74,1.06,52.44,45,840,158,5
0.26,1.02,-0.01,-17.09,62.07,-13.92,1.05,65.87,66,825,157,5
0.36,0.87,-0.18,-22.09,58.35,-10.01,0.96,63.19,98,810,166,2
0.40,0.84,-0.28,-28.44,44.74,-0.98,0.97,53.02,108,798,162,0
0.40,0.82,-0.33,-20.45,30.40,5.00,0.97,36.97,142,758,169,0
0.35,0.90,-0.28,-14.59,8.73,15.81,1.00,23.21,192,756,171,0
0.29,0.97,-0.15,-0.73,1.53,21.91,1.02,21.98,222,749,167,0
0.26,1.02,-0.11,7.51,-0.37,19.65,1.06,21.04,254,735,175,0
0.25,1.01,-0.08,8.24,-1.04,13.61,1.04,15.94,268,723,176,0
0.25,1.07,-0.09,4.76,-0.92,6.84,1.10,8.38,240,723,180,0
0.25,1.08,-0.11,5.43,-1.71,-3.48,1.11,6.67,328,717,175,0
0.26,1.04,-0.09,5.68,-2.75,-13.00,1.08,14.45,256,724,176,0
0.26,1.01,-0.07,3.48,-3.11,-19.78,1.05,20.32,1232,725,184,0
0.27,1.00,-0.08,2.99,-3.17,-25.63,1.04,26.00,5376,757,185,0
0.30,0.92,-0.09,6.23,-3.85,-28.08,0.98,29.01,206,777,178,0
0.31,0.91,-0.08,8.42,-5.07,-26.73,0.97,28.48,169,786,185,0
0.33,0.93,-0.11,9.03,-6.10,-24.48,0.99,26.79,160,796,180,0
0.34,0.91,-0.08,12.94,-7.57,-22.28,0.97,26.85,152,799,186,0
0.34,0.92,-0.06,14.22,-8.97,-20.14,0.98,26.24,156,805,179,0
0.35,0.95,-0.06,14.65,-9.95,-20.20,1.01,26.86,153,809,182,0
0.36,0.96,-0.04,15.75,-11.35,-23.50,1.03,30.48,140,809,191,0
0.36,0.89,0.03,14.28,-8.67,-26.25,0.96,31.11,134,820,191,0
0.37,0.94,0.04,6.65,-2.93,-29.42,1.01,30.30,126,828,185,0
0.40,1.10,-0.07,2.26,-1.04,-39.92,1.17,39.99,100,837,184,0
0.43,1.09,-0.04,4.21,-2.99,-57.01,1.17,57.24,94,853,194,0
0.42,1.27,-0.03,5.07,-4.09,-82.40,1.34,82.65,69,867,192,0
0.48,1.37,-0.08,7.32,-7.87,-115.36,1.45,115.86,55,873,195,0
0.60,1.53,-0.26,3.78,-15.62,-160.03,1.66,160.84,36,878,184,0
0.72,1.78,-0.47,-17.21,-36.80,-217.65,1.98,221.41,19,880,160,0
0.74,2.00,-0.28,-10.99,-59.39,-266.72,2.15,273.48,5,885,110,0
0.84,1.12,-0.89,-72.94,-86.67,-245.06,1.66,269.97,1,881,61,0
-0.62,1.15,-0.34,-70.80,-134.22,-98.57,1.35,180.95,0,0,24,0
-0.87,0.90,-0.03,-43.33,-139.04,-16.97,1.25,146.62,0,0,17,2
-0.68,0.73,-0.01,-43.70,-78.19,39.73,1.00,97.99,0,0,15,5
-0.56,0.59,-0.04,-52.98,-29.79,62.44,0.82,87.13,0,0,13,5
-0.37,0.61,-0.03,-67.14,-16.36,100.95,0.71,122.34,0,0,10,7
-0.24,0.75,0.12,-86.61,-33.51,139.22,0.80,167.35,0,0,10,5
-0.23,0.83,0.37,-94.18,-51.39,173.10,0.94,203.65,0,0,11,6
-0.06,0.92,0.40,-95.83,-69.15,194.95,1.00,227.97,0,0,9,7
0.14,1.29,0.56,-106.14,-80.38,193.24,1.41,234.67,0,0,10,4
0.44,1.39,0.56,-95.40,-63.84,180.18,1.56,213.64,0,0,13,5
0.94,1.34,0.56,-99.79,-9.89,153.02,1.73,182.95,0,0,17,1
1.77,1.11,0.28,-93.87,33.87,127.56,2.11,161.96,1,859,19,2
2.09,0.88,0.30,-108.89,40.22,78.67,2.29,140.23,1,859,24,0
2.40,2.24,0.74,-100.65,11.23,34.06,3.37,106.85,2,854,30,0
3.01,1.00,0.80,46.63,-53.65,-37.11,3.27,80.19,9,857,57,2
0.40,-0.51,1.10,108.09,-118.90,9.22,1.28,160.95,24,854,135,7
0.13,0.24,0.59,72.08,-12.02,27.59,0.65,78.11,42,827,162,8
0.33,1.09,-0.14,8.97,11.66,31.49,1.15,34.76,50,830,172,7
0.25,1.12,0.00,5.92,4.15,2.38,1.15,7.61,57,824,173,7
0.22,0.92,0.08,-6.59,6.77,-10.25,0.95,13.95,50,831,181,7
0.26,1.00,-0.02,-15.75,8.06,-12.45,1.03,21.63,49,840,183,8
0.27,0.94,-0.05,-11.54,5.92,-13.73,0.98,18.89,48,843,175,6
0.28,0.96,-0.06,-4.76,2.56,-10.13,1.00,11.48,51,849,184,5
0.28,0.96,-0.04,4.88,-1.46,-5.68,1.00,7.63,48,849,183,5
0.26,0.96,0.02,9.03,-3.97,-3.54,0.99,10.48,49,847,178,6
0.26,0.94,0.04,6.71,-3.91,-3.85,0.97,8.67,51,847,184,4
0.26,0.95,0.03,1.77,-3.30,-5.80,0.98,6.90,53,843,177,2
0.26,0.94,0.03,-0.43,-2.87,-6.10,0.98,6.76,55,839,182,0
0.27,0.97,0.01,-2.32,-2.50,-5.00,1.01,6.06,62,834,175,1
0.29,0.97,0.03,-1.53,-2.69,-5.37,1.01,6.20,71,829,184,1
0.28,0.97,0.01,-0.31,-3.23,-4.76,1.01,5.76,70,825,183,0
0.27,0.96,0.03,-0.61,-3.66,-4.39,1.00,5.75,80,822,178,0
0.27,0.98,0.04,-1.77,-3.17,-6.65,1.01,7.58,84,812,184,0
0.29,0.97,0.03,-2.38,-2.44,-10.56,1.01,11.10,95,811,182,0
0.32,1.04,-0.03,-4.52,-1.59,-16.17,1.09,16.87,104,812,187,0
0.31,1.05,-0.02,0.06,-3.60,-25.09,1.09,25.34,93,813,187,0
0.33,1.06,-0.02,3.54,-5.55,-34.48,1.11,35.11,93,819,184,0
0.33,1.07,-0.01,5.49,-7.26,-44.13,1.12,45.06,78,827,188,0
0.33,1.02,0.08,6.59,-8.48,-54.38,1.08,55.43,72,829,181,0
0.32,0.98,0.14,-2.26,-6.04,-67.08,1.04,67.39,72,835,189,0
0.33,1.32,0.11,-16.78,0.73,-94.06,1.37,95.54,58,846,189,0
0.43,1.44,-0.01,-20.87,0.98,-130.19,1.50,131.85,42,868,186,0
0.50,1.67,-0.13,-35.89,-4.15,-184.33,1.74,187.83,28,878,169,0
0.56,1.55,-0.05,-51.94,-12.21,-235.35,1.65,241.32,15,877,140,0
0.68,1.03,-0.21,-54.08,-9.52,-245.36,1.25,251.43,6,878,88,0
0.42,0.94,-0.28,-119.87,-24.35,-211.67,1.07,244.47,2,885,56,0
-0.24,0.89,-0.05,-95.58,-71.29,-102.66,0.93,157.34,1,882,27,2
-0.41,0.60,-0.17,-44.31,-118.16,7.51,0.75,126.42,0,0,16,5
-0.64,0.52,0.01,-42.36,-149.84,76.05,0.82,173.29,0,0,13,3
-0.57,0.65,0.21,-41.08,-94.67,107.54,0.89,149.05,0,0,14,6
-0.32,0.53,0.14,-42.85,-35.22,119.93,0.64,132.14,0,0,13,6
-0.01,0.70,0.06,-61.34,-0.18,141.17,0.70,153.92,0,0,11,5
0.24,0.89,-0.00,-73.12,-4.21,160.58,0.92,176.50,0,0,8,3
0.30,1.01,0.05,-75.07,-30.94,185.49,1.06,202.48,0,0,8,3
0.43,1.15,0.14,-80.87,-57.80,208.98,1.24,231.42,0,0,10,4
0.78,1.44,0.29,-90.33,-61.71,189.70,1.67,218.98,0,0,9,2
1.18,1.42,0.23,-76.35,-58.23,138.06,1.86,168.17,1,853,13,0
1.38,1.07,0.12,-56.34,-75.68,100.34,1.75,137.73,1,852,14,0
1.78,0.85,0.25,-58.23,-65.43,49.87,1.98,100.79,1,855,17,0
1.97,0.69,0.46,-61.40,-20.32,-10.62,2.14,65.54,1,856,21,0
2.19,0.67,0.58,-15.62,4.82,-52.73,2.36,55.21,1,854,23,0
1.02,0.42,0.89,153.75,-45.17,-34.85,1.41,163.99,5,845,42,0
-0.69,-0.38,-0.47,62.44,-21.79,18.07,0.92,68.56,21,845,99,0
0.19,1.63,-0.02,-13.37,-27.10,31.74,1.64,43.82,76,807,140,0
0.05,1.64,0.48,-26.55,-18.55,40.10,1.71,51.55,173,766,151,0
0.18,1.24,0.11,-17.46,-1.16,20.20,1.26,26.72,256,732,161,0
0.22,1.13,-0.04,-17.09,4.94,10.13,1.15,20.47,330,718,167,0
0.23,1.01,-0.08,-15.62,6.59,4.33,1.04,17.50,281,715,170,0
0.24,0.92,-0.11,-9.83,5.07,5.00,0.96,12.14,284,714,165,0
0.23,1.00,-0.12,-6.04,3.23,8.73,1.03,11.10,458,706,172,0
0.21,1.02,-0.09,-0.06,0.67,5.25,1.04,5.29,362,699,174,0
0.20,0.99,-0.03,-2.26,0.18,0.55,1.01,2.33,388,698,170,0
0.21,1.02,-0.09,-6.59,0.67,-3.05,1.05,7.29,390,698,174,0
0.21,0.97,-0.09,-5.25,-0.06,-6.16,1.00,8.10,340,701,170,0
-0.18,2.82,0.65,4.03,-5.74,-76.54,2.90,76.86,300,706,174,0
0.21,0.92,0.11,-18.07,-2.50,-14.04,0.95,23.02,300,709,173,0
0.21,0.87,0.01,5.19,-1.22,-8.97,0.90,10.44,320,717,170,0
0.22,0.86,-0.05,-0.43,-1.10,-6.10,0.89,6.22,307,719,173,0
0.23,1.00,-0.11,-6.77,0.24,-5.49,1.04,8.73,293,721,172,0
0.23,1.01,-0.10,-2.01,-1.28,-10.25,1.04,10.53,309,729,172,0
0.24,1.00,-0.11,1.65,-2.32,-11.41,1.03,11.76,263,734,174,0
0.24,1.02,-0.10,6.10,-3.85,-11.72,1.05,13.76,307,733,176,0
0.25,0.99,-0.09,10.50,-6.23,-14.53,1.02,18.97,288,736,173,0
0.25,1.02,-0.05,13.85,-7.81,-18.80,1.05,24.63,307,738,176,0
0.26,1.00,-0.05,13.67,-7.87,-22.95,1.04,27.85,294,740,178,0
0.28,0.96,-0.03,14.10,-7.75,-26.67,1.00,31.15,265,748,179,0
0.28,1.00,-0.02,12.88,-8.85,-32.04,1.04,35.65,266,759,179,0
0.29,1.00,0.01,9.34,-7.63,-36.68,1.04,38.61,251,767,178,0
0.29,1.11,0.03,6.96,-3.72,-45.90,1.14,46.57,166,785,176,0
0.32,1.24,0.00,-0.49,-1.83,-65.98,1.28,66.01,159,802,182,0
0.36,1.30,-0.03,-7.63,2.20,-97.17,1.35,97.49,111,831,183,0
0.35,1.61,-0.08,-21.73,4.58,-157.96,1.64,159.51,73,858,177,0
0.41,2.10,-0.03,-42.60,0.49,-232.30,2.14,236.17,41,871,156,0
0.58,2.01,-0.07,-28.44,2.32,-288.02,2.09,289.44,14,871,107,0
0.68,1.28,-0.46,-34.97,1.22,-265.08,1.52,267.38,4,860,55,0
-0.33,0.39,-0.42,-107.18,-23.62,-209.78,0.66,236.75,1,859,17,5
0.08,1.04,-0.20,-23.19,-99.18,1.77,1.07,101.87,1,850,11,1
-0.50,0.76,0.07,12.82,-137.15,72.45,0.92,155.63,0,0,13,2
-0.66,0.46,0.15,45.29,-93.99,85.39,0.81,134.82,1,866,11,4
-0.56,0.15,-0.05,22.46,-17.03,123.47,0.58,126.65,0,0,9,3
-0.20,0.51,-0.06,0.43,20.02,155.15,0.55,156.44,0,0,10,3
0.30,0.58,-0.22,-5.43,24.48,167.97,0.69,169.83,0,0,10,4
0.72,0.72,-0.18,-14.59,-6.41,152.34,1.03,153.17,0,0,8,3
0.85,0.77,-0.05,-25.21,-33.51,102.97,1.15,111.18,0,0,10,1
0.83,0.61,0.16,-29.97,-14.40,68.18,1.04,75.85,0,0,11,3
1.16,0.58,0.04,-34.42,34.36,59.63,1.30,76.95,0,0,9,2
1.68,0.44,-0.23,-33.63,52.00,58.78,1.75,85.38,0,0,9,0
1.86,0.40,-0.24,-48.34,18.55,26.43,1.91,58.13,0,0,8,1
1.40,0.30,0.25,-76.66,-24.17,-0.37,1.46,80.38,0,0,9,0
1.12,0.58,0.50,-68.30,-11.96,-12.45,1.35,70.45,0,0,8,1
1.14,0.73,0.38,-35.77,-0.37,-27.71,1.40,45.25,1,870,7,0
1.00,0.58,0.23,-8.36,-7.32,-33.57,1.18,35.36,1,867,8,0
0.72,0.66,0.31,3.66,-17.58,-10.86,1.03,20.99,1,868,11,0
0.60,0.76,0.32,20.51,-18.80,-4.46,1.01,28.17,1,866,12,0
0.54,0.72,0.23,29.79,-21.30,-26.67,0.92,45.30,2,870,22,0
1.05,-0.62,-0.35,116.64,14.83,166.81,1.27,204.08,12,890,123,10
-0.60,1.53,0.56,-63.23,-2.69,311.52,1.74,317.89,44,860,152,0
0.17,2.30,0.15,0.55,7.63,133.24,2.31,133.46,184,753,176,0
0.15,1.60,0.03,-7.51,3.60,45.47,1.61,46.23,347,715,182,0
0.18,1.54,-0.06,-23.74,4.70,2.99,1.56,24.39,303,688,184,0
0.19,1.42,-0.05,-10.01,-0.73,-53.77,1.43,54.70,434,700,190,0
0.21,0.90,0.01,-16.66,1.34,-80.99,0.93,82.70,259,735,192,0
0.31,0.61,-0.13,-24.78,5.74,-67.08,0.70,71.74,251,763,184,0
0.35,0.76,-0.23,-15.38,1.10,-38.02,0.87,41.03,210,775,191,0
0.34,0.81,-0.09,7.87,-5.86,-19.53,0.88,21.86,228,775,184,0
0.33,0.89,-0.06,3.23,-3.42,-8.24,0.95,9.49,209,770,192,0
0.35,0.92,-0.11,6.47,-3.78,-5.55,0.99,9.33,208,770,188,0
0.34,1.01,-0.09,7.26,-5.68,-7.63,1.07,11.97,206,767,184,0
0.35,1.00,-0.11,10.56,-6.23,-13.06,1.07,17.91,-86,764,188,0
0.37,0.91,-0.11,16.60,-7.69,-14.40,0.99,23.29,185,785,179,0
0.37,0.93,-0.10,22.03,-10.38,-9.95,1.00,26.31,197,795,187,0
0.36,1.12,-0.05,26.31,-13.85,-16.54,1.18,34.02,167,797,184,0
0.36,1.12,-0.01,30.40,-14.59,-36.07,1.17,49.37,148,804,186,0
0.34,0.85,0.17,20.32,-5.37,-38.33,0.93,43.72,119,818,181,0
0.39,0.85,0.05,6.65,2.62,-33.14,0.94,33.90,103,831,184,0
0.42,0.94,-0.00,2.01,4.64,-30.46,1.03,30.87,81,839,188,0
0.43,0.89,0.05,4.03,3.66,-33.51,0.99,33.95,70,851,189,0
0.45,1.02,0.03,-1.89,4.88,-41.02,1.11,41.35,60,858,189,0
0.46,1.16,-0.00,-6.59,5.49,-56.15,1.25,56.80,47,871,185,0
0.51,0.79,-0.05,-1.83,2.69,-70.43,0.94,70.51,37,878,188,0
0.55,0.86,-0.06,1.95,-1.65,-62.44,1.02,62.49,32,878,189,0
0.61,1.48,-0.11,3.42,-8.48,-95.58,1.61,96.02,27,884,182,0
0.57,1.61,-0.13,16.78,-19.10,-158.45,1.71,160.47,21,882,165,0
0.53,1.43,0.09,14.28,-23.62,-213.93,1.53,215.70,13,875,147,0
0.63,1.52,0.20,10.31,-18.49,-236.88,1.66,237.82,7,875,115,0
0.67,0.64,-0.16,23.50,-9.22,-236.45,0.94,237.79,3,882,77,0
-0.22,0.02,-0.20,22.52,-30.70,-184.39,0.30,188.28,1,899,44,17
-1.30,-0.28,-0.52,14.47,-61.16,-52.80,1.43,82.08,0,0,21,16
-1.45,-0.17,-0.24,-9.34,-94.42,59.57,1.48,112.03,0,0,6,12
-1.18,0.37,0.21,-31.49,-28.75,138.79,1.25,145.20,0,0,6,13
0.02,0.84,-0.14,-34.48,21.12,187.56,0.85,191.87,0,0,7,13
0.57,0.77,0.01,-54.81,-12.94,177.73,0.96,186.44,0,0,8,9
0.62,0.99,0.49,-54.81,-47.49,162.23,1.27,177.70,0,0,8,8
0.80,1.04,0.54,-59.14,-31.31,139.34,1.42,154.58,0,0,8,6
0.93,1.06,0.62,-62.62,0.98,95.70,1.54,114.37,0,0,7,6
1.00,1.15,0.65,-59.27,26.12,57.43,1.66,86.56,0,0,6,4
1.17,1.14,0.49,-12.88,51.45,64.45,1.71,83.47,0,0,2,5
1.56,0.68,-0.20,45.29,50.96,100.16,1.71,121.16,0,0,2,5
1.66,0.44,-0.51,1.28,11.41,77.15,1.80,78.00,0,0,4,3
1.37,0.41,-0.34,-43.09,6.29,17.33,1.47,46.87,0,0,4,2
1.05,0.38,-0.11,-74.95,4.21,-2.20,1.12,75.10,0,0,4,3
0.87,0.83,0.17,-80.51,4.39,-4.52,1.22,80.75,0,0,5,1
0.78,0.81,0.18,-45.29,11.05,-12.45,1.14,48.25,1,873,7,0
0.64,0.64,0.37,-36.19,22.16,-17.58,0.98,45.93,1,864,9,0
0.66,0.74,0.37,-6.47,49.32,-20.32,1.06,53.73,1,865,11,0
0.95,0.59,-0.10,24.48,58.41,-67.20,1.13,92.34,2,858,12,0
0.74,0.40,0.48,192.63,2.38,74.89,0.97,206.69,10,880,99,5
-0.23,2.23,-0.23,-28.99,23.25,317.08,2.25,319.25,24,881,143,0
0.27,2.33,-0.64,-32.78,16.97,175.96,2.43,179.79,77,844,175,0
0.26,1.99,-0.36,-4.33,4.09,94.91,2.04,95.10,186,775,176,0
0.19,1.41,-0.05,14.22,-2.69,29.85,1.42,33.17,271,746,185,3
0.21,1.26,-0.09,8.97,-2.62,-7.14,1.28,11.76,247,751,186,6
0.21,0.94,-0.06,11.54,-4.15,-21.06,0.97,24.37,205,761,189,7
0.24,0.91,-0.11,18.31,-5.92,-13.18,0.95,23.33,190,771,187,6
0.19,1.08,0.01,22.40,-9.46,-19.59,1.10,31.23,179,774,188,7
0.24,0.70,0.04,14.47,-6.65,-35.71,0.74,39.09,197,772,182,15
0.26,0.99,-0.07,-14.47,1.53,-19.47,1.03,24.30,177,774,174,16
0.29,1.06,-0.14,-9.34,0.43,-23.44,1.11,25.23,183,773,180,15
0.28,0.91,-0.02,1.89,-2.32,-22.77,0.96,22.96,166,781,180,16
0.29,0.90,-0.02,3.91,-3.60,-18.13,0.94,18.89,152,791,178,15
0.29,0.95,-0.02,4.82,-3.91,-16.48,1.00,17.61,157,794,180,13
0.30,0.98,-0.01,5.13,-3.17,-17.64,1.03,18.64,133,803,178,11
0.30,0.94,0.01,6.77,-2.08,-20.08,0.98,21.29,122,807,175,10
0.31,0.92,0.01,5.92,-0.31,-20.94,0.97,21.76,109,815,179,7
0.33,0.92,0.01,5.00,0.61,-23.56,0.97,24.09,96,823,181,7
0.37,0.83,-0.07,7.63,1.65,-17.33,0.91,19.01,77,833,181,9
0.37,1.00,-0.05,16.05,-1.16,-11.66,1.06,19.87,70,843,180,9
0.35,0.94,0.05,23.19,-2.32,-19.47,1.01,30.37,61,852,183,8
0.36,1.07,0.05,16.24,0.31,-24.05,1.13,29.02,48,865,183,7
0.37,1.00,0.02,18.74,1.40,-34.00,1.07,38.84,38,876,173,10
0.42,0.82,-0.01,21.36,0.18,-34.55,0.92,40.62,27,881,179,9
0.46,0.92,-0.03,31.01,-6.29,-24.17,1.03,39.81,21,885,165,10
0.44,1.30,0.05,39.67,-10.80,-41.87,1.38,58.68,16,890,163,7
0.41,1.69,0.09,34.18,-11.60,-85.88,1.74,93.15,12,888,162,3
0.42,1.74,0.02,33.14,-12.45,-145.14,1.79,149.40,8,891,151,0
0.40,1.42,0.05,42.72,-17.70,-203.31,1.48,208.50,4,891,133,0
0.55,1.27,0.13,48.83,-21.00,-223.39,1.39,229.62,2,888,97,0
0.59,0.63,0.04,97.23,-23.86,-206.91,0.87,229.86,0,0,53,11
-1.16,-0.72,-0.65,52.98,-29.97,-78.55,1.51,99.37,0,0,22,19
-1.38,0.31,-0.37,-15.32,-7.32,59.27,1.47,61.65,0,0,9,14
-0.42,0.52,-0.43,-49.38,5.86,96.86,0.79,108.88,0,0,12,13
-0.07,0.65,-0.31,-32.90,-14.83,105.77,0.72,111.76,0,0,14,11
0.05,0.76,-0.20,-46.02,-49.68,116.15,0.79,134.45,0,0,15,9
0.15,0.80,-0.03,-63.78,-67.44,111.33,0.82,144.95,0,0,15,9
0.23,0.89,0.13,-81.79,-66.04,86.91,0.93,136.40,0,0,13,8
0.30,0.79,0.21,-98.69,-58.41,61.40,0.87,130.09,0,0,10,9
0.43,1.12,0.46,-128.78,-41.32,53.83,1.28,145.57,0,0,11,7
0.74,1.21,0.73,-121.58,-18.07,41.08,1.59,129.60,0,0,10,4
0.88,1.14,0.91,-98.08,36.68,3.48,1.70,104.78,0,0,7,7
1.30,0.91,0.56,-59.94,60.00,15.44,1.69,86.20,0,0,5,5
1.50,0.77,0.32,-35.34,48.22,21.12,1.72,63.40,0,0,6,3
1.25,0.93,0.67,-29.54,46.33,3.85,1.70,55.08,0,0,7,3
0.98,0.87,0.58,36.38,85.45,-17.03,1.44,94.42,0,0,9,2
0.93,0.53,0.03,77.39,127.99,-21.48,1.07,151.11,0,0,11,3
1.10,0.43,-0.24,72.51,146.00,-41.93,1.21,168.32,1,867,14,3
1.33,0.52,-0.16,47.91,108.83,-78.43,1.44,142.44,1,870,17,3
1.13,0.26,-0.11,27.10,11.23,-101.07,1.17,105.24,2,869,34,2
1.63,-1.34,-1.20,52.92,23.80,137.08,2.43,148.86,11,895,143,7
-0.37,2.39,0.39,-10.56,3.78,309.08,2.45,309.29,28,882,167,0
0.32,1.86,-0.40,1.59,10.56,133.97,1.93,134.40,70,844,178,0
0.25,1.70,-0.24,-22.34,3.17,84.84,1.73,87.79,160,784,185,0
0.17,1.68,-0.03,-25.27,2.56,56.76,1.69,62.19,221,756,183,0
0.27,1.52,-0.27,10.25,-0.06,6.53,1.57,12.16,224,759,189,0
0.22,1.19,-0.03,21.73,-6.16,-18.98,1.21,29.50,208,773,192,2
0.22,1.24,-0.00,18.86,-6.41,-46.39,1.26,50.48,139,797,183,1
0.25,0.91,0.02,11.78,-4.03,-54.63,0.95,56.03,104,819,188,0
0.27,0.84,0.01,1.89,-1.89,-50.23,0.88,50.30,79,830,176,0
0.31,0.86,-0.03,-2.87,-2.01,-45.04,0.91,45.18,71,843,181,0
0.34,0.80,-0.04,1.53,-3.17,-38.57,0.88,38.73,61,849,179,0
0.33,0.73,0.05,4.94,-5.37,-27.34,0.80,28.30,61,849,173,0
0.36,0.85,-0.02,-0.61,-4.15,-15.50,0.92,16.06,64,849,174,0
0.37,0.90,-0.02,5.31,-4.52,-11.96,0.98,13.85,61,848,174,0
0.37,0.91,0.04,8.54,-4.94,-11.60,0.98,15.23,66,845,176,0
0.36,0.90,0.02,5.68,-0.92,-9.40,0.97,11.02,69,846,175,0
0.41,0.79,-0.06,13.43,-1.95,-3.48,0.90,14.01,65,846,176,0
0.38,0.98,0.04,18.25,-6.29,-6.29,1.05,20.30,66,847,175,0
0.36,1.04,0.11,11.35,-2.99,-19.41,1.11,22.68,62,850,178,0
0.39,0.89,0.04,5.62,0.92,-27.77,0.97,28.35,53,860,177,2
0.44,0.75,-0.04,6.47,0.85,-25.15,0.87,25.98,47,866,175,5
0.40,1.11,0.10,1.71,0.43,-29.79,1.19,29.84,45,867,180,3
0.40,1.12,0.11,-6.10,6.71,-49.26,1.19,50.08,40,869,180,1
0.48,1.25,-0.05,-7.51,8.00,-77.39,1.34,78.17,35,876,184,0
0.53,0.98,-0.11,4.82,-1.40,-91.80,1.12,91.93,26,888,186,0
0.55,0.96,-0.06,13.18,-8.91,-96.86,1.11,98.16,21,888,180,0
0.56,1.25,0.03,16.60,-16.11,-111.45,1.37,113.83,17,890,173,0
0.50,1.26,0.21,14.47,-12.63,-147.95,1.37,149.19,12,884,160,0
0.58,0.89,0.21,3.72,-0.92,-175.78,1.08,175.82,7,882,136,0
0.60,0.54,0.24,12.51,7.39,-178.96,0.84,179.54,4,891,114,0
0.57,0.22,0.03,6.53,15.93,-147.83,0.61,148.83,3,895,99,0
0.67,0.34,0.14,-8.42,16.24,-132.57,0.76,133.82,3,894,94,0
0.86,0.51,0.18,-15.93,21.61,-121.77,1.02,124.69,3,895,89,2
0.92,0.49,0.07,-3.17,26.18,-105.47,1.04,108.72,2,889,72,4
0.93,0.51,-0.06,12.21,23.99,-90.45,1.06,94.37,2,892,52,8
0.89,0.30,-0.16,17.94,16.60,-80.20,0.95,83.84,1,898,35,14
0.65,-0.04,-0.23,3.66,5.80,-75.26,0.69,75.57,1,891,19,14
0.50,0.27,-0.10,-23.32,-13.67,-44.98,0.57,52.48,0,0,14,14
0.18,0.17,0.00,-24.05,-32.29,0.73,0.25,40.27,0,0,8,12
0.25,0.56,0.07,-30.27,-62.44,54.75,0.61,88.39,0,0,3,11
-0.10,0.41,0.18,22.03,-78.31,173.71,0.46,191.81,0,0,3,9
0.01,0.52,0.08,6.47,-61.10,183.96,0.53,193.95,0,0,3,7
-0.07,0.72,0.22,1.89,-20.63,142.15,0.76,143.65,0,0,0,9
0.15,0.51,-0.03,17.70,21.97,129.58,0.54,132.61,0,0,1,7
0.51,0.72,-0.18,1.89,28.56,146.97,0.90,149.73,0,0,0,8
0.86,0.67,-0.34,-8.54,7.26,149.72,1.14,150.14,0,0,0,7
1.02,0.87,-0.21,-38.64,-29.66,138.31,1.36,146.63,0,0,0,6
1.01,1.00,-0.04,-43.27,-55.42,117.55,1.42,136.98,0,0,0,6
0.88,0.90,0.03,-70.50,-50.42,82.82,1.26,119.88,0,0,1,7
1.00,1.09,0.03,-78.00,-23.13,63.42,1.48,103.16,0,0,1,4
1.19,1.00,-0.06,-81.30,-13.00,47.61,1.55,95.11,0,0,2,5
1.20,0.86,0.02,-89.66,-22.71,45.72,1.47,103.17,0,0,1,5
1.19,0.82,0.17,-87.34,-31.68,44.19,1.46,102.88,0,0,1,3
1.09,0.76,0.29,-84.96,-33.14,26.31,1.36,94.91,0,0,2,1
0.98,0.85,0.39,-75.81,-13.61,1.65,1.36,77.04,0,0,3,2
0.88,0.77,0.37,-40.16,10.86,-10.07,1.22,42.81,0,0,4,2
0.71,0.69,0.38,-0.92,34.91,-7.57,1.06,35.73,0,0,4,1
0.67,0.68,0.15,44.01,73.18,-14.16,0.96,86.56,0,0,6,0
0.76,0.67,-0.01,47.79,88.26,-42.72,1.01,109.08,0,0,11,0
0.59,0.61,0.08,53.65,75.99,-62.99,0.85,112.34,1,871,11,0
0.22,0.78,0.43,126.10,-19.35,-7.63,0.91,127.80,2,876,52,0
0.47,-0.14,-0.10,20.87,2.01,189.64,0.50,190.79,9,894,144,0
-0.23,3.38,0.18,-28.56,-2.20,267.15,3.39,268.68,19,881,161,0
0.23,1.27,0.05,56.46,-9.70,120.97,1.29,133.85,43,848,173,0
0.23,1.23,0.14,20.51,-1.77,55.66,1.26,59.35,76,814,180,0
0.25,1.24,-0.08,-5.49,7.63,11.47,1.27,14.83,81,811,186,1
0.27,1.16,-0.10,-6.53,4.39,-6.41,1.19,10.15,97,804,185,3
0.23,0.92,0.03,-3.85,1.40,-16.05,0.95,16.57,98,806,186,3
0.26,1.07,-0.06,-12.27,3.36,-14.22,1.11,19.08,98,808,186,1
0.27,1.08,-0.07,-1.28,0.18,-22.34,1.12,22.38,83,824,190,0
0.25,0.96,0.02,4.09,-2.81,-27.59,0.99,28.03,64,843,179,0
0.26,0.93,0.03,-3.05,-1.10,-29.48,0.96,29.66,49,857,184,0
0.30,0.96,-0.05,-5.49,-0.12,-28.14,1.00,28.67,40,866,181,0
0.32,0.91,-0.06,5.68,-3.42,-22.95,0.97,23.89,35,869,178,0
0.32,0.86,-0.01,12.88,-5.43,-15.44,0.92,20.83,32,872,171,0
0.32,0.88,0.00,15.99,-5.98,-8.91,0.94,19.26,30,870,170,0
0.33,0.88,0.02,17.09,-5.92,-4.27,0.94,18.58,28,871,177,1
0.32,0.86,0.05,13.06,-4.70,-0.49,0.92,13.89,29,865,169,0
0.31,0.85,0.07,9.09,-3.05,6.10,0.91,11.37,28,864,175,1
0.32,0.95,0.03,11.54,-3.23,10.38,1.00,15.85,29,861,168,0
0.29,0.92,0.08,15.87,-5.49,10.07,0.97,19.58,30,858,175,0
0.32,0.79,0.09,17.27,-4.58,11.41,0.86,21.20,31,853,174,2
0.27,1.00,0.11,7.81,-3.42,19.90,1.04,21.65,35,857,168,6
0.30,1.14,0.09,11.29,-3.11,14.95,1.18,18.99,36,851,176,6
0.25,1.14,0.15,13.49,-2.50,-2.08,1.17,13.87,36,853,173,7
0.28,1.21,0.11,7.02,0.79,-21.91,1.24,23.02,35,861,180,8
0.32,1.24,0.02,7.14,1.89,-42.66,1.28,43.30,27,881,180,10
0.33,1.11,0.02,16.42,-1.10,-59.94,1.16,62.15,21,889,172,9
0.33,0.81,0.12,20.87,-5.37,-61.52,0.88,65.19,18,893,172,8
0.37,0.68,0.15,18.19,-3.23,-49.19,0.79,52.55,17,894,167,10
0.44,1.09,0.10,10.56,-2.81,-45.53,1.18,46.82,16,894,166,8
0.35,1.63,0.28,11.17,-2.44,-88.32,1.69,89.05,14,895,168,3
0.30,1.36,0.26,8.24,2.20,-143.55,1.42,143.81,10,891,163,0
0.38,1.22,0.06,9.58,3.72,-181.40,1.28,181.69,5,884,148,0
0.49,0.39,0.09,24.96,0.92,-185.49,0.63,187.16,2,885,142,0
0.57,0.23,0.19,20.57,0.85,-164.31,0.64,165.59,2,892,127,0
0.61,0.51,0.22,9.40,0.98,-142.27,0.82,142.59,2,890,117,0
0.80,0.65,0.15,15.38,2.01,-131.59,1.04,132.50,1,891,107,0
0.86,0.69,0.13,20.45,3.42,-123.78,1.11,125.50,1,891,90,0
0.59,0.45,0.20,14.34,1.65,-107.97,0.77,108.93,1,893,66,7
-0.87,0.28,-0.48,-44.19,-25.02,62.07,1.03,80.20,0,0,31,11
-0.65,0.66,0.15,-48.16,-58.47,108.58,0.94,132.39,0,0,10,8
-0.26,1.12,0.27,-25.27,-37.41,99.37,1.18,109.14,0,0,10,9
0.13,0.29,-0.21,5.98,-47.24,93.57,0.39,104.99,0,0,11,9
0.07,0.69,0.23,-38.39,-66.59,99.37,0.73,125.62,0,0,10,8
0.12,0.60,0.27,-36.07,-36.07,96.44,0.67,109.10,0,0,8,8
0.41,0.70,0.14,-46.26,-1.40,91.25,0.82,102.32,0,0,4,6
0.78,0.97,0.12,-51.09,-16.72,67.44,1.25,86.24,0,0,3,8
0.83,0.78,0.09,-50.60,-43.09,49.93,1.14,83.12,0,0,0,8
0.76,0.82,0.21,-67.08,-39.25,61.46,1.14,99.08,0,0,0,8
0.97,0.88,0.17,-65.37,-12.33,79.53,1.32,103.68,0,0,0,6
1.19,0.91,0.17,-62.07,-2.81,78.19,1.51,99.87,0,0,0,7
1.09,0.76,0.27,-57.31,1.83,58.23,1.36,81.72,0,0,0,6
1.00,0.92,0.37,-65.06,17.58,37.29,1.41,77.03,0,0,0,6
1.00,0.97,0.37,-52.86,29.42,29.11,1.44,67.13,0,0,1,6
1.09,0.95,0.23,-23.44,23.62,27.83,1.47,43.38,0,0,1,5
1.01,0.77,0.00,-15.56,5.13,19.47,1.27,25.45,0,0,2,5
0.75,0.79,0.05,-23.99,1.22,6.65,1.09,24.92,0,0,1,4
0.60,0.87,0.11,-27.34,16.42,-8.36,1.06,32.97,0,0,1,4
0.54,0.82,0.07,-18.49,30.82,-16.54,0.99,39.57,0,0,1,5
0.54,0.82,0.01,-18.86,36.99,-14.22,0.98,43.89,0,0,3,4
0.61,0.90,0.03,-16.72,36.01,-11.17,1.09,41.25,0,0,4,2
0.60,0.75,0.01,-8.91,35.16,-27.40,0.96,45.46,0,0,6,2
0.46,0.69,0.02,-14.83,61.52,-50.54,0.83,80.99,0,0,7,1
0.61,0.85,0.05,10.68,76.35,-69.58,1.05,103.85,1,867,11,1
0.65,0.52,-0.05,35.03,58.04,-97.23,0.83,118.53,1,867,11,4
-0.23,0.93,0.65,46.69,-9.58,-72.45,1.16,86.72,2,868,41,6
1.19,-1.10,-0.60,102.72,14.47,16.17,1.73,104.99,12,888,127,6
0.09,1.34,-0.45,12.08,4.88,264.40,1.42,264.73,27,887,157,0
0.38,1.55,-0.59,21.61,7.39,168.58,1.70,170.12,52,871,170,0
0.14,1.41,0.05,26.92,-6.04,132.51,1.42,135.35,117,808,183,0
0.14,1.30,0.11,16.54,-4.82,83.86,1.31,85.61,201,769,187,0
0.21,1.34,-0.17,20.81,-4.94,51.15,1.37,55.44,260,753,179,0
0.15,1.09,0.05,24.84,-8.97,26.37,1.11,37.32,272,738,185,0
0.13,1.29,0.12,-4.46,-2.08,12.76,1.30,13.67,336,730,183,0
0.18,1.06,-0.01,-4.82,0.92,-8.24,1.07,9.59,272,741,181,0
0.21,0.98,-0.05,-4.52,1.40,-13.37,1.00,14.18,227,751,176,0
0.18,0.90,0.01,-1.77,-0.98,-17.64,0.91,17.75,194,753,174,0
0.18,0.77,0.06,-11.66,0.37,-14.71,0.79,18.77,179,754,169,0
0.20,0.96,-0.06,-25.02,5.55,-4.64,0.98,26.05,219,756,164,0
0.22,0.98,-0.13,-5.07,1.16,-2.01,1.02,5.57,208,753,163,0
0.20,0.92,-0.04,3.30,-0.85,0.98,0.95,3.54,209,752,165,1
0.19,0.94,-0.02,-0.79,-0.37,5.68,0.96,5.74,216,735,168,1
0.18,1.03,0.00,-6.47,1.28,7.81,1.05,10.22,336,728,163,1
0.19,1.06,-0.07,-1.77,1.04,5.49,1.08,5.86,316,719,173,2
0.19,1.07,-0.07,5.13,-0.12,1.16,1.09,5.26,284,719,172,4
0.19,1.08,-0.09,12.63,-2.26,-7.51,1.10,14.87,269,730,170,3
0.19,0.96,-0.00,18.80,-3.97,-17.46,0.98,25.96,284,743,176,5
0.21,0.82,0.00,12.63,-1.16,-8.06,0.85,15.03,209,752,176,7
0.20,1.09,-0.03,11.90,-1.34,-2.56,1.11,12.25,188,760,177,6
0.21,1.14,-0.01,22.03,-4.15,-11.90,1.16,25.38,165,775,174,7
0.20,1.13,0.03,23.38,-3.66,-26.25,1.15,35.34,147,786,176,8
0.21,1.01,0.07,21.06,-1.59,-36.32,1.03,42.01,105,806,176,10
0.26,0.80,0.02,17.58,0.31,-37.11,0.84,41.06,81,827,175,12
0.29,0.72,0.02,16.05,0.18,-24.84,0.77,29.58,59,843,172,12
0.32,1.11,-0.03,19.10,-1.95,-12.70,1.16,23.02,52,846,171,15
0.27,1.43,0.06,28.87,-5.31,-49.26,1.46,57.34,41,863,167,11
0.17,1.26,0.32,20.39,5.80,-95.52,1.31,97.84,31,873,171,9
0.30,1.33,0.09,-3.54,16.24,-127.20,1.36,128.28,21,885,174,7
0.40,1.48,-0.06,-3.85,14.28,-162.11,1.53,162.78,14,890,162,2
0.41,1.05,-0.09,18.49,3.91,-185.30,1.13,186.26,7,887,152,1
0.54,0.82,0.04,33.81,-5.49,-183.11,0.98,186.28,3,886,127,0
0.55,0.77,0.08,62.01,-9.09,-169.31,0.95,180.54,2,892,100,0
0.68,0.71,0.13,78.80,-5.43,-146.79,0.99,166.69,1,889,70,2
0.77,0.58,0.12,85.57,-5.92,-118.90,0.97,146.61,0,0,42,10
-0.30,-0.80,-0.57,27.53,-23.56,19.23,1.03,41.02,0,0,17,13
-0.29,0.53,-0.16,-2.38,-34.00,49.32,0.62,59.95,0,0,10,12
-0.19,0.47,-0.19,-22.77,-23.56,56.09,0.54,64.96,0,0,11,11
-0.11,0.54,-0.03,-26.18,-23.80,57.98,0.55,67.93,0,0,12,14
-0.10,0.54,0.04,-31.62,-25.70,61.22,0.55,73.54,0,0,12,9
-0.12,0.55,0.09,-37.48,-24.54,69.82,0.57,82.96,0,0,15,11
-0.05,0.64,0.11,-48.16,-19.96,84.72,0.65,99.47,0,0,13,9
0.09,0.75,0.13,-56.95,-22.71,93.87,0.77,112.12,0,0,14,10
0.42,0.80,0.12,-64.70,-37.84,79.77,0.91,109.46,0,0,11,9
0.48,0.96,0.22,-73.24,-65.73,75.13,1.10,123.82,0,0,10,8
0.61,1.06,0.42,-91.06,-81.73,82.52,1.29,147.59,0,0,8,7
0.77,1.08,0.55,-97.72,-66.28,44.74,1.43,126.27,0,0,7,9
0.82,1.13,0.71,-98.82,-30.09,-3.48,1.56,103.35,0,0,4,6
0.76,1.00,0.74,-84.41,10.68,-13.49,1.46,86.15,0,0,0,7
0.83,1.09,0.63,-49.44,47.97,6.96,1.51,69.24,0,0,0,6
1.00,0.99,0.29,-10.31,58.35,28.44,1.44,65.73,0,0,1,6
1.10,0.75,-0.03,15.01,41.20,30.21,1.33,53.25,0,0,2,3
1.10,0.67,-0.11,-16.91,14.22,5.37,1.30,22.74,0,0,3,3
0.96,0.94,0.09,-19.84,13.00,-5.25,1.35,24.29,0,0,3,6
0.89,0.80,0.04,-6.53,25.94,-5.92,1.20,27.40,0,0,1,2
0.79,0.70,0.07,0.06,42.54,-11.35,1.06,44.03,0,0,6,3
0.75,0.96,0.22,6.65,57.37,-33.57,1.24,66.80,0,0,5,3
0.67,0.68,0.10,34.61,55.18,-66.35,0.96,92.97,0,0,4,5
0.52,0.66,0.07,34.42,54.99,-67.57,0.84,93.67,0,0,6,4
0.53,1.28,0.45,62.56,47.55,-79.04,1.46,111.45,2,880,39,1
1.59,-1.17,-1.46,-23.68,29.48,125.00,2.45,130.59,7,899,130,5
0.21,2.44,0.10,-24.96,-4.52,239.38,2.45,240.72,16,890,158,0
0.36,0.91,-0.20,49.87,-8.12,122.01,1.00,132.06,44,863,175,0
0.09,0.99,0.28,-28.26,1.77,91.13,1.04,95.42,123,797,179,0
0.25,1.42,-0.23,-51.33,19.47,72.02,1.46,90.56,194,766,184,0
0.21,1.27,-0.12,-14.16,8.24,37.41,1.29,40.84,249,746,180,0
0.22,1.18,-0.15,1.04,2.14,13.61,1.21,13.82,304,739,182,0
0.22,1.07,-0.14,26.31,-4.09,-0.67,1.10,26.63,260,748,179,0
0.19,1.11,-0.05,31.25,-9.83,-12.45,1.13,35.05,250,770,187,0
0.17,1.06,0.05,20.75,-7.87,-26.61,1.07,34.65,177,790,184,0
0.20,1.05,-0.01,4.70,-3.78,-39.25,1.07,39.71,148,807,177,0
0.24,0.98,-0.04,3.66,-4.21,-48.16,1.01,48.48,116,823,173,0
0.29,0.90,-0.09,7.81,-6.59,-47.36,0.95,48.45,93,838,164,0
0.31,0.80,-0.08,18.55,-13.12,-42.30,0.86,48.02,86,839,160,0
0.26,0.74,0.16,16.72,-13.98,-28.20,0.80,35.64,85,845,160,0
0.28,0.82,0.11,11.29,-7.57,-10.93,0.87,17.44,85,840,161,0
0.36,0.91,0.01,7.81,-3.30,-0.55,0.98,8.50,85,843,167,0
0.31,0.74,0.03,5.68,-2.20,13.12,0.80,14.47,97,836,166,0
0.32,0.91,0.00,3.85,-1.65,23.86,0.96,24.23,93,833,167,0
0.26,1.01,0.03,11.60,-3.30,24.35,1.04,27.17,95,828,173,0
0.24,1.03,0.13,9.58,-2.69,14.34,1.07,17.46,120,822,172,0
0.25,0.99,0.11,2.20,0.98,7.75,1.03,8.12,106,826,173,0
0.29,0.99,-0.03,2.20,5.62,3.60,1.04,7.02,88,843,174,0
0.27,1.17,0.01,15.38,-0.37,3.54,1.20,15.79,77,846,170,2
0.20,1.07,0.23,15.08,-0.85,-6.35,1.11,16.38,62,846,172,0
0.24,1.05,0.12,-10.62,12.57,-27.53,1.08,32.07,57,859,166,1
0.33,0.87,-0.03,-4.46,11.47,-32.78,0.93,35.01,44,868,176,3
0.35,0.93,-0.05,10.93,3.60,-18.49,1.00,21.78,36,875,170,6
0.34,1.04,0.04,29.11,-1.34,-12.39,1.09,31.67,29,881,169,9
0.33,1.58,0.14,19.96,-1.77,-32.90,1.62,38.52,24,875,161,8
0.30,2.12,0.10,-0.24,0.18,-98.33,2.14,98.33,17,886,159,0
0.15,2.26,0.09,-1.53,-1.04,-199.95,2.27,199.96,10,890,150,0
0.31,1.73,0.12,32.53,3.54,-287.23,1.76,289.09,3,886,116,1
-0.09,-0.16,0.53,99.91,14.95,-192.75,0.56,217.62,0,0,53,18
-1.33,-0.45,-0.19,12.15,30.76,-18.74,1.42,38.01,0,0,28,19
-0.98,-0.00,-0.35,8.18,64.15,39.37,1.04,75.71,0,0,12,17
-0.22,0.29,-0.25,-21.85,53.47,88.56,0.44,105.73,0,0,15,16
0.13,0.63,-0.16,13.00,7.75,105.41,0.66,106.49,0,0,17,13
0.38,0.91,-0.17,29.79,-44.13,110.90,1.00,123.02,0,0,16,13
0.46,0.82,-0.14,28.81,-81.18,104.98,0.95,135.80,0,0,13,10
0.39,0.78,0.06,-9.34,-77.21,75.32,0.87,108.26,0,0,11,8
0.31,0.97,0.39,-49.87,-34.48,44.86,1.09,75.42,0,0,8,10
0.67,0.95,0.23,-28.44,-9.83,72.45,1.18,78.45,0,0,8,8
0.93,1.01,0.28,-49.44,-40.10,52.43,1.40,82.47,0,0,7,7
0.81,0.89,0.28,-50.54,-45.47,8.79,1.24,68.55,0,0,6,7
0.62,0.87,0.28,-62.68,-19.71,-9.70,1.11,66.42,0,0,4,6
0.71,0.84,0.17,-61.58,8.79,-5.07,1.12,62.41,0,0,4,6
0.86,0.88,0.21,-70.13,9.89,-0.06,1.25,70.82,0,0,2,5
0.86,0.94,0.37,-59.08,-6.29,2.01,1.33,59.45,0,0,0,3
0.77,1.00,0.42,-39.98,-12.39,10.80,1.33,43.23,0,0,3,5
0.81,0.96,0.37,-24.17,2.08,7.02,1.31,25.25,0,0,3,4
0.85,0.96,0.23,-22.28,3.23,-8.00,1.31,23.89,0,0,2,2
0.73,1.11,0.28,-10.80,2.50,-10.56,1.36,15.31,0,0,3,3
0.63,1.05,0.17,21.85,13.85,-3.85,1.24,26.16,0,0,2,3
0.62,0.73,-0.09,36.56,33.45,-3.17,0.96,49.65,0,0,3,2
0.61,0.69,-0.15,16.97,44.56,-13.92,0.93,49.67,0,0,5,2
0.56,0.75,-0.07,-0.37,48.34,-25.39,0.94,54.60,0,0,5,3
0.57,0.73,-0.05,9.83,41.44,-27.16,0.93,50.52,0,0,10,1
0.55,0.50,-0.14,15.50,20.57,-27.10,0.76,37.39,0,0,14,0
0.56,0.54,-0.16,-12.27,1.83,-63.42,0.79,64.62,1,864,17,0
-0.19,1.46,0.45,-11.72,-13.67,-78.25,1.54,80.29,2,879,46,0
1.03,-1.28,-0.91,8.91,25.02,97.35,1.88,100.91,12,891,135,0
-0.38,2.82,-0.05,-101.68,16.17,285.28,2.85,303.29,51,861,155,0
0.33,1.33,-0.57,-28.50,42.54,116.88,1.48,127.61,182,811,170,0
0.39,1.47,-0.56,-13.43,17.33,68.54,1.62,71.96,227,774,176,0
0.20,1.29,-0.12,17.64,-1.77,41.20,1.31,44.85,236,612,182,0
0.21,1.13,-0.14,23.50,-6.23,14.95,1.16,28.54,314,725,185,0
0.24,0.90,-0.20,39.37,-9.16,9.34,0.96,41.48,323,726,189,2
0.21,1.01,-0.10,46.69,-12.88,12.27,1.03,49.96,263,726,185,0
0.19,0.99,0.00,47.79,-17.76,0.98,1.01,50.99,392,729,183,0
0.17,1.01,0.06,25.33,-14.34,-8.00,1.03,30.19,320,735,183,0
0.18,0.98,0.08,0.06,-4.76,-15.44,1.00,16.16,274,739,183,0
0.19,0.98,-0.02,-10.86,-0.67,-19.84,1.00,22.63,261,750,174,0
0.24,0.90,-0.07,-7.39,-0.49,-17.09,0.94,18.62,238,758,177,0
0.27,0.86,-0.10,-1.83,-3.30,-10.93,0.90,11.56,289,762,173,0
0.24,0.87,-0.04,1.95,-5.55,-2.14,0.90,6.26,238,758,175,0
0.23,0.99,-0.04,5.43,-3.66,0.24,1.02,6.56,238,757,174,0
0.22,0.95,0.01,7.93,-3.17,-2.56,0.97,8.92,274,761,169,0
0.22,0.95,0.05,6.41,-0.73,-3.91,0.98,7.54,250,760,171,0
0.23,1.04,-0.02,1.34,0.98,-3.85,1.06,4.19,221,769,177,0
0.27,1.15,-0.04,10.13,0.37,-12.08,1.18,15.77,190,780,176,0
0.22,1.03,0.05,14.34,-0.79,-24.78,1.06,28.64,157,794,179,0
0.26,0.76,0.01,4.46,4.52,-24.66,0.81,25.46,132,815,170,0
0.27,1.02,-0.03,-1.04,2.50,-15.26,1.06,15.50,111,821,176,0
0.25,0.95,0.07,5.98,1.40,-21.12,0.98,21.99,103,827,176,0
0.28,1.03,0.02,-4.09,6.59,-29.60,1.06,30.60,96,836,173,0
0.32,0.93,-0.04,-1.53,6.53,-33.75,0.98,34.41,75,853,175,0
0.36,0.92,-0.09,9.70,1.53,-23.74,0.99,25.69,58,860,172,1
0.31,1.06,0.07,23.68,-4.70,-25.15,1.10,34.86,53,864,175,1
0.30,1.17,0.10,9.40,-1.16,-44.80,1.21,45.79,52,873,182,0
0.31,1.25,0.11,-6.35,3.78,-69.95,1.29,70.34,41,881,177,0
0.39,1.58,-0.00,-20.20,7.63,-104.86,1.62,107.06,32,886,177,0
0.42,1.69,-0.09,-18.19,1.04,-175.90,1.75,176.84,23,888,178,0
0.37,1.31,0.03,-0.92,-2.50,-225.46,1.36,225.48,15,878,161,0
0.48,0.97,0.08,19.17,-0.73,-239.62,1.09,240.39,8,880,132,0
0.63,0.95,0.00,49.99,2.81,-228.94,1.14,234.35,5,887,107,0
0.51,0.43,-0.16,53.47,4.52,-208.07,0.69,214.88,2,880,68,0
0.72,0.47,-0.07,28.69,-0.55,-190.67,0.86,192.82,1,891,44,8
0.81,0.22,-0.14,48.65,-6.47,-150.21,0.86,158.02,0,0,18,16
-0.34,-1.21,-0.73,73.49,-22.03,-44.86,1.45,88.87,0,0,8,21
0.51,0.54,-0.39,2.38,-155.15,103.27,0.84,186.39,0,0,0,15
-0.68,0.51,0.19,-2.87,-96.92,139.53,0.87,169.91,0,0,0,11
-0.37,0.15,-0.11,-19.71,-1.89,128.72,0.41,130.24,0,0,2,12
-0.18,0.46,0.01,-59.75,50.54,128.91,0.49,150.80,0,0,5,8
0.22,0.75,0.08,-52.06,67.44,129.70,0.78,155.18,0,0,4,8
0.49,0.75,0.06,-19.96,38.76,122.62,0.90,130.14,0,0,4,6
0.57,0.66,0.06,-6.59,2.08,116.52,0.87,116.72,0,0,5,6
0.59,0.78,0.15,-10.74,-1.10,109.74,0.99,110.27,0,0,0,7
0.66,0.89,0.14,-15.50,10.19,93.75,1.11,95.57,0,0,0,4
0.87,0.99,0.03,-18.07,32.35,71.29,1.31,80.34,0,0,0,3
1.10,1.12,-0.19,-19.23,28.44,55.54,1.58,65.30,0,0,0,4
1.18,1.10,-0.24,-23.56,15.75,51.70,1.63,58.95,0,0,0,5
1.28,0.94,-0.24,-33.45,9.28,63.60,1.61,72.45,0,0,0,4
1.43,0.93,-0.20,-55.48,-6.04,61.16,1.71,82.79,0,0,0,2
1.33,0.96,-0.01,-63.78,-33.51,31.43,1.64,78.61,0,0,1,2
1.05,0.83,0.06,-59.81,-46.14,1.40,1.33,75.56,0,0,1,2
0.79,0.73,0.11,-62.56,-39.61,-3.54,1.08,74.13,0,0,1,1
0.65,0.75,0.22,-55.30,-14.59,-6.90,1.02,57.60,0,0,3,0
0.51,0.87,0.29,-37.41,14.40,-21.85,1.05,45.66,0,0,5,0
0.52,0.72,0.09,-9.28,47.06,-33.45,0.89,58.47,0,0,7,0
0.66,0.64,-0.10,-6.59,68.66,-42.66,0.93,81.11,0,0,7,0
0.86,0.78,-0.05,-8.12,63.42,-62.93,1.16,89.71,1,868,8,0
-0.22,1.47,0.63,51.51,-46.26,-72.51,1.62,100.26,4,876,46,0
1.39,-0.94,-0.67,108.95,-10.31,80.02,1.81,135.57,20,895,129,3
-0.13,2.33,0.12,52.37,3.72,302.86,2.34,307.37,57,847,149,0
0.12,1.48,-0.11,47.91,-1.83,139.77,1.49,147.77,195,752,164,0
0.17,1.46,-0.00,13.06,-1.83,61.83,1.47,63.22,222,732,178,0
0.19,1.45,-0.07,9.34,-2.81,7.32,1.46,12.20,225,733,177,0
0.26,1.00,-0.10,18.01,-5.92,-20.51,1.03,27.93,275,734,184,1
0.21,0.46,0.07,5.80,-2.44,-0.92,0.51,6.36,346,729,182,3
0.19,0.62,0.00,-12.39,1.28,44.01,0.65,45.74,292,717,173,0
0.20,1.88,-0.26,-25.94,4.82,55.73,1.91,61.66,420,699,170,2
0.13,1.11,0.04,23.86,-6.59,13.18,1.12,28.05,342,691,167,0
0.14,0.85,0.04,8.36,-1.77,0.24,0.87,8.55,342,687,158,5
0.15,0.95,-0.04,-14.77,3.85,8.36,0.97,17.40,384,685,151,9
0.15,1.16,-0.06,1.28,-0.61,-5.37,1.17,5.56,416,688,157,12
0.15,1.02,-0.01,6.53,-2.50,-16.36,1.03,17.79,388,703,155,9
0.17,0.99,-0.00,1.83,-2.08,-19.35,1.00,19.55,342,723,163,6
0.18,1.02,-0.04,4.70,-1.83,-21.97,1.04,22.54,289,733,164,1
0.18,0.99,-0.00,8.97,-2.38,-26.25,1.01,27.84,240,747,164,1
0.20,0.93,0.01,8.42,-1.77,-27.95,0.95,29.25,190,758,167,2
0.20,0.94,0.04,2.38,-0.85,-28.20,0.96,28.31,214,766,171,0
0.23,0.90,-0.02,-2.32,0.67,-28.87,0.93,28.97,179,773,166,0
0.25,0.82,0.00,-3.72,-0.12,-20.14,0.86,20.48,192,773,172,0
0.26,1.04,-0.02,-5.55,-0.43,-17.27,1.07,18.15,192,773,175,0
0.26,1.15,-0.01,-1.77,-1.40,-27.83,1.18,27.92,174,773,170,0
0.26,0.97,0.02,5.80,-0.61,-40.41,1.01,40.82,175,782,176,1
0.31,0.89,-0.05,7.20,0.67,-36.62,0.95,37.33,146,797,178,1
0.33,1.00,-0.04,16.48,-1.89,-28.81,1.05,33.24,123,807,174,2
0.34,1.12,0.02,25.76,-5.25,-31.37,1.17,40.93,106,816,174,1
0.30,1.26,0.00,26.06,-5.00,-62.26,1.29,67.68,79,835,167,1
0.36,0.97,0.08,20.81,-2.20,-77.51,1.04,80.29,62,851,174,2
0.38,1.26,0.08,5.31,-0.18,-93.99,1.32,94.14,46,863,169,0
0.40,1.76,0.02,-7.32,-0.92,-139.22,1.80,139.42,36,872,173,0
0.31,1.53,0.18,-7.26,-0.24,-209.23,1.57,209.35,24,878,160,0
0.36,0.83,0.12,-19.59,5.74,-240.48,0.92,241.34,14,876,138,0
0.54,0.94,-0.06,-38.64,6.16,-232.97,1.09,236.23,10,880,120,0
0.64,0.85,-0.14,-21.30,-4.39,-223.27,1.07,224.32,7,888,103,5
0.38,0.64,-0.11,10.62,-15.01,-197.63,0.75,198.49,6,890,79,12
-0.03,-0.15,-0.33,-9.58,-28.81,-151.37,0.37,154.38,4,882,52,17
-0.45,0.25,-0.10,-43.64,-51.09,-111.45,0.53,130.14,2,882,27,16
-1.55,-0.09,-0.12,-60.49,-8.18,7.26,1.56,61.47,0,0,10,16
-0.36,0.65,0.03,-51.39,-8.54,115.91,0.74,127.08,0,0,4,16
0.20,0.46,-0.36,7.20,-20.75,226.81,0.62,227.87,0,0,5,10
0.59,0.69,-0.36,-21.73,-54.44,254.94,0.98,261.60,0,0,2,8
0.72,0.99,-0.08,-35.46,-91.06,206.67,1.23,228.61,0,0,1,4
0.53,0.71,0.12,-17.64,-90.82,141.11,0.89,168.74,0,0,0,7
0.49,0.58,0.20,-35.10,-12.63,126.59,0.79,131.97,0,0,0,7
0.86,0.78,0.12,-45.53,37.23,119.57,1.17,133.25,0,0,0,6
1.27,0.91,-0.03,-55.66,45.53,91.92,1.57,116.71,0,0,1,4
1.19,0.94,0.08,-48.16,25.45,57.25,1.52,79.02,0,0,2,4
0.97,0.77,0.08,-38.94,33.08,46.02,1.24,68.76,0,0,2,3
1.06,0.81,0.06,-46.81,63.84,40.34,1.34,88.85,0,0,4,3
1.25,0.83,0.06,-52.92,64.76,12.94,1.50,84.62,0,0,3,2
0.96,0.83,0.25,-50.84,41.26,-8.61,1.30,66.04,0,0,3,3
0.88,0.91,0.31,-25.39,62.56,-1.46,1.31,67.53,0,0,6,1
1.34,0.50,-0.14,19.04,95.95,-23.44,1.44,100.59,1,866,8,0
1.38,0.45,0.10,-2.99,59.45,-79.22,1.46,99.09,1,866,7,1
0.93,0.55,0.40,3.23,19.35,-94.91,1.15,96.92,1,866,10,4
-0.37,0.68,0.97,176.27,-39.25,13.73,1.24,181.11,5,873,48,0
0.84,-0.19,-0.64,81.97,10.13,194.09,1.07,210.93,23,889,139,0
-0.06,2.51,-0.01,45.23,-2.87,257.02,2.51,260.98,51,853,155,0
0.04,1.93,0.28,33.26,-10.50,138.43,1.95,142.75,168,784,169,0
0.17,1.50,0.11,17.58,-1.89,72.33,1.51,74.46,195,766,179,0
0.20,1.48,-0.15,15.32,-3.42,20.63,1.50,25.92,197,764,184,0
0.20,1.04,0.09,11.66,-3.36,-2.56,1.06,12.40,277,758,188,0
0.31,0.69,-0.03,5.19,2.56,0.49,0.76,5.81,179,765,184,3
0.22,1.17,-0.04,4.46,-2.01,26.67,1.19,27.12,213,765,180,1
0.18,1.32,0.06,26.06,-7.14,7.51,1.34,28.05,170,768,181,0
0.16,1.02,0.12,24.41,-4.21,-12.45,1.04,27.73,133,779,177,0
0.19,0.87,0.11,8.30,0.79,-16.48,0.90,18.47,99,795,176,0
0.24,0.82,0.02,0.18,2.99,-11.23,0.86,11.62,76,808,167,0
0.22,0.87,0.03,5.62,-0.85,-2.01,0.90,6.03,68,811,162,0
0.20,0.82,0.08,8.12,-2.08,6.35,0.85,10.51,64,814,166,0
0.22,0.81,0.06,8.24,-1.89,17.15,0.84,19.12,72,806,153,0
0.18,0.97,0.08,3.91,-2.26,27.71,0.99,28.07,76,804,158,0
0.18,1.20,0.07,-0.61,-1.22,13.92,1.21,13.98,93,798,165,2
0.17,1.06,0.12,3.60,-1.34,-5.07,1.08,6.36,94,797,167,2
0.17,1.05,0.09,-4.27,2.26,-15.38,1.07,16.12,92,802,173,2
0.20,1.04,0.04,-2.81,3.54,-20.08,1.06,20.58,81,814,165,3
0.21,1.12,0.05,5.07,2.38,-30.94,1.14,31.45,66,827,172,2
0.21,1.08,0.10,11.11,2.44,-43.82,1.11,45.28,49,841,171,2
0.24,0.83,0.09,10.31,3.17,-50.29,0.87,51.44,37,860,172,3
0.29,0.82,0.04,8.91,1.83,-40.28,0.87,41.30,31,868,165,3
0.29,1.00,0.08,10.62,-0.79,-29.72,1.04,31.57,29,869,171,3
0.31,0.88,0.12,10.50,0.12,-31.01,0.94,32.74,28,869,166,5
0.32,1.09,0.07,2.01,2.87,-34.97,1.14,35.15,26,873,175,4
0.34,1.16,0.12,7.69,2.32,-46.94,1.22,47.62,23,877,169,5
0.35,1.26,0.07,10.01,1.59,-67.32,1.31,68.08,18,884,170,4
0.35,1.21,0.17,4.03,0.18,-106.81,1.27,106.89,15,888,165,3
0.37,1.96,0.02,-6.90,-0.37,-164.31,1.99,164.45,11,890,158,0
0.34,1.64,0.03,14.40,-6.10,-230.71,1.68,231.24,6,879,137,0
0.46,1.30,0.00,32.84,-8.91,-243.96,1.39,246.32,3,884,110,0
-0.00,-0.19,-0.28,68.18,-10.50,-208.56,0.34,219.67,1,892,69,7
-0.40,0.24,-0.16,7.26,-35.46,-136.84,0.50,141.55,0,0,37,10
-0.87,0.07,-0.26,-10.01,-43.70,-52.19,0.91,68.80,0,0,14,11
-0.43,-0.33,-0.28,25.88,-25.51,3.97,0.61,36.56,0,0,10,12
-0.12,0.54,-0.07,-45.10,-9.89,99.24,0.56,109.46,0,0,9,9
0.40,0.61,-0.14,-46.20,-29.24,117.80,0.74,129.87,0,0,4,11
0.32,0.83,0.12,-57.74,-66.96,126.10,0.90,154.01,0,0,4,8
0.26,0.80,0.36,-70.98,-68.79,121.52,0.91,156.65,0,0,1,8
0.41,0.96,0.53,-86.73,-30.94,96.07,1.17,133.08,0,0,0,7
0.59,1.10,0.44,-93.38,2.69,59.20,1.32,110.60,0,0,2,6
0.97,1.03,0.35,-78.74,4.46,32.35,1.45,85.24,0,0,1,5
