-,-,-
0.08,0.99,0.01,-0.85,-0.24,-0.79,0.99,1.19,196,589,113,106
0.08,0.99,0.01,-0.85,-0.24,-0.79,0.99,1.19,207,591,110,103
0.08,0.99,0.01,-0.92,-0.31,-0.79,0.99,1.25,177,592,112,107
0.08,0.99,0.01,-0.79,-0.18,-0.79,0.99,1.14,214,591,110,102
0.08,0.99,0.01,-0.92,-0.24,-0.79,0.99,1.24,186,591,111,107
0.08,0.99,0.01,-0.67,-0.18,-0.79,1.00,1.06,216,589,107,104
0.08,0.99,0.01,-1.16,-0.24,-0.73,1.00,1.39,162,590,112,106
0.08,0.99,0.01,-0.98,-0.12,-0.79,0.99,1.26,205,590,109,107
0.08,0.99,0.01,-0.79,-0.24,-0.85,0.99,1.19,177,591,110,107
0.08,0.98,0.01,-0.98,-0.24,-0.92,0.98,1.36,205,588,111,105
0.08,0.99,0.01,-1.04,-0.18,-0.92,1.00,1.40,178,589,111,107
0.08,0.99,0.01,-0.73,-0.06,-0.92,0.99,1.17,204,588,109,105
0.08,0.98,0.01,-1.04,-0.06,-0.98,0.99,1.43,194,582,111,112
0.08,0.98,0.01,-2.08,-0.12,-1.22,0.99,2.41,227,584,114,121
0.08,0.99,0.01,-2.99,-0.12,-1.16,0.99,3.21,219,575,114,126
0.08,0.99,0.00,-2.08,-0.24,-1.22,1.00,2.42,243,571,114,130
0.08,0.99,0.01,-1.59,-0.24,-1.10,0.99,1.95,508,567,111,135
0.08,0.99,0.01,0.00,-0.31,-1.10,0.99,1.14,373,565,114,141
0.08,0.99,0.01,-0.31,-0.18,-0.98,0.99,1.04,257,560,117,139
0.08,0.99,0.01,-0.06,-0.24,-0.92,1.00,0.95,259,560,114,144
0.08,0.99,0.01,0.18,-0.18,-0.92,0.99,0.95,274,558,113,145
0.08,0.99,0.01,0.49,-0.31,-0.67,0.99,0.88,274,561,107,143
0.08,0.99,0.01,0.43,-0.18,-0.61,0.99,0.77,240,558,106,146
0.08,0.99,0.01,0.79,-0.37,-0.67,0.99,1.10,214,561,102,149
0.08,0.99,0.01,0.49,-0.24,-0.67,0.99,0.87,240,561,96,147
0.07,0.99,0.01,-0.37,-0.06,-0.61,0.99,0.71,212,562,98,145
0.08,1.00,0.01,0.31,-0.79,-0.06,1.00,0.85,173,574,94,143
0.08,0.99,0.01,1.71,-0.85,0.24,1.00,1.93,125,586,89,135
0.08,0.99,0.02,1.95,-1.16,0.18,0.99,2.28,75,601,79,121
0.07,0.98,0.02,-1.71,-1.34,-0.98,0.98,2.38,65,637,81,98
0.08,1.11,-0.05,12.15,-8.97,-11.90,1.11,19.23,38,716,86,19
0.13,1.09,0.06,57.37,-7.02,-64.45,1.10,86.57,21,766,94,2
0.09,1.40,0.12,9.03,-8.12,-89.29,1.41,90.12,9,775,90,1
0.16,1.57,0.05,19.78,-4.58,-112.24,1.58,114.06,3,800,68,7
0.20,1.59,-0.07,32.90,-13.12,-104.25,1.61,110.10,1,798,44,12
-0.51,0.48,-0.34,66.16,-11.78,-81.05,0.77,105.29,1,806,17,14
-0.74,0.49,-0.27,30.33,26.00,-37.11,0.93,54.53,0,0,12,14
-0.37,0.66,-0.30,-26.61,52.61,7.26,0.82,59.41,1,821,11,14
-0.20,0.61,-0.24,-26.67,47.85,24.11,0.69,59.85,0,0,12,11
-0.15,0.85,-0.10,-30.88,19.78,44.86,0.86,57.94,0,0,11,13
0.07,0.84,-0.06,-24.17,-3.54,49.99,0.85,55.64,0,0,9,10
0.10,0.85,-0.01,-24.29,-19.59,45.47,0.86,55.15,0,0,10,12
0.11,0.95,0.07,-33.39,-22.16,31.07,0.96,50.70,0,0,6,8
0.14,1.01,0.12,-35.03,-9.52,17.33,1.03,40.23,0,0,7,9
0.26,1.06,0.09,-37.90,13.67,8.91,1.09,41.27,0,0,7,8
0.42,1.07,0.01,-46.57,35.58,-11.84,1.15,59.79,0,0,6,10
0.52,1.07,-0.02,-47.36,47.24,-29.30,1.19,73.03,0,0,6,7
0.59,0.88,-0.08,-34.06,41.02,-12.45,1.06,54.75,0,0,7,5
0.64,0.76,-0.09,-31.68,23.80,8.54,0.99,40.53,0,0,7,4
0.66,0.75,0.00,-33.51,6.35,11.84,1.00,36.10,0,0,9,3
0.62,0.77,0.16,-31.19,1.34,-1.04,1.00,31.24,0,0,11,5
0.60,0.77,0.25,-13.37,11.05,-11.35,1.00,20.73,0,0,10,5
0.63,0.72,0.21,9.22,23.99,-17.21,0.98,30.93,0,0,9,5
0.68,0.67,0.11,24.72,26.61,-24.35,0.96,43.73,0,0,9,5
0.67,0.67,0.04,27.47,17.21,-34.67,0.95,47.46,0,0,10,6
0.56,0.80,0.04,25.27,5.68,-49.26,0.97,55.65,0,0,10,5
0.45,0.77,-0.08,38.82,3.48,-56.09,0.90,68.30,0,0,10,5
0.46,0.71,-0.14,30.88,3.60,-66.28,0.86,73.21,0,0,11,6
0.50,0.77,-0.12,18.07,5.19,-86.98,0.92,88.98,0,0,15,6
-0.14,1.82,0.93,104.80,10.01,-10.56,2.04,105.80,7,885,83,4
0.07,0.24,-0.90,-3.23,10.68,250.18,0.94,250.43,46,805,142,0
0.18,0.94,-0.41,97.96,0.92,178.28,1.04,203.43,180,744,148,2
-1.34,3.99,0.67,8.67,0.49,151.92,4.27,152.16,366,639,153,69
-0.11,1.44,-0.12,2.14,-2.38,-3.60,1.44,4.82,316,608,152,125
0.11,0.88,-0.02,-5.98,-0.73,-2.56,0.89,6.55,418,613,146,123
0.08,1.01,0.01,-0.92,-0.37,-1.16,1.02,1.52,692,605,151,125
0.08,0.98,0.03,-0.06,0.00,0.73,0.98,0.73,497,608,149,126
0.07,0.99,0.02,-1.04,0.49,2.44,0.99,2.70,314,619,140,122
0.07,0.99,0.02,-1.95,0.31,2.56,0.99,3.24,257,629,130,122
0.07,0.99,0.02,-2.69,0.24,1.22,0.99,2.96,284,639,121,113
0.07,0.99,0.02,-1.71,0.24,0.67,0.99,1.85,226,643,124,115
0.07,0.99,0.03,-0.61,0.12,-0.06,0.99,0.63,171,653,121,115
0.07,0.99,0.02,1.40,-0.43,-0.61,1.00,1.59,184,660,121,116
0.06,1.00,0.02,2.50,-0.98,-0.92,1.00,2.84,165,666,125,111
0.07,0.99,0.03,4.39,-1.16,-1.22,0.99,4.71,154,680,133,111
0.07,1.02,0.02,5.43,-1.40,-1.71,1.02,5.87,123,693,134,103
0.07,1.00,0.04,8.12,-2.93,-4.94,1.00,9.95,95,723,134,90
0.07,1.00,0.03,10.50,-3.78,-8.97,1.00,14.32,72,757,136,67
0.08,1.09,0.02,12.02,-4.76,-14.65,1.10,19.54,62,788,140,44
0.11,1.26,-0.01,56.76,-4.33,-37.66,1.26,68.26,49,801,151,30
0.03,1.08,0.27,80.93,0.24,-59.02,1.12,100.17,45,810,152,22
0.12,1.37,0.22,25.45,3.91,-54.32,1.40,60.12,39,814,158,22
0.15,1.35,0.18,26.06,8.67,-73.00,1.37,77.99,33,831,158,23
0.13,1.53,0.24,23.25,14.77,-108.89,1.55,112.32,21,857,165,21
0.14,1.65,0.14,16.85,21.00,-155.03,1.67,157.35,12,869,159,18
0.17,1.43,0.12,17.52,17.82,-196.72,1.44,198.30,6,879,146,12
0.16,1.27,0.06,24.35,8.91,-226.20,1.28,227.68,3,881,123,8
0.18,0.85,0.13,48.34,2.81,-234.80,0.88,239.74,1,890,92,8
0.26,0.52,0.13,79.47,8.67,-208.56,0.60,223.35,1,893,71,10
0.25,-0.32,-0.32,-10.68,-7.87,-141.36,0.52,141.98,0,0,50,11
-0.19,0.14,-0.15,-29.60,-33.63,-106.57,0.28,115.60,0,0,33,16
-1.02,0.44,-0.09,-23.93,-50.11,-36.25,1.12,66.32,0,0,15,14
-0.34,-0.48,-0.13,39.31,-40.53,-13.98,0.61,58.16,0,0,7,18
-0.50,0.56,0.08,-80.08,-45.59,106.20,0.76,140.61,0,0,8,16
-0.19,0.72,0.24,-63.23,-29.85,180.11,0.79,193.21,0,0,7,15
0.32,0.97,0.26,-73.97,-8.42,180.79,1.06,195.52,0,0,7,13
0.62,1.23,0.34,-45.65,-26.43,153.02,1.42,161.85,0,0,9,11
0.50,1.06,0.31,-37.17,-36.25,128.54,1.22,138.63,0,0,10,11
0.56,1.10,0.20,-48.03,-5.37,108.34,1.25,118.63,0,0,8,9
0.79,1.19,0.14,-66.71,11.47,54.20,1.43,86.72,0,0,7,9
0.85,1.15,0.13,-70.37,23.74,6.04,1.43,74.52,0,0,6,7
0.76,0.96,0.15,-77.70,36.68,-2.08,1.23,85.95,0,0,4,7
0.85,0.90,0.23,-79.71,52.31,15.75,1.26,96.63,0,0,7,6
1.10,0.96,0.29,-71.66,51.88,36.38,1.49,95.65,0,0,6,4
1.25,0.92,0.26,-47.24,28.02,32.71,1.58,63.93,0,0,7,4
1.12,0.75,0.20,-30.82,0.31,1.22,1.37,30.85,0,0,5,4
0.91,0.57,0.34,-28.50,-3.05,14.65,1.12,32.19,0,0,9,6
0.89,0.68,0.37,-9.22,12.88,2.50,1.18,16.03,0,0,8,5
1.00,0.57,0.23,6.96,28.50,-26.12,1.17,39.28,0,0,9,2
1.18,0.54,0.04,8.97,27.65,-61.58,1.30,68.10,0,0,15,1
1.22,0.41,-0.00,8.18,14.89,-111.15,1.29,112.44,0,0,17,0
0.44,-2.05,0.05,307.68,26.49,126.34,2.10,333.66,10,890,118,0
-0.42,3.87,0.64,-19.35,9.46,312.56,3.94,313.30,42,844,157,0
0.08,1.26,0.14,120.24,-29.60,140.81,1.27,187.51,93,790,159,0
0.19,0.78,0.95,16.42,-15.69,83.62,1.24,86.65,141,751,167,25
0.10,1.33,-0.09,-62.01,17.94,41.02,1.34,76.48,254,667,158,93
0.11,0.86,0.07,8.18,-0.24,2.50,0.87,8.56,277,657,152,108
0.08,1.03,0.01,-8.00,2.14,6.23,1.04,10.36,257,640,146,114
0.09,1.00,0.01,0.92,-0.18,3.54,1.00,3.66,176,647,144,121
0.07,0.98,0.03,1.65,-0.61,3.17,0.99,3.63,116,678,135,124
0.08,0.96,-0.01,-0.12,-0.31,3.05,0.97,3.07,62,707,131,125
0.08,0.99,0.02,-1.22,0.61,2.08,1.00,2.48,44,723,122,123
0.07,1.00,0.01,-0.67,-0.67,-1.10,1.00,1.45,39,733,119,116
0.07,1.00,0.01,0.43,-0.43,-1.83,1.00,1.93,41,738,127,112
0.08,1.00,0.02,2.56,-1.40,-3.91,1.00,4.88,43,744,135,103
0.08,0.98,0.03,4.09,-2.38,-6.59,0.98,8.11,46,749,132,93
0.08,1.00,0.02,4.15,-2.14,-6.29,1.00,7.83,44,757,142,81
0.08,0.98,0.03,5.43,-1.95,-6.41,0.98,8.63,42,770,144,68
0.09,0.98,0.03,4.03,-1.04,-5.43,0.99,6.84,43,780,146,61
0.09,1.00,0.03,3.54,-0.98,-4.94,1.00,6.16,39,792,147,55
0.09,1.09,0.00,5.68,-1.28,-7.63,1.10,9.60,34,807,151,48
0.10,0.95,0.05,12.70,-0.92,-5.31,0.96,13.79,28,829,143,47
0.11,1.03,0.05,10.93,-0.67,-3.11,1.03,11.38,18,846,147,47
0.10,1.13,0.02,20.39,-2.32,-12.02,1.14,23.78,15,859,141,40
0.11,1.06,0.05,31.07,-3.60,-18.80,1.07,36.49,13,853,146,34
0.14,0.92,0.07,37.48,-4.27,-22.89,0.94,44.12,13,853,140,28
0.13,1.12,0.16,33.69,-4.21,-26.25,1.14,42.91,15,844,149,24
0.12,1.07,0.18,44.98,0.18,-39.67,1.09,59.98,20,831,153,19
0.12,1.31,0.22,16.78,0.67,-45.84,1.33,48.82,24,826,151,20
0.15,1.01,0.25,2.62,5.62,-66.65,1.05,66.94,32,816,164,17
0.23,1.63,0.12,-20.57,17.46,-87.52,1.65,91.59,36,816,168,15
0.19,1.94,0.10,-20.94,21.79,-147.52,1.95,150.58,24,851,163,13
0.09,1.57,0.16,-13.73,17.09,-211.98,1.59,213.11,13,863,156,9
0.16,0.93,0.10,-7.57,10.99,-247.74,0.95,248.10,7,883,141,4
0.35,0.56,-0.02,7.39,4.46,-238.59,0.66,238.74,4,891,123,1
0.56,0.48,-0.05,20.08,-7.08,-210.75,0.73,211.83,3,892,112,2
0.62,0.62,-0.08,30.21,-13.85,-175.29,0.88,178.42,2,899,96,2
0.39,0.42,-0.33,-4.58,-41.32,-116.21,0.66,123.42,1,893,71,8
-0.38,0.12,-0.29,-15.14,-74.95,-70.74,0.49,104.17,1,896,43,8
-0.57,0.58,0.14,-7.51,-73.36,-37.78,0.82,82.86,0,0,17,7
-0.80,-0.07,-0.04,-23.68,-25.63,-32.10,0.81,47.42,0,0,7,9
-0.49,0.58,0.23,-87.95,31.43,-0.37,0.80,93.40,0,0,3,9
-0.21,0.66,0.20,-48.65,87.65,84.66,0.73,131.21,0,0,0,7
0.42,0.66,-0.14,-27.89,89.60,161.93,0.80,187.15,0,0,2,7
0.67,0.97,0.02,-33.57,41.08,189.88,1.18,197.15,0,0,1,5
0.73,0.97,0.14,-14.89,12.57,176.27,1.22,177.34,0,0,3,6
0.77,0.90,-0.07,-18.13,10.86,150.76,1.19,152.23,0,0,3,7
0.96,1.21,0.05,-20.26,7.14,134.28,1.55,135.99,0,0,4,6
1.02,1.20,-0.03,-27.83,1.04,107.97,1.58,111.51,0,0,4,5
1.00,1.10,-0.05,-37.29,-6.16,82.09,1.49,90.38,0,0,4,6
1.07,1.09,-0.11,-51.94,-17.21,67.38,1.53,86.80,0,0,4,3
1.02,1.04,-0.01,-65.55,-36.93,65.25,1.46,99.59,0,0,4,3
0.93,1.11,0.18,-62.26,-44.56,65.19,1.46,100.55,0,0,4,3
0.82,0.98,0.19,-40.53,-39.73,51.57,1.29,76.69,0,0,6,4
0.74,0.87,0.04,-21.36,-28.63,30.40,1.14,46.90,0,0,7,2
0.63,0.70,-0.00,-22.52,-18.49,19.23,0.94,34.91,0,0,5,3
0.58,0.75,0.12,-24.72,-0.67,8.73,0.95,26.22,0,0,6,1
0.58,0.77,0.14,-11.17,24.17,-3.91,0.97,26.91,0,0,8,2
0.64,0.71,0.06,5.37,46.39,-18.74,0.96,50.32,0,0,6,0
0.75,0.66,0.00,17.88,60.18,-39.12,1.00,73.97,0,0,8,1
0.96,0.88,0.05,25.51,63.29,-78.19,1.31,103.78,0,0,9,0
0.86,0.45,0.06,42.42,57.31,-133.54,0.97,151.39,0,0,10,2
0.16,2.10,0.94,39.86,-13.18,-24.29,2.30,48.50,3,884,48,0
-0.42,2.46,0.49,-74.34,-20.45,219.73,2.54,232.86,13,886,122,0
0.12,0.89,0.27,130.98,-27.10,153.99,0.93,203.97,36,823,146,1
-0.12,0.81,0.68,83.80,-30.76,120.91,1.06,150.29,61,796,150,11
-0.45,-0.57,0.54,-73.36,-6.41,108.03,0.91,130.75,85,756,148,60
-0.05,-1.00,0.70,254.03,-24.84,-2.32,1.22,255.25,127,697,147,110
0.09,1.18,-0.07,12.76,-2.38,-5.68,1.18,14.16,175,681,157,99
0.09,0.91,0.04,-10.44,-0.73,-3.97,0.92,11.19,248,663,154,94
0.09,1.03,-0.00,-0.06,-0.18,-1.83,1.03,1.84,314,660,161,89
0.10,0.97,0.02,-0.79,0.43,0.67,0.98,1.12,212,677,162,83
0.09,0.98,0.02,-2.38,1.16,2.62,0.98,3.73,186,703,156,78
0.09,0.98,0.02,-3.72,1.95,4.82,0.98,6.40,135,726,146,73
0.08,0.99,0.01,-4.03,1.89,5.80,0.99,7.31,85,740,143,75
0.07,0.99,0.01,-3.30,1.46,5.19,0.99,6.32,62,747,135,76
0.07,0.99,0.01,-2.56,1.28,3.66,0.99,4.65,56,744,131,80
0.07,0.99,0.01,-2.08,1.04,2.01,0.99,3.07,60,738,128,81
0.07,1.00,0.01,-0.43,0.79,0.49,1.00,1.02,61,732,127,85
0.07,0.99,0.01,1.77,0.24,-0.43,0.99,1.84,61,730,131,91
0.07,0.99,0.01,2.56,-0.06,-0.06,0.99,2.56,54,730,126,92
0.07,0.99,0.01,4.15,-0.06,-0.12,1.00,4.15,35,741,122,100
0.07,0.98,0.02,4.94,-0.73,-0.67,0.99,5.04,28,749,119,102
0.08,1.00,0.02,3.60,-1.22,-1.83,1.00,4.22,24,762,122,96
0.07,1.04,0.01,6.29,-2.56,-5.25,1.04,8.58,22,783,120,85
0.07,1.02,0.03,12.94,-5.07,-12.76,1.02,18.86,22,801,131,63
0.09,1.22,0.03,18.98,-6.10,-22.34,1.23,29.94,26,810,138,42
0.07,1.44,-0.01,61.58,-4.39,-56.64,1.44,83.79,30,814,147,29
0.23,0.46,-0.06,88.38,4.82,-77.15,0.52,117.41,27,816,150,22
0.15,1.20,0.16,38.02,8.42,-99.67,1.22,107.01,19,841,160,17
0.16,1.42,0.11,23.62,11.54,-130.49,1.43,133.11,12,860,161,17
0.14,1.53,0.27,16.91,12.70,-160.77,1.56,162.15,7,873,158,12
0.09,1.59,0.19,8.30,14.59,-208.13,1.61,208.81,3,877,138,11
0.12,1.34,-0.03,19.23,7.75,-249.27,1.35,250.13,1,888,113,5
0.18,0.87,0.05,79.83,-0.49,-240.42,0.90,253.33,1,893,79,9
-0.05,-0.24,-0.34,93.02,10.07,-199.10,0.42,219.98,0,0,55,11
-0.60,0.21,-0.12,-20.39,-3.17,-127.14,0.65,128.80,0,0,30,14
-1.60,0.53,-0.20,-8.79,10.74,-54.50,1.70,56.24,0,0,10,15
-0.57,-0.56,-0.56,-5.07,22.58,-0.12,0.97,23.14,0,0,6,17
-0.32,0.75,-0.02,-79.77,-16.11,126.71,0.81,150.59,0,0,3,13
0.03,0.71,0.14,-68.73,-23.32,153.93,0.73,170.18,0,0,6,11
0.21,0.77,0.35,-77.88,-1.65,145.14,0.87,164.72,0,0,5,11
0.43,0.94,0.40,-81.24,37.84,133.91,1.11,161.13,0,0,0,11
0.77,1.04,0.20,-80.69,69.64,121.03,1.31,161.27,0,0,0,7
1.05,1.33,0.07,-78.92,59.27,85.75,1.70,130.75,0,0,1,6
1.04,1.17,0.06,-26.43,29.97,58.29,1.57,70.67,0,0,3,4
1.14,1.01,-0.06,-8.91,21.55,74.10,1.52,77.68,0,0,0,5
1.40,0.94,-0.20,-11.78,8.67,98.14,1.69,99.23,0,0,3,5
1.39,0.90,-0.23,-21.85,-28.02,93.93,1.67,100.43,0,0,3,5
1.15,0.84,-0.11,-34.67,-60.55,72.88,1.43,100.89,0,0,4,3
0.96,0.78,-0.02,-42.91,-65.98,51.76,1.23,94.20,0,0,5,2
0.84,0.78,0.07,-54.08,-45.41,23.19,1.15,74.33,0,0,6,0
0.85,0.76,0.10,-43.46,-10.93,-24.84,1.14,51.23,0,0,6,0
0.92,0.74,0.18,-9.83,16.36,-41.63,1.19,45.79,0,0,10,2
0.86,0.61,0.25,10.99,21.24,-73.49,1.09,77.28,0,0,9,3
0.84,0.62,0.20,24.48,21.85,-92.96,1.06,98.58,0,0,10,3
-0.60,2.26,1.11,38.88,1.83,-113.65,2.59,120.13,2,886,38,0
1.16,0.23,-2.35,71.72,67.93,284.85,2.63,301.49,17,892,134,0
-0.04,2.21,-0.65,34.73,-2.99,251.28,2.31,253.69,100,776,156,0
0.22,2.55,-0.13,2.08,-9.58,184.20,2.57,184.46,348,669,159,26
0.38,0.80,0.48,126.89,-3.36,30.94,1.01,130.65,220,579,161,138
0.08,1.29,-0.09,-19.04,2.08,0.85,1.30,19.17,275,587,146,139
0.09,0.96,-0.00,-2.99,1.28,1.40,0.97,3.54,298,584,136,141
0.09,1.05,-0.02,-2.44,-0.31,2.93,1.05,3.83,249,596,123,140
0.08,0.97,0.01,0.37,-0.85,3.42,0.97,3.54,240,611,118,139
0.07,0.98,0.01,-1.40,-0.73,2.50,0.98,2.96,185,619,101,131
0.08,0.99,-0.00,-3.05,-0.55,0.49,0.99,3.14,171,615,93,130
0.07,1.01,-0.01,-2.26,-0.06,-0.98,1.01,2.46,261,609,88,133
0.09,0.98,0.00,-0.43,0.12,-1.22,0.98,1.30,237,604,92,136
0.08,1.00,-0.00,1.40,0.06,-1.10,1.00,1.78,316,600,95,142
0.08,0.99,0.00,2.08,0.00,-1.10,0.99,2.35,229,599,98,144
0.08,0.98,0.01,0.43,0.06,-1.16,0.99,1.24,286,598,107,143
0.08,0.99,0.01,-1.65,0.00,-1.16,0.99,2.02,343,594,115,137
0.08,0.99,0.00,-3.54,-0.06,-1.71,0.99,3.93,349,595,121,131
0.08,1.01,-0.01,-4.52,-1.10,-2.32,1.02,5.19,408,600,125,103
0.08,1.04,-0.02,1.34,-3.78,-5.07,1.04,6.46,282,628,141,61
0.08,0.96,0.01,8.73,-6.65,-12.88,0.96,16.92,232,663,147,36
0.09,0.99,0.00,8.61,-5.37,-12.82,0.99,16.35,245,686,148,27
0.10,0.99,0.02,10.93,-4.33,-13.73,1.00,18.08,208,695,157,19
0.11,1.08,0.01,19.23,-4.39,-20.14,1.09,28.19,201,715,161,17
0.11,1.14,0.06,21.61,-3.48,-29.72,1.14,36.91,164,739,159,15
0.11,1.17,0.10,21.85,-1.89,-42.85,1.18,48.13,155,752,166,16
0.14,1.23,0.10,14.47,-0.85,-55.91,1.25,57.76,120,769,165,14
0.15,1.24,0.11,11.29,2.14,-77.27,1.26,78.12,106,787,169,16
0.18,1.29,0.10,4.52,7.32,-101.44,1.30,101.80,77,814,166,16
0.22,1.42,0.06,-1.65,10.19,-129.15,1.44,129.56,52,825,175,11
0.17,1.57,0.11,-7.39,10.74,-182.01,1.58,182.47,26,862,171,4
0.15,1.26,0.08,-13.61,11.72,-231.14,1.27,231.84,13,876,150,3
0.21,0.98,0.22,-10.25,16.24,-242.43,1.03,243.19,6,884,136,0
-0.19,1.32,0.71,45.47,24.84,-211.49,1.51,217.74,4,892,111,0
-0.42,-0.46,-0.51,160.40,67.26,-143.19,0.81,225.29,2,889,72,11
-0.47,-0.44,-0.99,28.38,41.02,-71.47,1.18,87.16,1,885,39,13
-0.85,-0.01,-0.56,22.46,-27.10,17.64,1.02,39.37,0,0,8,15
-0.46,0.13,-0.02,-5.80,-80.38,73.12,0.48,108.82,0,0,10,13
-0.05,0.85,0.42,-17.64,-55.91,133.97,0.95,146.24,0,0,9,11
0.30,0.81,0.30,-6.53,-32.96,122.38,0.91,126.90,0,0,8,13
0.43,0.98,0.20,-7.51,-20.14,110.05,1.09,112.13,0,0,8,13
0.41,0.95,0.14,-11.96,-3.72,97.66,1.05,98.46,0,0,8,11
0.49,0.95,0.06,-29.91,28.93,85.57,1.07,95.15,0,0,7,11
0.59,0.95,-0.02,-46.33,44.31,61.65,1.12,88.94,0,0,6,9
0.74,1.23,0.04,-51.39,35.28,37.48,1.43,72.73,0,0,7,7
0.81,1.03,-0.05,-39.06,15.08,21.73,1.32,47.17,0,0,5,6
0.83,0.94,-0.10,-51.94,-1.95,26.98,1.25,58.56,0,0,6,6
0.89,0.91,-0.06,-57.31,-6.77,69.58,1.27,90.40,0,0,6,7
1.09,0.92,-0.06,-51.03,-13.31,88.07,1.43,102.65,0,0,6,4
1.10,0.84,0.04,-49.74,-24.90,71.59,1.38,90.67,0,0,7,2
1.07,0.73,0.08,-47.30,-24.35,49.50,1.30,72.67,0,0,8,4
1.09,0.65,0.03,-37.66,-20.75,38.88,1.27,57.97,0,0,9,2
1.12,0.51,-0.10,-33.57,-23.32,18.19,1.23,44.74,0,0,10,2
1.09,0.52,0.03,-56.95,-24.29,-26.73,1.21,67.44,0,0,11,0
1.09,0.83,0.33,-46.69,-20.75,-60.85,1.41,79.46,0,0,12,0
1.06,0.50,0.12,11.84,-22.52,-101.62,1.18,104.76,0,0,13,0
0.51,-1.27,0.48,388.79,18.98,114.20,1.45,405.66,8,890,86,0
-0.77,3.38,1.21,-16.60,-10.07,272.64,3.68,273.33,35,833,147,0
0.01,0.29,0.40,149.96,-19.23,163.70,0.49,222.83,74,788,157,5
-0.40,3.98,-1.53,-176.21,2.62,122.56,4.29,214.66,162,680,153,111
0.11,1.51,-0.03,-22.22,-8.12,-5.07,1.51,24.19,132,670,154,136
0.08,1.06,-0.04,-32.65,3.23,1.16,1.06,32.83,120,672,146,131
0.09,1.08,-0.05,-4.27,0.31,-1.59,1.09,4.57,108,687,139,123
0.08,0.96,0.03,4.88,-1.53,-0.73,0.96,5.17,75,708,136,119
0.08,0.98,0.01,0.73,-1.22,-0.85,0.98,1.66,67,719,143,111
0.08,0.97,0.01,-0.55,-0.31,-0.12,0.98,0.64,55,722,140,114
0.07,1.00,0.01,-2.20,0.31,0.85,1.00,2.38,61,716,140,113
0.07,0.99,0.01,-2.50,0.18,0.37,0.99,2.54,67,713,142,111
0.07,1.00,0.01,-0.92,-0.37,-0.24,1.00,1.02,67,712,135,110
0.07,0.98,0.01,1.46,-0.67,-1.04,0.99,1.92,62,724,133,108
0.07,0.99,0.01,2.87,-0.79,-0.55,0.99,3.03,46,735,137,110
0.07,0.99,0.01,3.42,-0.37,-0.18,0.99,3.44,33,746,132,108
0.07,1.00,0.01,3.54,-0.49,-0.49,1.00,3.61,26,761,134,105
0.07,0.97,0.02,2.50,-1.16,-2.50,0.98,3.72,30,757,127,103
0.07,0.99,0.02,1.46,-1.28,-4.15,0.99,4.58,46,730,133,97
0.08,0.98,0.03,0.61,-1.89,-5.31,0.99,5.67,83,701,138,81
0.07,1.04,-0.00,0.61,-3.78,-9.77,1.05,10.49,122,685,143,61
0.09,1.02,0.01,6.65,-6.59,-20.32,1.03,22.38,135,692,152,37
0.10,1.40,-0.08,11.35,-7.87,-28.75,1.41,31.90,147,712,157,24
0.15,1.25,-0.02,37.78,-8.06,-38.82,1.26,54.76,142,736,156,19
0.07,1.34,0.20,59.33,-3.30,-62.13,1.36,85.97,118,756,169,17
0.13,1.47,0.17,27.89,4.94,-84.53,1.48,89.15,89,780,164,16
0.18,1.54,0.05,21.24,11.17,-126.65,1.55,128.90,50,808,171,14
0.14,1.59,0.23,14.40,8.85,-160.64,1.61,161.53,24,835,169,13
0.03,1.54,0.22,6.04,14.40,-206.54,1.55,207.13,11,866,155,7
0.04,1.24,0.08,3.54,16.17,-241.88,1.24,242.45,5,881,128,0
-0.07,0.80,0.21,66.89,18.01,-235.53,0.83,245.51,3,894,98,9
-0.23,-0.29,-0.31,91.92,32.71,-190.98,0.48,214.46,1,890,63,12
-0.61,0.19,-0.22,16.30,15.50,-120.79,0.68,122.86,0,0,36,14
-0.94,-0.16,-0.22,59.88,-5.00,-72.20,0.98,93.93,0,0,9,13
-0.58,-0.16,-0.14,5.43,-37.17,22.71,0.62,43.89,0,0,9,15
-0.32,0.59,0.14,-35.95,-26.98,133.00,0.68,140.39,0,0,8,12
0.10,0.75,0.13,-32.47,1.65,148.44,0.77,151.96,0,0,5,10
0.31,0.95,0.15,-31.62,17.15,141.36,1.02,145.86,0,0,5,11
0.53,1.08,0.09,-34.12,25.88,131.65,1.21,138.44,0,0,4,9
0.69,1.21,0.07,-35.83,36.68,117.80,1.39,128.47,0,0,3,8
0.78,1.18,-0.01,-38.88,48.46,99.67,1.42,117.45,0,0,6,8
0.85,1.21,-0.10,-48.65,53.04,66.96,1.48,98.30,0,0,6,4
1.08,1.15,-0.23,-61.04,36.44,48.34,1.59,85.96,0,0,5,5
1.16,1.12,-0.23,-59.75,5.86,47.73,1.63,76.70,0,0,5,5
1.19,0.83,-0.24,-51.09,-27.59,65.25,1.47,87.34,0,0,5,3
1.11,0.79,-0.09,-67.87,-51.39,79.16,1.37,116.25,0,0,5,3
1.01,0.84,0.13,-73.91,-52.61,51.33,1.32,104.24,0,0,8,1
0.92,0.74,0.31,-62.93,-29.97,16.66,1.22,71.66,0,0,7,0
0.95,0.83,0.34,-25.45,1.34,-6.29,1.30,26.25,0,0,8,0
0.99,0.49,0.14,12.21,24.05,-36.93,1.11,45.73,0,0,9,1
0.89,0.53,0.19,21.36,27.40,-56.95,1.05,66.71,0,0,8,1
0.83,0.60,0.15,37.84,38.76,-78.67,1.04,95.52,0,0,10,2
0.95,0.43,-0.06,33.63,32.65,-106.69,1.04,116.53,0,0,13,4
0.85,-0.35,0.69,197.57,-7.81,38.27,1.15,201.39,6,893,85,1
-0.19,1.49,-0.29,-31.56,6.16,271.79,1.53,273.68,23,875,148,0
-0.10,1.34,0.14,22.58,2.62,219.79,1.35,220.96,101,770,151,0
0.56,4.00,-0.81,-1.28,1.83,184.33,4.12,184.34,397,661,155,50
-0.06,1.12,0.16,55.66,-13.49,0.79,1.13,57.28,362,604,149,121
0.09,0.94,-0.01,-2.14,-1.10,-3.97,0.95,4.64,323,609,149,109
0.09,0.97,-0.01,-1.89,-2.14,-3.72,0.98,4.69,325,610,148,104
0.09,1.00,-0.00,1.16,0.00,0.85,1.00,1.44,304,609,156,98
0.08,0.98,0.01,0.55,0.06,1.89,0.99,1.97,364,625,152,103
0.08,0.99,0.00,-0.49,0.18,1.04,1.00,1.16,268,638,153,93
0.08,0.99,0.00,-1.16,0.06,-0.55,0.99,1.28,314,647,149,88
0.08,0.99,0.00,-1.40,0.43,-0.61,0.99,1.59,265,655,148,86
0.08,0.99,-0.00,-1.46,-0.12,-0.92,0.99,1.73,254,658,147,77
0.08,0.99,-0.00,0.61,-0.49,-1.83,1.00,1.99,241,664,147,72
0.08,0.99,0.00,0.85,0.06,-1.28,0.99,1.54,256,667,147,69
0.08,1.00,0.00,1.77,-0.31,-1.65,1.00,2.44,241,670,150,70
0.08,1.00,0.00,2.32,-1.53,-4.27,1.00,5.10,300,673,150,64
0.09,0.98,0.01,3.72,-2.26,-5.55,0.98,7.06,222,677,153,53
0.09,0.97,0.01,1.46,-1.10,-2.32,0.98,2.96,221,676,146,54
0.09,0.99,0.01,1.34,-0.98,-0.73,1.00,1.81,270,672,151,57
0.09,1.00,0.01,1.83,-1.40,-1.34,1.00,2.67,222,680,149,61
0.10,1.04,-0.00,7.26,-5.19,-11.90,1.04,14.88,247,690,151,48
0.10,1.01,0.00,8.54,-6.47,-18.31,1.02,21.22,200,706,154,35
0.12,1.13,-0.01,19.90,-7.32,-25.63,1.14,33.27,218,721,156,29
0.12,1.19,-0.02,34.06,-8.42,-35.83,1.19,50.14,202,735,159,22
0.12,1.02,0.18,44.37,-10.44,-53.28,1.04,70.12,144,753,159,19
0.11,1.22,0.20,20.63,-2.62,-70.13,1.24,73.15,115,778,166,18
0.17,1.25,0.04,7.39,4.70,-96.13,1.26,96.53,91,793,170,17
0.26,1.16,0.00,5.55,1.10,-113.10,1.19,113.24,77,807,173,15
0.24,1.42,0.18,-0.24,-1.59,-138.24,1.45,138.25,55,821,174,13
0.14,1.59,0.32,-15.87,14.04,-174.93,1.62,176.21,31,850,170,8
0.18,1.21,0.16,-26.86,26.49,-220.83,1.23,224.02,15,876,147,3
0.26,1.07,0.03,-32.78,23.93,-231.32,1.10,234.86,9,888,131,0
0.10,0.60,0.11,39.06,23.99,-215.15,0.61,219.98,6,899,99,3
0.12,-0.13,-0.39,61.46,28.08,-177.55,0.43,189.97,4,889,63,9
-0.54,0.26,-0.03,15.08,-2.75,-130.49,0.60,131.39,2,888,38,12
-0.75,-0.12,-0.18,31.25,-25.94,-55.91,0.78,69.10,0,0,9,11
-0.63,0.15,0.11,7.75,-80.75,9.83,0.65,81.71,0,0,9,13
-0.44,0.42,0.17,-21.42,-60.55,141.24,0.63,155.15,0,0,12,12
0.05,0.85,0.22,-20.08,-17.94,144.96,0.88,147.44,0,0,8,11
0.30,0.95,0.12,-18.31,-0.24,142.82,1.01,143.99,0,0,4,8
0.47,1.04,0.02,-13.49,0.61,136.05,1.14,136.72,0,0,5,8
0.62,0.94,-0.08,-24.54,-8.97,124.02,1.12,126.75,0,0,6,8
0.65,1.06,0.01,-48.77,-17.40,96.07,1.24,109.13,0,0,6,6
0.69,1.22,0.07,-63.29,-14.53,60.67,1.41,88.87,0,0,5,5
0.87,1.20,0.00,-73.24,-8.54,39.00,1.48,83.42,0,0,4,6
1.03,1.10,0.08,-81.24,-6.77,64.94,1.51,104.23,0,0,6,6
1.32,1.02,-0.01,-35.83,7.32,112.06,1.67,117.88,0,0,6,4
1.67,0.65,-0.16,-33.69,-3.30,91.61,1.81,97.67,0,0,7,2
1.63,0.42,-0.06,-68.36,-12.82,32.90,1.68,76.94,0,0,9,0
1.54,0.34,0.09,-96.31,-9.22,-18.49,1.58,98.51,0,0,11,0
1.42,0.58,0.30,-80.93,-14.71,-39.31,1.56,91.17,0,0,12,0
1.25,0.75,0.27,-18.13,-28.44,-63.29,1.48,71.72,0,0,11,0
0.79,0.59,0.20,16.66,-23.50,-114.20,1.01,117.77,0,0,12,0
-1.97,2.22,1.37,61.10,-28.56,43.09,3.27,80.03,5,886,71,0
1.13,0.07,0.20,14.65,7.45,259.70,1.15,260.22,17,890,144,0
0.04,1.35,0.07,85.27,-5.43,199.16,1.35,216.71,58,816,157,0
-0.13,1.32,0.50,44.13,-22.09,171.08,1.42,178.06,126,766,165,4
0.10,0.57,0.52,60.30,31.86,71.72,0.77,98.97,445,603,158,120
0.12,0.55,0.21,23.74,-12.21,-22.16,0.60,34.69,390,623,164,90
0.11,1.06,-0.02,0.24,-5.31,-16.60,1.07,17.43,289,628,171,57
0.13,1.01,0.00,-0.98,-3.66,-13.98,1.02,14.48,371,641,171,41
0.12,0.98,0.03,0.98,-1.83,-5.80,0.98,6.16,350,656,172,33
0.12,1.11,-0.01,4.64,-1.83,-7.63,1.12,9.11,327,678,173,25
0.13,0.99,0.03,6.77,-1.59,-12.33,1.00,14.16,243,721,171,15
0.14,0.98,0.01,5.68,-1.83,-15.01,0.99,16.16,178,754,171,12
0.14,1.06,0.04,3.42,-1.16,-12.94,1.07,13.43,128,768,168,7
0.15,0.90,0.05,5.98,-0.24,-11.11,0.91,12.62,114,784,165,9
0.15,0.82,0.05,5.92,0.55,-2.20,0.84,6.34,97,791,163,10
0.14,0.93,0.05,5.80,0.31,6.10,0.94,8.42,94,792,154,13
0.15,0.97,0.05,7.39,-1.10,8.73,0.98,11.49,96,786,152,17
0.14,1.00,0.05,1.59,-1.34,2.62,1.01,3.35,96,777,154,19
0.13,1.18,0.02,10.38,-2.44,-10.99,1.19,15.31,104,779,150,22
0.14,1.15,0.08,24.05,-4.52,-30.64,1.16,39.21,101,785,154,18
0.14,1.31,0.18,11.90,-2.56,-46.75,1.33,48.31,96,792,167,15
0.15,1.54,0.11,2.14,2.99,-79.53,1.55,79.61,94,807,167,14
0.17,1.43,0.04,4.52,6.96,-125.49,1.44,125.76,60,829,166,11
0.20,1.13,0.08,5.86,4.88,-154.72,1.15,154.91,40,852,172,9
0.26,1.22,0.11,-3.11,5.07,-167.91,1.25,168.01,28,869,172,5
0.22,2.03,0.00,-24.90,0.55,-246.28,2.05,247.53,18,879,163,0
0.13,1.68,0.10,5.25,-8.06,-309.63,1.69,309.78,9,876,145,0
0.40,1.76,-0.07,7.45,-5.31,-304.38,1.80,304.52,4,885,112,0
-1.59,0.29,0.21,107.48,9.89,-247.44,1.63,269.95,2,893,68,6
-2.26,-0.68,-0.71,98.88,22.58,-156.19,2.47,186.23,0,0,15,13
-1.78,0.05,-0.13,-7.20,-13.49,1.22,1.79,15.34,0,0,9,17
-0.85,0.43,-0.15,-32.96,-2.32,220.34,0.97,222.80,0,0,13,14
0.15,1.19,0.07,-62.81,-25.88,238.22,1.20,247.72,0,0,11,10
0.28,1.16,0.33,-30.94,-84.90,225.65,1.23,243.07,0,0,8,12
0.17,1.46,0.42,-39.92,-89.36,228.58,1.53,248.65,0,0,6,11
0.56,1.60,0.28,-65.37,-86.24,228.82,1.72,253.12,0,0,4,9
0.65,1.93,0.53,-81.85,-95.70,209.23,2.10,244.20,0,0,5,9
0.62,1.76,0.48,-68.30,-99.49,176.76,1.93,214.02,0,0,3,8
0.66,1.63,0.21,-65.67,-108.52,154.42,1.77,199.84,0,0,5,9
0.84,1.49,-0.08,-87.10,-138.18,147.71,1.71,220.22,0,0,7,9
0.96,1.51,-0.00,-112.12,-172.73,151.06,1.79,255.39,0,0,5,7
1.21,1.15,0.25,-135.01,-175.17,146.73,1.69,265.41,0,0,7,9
1.03,1.57,1.80,-173.22,-180.73,117.80,2.60,276.66,0,0,8,7
1.78,3.99,1.77,33.45,-71.04,24.60,4.72,82.29,0,0,8,15
1.17,1.24,0.25,170.65,-70.25,-98.51,1.73,209.19,0,0,0,41
-1.51,0.89,-0.33,114.56,-53.59,-172.91,1.79,214.23,0,0,0,92
0.28,1.07,0.07,4.52,22.64,-91.00,1.11,93.89,1,708,0,123
0.17,1.00,0.05,12.27,5.13,-8.97,1.02,16.04,13,568,34,137
0.10,0.97,0.03,2.99,-0.37,-3.97,0.97,4.98,25,579,55,140
0.07,0.98,0.00,-0.73,1.28,-2.20,0.99,2.65,31,587,67,140
0.08,0.99,-0.00,-0.18,1.16,-1.77,1.00,2.12,38,587,76,144
0.07,0.99,-0.00,4.03,-0.55,-2.26,0.99,4.65,51,580,93,140
0.07,0.98,0.01,5.37,-1.16,-2.56,0.98,6.06,62,582,99,144
0.07,0.99,0.01,0.98,-0.92,-1.95,0.99,2.37,84,577,111,153
0.07,0.99,0.01,0.37,-0.79,-1.40,0.99,1.65,122,576,113,157
0.07,0.99,0.01,-0.37,-0.73,-0.98,0.99,1.27,136,569,118,156
0.07,0.99,0.01,-0.85,-0.43,-0.61,0.99,1.13,169,568,116,157
0.08,0.99,0.01,-2.14,0.31,-0.61,1.00,2.24,169,567,116,155
0.07,0.99,0.01,-0.73,-0.55,-0.85,0.99,1.25,134,572,115,155
0.07,0.99,0.01,1.40,-1.22,-0.98,0.99,2.10,142,577,115,146
0.07,0.98,0.02,2.26,-0.98,-1.04,0.99,2.67,135,577,117,152
0.07,0.99,0.01,0.92,-0.67,-1.46,0.99,1.85,154,575,117,150
0.07,0.99,0.01,0.55,-0.31,-1.65,0.99,1.76,227,579,126,145
0.07,0.99,0.01,-0.67,0.12,-1.46,0.99,1.62,219,580,133,142
0.07,0.99,0.01,-0.06,-0.43,-1.65,0.99,1.70,193,582,134,138
0.08,1.00,0.01,-0.98,-0.24,-1.65,1.00,1.93,216,588,134,134
0.08,0.99,0.01,-0.98,-0.12,-1.71,0.99,1.97,311,590,138,126
0.08,0.98,0.02,-1.28,-0.24,-1.83,0.98,2.25,280,592,140,120
0.08,0.98,0.02,-0.37,-1.46,-2.62,0.98,3.03,268,597,143,112
0.08,0.98,0.02,1.89,-2.56,-4.58,0.98,5.58,505,600,144,93
0.08,0.99,0.02,2.81,-4.70,-6.96,0.99,8.85,341,608,152,72
0.10,1.02,0.00,3.48,-7.69,-12.45,1.03,15.04,316,630,150,40
0.09,1.38,-0.08,17.94,-8.48,-29.79,1.38,35.79,260,662,160,9
0.15,1.63,-0.10,10.38,-20.87,-66.89,1.64,70.84,163,714,163,1
0.01,1.94,0.11,5.25,-7.26,-125.31,1.94,125.63,75,795,156,0
0.29,2.20,-0.64,-15.26,-20.57,-214.11,2.31,215.64,23,833,157,0
0.03,2.09,-0.42,-11.78,-79.10,-323.06,2.13,332.81,7,868,124,0
0.06,1.60,-0.10,-0.67,-83.13,-333.01,1.60,343.23,2,878,71,0
-0.22,0.79,-0.31,-24.35,-95.34,-284.73,0.88,301.25,1,887,38,2
-0.40,0.79,-0.23,-48.83,-112.85,-228.94,0.91,259.88,0,0,20,7
-0.74,0.61,-0.10,-45.90,-119.32,-160.16,0.96,204.93,0,0,13,12
-0.81,0.16,0.02,-24.72,-97.23,-51.76,0.82,112.89,0,0,6,13
-0.93,0.05,0.03,-57.01,-51.51,61.95,0.93,98.70,0,0,6,14
-0.74,0.48,0.18,-85.88,13.37,153.93,0.91,176.77,0,0,3,12
-0.35,0.64,0.08,-93.63,76.05,219.24,0.73,250.23,0,0,1,12
0.18,1.14,0.12,-134.58,45.47,226.99,1.16,267.78,0,0,0,7
0.38,1.52,0.40,-105.90,5.68,229.86,1.62,253.14,0,0,0,9
0.53,1.40,0.32,-58.90,-38.57,212.46,1.53,223.83,0,0,0,7
0.34,1.37,0.33,-49.38,-72.08,192.99,1.45,211.85,0,0,0,7
0.36,1.43,0.23,-47.18,-83.25,187.32,1.50,210.34,0,0,0,7
0.46,1.48,0.19,-50.05,-92.90,168.52,1.56,198.83,0,0,0,7
0.45,1.54,0.29,-49.56,-100.10,147.58,1.63,185.09,0,0,0,7
0.39,1.51,0.36,-45.72,-93.51,135.01,1.60,170.47,0,0,0,8
0.55,1.37,0.43,-55.42,-91.80,136.72,1.54,173.75,0,0,0,7
0.82,1.65,0.48,-33.94,-100.22,127.50,1.90,165.69,0,0,0,7
1.48,1.28,-0.05,5.62,-102.23,94.91,1.96,139.61,0,0,0,10
1.73,1.85,1.67,29.60,-77.51,-0.18,3.03,82.97,0,0,0,20
0.02,1.20,-0.23,152.34,-26.73,-100.22,1.22,184.30,0,0,0,42
-0.61,0.62,0.25,119.26,-33.63,-126.10,0.91,176.79,0,0,0,77
0.19,1.15,0.09,26.79,-0.98,-143.68,1.17,146.16,0,0,0,110
0.05,0.99,0.00,-12.70,19.71,-65.61,0.99,69.68,2,626,2,132
0.13,1.01,0.00,8.12,0.37,-6.10,1.01,10.16,13,576,22,131
0.08,1.01,-0.00,1.10,-0.98,-1.95,1.02,2.44,21,589,37,140
0.06,0.99,-0.01,-0.06,0.24,-1.40,0.99,1.43,23,594,45,136
0.06,0.99,-0.01,0.85,-0.12,-1.22,0.99,1.50,26,596,54,140
0.06,0.99,-0.01,3.78,-0.24,-1.04,0.99,3.93,26,601,61,143
0.06,0.99,-0.00,5.00,-0.37,-1.10,0.99,5.14,31,596,69,148
0.05,0.99,0.00,4.21,-0.49,-0.98,0.99,4.35,34,587,70,149
0.06,0.99,0.00,2.81,-0.43,-1.22,0.99,3.09,38,584,81,152
0.07,0.99,0.00,2.99,-0.55,-0.85,0.99,3.16,42,575,86,163
0.06,0.99,0.01,-0.61,0.06,-0.61,0.99,0.87,50,571,88,157
0.06,1.00,0.00,-1.77,0.24,-0.37,1.00,1.82,50,567,87,164
0.06,0.99,0.00,-0.55,0.06,-0.12,0.99,0.57,50,563,83,166
0.06,0.99,0.00,-0.12,-0.24,-0.06,0.99,0.28,43,566,77,167
0.06,0.99,0.00,0.31,-0.31,-0.12,0.99,0.45,36,573,71,159
0.05,0.99,0.01,1.46,-0.31,-0.49,0.99,1.57,30,581,65,157
0.05,0.99,0.01,1.10,-0.49,-0.73,1.00,1.41,32,587,68,157
0.06,0.99,0.01,1.04,-0.61,-1.16,0.99,1.67,38,587,69,163
0.06,0.99,0.01,0.61,-0.49,-1.16,0.99,1.40,46,585,73,161
0.06,0.99,0.01,0.18,-0.31,-1.40,0.99,1.45,55,581,78,161
0.06,0.99,0.01,0.55,-0.49,-1.34,0.99,1.53,70,584,87,159
0.06,0.99,0.01,-0.06,-0.55,-1.53,0.99,1.62,78,591,88,159
0.06,0.98,0.01,0.18,-0.49,-1.40,0.99,1.50,89,596,95,158
0.06,0.99,0.01,0.37,-0.43,-1.59,0.99,1.68,108,602,98,156
0.06,0.99,0.02,0.24,-0.85,-1.34,0.99,1.61,135,606,104,151
0.06,0.99,0.01,0.37,-1.28,-1.22,0.99,1.81,160,607,105,150
0.06,0.98,0.02,1.28,-1.59,-1.65,0.99,2.62,162,606,107,151
0.06,1.00,0.02,0.06,-1.59,-1.89,1.00,2.47,180,605,107,140
0.06,0.99,0.02,-0.73,-1.83,-2.38,0.99,3.09,257,605,118,123
0.06,1.05,-0.00,-5.92,-2.50,-4.58,1.06,7.89,194,635,126,90
0.11,1.12,-0.09,9.09,-10.19,-20.94,1.13,25.00,113,704,133,37
0.36,0.98,-0.49,104.92,-17.58,-71.41,1.15,128.13,47,786,134,9
0.38,1.50,-0.49,35.46,-37.96,-120.73,1.62,131.43,17,836,139,5
0.23,1.88,-0.48,-1.46,-87.34,-180.48,1.95,200.51,6,864,118,3
0.08,1.84,-0.40,5.49,-130.43,-251.10,1.89,283.01,1,879,85,2
-0.11,1.45,-0.08,36.74,-129.09,-251.04,1.46,284.66,0,0,42,7
-0.50,0.74,-0.26,64.51,-131.96,-190.49,0.93,240.54,0,0,24,14
-1.00,0.23,-0.25,18.07,-120.67,-102.29,1.06,159.22,0,0,10,18
-0.94,0.43,0.10,-36.13,-66.35,-44.01,1.04,87.43,0,0,9,17
-0.68,0.51,0.14,-44.68,-5.74,6.04,0.86,45.45,0,0,7,16
-0.60,0.59,0.16,-53.41,31.68,30.21,0.86,69.05,0,0,6,19
-0.46,0.69,0.17,-56.09,46.02,62.56,0.84,95.80,0,0,4,16
-0.31,0.83,0.20,-56.27,40.89,97.41,0.91,119.70,0,0,5,17
-0.13,1.01,0.21,-51.33,19.59,132.93,1.04,143.84,0,0,4,14
0.05,1.16,0.18,-45.53,-5.07,145.69,1.18,152.72,0,0,5,11
0.10,1.13,0.11,-44.98,-27.83,151.98,1.14,160.92,0,0,5,14
0.18,1.46,0.18,-47.61,-42.72,154.54,1.48,167.26,0,0,6,10
0.28,1.39,0.07,-51.09,-51.70,136.60,1.42,154.73,0,0,5,11
0.35,1.43,0.05,-64.45,-59.08,114.44,1.48,144.02,0,0,6,11
0.39,1.44,0.10,-88.68,-59.45,91.13,1.49,140.37,0,0,0,10
0.43,1.33,0.17,-99.55,-57.31,92.41,1.41,147.42,0,0,3,11
0.50,1.25,0.31,-123.23,-68.91,122.44,1.38,186.88,0,0,4,8
0.63,1.49,0.74,-92.22,-61.40,111.69,1.78,157.32,0,0,5,8
1.27,1.12,0.27,-25.94,-37.72,92.04,1.71,102.80,0,0,3,7
1.59,0.43,0.47,-38.57,-31.25,55.60,1.71,74.54,0,0,2,7
1.33,1.27,1.21,90.45,21.24,-80.93,2.20,123.22,0,0,0,22
-0.08,0.88,-0.05,189.88,17.46,-124.76,0.89,227.87,0,0,0,44
-0.49,0.68,0.49,182.01,-6.29,-121.83,0.97,219.11,0,0,0,83
0.21,1.09,0.01,21.24,16.66,-132.32,1.11,135.05,1,613,0,118
0.10,1.03,0.04,-1.83,3.54,-12.33,1.03,12.96,24,570,25,140
0.09,1.02,0.00,-3.48,2.69,-3.17,1.02,5.42,44,568,42,138
0.06,1.00,-0.01,-8.06,2.38,-0.85,1.00,8.44,52,576,50,129
0.05,0.99,-0.01,-4.64,1.46,-0.92,1.00,4.95,61,569,56,133
0.04,1.00,-0.02,-2.20,1.10,-0.98,1.00,2.64,79,565,58,130
0.05,0.98,-0.01,-0.18,0.49,-1.10,0.98,1.22,94,562,63,139
0.04,0.98,-0.01,-1.95,0.55,-1.16,0.98,2.34,116,559,69,145
0.04,0.99,-0.02,-3.78,0.55,-1.59,0.99,4.14,166,552,76,141
0.05,1.01,-0.02,-1.53,0.31,-2.01,1.01,2.55,225,550,81,145
0.05,1.00,-0.02,0.67,-0.31,-1.95,1.00,2.09,186,544,85,151
0.05,0.99,-0.02,-0.73,0.12,-1.53,0.99,1.70,262,541,83,158
0.05,1.00,-0.02,-0.92,-0.18,-0.98,1.00,1.35,386,532,83,159
0.05,1.00,-0.02,0.37,-0.67,-0.98,1.00,1.24,386,534,80,158
0.05,1.00,-0.02,2.26,-1.10,-0.73,1.00,2.62,357,538,79,158
0.05,0.99,-0.01,3.91,-1.22,-0.61,0.99,4.14,264,545,75,155
0.04,0.99,-0.01,4.88,-1.34,-0.61,0.99,5.10,283,554,76,149
0.04,1.00,-0.01,4.76,-1.16,-0.67,1.00,4.95,320,563,76,153
0.04,1.00,-0.01,5.31,-1.28,-0.98,1.00,5.55,212,578,84,148
0.05,0.99,0.00,4.46,-1.10,-0.67,0.99,4.64,214,609,87,155
0.05,0.99,0.00,2.32,-0.31,-0.67,0.99,2.43,168,603,90,155
0.05,0.99,0.01,1.28,-0.24,-0.67,0.99,1.47,158,611,90,155
0.05,0.99,0.01,1.46,0.00,-0.67,0.99,1.61,134,623,87,156
0.06,0.99,0.01,1.40,-0.24,-0.49,1.00,1.51,130,639,90,153
0.02,0.98,0.00,1.53,-0.79,-0.24,0.98,1.74,88,642,90,147
0.04,0.99,0.01,2.81,-1.40,0.24,0.99,3.15,82,671,85,149
0.04,0.99,0.02,1.46,-1.53,-1.95,0.99,2.88,76,694,95,124
0.01,1.06,-0.01,-3.23,-2.87,-1.28,1.06,4.51,58,722,104,91
0.03,1.08,-0.01,8.06,-6.04,-12.39,1.08,15.97,53,748,110,56
0.06,1.05,0.00,28.93,-6.41,-32.47,1.05,43.96,65,737,120,38
0.12,0.75,0.10,39.18,-8.30,-30.94,0.77,50.62,103,715,134,39
0.09,0.90,0.11,-0.55,-2.56,-7.20,0.91,7.66,164,701,145,36
0.08,1.72,-0.10,15.26,-4.82,-24.84,1.72,29.55,137,697,152,17
0.13,0.98,-0.05,79.35,-11.05,-82.34,0.99,114.88,123,726,153,15
0.08,1.11,0.14,47.18,-5.74,-124.45,1.12,133.22,109,744,166,13
0.13,1.48,0.20,15.14,0.55,-154.97,1.50,155.71,74,779,160,15
-0.06,2.06,0.23,3.54,7.51,-213.75,2.07,213.91,47,808,159,12
-0.07,1.44,0.01,21.36,12.02,-264.77,1.44,265.90,24,835,140,10
-0.82,0.47,-0.09,88.01,12.21,-264.95,0.95,279.46,12,860,119,13
-0.92,0.03,-0.67,74.46,6.96,-192.32,1.14,206.35,5,843,69,12
-2.19,0.09,-0.55,52.73,8.18,-142.03,2.26,151.72,0,0,20,14
-0.30,0.37,-0.62,-51.33,35.16,-104.61,0.78,121.72,0,0,8,14
-0.29,0.26,-0.33,-56.40,-17.33,109.92,0.51,124.76,0,0,6,14
0.31,0.90,0.08,-113.53,-4.39,238.10,0.95,263.81,0,0,4,7
0.97,1.16,0.39,-86.79,-1.40,178.28,1.56,198.29,0,0,3,6
0.96,1.17,0.49,-96.86,-3.60,119.51,1.59,153.87,0,0,0,8
1.00,1.47,0.74,-76.90,0.67,93.81,1.93,121.31,0,0,0,8
0.85,1.25,0.52,-26.31,27.65,83.56,1.60,91.86,0,0,0,8
0.85,1.12,0.15,-6.96,53.59,79.04,1.41,95.75,0,0,1,8
0.91,1.01,-0.16,-1.40,54.44,74.10,1.37,91.96,0,0,4,7
0.91,0.94,-0.25,-18.62,32.65,60.36,1.33,71.11,0,0,2,6
0.81,0.96,-0.15,-45.17,6.53,42.36,1.27,62.26,0,0,2,6
0.74,1.03,0.02,-60.06,-11.72,29.36,1.27,67.87,0,0,2,4
0.79,1.04,0.07,-43.40,-15.87,31.13,1.31,55.71,0,0,3,4
0.82,0.87,0.05,-23.25,-21.73,27.89,1.20,42.32,0,0,2,1
0.78,0.79,0.13,-14.04,-21.73,18.86,1.12,32.01,0,0,6,2
0.72,0.71,0.14,4.58,-8.36,2.14,1.02,9.77,0,0,7,0
0.69,0.57,0.06,14.95,7.81,-17.21,0.90,24.10,0,0,6,3
0.64,0.65,0.04,14.71,18.13,-31.86,0.92,39.50,0,0,5,3
0.53,0.69,0.00,24.23,20.63,-40.83,0.87,51.77,0,0,5,3
0.42,0.68,-0.01,32.35,23.13,-52.31,0.80,65.71,0,0,4,4
0.53,0.71,-0.06,26.00,18.86,-64.94,0.89,72.45,0,0,6,4
0.53,0.78,-0.11,23.99,6.71,-100.95,0.95,103.98,0,0,9,4
-1.11,2.79,1.18,19.04,-9.16,-143.01,3.23,144.56,2,885,57,1
1.27,-0.08,-1.64,-2.14,65.37,286.62,2.07,293.99,14,900,133,0
-0.42,4.00,-0.48,-59.63,-5.62,269.78,4.05,276.34,74,797,158,0
-0.06,1.47,0.38,97.35,-36.19,127.32,1.52,164.31,122,759,168,7
0.21,3.75,-0.20,-172.67,12.08,85.75,3.76,193.17,323,667,168,87
0.02,1.25,-0.01,-10.44,-3.36,-7.32,1.25,13.19,273,654,167,84
0.10,1.06,-0.02,-2.32,-0.49,-1.40,1.07,2.75,286,658,167,79
0.10,0.96,0.03,0.85,-0.18,1.83,0.97,2.03,325,671,166,75
0.08,1.00,0.02,-1.40,0.55,4.27,1.00,4.53,224,689,163,75
0.08,0.98,0.02,-3.17,-0.12,2.38,0.98,3.97,164,711,159,70
0.08,0.98,0.01,-4.70,0.18,2.14,0.99,5.17,103,726,153,58
0.08,0.98,0.01,-3.48,0.55,3.91,0.98,5.26,104,732,150,56
0.08,0.98,0.01,-2.93,1.59,5.68,0.98,6.58,96,734,142,71
0.07,1.01,0.01,-3.36,2.32,4.88,1.01,6.36,92,725,132,83
0.07,0.99,0.01,-1.10,1.40,1.53,0.99,2.35,88,719,135,90
0.07,1.00,0.01,1.89,0.24,0.73,1.00,2.04,78,713,131,93
0.06,1.00,0.01,4.88,-0.92,-0.61,1.00,5.01,67,725,124,95
0.07,0.99,0.02,6.84,-1.34,-1.83,1.00,7.20,53,730,128,93
0.07,0.99,0.03,6.77,-1.22,-2.69,0.99,7.39,67,718,131,99
0.06,1.01,0.02,6.04,-2.62,-5.43,1.01,8.54,95,704,137,88
0.08,1.01,0.03,10.80,-5.00,-11.54,1.02,16.58,109,701,144,75
0.08,1.08,0.02,16.05,-7.57,-20.57,1.09,27.17,136,722,145,54
0.10,1.28,-0.02,56.40,-8.67,-46.75,1.29,73.77,98,757,156,37
0.08,1.08,0.18,57.92,-5.92,-49.62,1.10,76.50,91,773,162,25
0.14,1.05,0.09,71.23,3.54,-61.77,1.06,94.35,85,785,160,24
0.13,1.66,0.17,31.13,7.32,-90.52,1.68,96.00,55,811,171,18
0.09,1.88,0.26,17.21,16.54,-154.54,1.90,156.37,25,842,166,16
-0.05,1.98,0.15,5.74,20.08,-223.88,1.99,224.85,9,862,150,12
-0.05,1.42,0.07,19.96,12.27,-275.51,1.42,276.51,4,877,123,11
-0.28,0.83,0.21,80.02,16.42,-275.39,0.90,287.25,2,900,86,13
-0.53,-0.61,-0.45,57.43,7.45,-165.04,0.93,174.91,1,890,49,17
-1.19,0.27,-0.30,24.48,-11.41,-75.20,1.26,79.90,0,0,18,16
-0.69,-0.79,-0.27,63.48,-8.97,-42.60,1.08,76.97,0,0,11,17
-0.66,0.37,0.19,-50.66,9.22,73.12,0.78,89.43,0,0,8,14
-0.11,0.83,0.25,-33.20,64.64,122.74,0.87,142.64,0,0,5,11
0.39,0.96,0.01,-16.54,96.56,141.30,1.04,171.93,0,0,4,12
0.83,1.04,-0.16,-15.81,63.11,166.56,1.34,178.82,0,0,4,12
1.05,1.26,0.01,-24.48,16.24,166.93,1.64,169.50,0,0,4,9
0.97,1.36,0.14,-30.58,-3.66,128.85,1.68,132.47,0,0,5,9
0.87,1.38,0.17,-35.46,6.47,60.49,1.64,70.41,0,0,2,8
0.85,1.24,-0.15,-40.41,15.01,47.06,1.51,63.82,0,0,3,8
0.97,1.17,-0.40,-54.99,-0.37,56.09,1.57,78.55,0,0,2,8
0.99,1.14,-0.37,-75.99,-28.75,83.07,1.55,116.19,0,0,3,4
1.00,1.20,-0.21,-91.00,-50.96,93.20,1.58,139.88,0,0,3,2
0.93,0.99,0.23,-110.72,-54.02,67.57,1.38,140.50,0,0,7,3
0.88,1.19,0.87,-114.87,-19.96,36.74,1.72,122.24,0,0,5,0
1.45,0.93,0.25,6.84,7.75,36.13,1.74,37.58,0,0,7,0
1.60,-0.09,-0.49,-6.96,-54.63,-0.24,1.68,55.07,0,0,6,1
0.57,0.80,0.12,-25.63,-68.85,-58.17,0.99,93.70,0,0,6,4
0.43,0.80,0.12,1.10,-37.11,-65.25,0.92,75.07,0,0,6,5
0.40,0.76,-0.01,17.88,-9.64,-69.34,0.86,72.25,0,0,5,5
0.38,0.64,-0.07,9.16,7.87,-85.33,0.75,86.18,0,0,6,3
0.33,0.71,-0.05,-4.58,28.14,-103.09,0.78,106.96,0,0,9,3
0.34,0.78,0.04,-11.05,62.13,-125.61,0.85,140.57,0,0,11,4
0.57,0.67,0.10,20.57,80.08,-139.10,0.89,161.82,1,887,27,3
1.14,-1.02,-0.45,307.92,27.77,181.46,1.59,358.49,9,899,105,0
-0.04,2.62,-0.57,2.08,9.16,320.68,2.68,320.82,28,756,147,0
0.13,1.09,-0.06,77.70,-9.64,161.32,1.10,179.31,92,788,166,0
0.11,1.05,0.11,30.09,3.11,94.97,1.06,99.67,125,775,170,0
0.46,2.09,-0.57,-4.33,15.20,118.29,2.21,119.34,233,718,176,13
0.19,1.66,0.04,-68.36,27.83,49.19,1.67,88.70,371,626,174,81
0.08,0.70,0.12,12.45,-2.93,-2.99,0.72,13.14,325,635,170,85
0.08,1.04,-0.03,-1.71,-1.83,-2.32,1.05,3.41,369,649,173,79
0.09,0.99,0.01,1.28,-0.12,0.85,0.99,1.55,259,665,164,79
0.08,1.00,0.00,3.48,-2.32,-2.87,1.00,5.07,182,695,167,70
0.09,0.98,0.01,1.77,-1.65,-2.62,0.99,3.57,145,724,161,60
0.09,0.98,0.01,0.92,-1.10,-2.38,0.98,2.78,102,748,159,50
0.08,1.00,0.01,0.79,-0.24,-2.08,1.00,2.24,77,767,160,45
0.10,1.08,-0.02,4.09,-0.55,-3.66,1.09,5.52,60,783,156,36
0.10,1.01,0.01,11.84,-1.65,-7.39,1.02,14.05,52,804,155,36
0.10,0.94,0.04,13.73,-1.83,-6.84,0.94,15.45,39,818,148,35
0.09,0.91,0.06,7.39,-0.85,-1.65,0.92,7.61,35,822,146,39
0.10,1.06,0.02,2.99,-1.22,-2.75,1.07,4.24,37,819,152,44
0.11,1.07,0.01,15.26,-3.42,-14.65,1.08,21.43,43,817,152,36
0.12,1.07,0.02,21.12,-5.07,-19.90,1.08,29.45,44,815,156,28
0.12,1.16,0.04,33.08,-7.14,-31.19,1.17,46.02,47,818,152,23
0.13,0.95,0.22,39.31,-6.41,-42.36,0.98,58.14,48,821,154,22
0.12,1.15,0.19,16.36,2.44,-51.09,1.17,53.70,44,829,156,21
0.18,1.30,0.09,10.99,9.28,-72.88,1.32,74.28,35,847,168,19
0.19,1.49,0.11,13.31,8.79,-98.39,1.51,99.67,25,862,166,15
0.17,1.51,0.15,10.07,11.96,-155.76,1.53,156.54,17,878,158,14
0.11,1.72,0.13,-9.64,13.55,-219.42,1.73,220.05,9,882,152,3
0.16,1.20,0.05,-0.79,11.66,-267.58,1.21,267.83,4,883,135,1
0.39,0.73,0.10,22.58,6.59,-262.02,0.83,263.08,2,890,109,0
0.32,0.92,0.45,73.55,9.95,-219.73,1.07,231.92,1,897,79,2
-0.31,-1.14,-0.43,108.22,34.97,-121.09,1.25,166.12,0,0,45,12
-1.03,0.06,-0.14,-45.84,16.24,-10.86,1.04,49.83,0,0,19,12
-0.66,0.30,-0.10,-5.98,4.88,37.66,0.73,38.44,0,0,10,11
-0.23,0.31,-0.03,-19.35,-24.84,78.80,0.39,84.85,0,0,11,13
0.03,0.69,0.21,-9.46,-29.85,99.49,0.72,104.30,0,0,9,9
0.35,0.80,0.21,-20.51,-24.17,97.66,0.90,102.67,0,0,5,8
0.49,0.89,0.17,-16.11,-22.83,92.83,1.03,96.95,0,0,6,9
0.51,0.97,0.16,-21.85,-17.46,84.11,1.10,88.63,0,0,5,9
0.49,0.94,0.11,-23.86,0.49,78.00,1.06,81.57,0,0,4,9
0.56,0.98,-0.01,-26.37,20.02,76.17,1.13,83.06,0,0,4,7
0.75,1.02,-0.17,-33.39,23.19,70.31,1.28,81.22,0,0,3,6
0.90,1.12,-0.17,-50.05,7.87,58.47,1.45,77.37,0,0,3,7
0.93,1.08,-0.13,-59.08,-9.52,51.39,1.44,78.88,0,0,2,5
0.98,1.04,-0.09,-72.02,-28.32,53.47,1.43,94.06,0,0,2,5
1.04,0.98,-0.06,-76.72,-41.81,66.65,1.44,109.89,0,0,3,5
1.09,1.01,0.02,-73.49,-51.33,77.51,1.49,118.51,0,0,7,4
1.07,0.83,0.07,-59.33,-56.88,56.21,1.36,99.58,0,0,6,1
0.90,0.73,0.26,-65.98,-48.46,24.11,1.19,85.34,0,0,8,1
0.81,0.75,0.38,-48.03,-19.96,4.64,1.17,52.22,0,0,6,1
0.87,0.57,0.25,-18.19,-0.18,-2.56,1.07,18.37,0,0,7,1
0.83,0.59,0.24,-8.24,1.59,-18.62,1.05,20.42,0,0,10,3
0.71,0.78,0.28,7.93,2.62,-59.51,1.09,60.09,0,0,11,1
0.55,0.79,0.26,26.43,11.66,-83.44,1.00,88.29,0,0,9,3
0.58,0.62,0.15,43.76,18.55,-98.45,0.87,109.32,0,0,12,4
-1.08,0.94,1.04,150.63,1.04,-21.85,1.77,152.21,4,892,81,0
1.27,0.30,-2.00,-0.18,56.27,201.54,2.38,209.25,11,907,144,0
-0.10,1.98,-0.13,-33.63,9.46,229.25,1.99,231.89,41,657,158,0
-0.09,2.10,-0.06,-45.90,17.03,172.42,2.10,179.24,123,776,160,0
-0.37,4.00,-1.26,-12.33,35.83,164.00,4.21,168.32,325,622,159,60
0.10,1.52,-0.07,45.96,-13.49,-8.67,1.52,48.68,550,582,165,116
0.09,1.16,-0.10,-7.02,-0.73,-2.99,1.16,7.66,503,594,165,108
0.09,0.94,0.01,1.53,-1.34,-2.01,0.95,2.86,556,593,161,104
0.08,0.99,-0.00,-1.28,-0.43,0.06,0.99,1.35,423,605,164,100
0.08,1.00,-0.01,-1.34,-0.24,0.67,1.00,1.52,364,614,162,97
0.08,0.98,-0.00,-2.26,-0.49,0.18,0.98,2.32,270,624,159,87
0.08,0.99,-0.01,-3.05,0.43,0.49,0.99,3.12,284,631,149,81
0.08,0.99,-0.01,-2.69,0.79,0.24,0.99,2.81,257,628,153,78
0.08,0.99,-0.01,-1.10,0.43,0.06,0.99,1.18,224,625,149,81
0.07,0.99,-0.01,-0.85,0.31,-0.12,1.00,0.92,225,624,144,85
0.08,0.99,-0.01,-0.18,0.12,-0.12,1.00,0.25,205,616,151,89
0.07,0.99,-0.01,0.37,0.06,-0.43,1.00,0.57,233,619,151,93
0.07,0.99,-0.00,1.59,-0.85,-1.10,0.99,2.11,196,617,150,90
0.08,0.99,-0.00,2.62,-1.22,-1.22,0.99,3.14,221,629,153,94
0.07,0.99,-0.00,2.93,-0.98,-1.34,1.00,3.37,171,633,153,90
0.08,1.00,0.00,3.23,-1.95,-2.81,1.00,4.71,167,635,154,89
0.08,1.01,0.00,4.09,-3.05,-6.10,1.01,7.96,204,635,158,71
0.09,1.01,-0.01,6.23,-5.68,-13.24,1.02,15.70,171,656,159,54
0.09,1.07,-0.02,8.91,-8.30,-22.40,1.07,25.50,172,686,164,36
0.12,0.85,0.01,34.67,-7.63,-32.10,0.85,47.86,137,721,169,28
0.11,1.06,0.05,27.95,-6.29,-39.06,1.07,48.44,112,756,170,20
0.12,1.34,0.14,15.32,-3.78,-47.18,1.35,49.75,92,786,172,17
0.12,1.59,0.09,12.08,2.99,-72.27,1.60,73.33,70,810,174,15
0.13,1.66,0.09,8.73,9.40,-120.73,1.67,121.41,48,832,173,13
0.14,1.46,0.08,-0.61,12.27,-168.58,1.47,169.03,27,871,169,9
0.06,1.68,0.15,-16.66,7.32,-235.41,1.68,236.12,14,886,160,2
0.06,1.08,0.35,-11.47,10.19,-273.62,1.14,274.05,6,882,144,0
0.34,1.04,0.41,-8.67,31.07,-266.17,1.17,268.12,3,886,120,0
-0.04,1.35,0.55,68.66,66.16,-224.06,1.46,243.51,2,891,80,3
-0.60,-0.71,-0.48,152.53,95.21,-140.08,1.04,227.93,1,902,48,15
-0.48,-0.33,-0.65,0.92,62.07,-17.15,0.87,64.41,0,0,13,14
-0.33,0.34,-0.18,3.97,-14.22,46.88,0.51,49.15,0,0,13,16
-0.09,0.31,-0.13,30.82,-52.06,98.21,0.34,115.35,0,0,10,15
0.00,0.49,0.02,15.20,-66.53,112.43,0.49,131.52,0,0,11,15
0.12,0.70,0.11,5.25,-52.61,109.19,0.72,121.32,0,0,10,14
0.23,0.79,0.11,-4.21,-27.95,97.35,0.83,101.37,0,0,8,12
0.42,0.82,0.01,-15.99,-2.93,86.36,0.92,87.88,0,0,6,13
0.53,0.92,-0.01,-32.29,2.62,65.25,1.07,72.85,0,0,4,11
0.54,0.89,-0.06,-36.87,-3.60,45.29,1.04,58.51,0,0,5,11
0.55,0.94,0.00,-55.91,-11.60,38.09,1.08,68.63,0,0,3,10
0.63,1.05,0.06,-72.08,-7.81,33.63,1.23,79.92,0,0,3,9
0.83,1.11,0.08,-81.48,-9.46,31.13,1.39,87.74,0,0,4,6
1.04,1.08,0.17,-57.62,-17.88,65.49,1.51,89.04,0,0,3,5
1.21,0.94,0.25,-41.44,-26.67,94.36,1.55,106.46,0,0,6,6
1.22,0.94,0.41,-34.30,-21.73,82.58,1.59,92.02,0,0,7,6
1.32,0.85,0.43,-16.54,-5.00,44.80,1.63,48.02,0,0,10,4
1.54,0.24,-0.28,52.00,1.77,13.49,1.59,53.75,0,0,14,1
1.62,0.08,-0.21,-17.15,-4.03,-34.00,1.63,38.29,0,0,16,1
1.26,0.55,0.42,-29.91,-2.87,-93.14,1.43,97.87,0,0,17,1
1.32,0.45,0.76,35.34,31.43,-122.25,1.59,131.08,2,886,55,0
0.35,0.65,-0.82,-82.40,74.46,249.45,1.10,273.06,10,908,147,0
-0.06,2.69,-0.29,-11.05,5.13,243.90,2.71,244.20,29,869,157,0
-0.06,1.92,-0.04,-0.79,-4.70,160.46,1.92,160.53,71,801,167,0
-0.75,3.69,0.84,-49.07,27.10,183.47,3.86,191.84,187,671,167,50
-0.05,1.47,-0.10,4.46,-8.12,-0.37,1.48,9.27,344,610,169,97
0.10,0.92,0.00,-11.23,-3.36,-10.31,0.92,15.61,348,617,171,70
0.09,1.00,-0.02,-2.38,-4.03,-10.44,1.01,11.44,472,616,173,51
0.10,0.99,-0.01,-1.40,-1.59,-2.69,1.00,3.42,331,620,172,47
0.09,0.97,0.01,2.56,-0.98,2.69,0.98,3.84,517,629,173,44
0.08,1.00,0.01,-0.55,-0.49,2.14,1.00,2.26,373,645,167,44
0.09,0.98,0.01,-1.40,-0.61,-0.49,0.98,1.61,265,671,167,39
0.09,0.99,-0.01,-1.46,-1.16,-0.49,0.99,1.93,242,691,165,33
0.08,0.98,0.01,0.43,-1.04,0.06,0.98,1.12,197,706,158,33
0.08,0.98,0.00,-0.55,-0.18,2.01,0.98,2.10,232,701,159,36
0.08,0.97,0.01,-1.04,1.16,5.13,0.97,5.36,175,719,153,49
0.08,1.00,-0.00,-3.48,3.17,8.54,1.01,9.76,153,703,142,68
0.06,1.01,-0.00,1.22,1.59,5.19,1.02,5.56,146,693,139,81
0.06,1.00,0.01,5.62,-0.37,0.24,1.00,5.63,104,701,130,92
0.07,0.99,0.01,5.92,-1.10,-1.16,1.00,6.13,92,710,131,97
0.07,1.00,0.01,6.53,-2.26,-2.99,1.00,7.53,82,719,138,100
0.07,1.06,0.01,9.70,-4.64,-8.12,1.06,13.48,78,742,139,89
0.08,1.28,-0.06,22.03,-11.72,-33.33,1.28,41.63,63,786,150,48
0.15,0.96,-0.05,76.48,-13.73,-59.08,0.97,97.61,48,816,159,30
0.09,0.97,0.19,53.04,-8.85,-42.91,1.00,68.79,48,823,163,26
0.19,1.21,0.13,49.62,3.60,-56.09,1.23,74.98,39,833,159,21
0.07,2.22,0.12,18.98,12.82,-155.46,2.22,157.13,19,873,162,13
-0.02,2.01,0.10,6.35,13.98,-243.35,2.01,243.83,9,880,151,9
-0.10,1.45,-0.03,27.22,0.24,-311.04,1.45,312.22,3,878,122,3
0.13,0.88,-0.08,73.97,-6.29,-304.57,0.89,313.48,1,896,88,3
-0.29,0.07,0.11,109.56,1.46,-237.18,0.32,261.27,0,0,53,10
-1.65,-0.61,-0.50,0.79,15.20,-94.30,1.83,95.52,0,0,27,17
-1.20,-0.38,-0.23,-9.34,44.62,-25.39,1.28,52.18,0,0,12,15
-0.51,-0.39,-0.37,-16.17,75.99,18.74,0.74,79.92,0,0,11,11
-0.14,0.71,0.05,-55.97,56.70,65.86,0.73,103.37,0,0,5,11
0.29,0.69,0.06,-27.04,22.64,94.30,0.75,100.68,0,0,5,10
0.57,0.77,0.12,-23.56,4.58,112.98,0.97,115.50,0,0,2,7
0.72,0.87,0.10,-32.29,0.18,122.74,1.13,126.92,0,0,3,7
0.75,1.14,0.22,-43.46,1.40,121.58,1.38,129.12,0,0,4,7
0.92,1.24,0.14,-34.36,8.97,115.48,1.55,120.82,0,0,4,5
0.94,1.23,0.03,-31.37,3.60,95.70,1.55,100.78,0,0,4,6
0.92,1.16,-0.07,-31.62,-5.37,67.75,1.48,74.96,0,0,5,6
0.90,1.01,-0.15,-47.06,-12.88,61.04,1.36,78.14,0,0,5,7
0.94,1.04,-0.19,-70.62,-37.35,87.46,1.41,118.46,0,0,5,4
0.94,1.06,-0.14,-73.73,-68.12,95.70,1.42,138.69,0,0,5,4
0.81,1.14,0.23,-86.18,-75.01,82.95,1.42,141.19,0,0,8,4
0.77,1.09,0.54,-73.24,-45.90,49.87,1.44,99.79,0,0,6,2
0.85,0.90,0.36,-23.44,-16.78,31.68,1.29,42.83,0,0,6,1
1.08,0.47,-0.45,38.02,-22.03,36.19,1.26,56.93,0,0,8,1
1.03,0.11,-0.48,-26.92,-58.72,26.86,1.14,69.95,0,0,5,3
0.66,0.97,0.19,-59.94,-75.74,5.31,1.19,96.74,0,0,4,4
0.48,1.03,0.25,-2.81,-32.04,-18.92,1.17,37.32,0,0,6,3
0.32,0.77,0.01,30.94,2.44,-56.95,0.83,64.86,0,0,6,4
0.36,0.98,0.13,9.77,36.13,-107.60,1.05,113.93,0,0,8,4
0.41,1.09,0.26,36.74,60.36,-161.87,1.20,176.62,0,0,10,3
-2.66,2.24,1.04,154.17,-4.39,-98.39,3.63,182.95,6,890,86,0
0.63,1.55,-1.36,-136.60,31.80,180.73,2.15,228.76,18,901,152,0
0.33,1.33,-0.23,56.52,-3.66,161.19,1.39,170.85,52,825,170,0
-0.06,0.84,0.33,31.49,-18.68,137.45,0.90,142.24,98,785,170,5
0.45,3.34,-1.10,-141.60,54.08,44.56,3.54,157.99,354,607,166,98
0.09,0.77,0.11,6.90,-3.91,-3.72,0.79,8.76,289,597,170,115
0.07,1.03,-0.04,-12.45,-0.98,-2.75,1.04,12.79,309,609,167,91
0.09,1.01,-0.02,1.83,-1.83,-2.56,1.01,3.64,466,625,162,79
0.08,1.00,0.00,5.68,-3.36,-2.38,1.00,7.01,435,649,169,62
0.07,0.97,0.02,3.23,-3.78,-3.11,0.97,5.87,265,678,165,43
0.08,0.98,-0.01,-0.61,-1.95,-2.01,0.99,2.87,188,703,156,37
0.08,0.97,0.00,0.67,-1.04,-0.61,0.98,1.38,163,707,155,35
0.07,0.98,0.00,-0.43,0.06,1.77,0.98,1.82,188,699,155,38
0.08,0.97,0.01,-3.23,1.95,3.91,0.98,5.43,218,687,157,51
0.07,1.00,-0.01,0.00,2.32,5.68,1.00,6.13,208,675,156,63
0.06,1.00,0.02,4.70,0.55,1.04,1.00,4.84,190,665,157,76
0.07,1.00,0.02,2.26,-1.10,-2.08,1.00,3.26,190,665,156,69
0.07,1.01,0.00,2.62,-2.14,-4.52,1.01,5.64,146,703,161,53
0.07,1.01,-0.00,7.39,-3.05,-6.35,1.02,10.21,96,743,156,39
0.08,1.03,0.01,12.70,-4.76,-13.00,1.03,18.78,72,773,159,28
0.10,0.91,0.02,17.88,-3.66,-16.42,0.92,24.55,65,783,158,26
0.10,0.91,0.06,8.85,-1.89,-3.72,0.92,9.79,83,763,164,33
0.08,1.29,0.02,11.78,-1.77,-16.85,1.29,20.63,89,766,166,27
0.07,1.49,0.11,42.91,4.15,-51.03,1.50,66.80,62,812,167,18
0.11,1.38,0.09,28.63,0.49,-60.42,1.39,66.86,50,825,169,20
0.16,1.19,0.10,21.85,2.32,-67.38,1.21,70.88,43,833,171,20
0.15,1.80,0.14,13.67,7.20,-93.26,1.81,94.53,31,854,166,14
0.15,1.86,0.10,12.94,11.47,-159.85,1.87,160.78,16,880,156,11
-0.02,1.88,0.08,-2.75,6.96,-228.58,1.88,228.70,8,881,149,4
0.03,1.26,0.07,14.59,2.01,-283.45,1.26,283.83,3,881,118,1
0.29,1.15,0.16,69.27,-2.99,-259.40,1.19,268.51,1,895,87,0
-0.75,-0.99,-0.51,157.23,22.83,-156.56,1.34,223.05,0,0,61,14
-1.76,-0.36,-0.70,-31.92,20.20,-35.46,1.93,51.81,0,0,17,19
-0.73,-0.50,-0.34,21.85,24.84,60.36,0.95,68.84,0,0,9,16
-0.18,0.65,0.01,-44.98,-15.14,127.14,0.68,135.71,0,0,11,14
0.26,0.67,0.10,-16.30,-46.02,115.91,0.73,125.77,0,0,11,11
0.32,0.91,0.35,-19.23,-73.00,97.35,1.02,123.19,0,0,12,11
0.45,0.84,0.42,-10.25,-57.68,86.36,1.04,104.36,0,0,11,12
0.63,0.90,0.41,-35.22,11.90,70.98,1.18,80.13,0,0,8,9
0.91,1.19,0.28,-45.53,41.99,65.98,1.53,90.50,0,0,7,8
1.09,1.09,0.06,-5.25,29.72,82.15,1.54,87.52,0,0,5,8
0.99,0.95,-0.02,-11.96,-1.28,83.92,1.37,84.78,0,0,7,7
0.80,0.96,-0.03,-28.38,-1.04,60.49,1.25,66.82,0,0,6,6
0.73,0.97,-0.09,-52.06,14.65,32.10,1.21,62.90,0,0,6,8
0.71,1.04,-0.05,-68.42,26.12,19.53,1.27,75.80,0,0,3,6
0.73,1.07,0.09,-73.55,29.85,24.48,1.30,83.06,0,0,4,5
0.75,1.15,0.24,-60.55,30.33,38.82,1.39,78.06,0,0,4,4
0.81,1.02,0.15,-19.78,27.71,31.56,1.31,46.42,0,0,5,4
0.84,0.83,-0.03,-9.46,17.76,12.02,1.18,23.44,0,0,5,3
0.83,0.75,-0.15,-12.45,4.27,3.72,1.13,13.68,0,0,4,4
0.79,0.65,-0.19,-17.70,-7.51,3.85,1.04,19.61,0,0,8,3
0.76,0.72,-0.11,-25.09,-18.80,-5.07,1.05,31.75,0,0,7,4
0.62,0.66,-0.06,-26.12,-25.33,-22.28,0.91,42.67,0,0,7,2
0.46,0.76,-0.03,-24.78,-21.48,-30.64,0.89,44.88,0,0,7,5
0.32,0.68,-0.07,-15.75,-9.22,-33.57,0.75,38.21,0,0,10,4
0.26,0.60,-0.01,-18.86,11.17,-39.61,0.65,45.27,0,0,10,5
0.55,0.88,0.23,-20.75,26.12,-64.58,1.06,72.68,0,0,13,2
0.75,0.77,0.28,10.13,26.00,-123.23,1.11,126.35,0,0,14,2
-1.32,1.56,1.76,112.18,-36.68,-72.51,2.70,138.52,4,885,65,0
1.02,-0.09,-1.34,1.40,45.47,228.03,1.69,232.52,14,907,145,0
-0.14,2.74,-0.20,-10.86,7.81,236.63,2.75,237.01,48,821,169,0
-0.15,2.10,0.28,-30.52,3.60,159.06,2.13,162.00,112,784,169,0
0.04,2.50,-0.28,-18.07,8.97,122.25,2.52,123.91,216,713,173,7
0.26,1.33,-0.03,40.77,5.43,41.14,1.35,58.17,352,608,171,82
0.07,0.95,0.04,-0.06,-4.52,-5.31,0.96,6.97,716,606,172,82
0.08,1.02,-0.03,-1.34,-3.72,-8.00,1.02,8.92,5600,638,170,57
0.09,1.01,-0.03,2.56,-4.52,-8.97,1.01,10.37,278,664,175,40
0.08,1.01,-0.01,4.64,-4.39,-8.24,1.02,10.43,281,695,166,27
0.19,0.79,-0.16,13.61,-3.91,-8.97,0.82,16.76,211,727,163,21
0.09,0.94,0.01,8.00,-7.63,-6.23,0.95,12.68,147,747,165,15
0.08,0.96,0.04,6.10,-7.45,-4.39,0.97,10.58,122,754,161,14
0.08,0.97,0.05,3.36,-5.80,-1.59,0.97,6.89,118,757,155,14
0.06,0.93,0.05,-0.61,-1.10,1.77,0.93,2.17,139,750,159,15
0.09,1.00,0.01,-7.51,0.61,6.77,1.00,10.13,150,738,155,16
0.08,1.09,-0.02,-2.14,-0.31,0.06,1.09,2.16,145,730,158,20
0.09,0.99,0.01,6.16,-1.59,-6.10,1.00,8.82,170,729,160,21
0.09,0.96,0.03,5.37,-1.65,-6.04,0.96,8.25,175,726,164,19
0.09,1.03,0.02,4.82,-1.95,-6.59,1.03,8.40,160,726,162,19
0.11,1.16,-0.02,11.41,-3.23,-18.98,1.16,22.38,172,741,167,18
0.11,1.11,0.05,21.42,-2.20,-40.47,1.11,45.84,128,777,168,14
0.13,1.10,0.06,6.47,4.03,-62.74,1.11,63.21,118,789,174,13
0.18,1.14,-0.04,4.33,5.92,-78.55,1.15,78.89,100,802,174,12
0.18,1.20,0.07,6.96,1.53,-84.53,1.22,84.83,77,817,175,12
0.21,1.19,0.09,7.51,2.56,-97.53,1.21,97.86,63,835,174,12
0.21,1.72,0.10,-3.97,3.91,-124.51,1.74,124.64,42,858,177,5
0.14,1.89,0.06,-11.54,5.31,-193.54,1.90,193.96,26,872,169,0
0.09,1.43,0.16,-18.19,9.09,-261.72,1.44,262.51,12,881,143,0
0.29,0.72,0.15,-15.62,12.51,-274.78,0.79,275.51,5,885,119,0
0.46,1.15,0.36,39.18,28.56,-208.50,1.29,214.06,3,895,85,5
-0.82,-1.18,-0.90,102.72,23.44,-93.57,1.70,140.91,1,890,45,11
-1.03,0.21,-0.08,-10.99,-48.83,10.74,1.06,51.19,0,0,17,11
-0.70,0.05,0.04,-2.69,-74.10,63.90,0.70,97.88,0,0,8,13
-0.41,0.51,0.14,6.10,-56.21,112.55,0.67,125.95,0,0,9,13
0.05,0.71,0.15,-4.94,-23.86,122.07,0.73,124.48,0,0,10,10
0.35,0.90,0.12,-7.57,-4.33,118.96,0.97,119.28,0,0,10,9
0.52,1.10,0.13,-3.85,-3.36,100.04,1.23,100.17,0,0,6,10
0.54,0.93,0.07,-1.40,0.18,81.42,1.08,81.43,0,0,3,10
0.54,1.08,0.10,-23.74,28.56,91.49,1.22,98.74,0,0,3,7
0.72,1.15,-0.03,-24.35,52.25,92.04,1.36,108.60,0,0,2,8
0.97,1.24,-0.18,-33.51,56.27,71.11,1.59,96.67,0,0,2,6
1.16,1.06,-0.34,-32.96,31.31,36.62,1.60,58.38,0,0,4,7
1.12,0.84,-0.33,-55.24,-5.92,35.10,1.44,65.71,0,0,4,7
1.03,0.93,-0.20,-77.88,-37.72,69.70,1.40,111.12,0,0,4,5
1.00,0.96,-0.13,-79.22,-61.10,91.61,1.39,135.65,0,0,3,2
1.04,0.99,-0.01,-82.46,-76.54,71.04,1.43,133.06,0,0,5,4
0.77,0.70,0.39,-89.90,-60.06,12.76,1.11,108.87,0,0,6,0
0.65,0.87,0.71,-41.32,-2.93,10.50,1.29,42.73,0,0,7,1
1.04,0.53,0.05,22.95,25.27,13.12,1.16,36.57,0,0,7,2
1.22,0.20,-0.39,13.98,1.71,-16.85,1.30,21.96,0,0,9,0
0.89,0.77,0.13,-32.10,-17.40,-75.50,1.18,83.87,0,0,10,0
0.70,0.88,0.25,6.59,-2.69,-108.83,1.15,109.06,0,0,10,1
-1.89,3.11,1.42,68.05,-23.32,-72.75,3.91,102.31,5,888,67,0
1.45,0.30,-2.85,24.23,83.80,236.08,3.21,251.69,19,892,142,0
0.30,2.09,-0.90,81.18,-10.19,147.52,2.30,168.69,83,796,158,0
-0.12,0.83,0.58,36.01,-9.95,114.87,1.02,120.79,152,754,160,0
0.06,3.43,-0.58,-156.07,47.24,123.23,3.48,204.39,265,665,160,35
0.08,1.35,-0.03,-32.65,15.26,16.91,1.35,39.81,305,601,157,114
0.06,0.88,0.05,3.17,-0.12,0.31,0.88,3.19,497,598,145,130
0.06,0.96,0.01,5.07,-0.92,0.24,0.96,5.15,358,592,146,138
0.06,1.00,-0.00,2.62,-0.92,0.98,1.00,2.95,269,597,137,142
0.06,0.99,0.00,0.73,-0.55,1.40,0.99,1.68,266,606,125,144
0.06,0.99,0.00,-0.18,-0.18,1.59,0.99,1.61,214,617,125,139
0.06,0.99,0.00,-2.44,-0.18,0.79,0.99,2.57,214,631,118,138
0.05,0.99,-0.01,-2.50,-0.12,-0.24,1.00,2.52,189,636,116,134
0.06,0.99,0.00,-1.10,-0.31,-1.10,0.99,1.58,225,639,115,123
0.06,0.99,0.00,-1.04,-0.37,-1.59,0.99,1.93,240,636,123,116
0.06,1.00,-0.00,-0.55,-0.98,-2.08,1.00,2.36,252,635,132,114
0.06,0.99,0.00,0.73,-1.53,-2.62,0.99,3.12,272,637,140,101
0.06,1.00,0.00,1.40,-2.26,-3.54,1.00,4.43,246,647,140,85
0.06,1.00,-0.00,2.87,-3.78,-7.69,1.01,9.04,277,662,148,64
0.07,0.99,0.00,4.82,-3.66,-7.75,0.99,9.84,201,678,153,46
0.07,1.03,-0.00,6.04,-5.31,-12.51,1.03,14.87,182,698,153,36
0.09,1.04,-0.01,10.62,-7.87,-20.39,1.05,24.30,113,722,151,23
0.09,1.03,0.00,27.34,-6.35,-23.50,1.04,36.61,132,734,163,17
0.10,1.26,0.02,29.05,-6.16,-33.02,1.26,44.41,97,754,161,16
0.10,0.94,0.12,45.41,-3.91,-48.34,0.95,66.44,85,769,172,15
0.12,1.29,0.10,27.28,0.12,-65.00,1.30,70.50,74,796,171,15
0.13,1.42,0.11,21.24,3.42,-91.37,1.42,93.87,55,815,177,12
0.21,1.42,0.06,19.23,4.70,-133.06,1.44,134.52,36,838,169,13
0.05,2.09,0.21,0.49,8.79,-182.80,2.10,183.01,20,860,168,7
-0.03,1.67,0.19,-3.66,9.03,-260.19,1.68,260.38,9,881,147,1
-0.12,1.37,0.23,7.14,12.76,-283.39,1.39,283.76,4,890,126,0
-0.79,0.42,0.42,113.34,45.10,-253.42,0.98,281.25,3,904,89,6
-0.79,-0.24,-0.19,62.74,60.97,-188.66,0.84,207.96,1,894,56,12
-1.51,-0.06,-0.21,65.25,41.81,-95.89,1.53,123.29,0,0,11,15
-0.87,-0.46,-0.41,60.18,-19.59,-4.82,1.06,63.47,0,0,8,16
-0.57,0.31,-0.04,-14.83,-37.78,149.41,0.65,154.83,0,0,9,11
0.11,0.94,0.05,-2.01,-4.82,166.50,0.95,166.59,0,0,9,11
0.53,0.98,-0.04,-16.72,-12.63,149.54,1.11,151.00,0,0,8,10
0.58,1.20,0.08,-18.80,-13.98,126.22,1.34,128.38,0,0,6,9
0.77,1.01,-0.06,-22.46,8.30,109.92,1.27,112.50,0,0,4,9
0.84,1.05,0.01,-42.60,24.90,81.54,1.35,95.31,0,0,5,7
0.86,1.21,0.01,-46.14,43.03,54.20,1.48,83.18,0,0,6,7
1.02,1.07,-0.15,-35.10,56.70,38.88,1.48,77.19,0,0,4,7
1.31,0.80,-0.40,-40.65,51.03,63.90,1.59,91.32,0,0,5,5
1.55,0.96,-0.43,-68.66,-8.61,80.08,1.87,105.84,0,0,6,3
1.47,0.72,-0.25,-86.98,-50.23,64.09,1.66,119.14,0,0,8,0
1.40,0.64,0.10,-108.22,-63.60,32.71,1.54,129.71,0,0,10,0
1.33,0.46,0.27,-88.38,-54.26,-5.07,1.44,103.83,0,0,9,0
1.33,0.47,0.28,-62.32,-47.00,-31.56,1.44,84.19,0,0,12,0
1.02,0.60,0.33,-25.82,-40.95,-70.86,1.23,85.82,0,0,15,0
0.72,0.65,0.32,3.36,-15.56,-109.07,1.02,110.23,0,0,13,0
-2.18,2.63,1.95,84.90,-46.20,-55.97,3.94,111.69,6,887,75,0
0.70,0.04,-1.37,-4.21,-15.62,289.92,1.54,290.37,37,741,136,0
-0.19,1.23,0.29,32.47,8.67,211.85,1.28,214.50,164,758,151,0
0.36,4.00,-1.57,-67.69,32.10,180.60,4.31,195.52,224,666,157,2
-0.09,1.03,-0.04,82.64,-26.61,14.04,1.03,87.95,333,574,163,70
0.10,1.22,-0.08,-10.44,-8.00,-20.39,1.23,24.26,523,583,166,47
0.14,1.06,-0.07,-10.19,-5.19,-18.49,1.07,21.74,384,594,170,29
0.13,0.96,-0.02,2.75,-3.30,-5.62,0.97,7.07,448,597,171,25
0.12,0.95,-0.00,9.64,-1.10,10.19,0.96,14.07,445,596,169,43
0.08,1.02,0.03,5.80,-0.24,9.34,1.02,10.99,482,599,165,51
0.10,0.98,0.01,1.16,-1.46,-0.67,0.98,1.99,336,621,167,44
0.10,0.99,0.00,-0.73,-1.40,-1.22,0.99,2.00,333,646,163,32
0.10,1.00,0.00,0.67,-1.53,-1.22,1.00,2.07,314,669,159,30
0.10,0.98,0.01,3.66,-1.89,-0.85,0.99,4.21,251,688,149,27
0.10,0.98,0.01,2.81,-0.98,1.46,0.98,3.31,210,701,152,30
0.08,1.00,0.01,2.93,-0.79,0.79,1.01,3.14,224,706,139,33
0.09,1.06,0.00,6.47,-2.14,-5.55,1.07,8.79,199,713,141,31
0.10,1.05,0.00,16.17,-3.85,-14.53,1.06,22.08,185,724,143,24
0.11,1.10,0.01,19.78,-7.63,-25.09,1.10,32.84,145,738,156,15
0.04,1.03,0.26,35.83,-5.86,-39.12,1.06,53.37,156,756,161,12
0.14,1.05,0.12,11.35,6.10,-48.71,1.06,50.38,120,776,165,13
0.15,1.38,0.06,7.87,8.42,-63.29,1.39,64.34,107,794,166,14
0.21,1.16,0.02,19.71,8.42,-92.10,1.18,94.56,83,812,172,11
0.21,1.28,0.11,15.99,9.22,-108.34,1.30,109.90,55,835,171,10
0.19,1.62,0.17,2.93,13.00,-141.11,1.64,141.74,32,861,171,3
0.10,1.77,0.34,-27.65,13.18,-199.16,1.81,201.50,17,871,161,1
0.12,1.45,0.02,-27.47,15.14,-287.11,1.46,288.82,7,879,143,0
-0.25,1.85,0.35,40.83,10.13,-286.32,1.90,289.39,4,892,111,0
-0.87,-0.56,-0.60,160.34,43.70,-230.10,1.19,283.84,2,895,72,10
-1.34,-0.35,-0.62,5.25,11.41,-150.76,1.52,151.28,1,891,35,14
-0.63,-0.12,-0.26,49.87,-39.79,-57.68,0.69,86.01,0,0,6,16
-1.13,-0.47,-0.30,7.39,-92.16,103.52,1.26,138.80,0,0,10,18
-0.62,1.03,0.28,-71.66,-38.88,211.06,1.23,226.26,0,0,7,13
0.39,0.92,-0.04,-44.56,17.40,202.33,1.00,207.91,0,0,7,12
0.73,1.13,0.02,-63.96,-4.09,157.90,1.34,170.41,0,0,5,10
0.77,1.21,0.17,-57.43,-21.85,96.31,1.44,114.25,0,0,5,7
0.85,1.27,0.23,-70.98,7.81,60.67,1.54,93.70,0,0,6,8
1.09,1.35,0.37,-65.00,61.52,57.98,1.77,106.64,0,0,6,7
1.75,1.18,0.02,-4.27,106.20,99.67,2.11,145.71,0,0,6,6
2.20,0.51,-0.60,29.54,68.48,100.77,2.33,125.37,0,0,8,5
1.74,0.40,-0.44,-27.22,3.23,53.71,1.84,60.30,0,0,10,4
1.58,0.24,-0.27,-58.53,-10.50,22.09,1.62,63.44,0,0,12,2
1.62,0.58,0.20,-87.10,-19.71,-15.14,1.73,90.57,0,0,11,0
1.43,0.57,0.50,-37.35,-44.68,-71.96,1.62,92.57,0,0,13,2
0.86,0.27,0.41,4.58,-28.63,-95.21,0.99,99.53,0,0,15,3
0.79,-1.32,0.23,339.48,13.06,69.03,1.55,346.67,6,895,102,0
-0.65,1.14,0.72,-37.90,-4.82,315.12,1.50,317.43,32,755,143,0
-0.01,1.78,-0.20,-27.53,30.40,200.32,1.79,204.47,176,751,149,0
0.29,2.02,-0.77,-35.89,22.03,142.94,2.18,149.02,377,689,156,5
0.05,-1.32,0.13,348.45,-32.65,48.16,1.33,353.27,409,576,157,86
-0.16,0.46,0.10,47.67,-21.06,-10.74,0.50,53.21,474,576,166,79
0.13,1.04,-0.02,8.00,-10.13,-17.88,1.05,22.05,409,594,169,47
0.16,0.90,-0.00,9.40,-9.77,-13.43,0.92,19.08,579,616,170,30
0.11,0.98,-0.00,2.87,-4.15,-0.06,0.99,5.05,409,639,167,29
0.14,1.01,-0.12,3.30,-6.59,-1.95,1.03,7.62,477,663,159,21
0.10,1.05,-0.01,19.96,-14.16,-13.79,1.06,28.09,312,703,164,14
0.07,1.18,0.13,25.02,-11.11,-21.48,1.19,34.80,233,733,163,7
0.10,0.97,0.08,11.90,-2.93,-29.11,0.98,31.59,178,759,161,9
0.13,0.89,0.12,8.91,0.00,-23.68,0.91,25.30,124,778,159,9
0.14,0.96,0.07,3.72,1.28,-15.14,0.97,15.64,106,786,156,10
0.15,1.07,0.04,4.64,1.28,-20.69,1.08,21.24,104,790,158,10
0.17,1.05,0.06,6.71,1.53,-28.50,1.06,29.32,102,791,162,10
0.19,1.21,0.02,8.18,1.34,-36.93,1.22,37.84,96,798,166,9
0.17,1.43,0.05,16.17,0.00,-64.64,1.44,66.63,93,805,171,10
0.23,1.34,0.07,22.77,0.00,-96.62,1.36,99.26,71,817,175,9
0.21,1.65,0.17,11.54,3.54,-131.23,1.68,131.78,53,833,178,7
0.18,1.96,0.09,0.06,8.24,-191.96,1.97,192.13,32,862,168,1
0.01,2.61,0.06,-14.95,1.95,-277.89,2.61,278.30,18,879,161,0
-0.24,2.17,-0.16,8.54,-8.00,-398.19,2.19,398.37,9,884,139,0
-2.25,0.04,0.34,126.16,-16.91,-419.56,2.28,438.44,3,895,74,13
-2.59,-1.45,-0.41,50.17,8.00,-246.46,2.99,251.64,0,0,7,21
-1.95,0.81,0.26,7.51,25.82,141.91,2.12,144.43,0,0,9,15
-0.16,-0.06,-0.70,57.31,76.42,182.62,0.72,206.09,0,0,9,14
0.03,1.00,-0.28,-5.68,31.19,216.80,1.04,219.10,0,0,7,12
0.44,1.38,-0.44,38.09,1.22,245.67,1.52,248.60,0,0,6,11
0.46,1.49,-0.41,14.47,-10.31,246.95,1.61,247.59,0,0,5,10
0.50,1.58,-0.31,-1.83,-3.97,238.16,1.69,238.20,0,0,5,8
0.56,1.66,-0.27,-28.75,1.59,206.91,1.77,208.90,0,0,3,6
0.72,1.70,-0.25,-35.22,2.75,182.19,1.86,185.58,0,0,4,8
0.66,1.47,-0.14,-62.81,4.58,165.71,1.62,177.27,0,0,4,8
0.69,1.63,0.00,-83.50,7.14,181.64,1.77,200.04,0,0,4,8
1.06,1.47,0.00,-71.35,-4.03,198.18,1.81,210.67,0,0,2,5
1.29,1.37,0.15,-76.78,-25.09,172.97,1.88,190.90,0,0,3,6
1.40,1.16,0.46,-69.52,-19.41,129.39,1.88,148.16,0,0,3,4
1.98,0.59,0.42,-62.50,17.64,96.68,2.11,116.47,0,0,3,6
3.74,4.00,0.73,143.98,54.57,-139.16,5.52,207.54,0,0,0,31
0.14,0.33,0.86,217.96,14.47,-239.81,0.93,324.38,0,0,0,91
1.38,0.86,0.47,-1.95,47.67,-135.01,1.69,143.19,2,534,0,131
0.21,0.79,0.11,20.87,-8.36,-13.24,0.82,26.10,77,552,39,144
0.10,1.00,-0.01,-7.39,-1.46,-2.20,1.00,7.84,111,568,50,138
0.07,1.02,-0.05,-11.78,-0.24,0.00,1.02,11.78,132,566,56,132
0.07,0.99,-0.04,-5.55,1.83,0.06,1.00,5.85,138,562,61,132
0.07,0.99,-0.03,0.00,0.18,-1.89,1.00,1.90,163,565,73,140
0.07,0.98,-0.03,1.04,-0.43,-2.26,0.98,2.52,272,559,87,137
0.08,0.99,-0.03,-1.40,-0.12,-1.95,0.99,2.41,280,553,97,146
0.08,0.99,-0.03,0.00,-0.31,-2.08,1.00,2.10,292,550,97,150
0.08,0.99,-0.03,0.24,-0.06,-1.95,0.99,1.97,433,545,106,149
0.07,0.98,-0.04,-1.65,-0.31,-1.71,0.98,2.39,492,547,105,150
0.08,1.00,-0.03,-1.95,0.06,-1.95,1.01,2.76,352,549,107,142
0.08,1.00,-0.03,1.22,-0.49,-1.95,1.00,2.35,381,550,116,132
0.08,1.01,-0.03,0.61,0.24,-2.08,1.01,2.18,568,553,119,121
0.08,0.98,-0.02,2.93,-1.28,-2.14,0.98,3.85,432,554,127,103
0.08,0.99,-0.03,0.67,-0.73,-1.77,1.00,2.03,403,557,133,92
0.08,0.99,-0.03,1.04,-1.34,-2.32,0.99,2.87,442,562,138,81
0.08,0.99,-0.02,-1.46,-0.67,-2.20,1.00,2.72,491,570,137,65
0.08,0.99,-0.03,-1.65,-0.61,-1.95,1.00,2.63,386,575,142,46
0.09,0.99,-0.03,-0.61,-0.92,-2.14,0.99,2.40,364,582,144,35
0.08,1.00,-0.05,-0.85,-2.93,-3.23,1.00,4.45,506,590,151,20
0.10,0.98,-0.01,-2.38,-3.36,-6.77,0.99,7.93,327,603,154,11
0.08,1.08,-0.00,-2.44,-6.04,-10.44,1.08,12.30,329,622,160,5
0.08,0.99,0.04,-5.74,-4.94,-22.77,1.00,23.99,280,649,160,0
0.10,1.04,-0.01,-3.78,-3.17,-32.78,1.04,33.15,296,679,167,0
0.12,1.14,-0.02,-10.80,-2.26,-43.27,1.15,44.66,256,591,165,0
0.10,1.37,0.03,-8.30,-0.37,-59.69,1.37,60.27,269,633,166,0
0.17,1.51,-0.22,-4.76,0.61,-94.30,1.54,94.42,188,675,174,0
0.13,1.38,0.05,7.02,0.79,-130.13,1.39,130.32,100,826,175,0
0.20,1.92,-0.21,5.13,-2.38,-179.93,1.94,180.02,42,865,165,0
0.23,1.78,-0.14,27.16,-11.05,-239.20,1.80,240.99,19,880,151,0
0.28,2.00,0.00,20.32,-11.41,-287.66,2.02,288.60,6,872,113,0
0.31,1.86,0.06,45.17,-0.43,-281.31,1.88,284.91,1,887,56,0
