-,-,-
0.35,0.98,-0.04,-1.83,-3.54,-18.98,1.04,19.40,31,885,187,0
0.35,0.90,-0.02,4.27,-4.21,-20.45,0.97,21.31,28,886,186,0
0.36,0.87,-0.01,4.70,-3.42,-18.55,0.95,19.44,27,886,181,0
0.35,0.93,0.02,-4.94,-1.65,-14.28,0.99,15.20,26,881,184,0
0.37,0.88,0.02,3.30,-3.85,-12.39,0.96,13.39,28,881,186,0
0.38,0.91,0.00,3.60,-2.32,-9.95,0.98,10.83,28,876,185,0
0.39,0.87,0.01,3.91,-2.50,-8.91,0.95,10.05,31,876,187,0
0.39,0.99,-0.00,2.62,-3.66,-10.99,1.07,11.87,35,875,187,0
0.39,1.08,0.00,3.05,-4.88,-20.08,1.15,20.89,37,872,189,0
0.40,1.11,0.03,4.46,-5.00,-37.23,1.17,37.83,39,874,189,0
0.40,1.05,0.02,3.11,-4.33,-56.40,1.12,56.65,39,874,184,0
0.39,0.85,0.24,-13.92,-5.31,-91.55,0.96,92.76,44,871,184,0
0.42,1.85,0.16,-77.64,-1.40,-131.77,1.90,152.95,43,864,175,0
0.50,2.02,0.17,-92.96,25.21,-217.53,2.08,237.90,30,865,151,0
0.83,1.89,0.02,-71.78,45.10,-269.90,2.06,282.90,11,874,104,0
0.55,1.81,-0.32,-5.19,59.20,-275.88,1.92,282.21,3,878,61,0
0.17,1.29,-0.60,-27.53,36.68,-299.38,1.43,302.87,1,895,32,0
0.19,0.58,-0.82,-48.22,15.99,-262.63,1.02,267.50,0,0,12,3
-0.12,0.19,-0.72,-104.31,-54.32,-187.07,0.76,220.97,0,0,8,7
-0.99,0.36,0.21,-73.24,-79.77,7.39,1.07,108.55,0,0,8,4
-0.53,0.68,0.11,21.42,-42.60,180.48,0.87,186.67,0,0,6,4
-0.13,0.62,-0.05,43.58,-38.02,234.07,0.64,241.11,0,0,5,4
-0.01,0.76,-0.03,35.64,-37.60,273.07,0.76,277.94,0,0,7,4
0.18,0.90,-0.05,21.73,-34.06,294.98,0.92,297.74,0,0,9,3
0.36,1.05,0.00,0.73,-26.86,264.95,1.11,266.31,0,0,9,1
0.36,1.19,0.18,-9.64,-4.09,216.19,1.25,216.44,0,0,7,1
0.52,1.31,0.05,-1.46,33.20,187.56,1.41,190.48,0,0,9,2
0.77,1.22,-0.19,-7.63,51.27,155.64,1.46,164.04,0,0,11,1
1.08,1.42,-0.07,-9.16,56.70,148.62,1.79,159.33,0,0,17,0
1.85,0.93,-0.38,28.14,57.43,100.04,2.11,118.73,1,859,21,0
2.29,0.61,-0.44,41.32,52.86,26.92,2.41,72.29,1,853,26,0
2.60,0.15,-0.41,26.00,28.32,-20.63,2.63,43.63,1,847,30,0
2.13,0.20,0.03,7.32,16.97,-76.05,2.14,78.26,1,850,31,1
0.88,-1.94,0.92,166.38,-93.02,-72.27,2.32,203.86,7,891,122,7
-0.27,3.36,-0.04,-431.82,-28.44,143.80,3.38,456.03,20,871,148,0
0.52,0.16,-0.78,110.53,32.23,-24.17,0.95,117.65,38,862,163,1
0.10,2.12,0.02,-43.21,-29.97,-49.56,2.12,72.26,53,839,170,3
0.17,0.99,0.23,-34.73,-0.31,-51.45,1.03,62.08,57,839,177,0
0.32,1.05,-0.10,-57.62,6.23,-40.53,1.10,70.72,58,849,172,0
0.37,0.78,-0.15,-13.24,3.48,-37.11,0.88,39.56,57,854,179,0
0.36,0.63,-0.05,1.10,0.06,-21.12,0.73,21.15,63,854,178,0
0.37,0.89,-0.13,-4.94,-0.24,-1.16,0.97,5.08,68,848,189,0
0.34,0.98,-0.06,3.36,-3.17,-0.06,1.04,4.62,78,840,187,0
0.33,1.02,-0.03,-3.05,-2.81,-4.03,1.07,5.78,85,833,191,0
0.36,1.01,-0.08,-7.14,-0.67,-10.56,1.07,12.76,91,837,194,0
0.37,1.03,-0.10,-3.91,-2.50,-21.61,1.10,22.10,89,841,192,0
0.38,0.99,-0.08,1.28,-7.02,-32.71,1.06,33.48,75,854,193,0
0.40,1.10,-0.12,8.42,-5.43,-42.79,1.18,43.94,66,863,185,0
0.41,1.13,-0.09,12.33,-7.08,-58.23,1.20,59.94,50,874,184,0
0.42,0.96,-0.04,19.41,-10.07,-73.24,1.05,76.44,38,874,185,0
0.43,0.85,0.04,15.20,-9.95,-79.35,0.96,81.40,31,880,182,0
0.48,0.86,0.01,2.01,-6.23,-79.71,0.99,79.98,25,884,179,0
0.47,1.14,0.09,-8.91,-3.78,-90.33,1.24,90.85,19,886,167,0
0.51,1.31,-0.00,-20.14,-13.49,-137.15,1.41,139.27,15,887,161,0
0.59,1.61,0.32,-50.60,11.84,-187.32,1.74,194.39,11,883,143,0
0.96,1.82,0.37,-54.20,61.58,-235.05,2.09,248.95,6,885,108,0
0.82,1.93,0.08,-45.72,87.04,-248.72,2.10,267.44,2,894,66,2
0.96,0.74,-0.87,28.81,83.56,-195.62,1.49,214.66,0,0,17,13
-0.08,0.73,-0.71,68.30,-34.48,-24.48,1.02,80.33,1,873,19,4
-0.68,0.90,0.04,41.63,-184.88,49.07,1.13,195.75,0,0,20,7
-1.53,0.39,0.20,68.12,-173.95,113.28,1.59,218.47,0,0,21,8
-1.26,0.19,-0.07,29.85,-80.81,181.82,1.28,201.20,0,0,20,9
-0.59,0.66,-0.12,-15.69,-18.86,249.57,0.89,250.78,0,0,22,8
0.31,1.24,-0.04,-42.24,-71.35,248.41,1.27,261.89,1,873,24,6
0.54,1.48,0.80,-27.34,-82.21,219.97,1.77,236.42,0,0,30,7
1.55,1.41,0.85,7.69,28.38,179.87,2.26,182.26,1,878,36,5
3.22,0.80,0.08,62.56,110.78,117.98,3.32,173.51,1,881,37,3
3.46,0.23,0.04,61.83,94.30,-2.14,3.47,112.78,1,878,36,7
4.00,-0.78,-0.41,73.55,126.22,-144.53,4.10,205.50,2,915,109,24
-0.02,-0.74,-0.09,-51.76,-2.14,140.62,0.75,149.86,5,905,152,0
0.96,0.66,-1.18,135.86,32.04,56.27,1.66,150.51,14,902,174,3
0.46,1.97,-0.48,-1.22,4.46,67.57,2.08,67.72,26,880,193,2
0.20,1.01,0.33,-2.44,-7.08,50.78,1.08,51.33,49,844,198,0
0.31,1.37,-0.12,-9.03,2.56,27.28,1.41,28.85,76,822,202,0
0.29,1.47,0.02,2.08,0.92,-23.80,1.50,23.91,78,823,201,0
0.27,1.38,0.10,-23.50,1.28,-63.48,1.41,67.70,52,855,200,0
0.35,1.43,-0.10,-35.95,6.77,-100.77,1.48,107.20,29,887,203,0
0.32,1.37,-0.01,-19.53,-3.30,-143.43,1.41,144.79,14,898,196,0
0.34,1.17,0.05,-11.66,-7.93,-177.19,1.22,177.75,7,908,177,0
0.49,0.80,-0.13,9.03,-1.34,-186.95,0.95,187.17,3,903,154,0
0.67,0.79,0.24,2.14,-5.07,-186.89,1.06,186.97,2,901,129,0
0.76,0.98,0.14,18.98,31.01,-152.40,1.25,156.68,1,905,87,1
0.42,1.14,0.28,36.44,33.14,-142.15,1.24,150.44,0,0,51,7
0.16,1.15,0.41,36.38,62.50,-141.48,1.23,158.89,0,0,31,14
2.33,1.99,-0.17,35.10,112.49,-75.50,3.07,139.95,0,0,4,22
-0.81,1.07,0.17,38.09,43.76,-79.04,1.35,98.05,0,0,11,8
0.16,1.14,-0.45,55.97,0.12,61.65,1.24,83.26,0,0,13,9
-1.10,1.24,0.31,54.57,-68.48,75.62,1.69,115.70,0,0,14,12
-1.01,0.38,-0.28,30.21,-63.78,144.23,1.11,160.57,0,0,13,15
-0.74,0.84,-0.05,-1.77,-62.19,208.68,1.12,217.76,0,0,12,17
-0.13,0.99,-0.27,-5.13,-59.81,230.90,1.04,238.57,0,0,16,14
0.27,1.32,-0.32,-29.42,-77.76,222.78,1.38,237.79,0,0,21,13
0.44,1.77,0.21,-29.91,-67.44,198.30,1.84,211.58,0,0,28,10
1.25,1.09,0.03,-0.49,26.98,166.75,1.66,168.92,0,0,33,10
2.73,1.15,0.10,-19.23,68.24,127.08,2.96,145.51,0,0,35,8
3.23,0.14,0.02,34.61,63.35,-25.39,3.23,76.53,0,0,39,9
3.75,-0.63,-0.12,-20.57,75.74,-104.61,3.80,130.78,0,0,50,8
0.30,-4.00,0.19,466.25,-3.78,63.29,4.02,470.54,3,914,138,10
-0.34,4.00,0.27,-491.09,-29.48,153.56,4.02,515.38,15,901,176,6
0.35,0.91,-0.71,41.08,-16.05,62.56,1.21,76.54,35,868,190,11
0.34,-0.09,0.39,158.33,14.95,12.33,0.53,159.51,66,821,187,13
0.24,1.69,-0.16,-49.26,7.87,38.51,1.71,63.02,103,796,198,12
0.22,1.80,0.04,-16.24,-1.10,7.26,1.82,17.82,134,794,198,6
0.23,1.52,0.08,-10.19,0.79,-52.43,1.54,53.42,100,811,199,2
0.23,1.62,0.00,-20.69,-7.93,-104.92,1.63,107.23,52,858,198,0
0.17,1.34,0.04,-8.97,-8.12,-156.13,1.35,156.60,23,886,191,0
0.25,1.02,0.07,-12.21,-7.20,-188.66,1.05,189.19,11,900,181,0
0.23,1.26,0.21,-44.13,0.31,-203.67,1.30,208.40,5,906,161,0
0.47,0.93,0.26,-38.27,20.63,-215.33,1.08,219.68,2,901,133,0
0.84,1.25,0.95,-21.36,34.36,-201.66,1.79,205.68,1,905,90,3
0.47,1.20,0.62,179.32,135.07,-152.16,1.43,271.21,0,0,47,8
0.53,1.00,-0.68,80.14,149.48,-131.35,1.32,214.52,0,0,19,9
0.07,1.19,-0.21,-11.23,89.11,-106.69,1.21,139.46,0,0,14,12
-0.28,1.89,0.08,-10.56,-36.87,-34.24,1.92,51.41,0,0,17,13
-0.74,1.31,0.07,71.41,-102.91,-4.09,1.51,125.32,0,0,18,13
-1.07,0.88,0.14,75.01,-105.10,49.07,1.39,138.14,0,0,17,14
-0.93,0.36,-0.27,91.37,-52.80,113.77,1.03,155.17,0,0,15,16
-0.27,0.40,-0.60,31.62,-50.29,187.32,0.77,196.51,0,0,17,15
0.12,0.90,-0.47,15.38,-102.05,214.54,1.02,238.07,0,0,23,15
0.29,1.18,-0.12,-6.10,-146.73,210.51,1.22,256.67,0,0,25,15
0.41,0.77,-0.04,44.19,-35.16,216.49,0.87,223.73,0,0,28,15
1.66,1.04,-0.00,-62.56,93.20,193.30,1.96,223.53,0,0,30,15
3.68,1.24,0.01,-35.34,141.72,127.38,3.88,193.80,0,0,37,10
4.00,0.27,0.01,41.14,5.49,14.95,4.01,44.11,0,0,40,14
4.00,0.08,2.00,44.68,-3.72,-115.23,4.47,123.65,0,0,62,22
-0.10,-3.24,0.25,164.06,8.18,80.38,3.25,182.88,1,906,125,6
0.35,2.64,-0.55,-94.73,37.72,86.73,2.72,133.86,6,911,170,14
0.55,2.88,-1.02,-274.41,7.02,94.30,3.10,290.25,14,904,184,13
0.26,0.58,0.15,88.38,13.67,29.60,0.65,94.20,31,867,194,12
0.29,1.18,-0.17,-19.53,8.36,7.69,1.23,22.59,56,834,197,11
0.27,1.40,-0.10,-4.58,0.55,-18.86,1.43,19.42,65,835,192,10
0.21,1.60,0.07,-21.30,-3.66,-55.54,1.62,59.60,38,872,199,7
0.21,1.68,-0.09,-48.40,-7.08,-115.72,1.70,125.64,17,907,191,6
0.14,1.62,-0.09,-37.23,-15.69,-181.58,1.63,186.02,7,917,183,6
0.13,1.48,0.25,-28.87,-11.84,-228.58,1.51,230.70,2,915,168,2
0.27,1.06,0.22,-2.93,22.28,-253.36,1.12,254.35,1,912,139,5
0.13,1.95,1.52,36.74,63.11,-243.71,2.47,254.42,0,0,87,5
-0.31,1.31,1.23,238.34,223.21,-167.79,1.82,367.12,0,0,41,8
-0.10,0.36,-0.10,145.45,241.21,-147.58,0.39,317.99,0,0,25,11
0.16,0.83,-0.95,28.38,244.75,-102.48,1.27,266.85,0,0,13,15
0.08,1.68,-0.83,-59.51,11.47,-2.69,1.88,60.66,0,0,15,17
-0.40,2.00,-0.14,0.00,-183.23,54.93,2.04,191.28,0,0,14,14
-0.81,0.96,-0.41,102.11,-245.30,89.42,1.32,280.35,0,0,12,18
-1.17,1.23,0.01,74.65,-202.09,135.50,1.70,254.50,0,0,10,19
-0.71,0.44,-0.84,86.12,-81.30,177.67,1.19,213.53,0,0,12,20
-0.22,1.36,-0.70,-32.71,-45.90,199.65,1.54,207.45,0,0,13,21
0.48,1.25,-0.87,-32.90,-70.50,222.23,1.60,235.45,0,0,19,19
0.71,1.84,0.12,-63.90,-93.57,189.82,1.97,221.07,0,0,24,18
1.13,0.98,0.29,-37.60,-12.15,123.72,1.53,129.87,0,0,27,19
2.19,0.74,0.62,-54.02,52.98,114.32,2.39,137.09,0,0,30,18
3.19,0.73,1.02,-20.02,33.57,66.04,3.43,76.74,0,0,32,18
2.68,-0.63,0.37,43.46,57.68,-50.60,2.78,88.18,0,0,30,20
4.00,0.90,1.94,-18.62,127.14,-180.60,4.53,221.65,0,0,103,31
-0.41,-3.25,-0.56,286.62,2.08,155.33,3.32,326.01,4,923,157,10
0.30,0.20,-1.15,121.46,52.98,89.84,1.21,160.10,14,916,181,20
0.09,1.32,0.22,76.17,-13.92,72.02,1.35,105.75,39,854,194,17
0.14,1.87,-0.03,-48.22,-10.86,53.89,1.88,73.13,84,805,197,18
0.19,1.79,0.07,-18.62,-1.16,10.38,1.80,21.34,107,798,200,19
0.18,1.68,-0.04,-22.03,-1.22,-50.72,1.69,55.31,83,826,199,12
0.13,1.64,-0.04,-35.64,-3.42,-114.14,1.64,119.62,34,880,201,5
0.12,1.59,-0.25,-52.80,-17.15,-183.47,1.62,191.69,13,911,187,2
0.08,1.34,0.23,-41.20,-26.06,-238.16,1.36,243.10,6,922,171,1
0.22,1.03,0.10,-47.18,10.74,-259.58,1.06,264.05,2,915,144,1
0.47,0.84,0.84,-27.34,30.27,-239.50,1.27,242.95,1,912,111,6
0.43,1.06,1.15,59.39,111.69,-166.87,1.62,209.40,0,0,69,8
0.08,0.35,0.36,154.48,182.07,-135.74,0.51,274.66,0,0,37,11
0.16,-0.34,-0.45,77.03,216.31,-122.99,0.59,260.48,1,914,24,13
0.79,0.53,-0.79,-151.79,202.09,-114.26,1.24,277.37,0,0,18,21
0.51,2.01,-0.47,-173.46,180.30,-91.06,2.13,266.25,0,0,1,24
0.84,1.55,-1.36,55.24,-49.93,20.87,2.22,77.33,0,0,8,16
-0.04,2.37,-0.98,-3.23,-339.48,71.29,2.57,346.90,0,0,5,14
-1.01,0.82,-0.32,200.74,-325.13,121.95,1.34,401.10,0,0,4,16
-1.16,0.27,-0.55,137.70,-193.18,167.66,1.31,290.50,0,0,4,18
-0.85,0.53,-0.56,13.73,-49.13,192.26,1.15,198.91,0,0,6,22
-0.20,0.92,-0.88,-39.55,42.91,210.45,1.28,218.39,0,0,9,19
0.52,1.24,-0.97,-73.91,21.24,224.79,1.66,237.58,0,0,13,19
0.82,1.62,-0.06,-94.54,-44.37,171.08,1.82,200.44,0,0,18,14
0.87,1.13,0.45,-4.39,-6.04,119.02,1.50,119.25,0,0,26,11
1.96,0.48,0.05,-4.46,46.39,131.04,2.02,139.08,0,0,32,13
2.91,0.44,0.11,24.66,52.12,30.58,2.95,65.27,0,0,38,14
2.62,-0.90,0.14,-3.48,56.70,-58.35,2.77,81.44,0,0,39,13
1.04,-3.74,0.98,311.28,-41.38,-32.35,4.00,315.68,4,924,135,25
-0.06,4.00,-0.57,-596.80,27.59,218.63,4.04,636.19,18,904,172,8
0.52,0.86,-1.32,92.65,48.83,74.34,1.66,128.43,50,852,187,15
0.25,0.20,0.22,172.18,14.16,19.96,0.39,173.91,101,810,195,17
0.17,1.48,-0.27,-44.92,2.01,24.90,1.52,51.40,143,790,196,18
0.20,1.50,-0.12,0.79,-2.75,-9.58,1.52,10.00,146,785,199,14
0.18,1.47,-0.05,-19.65,-4.88,-51.03,1.49,54.90,110,812,203,6
0.19,1.65,-0.15,-20.14,-12.70,-109.13,1.66,111.70,53,863,201,3
0.14,1.48,-0.07,-13.24,-18.68,-165.95,1.49,167.53,24,897,197,0
0.16,1.18,0.06,-19.04,-16.97,-203.00,1.19,204.60,11,906,185,0
0.28,1.10,-0.07,-29.91,-0.61,-219.79,1.14,221.81,6,911,162,0
0.50,0.86,0.18,-31.68,7.26,-225.83,1.01,228.16,3,910,129,0
0.55,0.39,0.62,-25.82,47.12,-201.90,0.91,208.93,2,910,94,2
0.38,1.42,0.77,-26.73,102.60,-170.23,1.66,200.55,1,908,49,3
0.47,1.44,0.35,16.24,144.96,-188.84,1.55,238.62,1,902,22,6
0.52,0.85,-0.54,-53.77,189.09,-165.89,1.13,257.23,0,0,13,13
1.11,2.18,-1.35,-70.43,104.74,-92.77,2.80,156.64,0,0,3,20
0.36,1.95,-0.96,60.18,-109.50,28.38,2.20,128.13,0,0,3,17
-0.30,1.23,-0.82,114.87,-252.20,47.36,1.51,281.14,0,0,5,16
-1.03,0.69,-0.40,133.97,-266.66,92.10,1.30,312.31,0,0,5,18
-1.02,0.41,-0.58,145.02,-161.99,149.96,1.24,264.12,0,0,4,20
-0.62,0.13,-0.99,54.32,-77.70,192.32,1.18,214.42,0,0,3,22
-0.25,0.68,-0.85,-28.38,-29.97,213.99,1.12,217.93,0,0,3,19
0.17,0.74,-0.92,-67.69,-33.51,232.97,1.20,244.91,0,0,9,21
0.44,1.52,0.18,-97.78,-38.39,202.45,1.59,228.08,0,0,14,16
0.83,1.08,0.32,-57.43,54.81,144.90,1.40,165.22,0,0,16,15
2.07,0.89,0.04,-57.31,109.50,154.11,2.25,197.55,0,0,24,14
3.00,0.76,0.28,-55.05,82.70,81.30,3.10,128.37,0,0,29,14
4.00,2.49,0.46,-12.02,-16.48,-2.87,4.73,20.60,2,904,88,15
0.35,-2.29,1.57,118.65,-58.78,-56.88,2.79,144.11,7,913,139,15
0.29,2.14,0.74,-125.24,22.40,60.55,2.28,140.90,19,892,173,15
0.50,1.16,-0.68,-97.60,-13.00,20.39,1.44,100.55,43,856,189,19
0.12,0.25,0.54,58.78,-12.02,28.75,0.60,66.53,82,822,195,22
0.22,1.27,-0.21,-22.46,2.81,59.94,1.30,64.07,130,788,197,21
0.22,1.70,-0.00,12.51,0.92,37.48,1.72,39.52,193,772,191,18
0.18,1.82,0.03,1.71,-3.66,-16.78,1.83,17.26,151,783,202,9
0.14,1.87,-0.04,-18.49,-3.23,-90.39,1.88,92.32,65,845,202,3
0.12,1.73,-0.12,-42.42,-7.69,-173.22,1.74,178.50,20,893,194,0
0.02,1.51,0.21,-41.44,-20.69,-238.10,1.53,242.56,7,908,173,0
0.17,1.20,0.05,-42.79,13.67,-271.00,1.21,274.69,3,905,142,0
0.65,1.16,1.20,15.08,37.35,-243.47,1.79,246.78,1,900,91,4
0.23,0.05,0.30,161.62,126.16,-134.95,0.38,245.46,0,0,33,12
0.33,0.86,0.03,-26.49,135.62,-30.46,0.92,141.50,0,0,13,14
0.45,1.09,-0.21,3.17,78.49,-24.96,1.20,82.43,0,0,20,13
-0.06,1.66,0.39,-37.11,1.46,-60.42,1.70,70.93,0,0,20,14
-0.25,1.42,-0.18,75.13,-52.86,-32.90,1.45,97.58,0,0,19,17
-0.70,1.20,-0.56,101.50,-104.98,5.00,1.50,146.11,0,0,17,19
-1.14,1.20,-0.54,86.06,-113.89,47.73,1.74,150.52,0,0,17,20
-1.24,0.62,-0.74,43.40,-61.71,114.56,1.57,137.17,0,0,18,24
-1.03,1.06,-0.46,-7.81,-19.04,177.49,1.54,178.68,0,0,19,25
-0.62,1.18,-0.60,-18.01,2.38,223.39,1.46,224.13,0,0,17,21
0.13,1.50,-0.59,-40.41,-36.80,252.99,1.62,258.83,0,0,20,20
0.31,2.09,0.28,-33.87,-91.80,216.19,2.13,237.30,0,0,24,17
0.65,1.34,0.30,29.48,-28.08,149.60,1.52,155.04,0,0,28,13
1.46,1.04,0.27,-5.37,62.68,124.69,1.81,139.67,0,0,28,15
2.94,1.05,0.07,0.18,130.49,77.70,3.12,151.87,0,0,31,14
3.66,-0.00,-0.27,44.92,96.07,-37.23,3.67,112.40,0,0,37,16
4.00,-1.97,-1.07,-31.86,105.83,-84.59,4.58,139.18,2,921,116,30
-0.31,2.58,-0.40,-237.30,51.45,269.35,2.63,362.64,15,907,155,18
0.67,0.38,-0.73,224.98,98.39,61.71,1.06,253.18,65,816,182,24
0.20,0.06,-0.09,160.28,24.35,-5.68,0.23,162.22,118,774,190,25
0.06,1.41,-0.02,-28.38,-1.95,3.60,1.41,28.68,162,758,186,25
0.06,1.66,0.06,-19.04,-8.61,-20.63,1.66,29.36,151,765,194,23
0.09,1.86,0.04,-42.05,-8.91,-61.95,1.86,75.40,89,815,191,12
0.10,1.66,-0.11,-33.87,-11.84,-147.58,1.67,151.88,33,878,196,5
0.06,1.36,-0.15,-40.77,-14.71,-203.19,1.37,207.76,12,900,184,3
0.08,1.13,0.19,-22.28,-14.89,-235.11,1.14,236.63,5,913,170,0
0.22,0.94,0.14,-33.20,11.66,-236.63,0.97,239.24,2,915,138,4
0.32,1.04,0.86,-12.88,27.16,-214.97,1.38,217.06,1,910,102,5
0.19,0.47,1.27,80.44,110.23,-165.16,1.37,214.24,1,908,65,7
0.02,0.18,0.81,112.67,182.74,-135.01,0.83,253.61,1,915,47,5
0.19,-0.18,-0.00,12.51,245.36,-119.20,0.26,273.07,1,906,38,10
0.59,1.44,-0.15,-220.76,267.94,-85.63,1.56,357.58,1,894,18,13
1.57,2.37,-0.93,-1.71,56.88,-51.82,2.99,76.97,0,0,15,19
0.18,2.20,-0.58,70.68,-204.59,9.03,2.28,216.64,0,0,14,18
-0.60,1.57,-0.87,204.90,-289.92,58.59,1.89,359.82,0,0,11,19
-1.02,0.91,-0.75,201.17,-265.81,107.18,1.56,350.16,0,0,10,20
-1.07,0.28,-0.86,116.15,-174.68,128.05,1.41,245.77,0,0,10,22
-0.80,0.71,-0.74,10.13,-73.73,159.55,1.30,176.05,0,0,12,21
-0.23,1.00,-0.92,-32.96,-14.28,192.26,1.38,195.59,0,0,15,22
0.33,1.17,-0.88,-62.07,-25.39,204.59,1.50,215.30,0,0,19,19
0.60,1.35,-0.27,-99.49,-77.70,144.84,1.50,192.13,0,0,22,18
0.74,1.27,0.64,-46.63,-37.23,114.75,1.60,129.33,0,0,27,15
1.57,0.87,0.44,-4.70,2.69,111.69,1.85,111.83,0,0,29,12
2.28,0.59,0.32,23.01,22.77,47.42,2.37,57.42,0,0,34,15
2.58,-0.37,-0.15,36.99,36.19,-32.96,2.61,61.35,0,0,42,17
4.00,-0.12,1.76,-36.74,-21.00,9.28,4.37,43.32,2,924,131,33
0.12,0.99,-1.21,-116.70,49.93,156.62,1.57,201.59,12,900,157,13
0.41,0.87,-0.75,35.71,46.57,60.06,1.22,83.97,46,841,182,17
0.18,1.34,-0.08,65.43,1.40,-0.92,1.35,65.45,93,802,190,16
0.23,1.33,-0.16,-44.43,2.62,8.36,1.36,45.29,140,783,196,15
0.23,1.46,-0.07,-2.93,-1.28,-10.68,1.48,11.15,153,777,199,13
0.19,1.53,0.02,-6.41,-8.48,-39.73,1.54,41.13,134,795,201,6
0.16,1.75,-0.09,-14.22,-10.44,-90.39,1.76,92.10,58,848,198,0
0.11,1.64,-0.01,-8.67,-11.41,-159.24,1.64,159.88,23,890,191,0
0.08,1.42,0.18,-27.34,-13.55,-214.97,1.43,217.12,9,905,177,0
0.18,0.99,0.32,-56.82,17.40,-244.32,1.05,251.45,3,907,153,0
0.74,1.16,0.62,-77.09,25.88,-258.85,1.51,271.32,2,905,113,0
0.18,1.04,1.31,160.58,177.43,-210.27,1.68,318.56,1,903,69,6
0.07,-0.10,-0.13,107.30,247.19,-122.19,0.18,295.89,0,0,38,9
0.66,0.47,-0.51,-53.10,236.08,-89.84,0.96,258.12,0,0,18,13
0.63,1.97,-0.07,-133.85,16.36,-43.40,2.07,141.66,0,0,14,13
0.31,2.29,-0.13,-17.27,-155.15,-1.04,2.32,156.11,0,0,15,13
-0.29,1.74,-0.53,107.48,-251.28,11.47,1.85,273.54,0,0,11,15
-0.76,1.34,-0.50,141.11,-253.36,48.77,1.62,294.08,0,0,9,18
-1.00,0.89,-0.51,125.55,-153.20,87.89,1.43,216.70,0,0,8,18
-0.67,0.38,-0.91,27.71,-16.97,157.35,1.19,160.67,0,0,8,19
-0.12,0.98,-0.84,-4.15,21.06,195.92,1.30,197.09,0,0,10,20
0.27,1.01,-1.03,-15.99,-8.30,233.46,1.47,234.15,0,0,13,20
0.46,1.27,-0.82,-39.61,-75.13,246.89,1.58,261.09,0,0,16,20
0.71,1.62,-0.10,-64.21,-114.62,211.30,1.77,248.82,0,0,17,18
1.00,1.08,0.26,-35.58,-45.59,115.60,1.49,129.26,0,0,22,15
1.77,0.69,0.45,-59.63,23.62,102.11,1.95,120.58,0,0,24,15
2.70,0.63,0.74,-33.39,42.91,53.65,2.86,76.38,0,0,27,15
2.53,0.00,0.49,-17.88,75.62,-74.46,2.57,107.63,0,0,29,14
1.66,-1.67,-0.09,-3.85,13.00,-44.68,2.36,46.69,2,906,109,27
0.06,0.62,-0.53,-160.89,51.70,170.53,0.82,240.08,7,901,154,11
0.41,0.28,-0.87,129.88,58.53,44.07,1.00,149.12,20,893,176,22
0.16,1.95,-0.13,12.63,-4.27,34.97,1.96,37.43,42,844,180,24
0.02,0.97,0.36,-13.92,-8.48,23.13,1.04,28.30,67,812,191,27
0.26,1.50,-0.28,-11.78,11.05,20.94,1.55,26.44,107,790,193,28
0.12,1.31,-0.01,16.05,-1.28,-13.61,1.32,21.08,102,795,198,21
0.16,1.48,-0.04,-16.97,0.00,-48.89,1.49,51.75,73,822,196,19
0.14,1.59,-0.08,-32.59,-10.31,-114.20,1.59,119.20,32,871,195,9
0.14,1.38,-0.07,-33.94,-13.24,-159.55,1.39,163.65,12,895,189,4
0.13,1.25,0.06,-20.69,-16.91,-193.05,1.26,194.89,5,908,175,2
0.19,1.11,0.12,-4.33,1.65,-208.92,1.13,208.97,2,911,147,1
0.37,1.17,0.42,14.28,16.05,-210.94,1.29,212.03,1,912,117,1
0.42,0.63,0.75,84.72,71.78,-188.66,1.07,218.91,1,908,79,4
0.22,1.02,0.57,98.45,128.17,-157.96,1.19,225.99,0,0,48,8
0.43,0.48,-0.14,63.66,163.82,-136.54,0.66,222.56,0,0,33,11
0.50,0.63,-0.23,-31.19,166.14,-158.39,0.83,231.65,0,0,23,15
0.70,2.15,-0.72,-94.30,115.78,-79.90,2.37,169.36,0,0,6,17
0.09,1.55,-0.78,10.25,-96.62,-7.69,1.74,97.47,0,0,8,19
-0.59,1.41,-0.41,41.81,-219.67,27.89,1.58,225.34,0,0,6,16
-1.19,0.82,-0.06,82.21,-217.10,91.49,1.45,249.53,0,0,7,19
-1.09,0.14,-0.35,68.42,-131.16,162.05,1.15,219.42,0,0,9,21
-0.74,0.66,-0.20,-33.20,-56.03,201.23,1.01,211.51,0,0,9,19
-0.17,0.84,-0.43,-38.21,-21.06,233.28,0.96,237.32,0,0,11,21
0.17,1.22,-0.33,-57.13,-71.04,280.27,1.27,294.73,0,0,12,20
0.26,1.87,0.55,-22.09,-96.56,253.17,1.97,271.86,0,0,16,18
1.24,1.37,0.36,-11.84,22.89,145.32,1.88,147.59,0,0,20,14
2.57,0.90,0.12,2.93,110.41,104.13,2.73,151.80,0,0,27,14
3.48,0.37,0.12,17.52,103.76,-5.31,3.50,105.36,0,0,28,18
4.00,0.16,1.05,13.61,77.58,-146.55,4.14,166.37,1,913,89,25
0.29,-2.63,-1.37,93.81,-17.94,21.36,2.98,97.87,6,914,146,5
0.00,3.70,-0.08,-220.64,-43.27,47.91,3.70,229.89,17,903,176,12
0.27,2.13,-0.22,-148.86,-19.65,8.18,2.16,150.38,33,880,190,12
0.19,0.34,0.26,-48.16,-3.48,-10.80,0.47,49.48,50,841,198,12
0.34,0.99,-0.37,-20.45,15.56,-15.32,1.11,29.92,65,841,199,14
0.25,1.20,-0.00,0.98,0.24,-24.96,1.23,24.98,65,811,199,12
0.24,1.40,-0.09,-8.85,-7.45,-47.36,1.42,48.76,53,860,203,6
0.25,1.63,-0.19,-15.14,-11.60,-88.50,1.66,90.53,34,885,201,0
0.23,1.37,-0.09,6.71,-18.07,-139.04,1.39,140.37,18,899,193,0
0.30,1.16,-0.13,13.43,-14.65,-169.62,1.20,170.78,9,906,184,0
0.35,1.13,-0.13,14.71,-10.68,-183.96,1.18,184.86,5,911,167,0
0.50,0.99,-0.04,21.00,-8.06,-193.36,1.11,194.66,2,904,141,0
0.72,0.83,0.17,28.14,5.31,-180.54,1.12,182.80,1,902,105,0
0.65,1.17,0.52,18.92,33.69,-163.27,1.44,167.78,0,0,74,1
0.40,1.20,0.25,43.88,65.25,-176.39,1.29,193.12,0,0,45,5
0.51,1.13,-0.05,2.14,80.75,-205.14,1.24,220.47,0,0,28,11
0.61,1.32,-0.42,-53.59,88.26,-211.55,1.52,235.40,0,0,14,17
0.16,1.48,-0.54,-1.77,29.54,-92.16,1.59,96.80,0,0,8,17
0.23,1.33,-0.87,73.43,-64.76,44.49,1.60,107.54,0,0,10,14
-0.32,0.83,-0.47,38.88,-147.52,53.28,1.01,161.60,0,0,9,15
-1.01,0.62,-0.15,54.75,-114.07,123.29,1.19,176.67,0,0,11,17
-0.75,0.03,-0.46,13.18,-41.69,195.74,0.88,200.56,0,0,11,20
-0.40,0.69,-0.31,-37.05,5.86,243.96,0.86,246.82,0,0,12,20
-0.01,0.82,-0.50,-54.87,11.78,263.92,0.96,269.82,0,0,11,19
0.29,1.43,-0.07,-90.45,-35.64,267.64,1.46,284.75,0,0,15,16
0.57,1.84,0.85,-64.94,-26.67,234.07,2.11,244.37,0,0,22,13
1.65,1.36,0.41,-6.41,68.12,165.34,2.18,178.94,0,0,26,13
3.15,0.58,-0.06,14.89,90.39,115.48,3.20,147.40,0,0,28,14
4.00,1.07,0.12,-29.79,-10.13,-2.08,4.14,31.53,1,904,79,15
0.21,-1.88,0.71,-16.24,-44.01,-41.69,2.02,62.75,5,919,137,13
0.23,2.49,0.20,-148.44,-17.27,29.72,2.51,152.37,14,909,169,10
0.39,1.09,-0.43,-38.15,4.70,44.74,1.23,58.98,39,860,189,11
0.33,-0.15,0.35,82.40,14.65,54.81,0.50,100.04,82,813,191,14
0.22,1.68,-0.24,-37.17,12.82,90.27,1.71,98.46,157,773,198,15
0.13,1.78,0.10,10.86,-7.75,40.22,1.79,42.38,231,758,194,14
0.15,2.03,-0.02,-18.07,-3.60,-19.90,2.04,27.12,180,787,203,8
0.10,2.00,-0.10,-30.76,-10.38,-138.73,2.01,142.48,54,860,194,4
-0.03,1.74,0.07,-51.57,-20.81,-224.79,1.74,231.57,16,896,194,0
-0.08,1.35,0.55,-42.42,-10.86,-285.40,1.46,288.74,7,908,170,0
0.18,2.18,1.31,-53.04,57.56,-304.38,2.55,314.28,3,902,132,0
0.15,-1.03,0.63,174.93,183.65,-247.80,1.21,354.59,1,901,71,6
0.22,-0.00,0.06,5.92,195.01,-86.61,0.23,213.46,1,896,33,7
0.86,1.16,-0.43,-40.28,127.08,-30.40,1.51,136.73,0,0,19,8
0.11,1.17,-0.03,-26.86,-17.27,-1.77,1.17,31.98,0,0,18,10
-0.34,1.12,0.06,-27.22,-121.58,4.03,1.17,124.66,0,0,20,13
-1.21,1.51,-0.05,77.09,-171.26,82.28,1.94,205.04,0,0,19,18
-0.84,1.24,-0.61,111.57,-170.10,119.81,1.62,236.09,0,0,16,20
-0.80,1.12,-0.85,72.88,-165.10,120.91,1.62,217.23,0,0,14,19
-0.60,1.03,-0.99,39.49,-130.31,152.59,1.55,204.51,0,0,16,21
-0.38,1.54,-0.74,-30.21,-101.99,184.02,1.75,212.55,0,0,18,21
0.08,1.81,-0.68,-53.10,-57.80,196.04,1.93,211.17,0,0,19,21
0.32,1.96,-0.41,-80.75,-14.83,162.05,2.03,181.66,0,0,19,17
0.43,1.64,-0.05,-89.66,39.98,106.99,1.70,145.21,0,0,24,17
0.94,0.59,0.25,-105.16,85.14,74.10,1.14,154.27,0,0,27,12
1.37,1.23,0.81,34.12,103.09,74.77,2.01,131.84,0,0,32,7
1.99,0.49,-0.02,91.43,92.59,-5.68,2.05,130.25,0,0,37,12
1.95,-0.31,0.11,57.74,93.26,-82.95,1.98,137.52,0,0,35,14
4.00,0.12,1.50,11.84,133.79,-185.61,4.27,229.11,1,906,105,27
1.18,-3.86,-2.04,0.92,52.86,-44.31,4.53,68.98,8,921,154,21
-0.15,4.00,-0.37,-467.16,-99.85,43.46,4.02,479.69,25,898,178,18
-0.00,1.15,-0.02,-11.11,-67.93,4.94,1.15,69.01,54,837,187,20
0.15,0.08,0.38,-65.67,-13.00,40.95,0.42,78.48,87,807,188,20
0.25,1.62,-0.21,3.78,2.20,-4.03,1.65,5.95,115,795,195,21
0.19,1.60,0.03,-15.75,-1.16,-60.67,1.61,62.69,91,818,200,13
0.15,1.74,-0.12,-39.98,-7.81,-121.58,1.75,128.22,42,871,201,5
0.11,1.36,-0.06,-42.30,-10.99,-176.39,1.37,181.72,17,903,193,2
0.15,1.09,0.13,-40.47,-12.88,-210.39,1.11,214.63,7,911,173,0
0.36,0.93,0.05,-37.05,9.46,-209.84,1.00,213.29,3,911,153,4
0.48,1.05,0.32,-5.92,13.12,-198.06,1.20,198.58,2,909,115,7
0.50,0.19,0.59,84.05,63.05,-146.91,0.80,180.62,1,903,81,5
0.33,0.32,0.52,98.39,137.27,-97.66,0.70,195.09,0,0,55,10
0.37,0.31,0.02,31.31,161.19,-73.43,0.48,179.88,0,0,45,12
0.44,0.59,-0.32,-40.71,162.48,-91.37,0.80,190.80,1,904,39,12
0.50,1.25,-0.31,-124.21,150.82,-108.40,1.38,223.44,1,890,30,16
0.87,1.70,-0.91,-68.66,57.19,-80.87,2.11,120.52,1,884,24,19
0.05,1.67,-0.46,6.53,-99.12,-69.27,1.74,121.11,1,882,29,16
0.04,1.10,-0.90,59.39,-110.41,-37.41,1.42,130.83,1,881,31,19
0.06,1.05,-1.20,29.97,-190.98,83.01,1.59,210.38,0,0,23,18
-0.54,1.14,-0.44,51.09,-279.05,150.45,1.34,321.12,0,0,13,16
-0.84,0.38,-0.33,50.96,-199.16,167.42,0.98,265.12,0,0,15,21
-0.55,0.87,-0.30,-67.87,-81.12,192.08,1.07,219.27,0,0,18,22
0.20,1.17,-0.33,-97.72,-14.59,199.28,1.23,222.43,0,0,19,18
0.64,1.41,0.04,-103.52,-35.77,182.01,1.55,212.42,0,0,24,18
0.64,1.25,0.66,-67.32,-60.55,140.01,1.55,166.74,0,0,27,16
0.84,0.86,0.72,-12.51,-26.25,106.87,1.40,110.76,0,0,27,18
1.39,0.22,0.31,-1.34,23.01,76.72,1.44,80.11,0,0,27,17
3.08,0.24,0.34,-26.25,53.89,-21.42,3.11,63.66,0,0,62,20
4.00,-0.04,1.22,39.86,-31.19,-1.34,4.18,50.63,2,926,120,28
0.06,-0.84,-0.33,107.85,23.25,94.91,0.91,145.53,5,914,154,10
0.29,1.14,-0.09,-13.31,44.25,67.02,1.18,81.40,14,905,179,15
0.58,2.19,-0.63,-89.97,30.88,41.44,2.35,103.76,26,891,191,16
0.11,0.34,0.33,21.30,-3.54,31.56,0.49,38.24,53,851,198,20
0.37,1.26,-0.49,-9.46,18.49,56.40,1.40,60.10,89,812,199,22
0.23,1.53,-0.08,31.92,0.43,32.17,1.55,45.32,114,799,194,17
0.20,1.79,-0.02,16.05,-5.49,-40.16,1.80,43.60,81,823,205,11
0.17,1.99,-0.08,-8.54,-12.21,-126.40,2.00,127.28,33,878,200,5
0.07,1.53,-0.02,-28.32,-23.07,-203.55,1.53,206.80,12,898,192,0
0.07,1.21,0.27,-26.37,-13.18,-250.92,1.24,252.64,5,908,173,0
0.25,1.23,0.26,-36.13,11.41,-262.39,1.28,265.11,2,906,146,0
0.35,0.96,0.85,66.10,46.51,-247.50,1.33,260.36,1,896,103,2
0.25,0.88,0.79,82.89,101.50,-159.79,1.20,206.65,0,0,64,7
0.36,-0.50,-0.28,137.08,158.33,-112.06,0.68,237.52,0,0,37,12
0.07,0.35,-0.08,2.26,148.07,-72.20,0.36,164.75,0,0,24,15
0.41,0.97,-0.41,-31.98,26.00,-14.04,1.13,43.54,0,0,19,14
0.05,1.45,-0.18,9.52,-96.25,1.40,1.46,96.73,0,0,17,11
-0.49,1.41,0.10,42.05,-160.28,-13.00,1.49,166.21,0,0,26,12
0.24,0.99,-0.69,51.82,-83.50,24.23,1.23,101.21,0,0,28,15
0.36,1.35,-1.09,-8.54,-77.21,82.40,1.77,113.24,0,0,26,19
-0.07,1.20,-0.71,-14.65,-144.29,116.09,1.40,185.77,0,0,15,21
-0.52,0.81,-0.38,-4.03,-169.43,138.37,1.03,218.79,0,0,11,20
-0.63,0.94,-0.08,-50.90,-133.06,166.50,1.14,219.13,0,0,14,21
-0.45,1.21,0.20,-73.06,-45.72,186.52,1.31,205.47,0,0,15,21
-0.17,1.34,0.33,-64.45,41.08,191.65,1.39,206.33,0,0,17,18
0.28,1.33,0.51,-62.13,79.41,158.39,1.45,187.76,0,0,20,17
0.78,1.14,0.45,-23.62,127.87,101.26,1.45,164.81,0,0,21,16
1.31,0.87,0.09,1.34,165.10,33.39,1.58,168.45,0,0,16,14
2.62,0.51,0.02,26.43,133.54,2.93,2.67,136.17,1,903,70,21
4.00,0.29,-0.59,-40.77,51.70,53.34,4.05,84.74,4,916,122,22
0.55,-3.13,-2.57,52.06,54.99,-4.09,4.09,75.84,12,906,149,10
0.05,2.25,-0.68,-50.54,-36.38,37.48,2.35,72.68,30,886,175,16
0.23,1.74,-0.35,38.70,15.87,33.33,1.79,53.48,60,833,186,21
0.24,1.23,-0.00,-35.10,3.48,37.84,1.26,51.73,119,805,188,22
0.25,1.52,-0.16,4.15,4.88,14.83,1.55,16.16,153,786,195,22
0.21,1.43,0.02,-1.53,1.22,-29.05,1.44,29.12,135,798,197,19
0.19,1.54,-0.06,-17.70,-3.11,-72.88,1.55,75.06,80,840,197,6
0.19,1.52,-0.06,-31.43,-2.69,-123.29,1.53,127.26,35,884,198,2
0.20,1.32,-0.01,-41.38,-9.77,-167.91,1.34,173.21,15,901,190,0
0.21,1.02,0.15,-38.70,-3.66,-194.89,1.05,198.72,7,907,175,1
0.23,1.13,0.34,-35.16,33.39,-210.51,1.21,216.02,3,907,151,3
0.32,1.05,1.08,127.26,103.58,-215.33,1.54,270.72,2,903,117,3
0.06,1.22,0.89,128.66,184.51,-177.67,1.51,286.65,1,904,81,6
-0.17,-0.15,-0.21,207.09,252.14,-157.41,0.31,362.27,1,899,51,8
0.11,0.07,-0.43,27.10,252.87,-124.69,0.45,283.24,1,897,30,8
0.41,1.20,-0.41,-166.44,253.11,-131.96,1.34,330.43,1,889,21,12
0.98,1.51,-1.06,-129.52,229.74,-133.36,2.09,295.53,0,0,10,20
0.60,1.32,-1.09,12.82,-95.40,-28.20,1.82,100.30,0,0,13,20
0.09,0.90,-0.78,63.66,-107.30,0.73,1.20,124.77,0,0,11,22
0.14,1.34,-0.90,-15.81,-208.13,100.46,1.62,231.65,0,0,13,19
-0.47,1.18,-0.37,55.30,-310.79,195.98,1.33,371.56,0,0,13,15
-0.74,0.71,-0.03,98.63,-299.44,225.89,1.03,387.84,0,0,14,17
-0.73,0.57,-0.02,21.97,-211.79,238.59,0.93,319.78,0,0,13,18
-0.37,0.88,0.13,-60.85,-104.80,224.30,0.96,254.95,0,0,14,17
0.01,0.98,0.28,-73.00,-10.56,179.81,1.02,194.35,0,0,19,16
0.39,1.15,0.55,-86.43,42.48,154.17,1.33,181.78,0,0,25,15
1.38,1.12,0.47,-12.70,51.57,138.79,1.84,148.61,0,0,28,12
1.88,0.69,-0.08,74.22,-2.93,25.39,2.00,78.50,1,902,66,16
4.00,1.11,-0.10,-79.71,-3.72,122.25,4.15,145.99,3,918,112,22
0.76,-3.99,-3.17,110.29,102.05,-6.53,5.16,150.40,10,916,135,19
-0.18,2.35,-1.18,-125.73,-74.71,6.90,2.64,146.41,27,894,171,19
0.07,2.11,0.32,-85.08,-57.19,22.77,2.13,105.01,60,834,182,22
0.09,0.59,0.56,29.11,-10.19,28.44,0.82,41.96,94,807,189,22
0.27,1.14,-0.37,7.32,14.22,26.06,1.23,30.58,134,789,194,23
0.19,1.33,0.02,22.16,2.20,2.69,1.34,22.43,165,778,197,21
0.17,1.54,0.06,-22.83,-2.87,-48.22,1.55,53.43,105,797,196,15
0.17,1.61,-0.07,-42.60,-3.48,-107.85,1.62,116.01,49,868,190,8
0.16,1.40,0.02,-57.62,-6.16,-164.25,1.41,174.17,20,898,193,6
0.09,1.45,0.43,-43.52,-6.04,-207.34,1.51,211.94,32736,0,177,3
-0.07,2.06,1.33,9.95,65.31,-231.38,2.46,240.63,4,908,150,3
0.24,1.00,0.68,189.51,175.66,-259.58,1.23,366.27,2,901,109,2
0.14,0.54,0.30,194.76,246.40,-185.30,0.63,364.67,1,903,66,6
0.41,-0.68,-0.86,171.02,267.64,-123.72,1.17,340.86,1,894,38,14
0.95,0.87,-0.57,-84.59,168.03,-62.99,1.40,198.39,0,0,17,15
0.56,1.76,-0.08,-34.06,-87.77,-51.09,1.85,107.11,0,0,17,16
-0.14,1.99,-0.32,23.86,-190.19,-19.23,2.02,192.64,0,0,15,17
-0.50,1.71,-0.59,103.39,-225.22,1.34,1.88,247.82,0,0,14,18
-0.82,1.22,-0.72,92.59,-185.85,18.68,1.64,208.48,0,0,11,20
-1.02,0.82,-0.66,42.72,-101.75,46.69,1.47,119.82,0,0,10,23
-0.81,0.47,-0.73,-25.27,-18.98,101.75,1.19,106.54,0,0,9,25
-0.37,0.79,-0.62,-55.42,8.79,162.78,1.07,172.18,0,0,11,25
-0.01,0.81,-0.72,-61.77,-17.15,201.35,1.08,211.31,0,0,15,23
0.18,1.23,-0.39,-78.12,-84.84,212.95,1.30,242.18,0,0,17,19
0.25,1.67,0.40,-88.50,-84.41,168.03,1.73,207.83,0,0,20,18
0.65,1.06,0.41,-44.01,8.67,127.08,1.31,134.76,0,0,22,17
1.57,1.14,0.50,-63.11,77.45,105.83,2.00,145.54,0,0,27,13
2.54,0.80,0.19,-5.19,86.55,34.00,2.67,93.13,0,0,29,13
2.51,0.07,0.11,-21.30,5.07,-0.06,2.52,21.90,2,904,91,23
4.00,1.52,0.55,-175.05,-78.74,20.94,4.32,193.08,6,922,137,30
-0.20,-0.24,-0.93,135.07,23.19,65.25,0.99,151.79,16,887,166,17
0.18,0.60,0.13,-18.74,62.19,27.28,0.64,70.45,49,827,180,22
0.30,0.29,0.25,92.53,5.80,7.81,0.48,93.04,90,798,188,24
0.18,1.55,-0.13,-55.24,13.61,48.16,1.57,74.53,193,770,191,26
0.13,1.61,-0.02,5.00,-1.77,4.88,1.61,7.21,260,758,189,23
0.14,1.62,0.07,-20.39,-4.64,-31.37,1.62,37.70,162,768,197,19
0.19,1.63,-0.02,-24.72,-5.62,-81.91,1.64,85.74,103,820,199,9
0.14,1.54,-0.10,-23.80,-7.39,-138.92,1.55,141.13,37,875,189,3
0.14,1.28,-0.00,-25.94,-11.78,-186.40,1.28,188.57,16,899,190,0
0.12,1.07,0.29,-40.16,5.43,-219.54,1.11,223.25,7,903,171,0
0.37,1.42,0.60,-55.18,37.48,-225.89,1.59,235.53,4,906,140,0
0.41,0.60,0.62,108.28,107.30,-231.08,0.96,276.83,2,904,100,3
0.51,0.68,0.07,59.27,165.83,-146.00,0.85,228.75,1,901,45,9
0.63,0.38,-0.70,31.74,163.21,-101.44,1.01,194.77,0,0,16,12
1.16,1.62,-0.96,-158.51,107.18,-109.50,2.21,220.46,0,0,6,18
0.25,1.89,-0.69,-83.31,-32.78,-93.81,2.03,129.68,0,0,8,17
-0.21,1.95,-0.54,-41.20,-145.51,-55.24,2.04,161.00,0,0,8,17
-0.79,1.37,-0.48,45.53,-203.43,-15.81,1.65,209.06,0,0,8,19
-1.18,0.76,-0.30,35.71,-176.76,39.61,1.43,184.63,0,0,6,17
-1.18,0.37,-0.22,48.03,-78.80,97.29,1.25,134.10,0,0,8,20
-0.91,0.37,-0.32,-27.71,-4.94,150.09,1.03,152.70,0,0,8,22
-0.40,0.73,-0.38,-36.68,40.04,200.38,0.91,207.61,0,0,10,19
0.04,0.96,-0.46,-45.65,3.60,242.61,1.07,246.90,0,0,11,20
0.40,1.46,-0.25,-39.00,-61.58,260.19,1.54,270.21,0,0,14,18
0.70,1.71,0.02,-29.66,-99.55,239.07,1.84,260.67,0,0,19,14
1.08,1.41,0.15,-11.84,-55.36,183.90,1.78,192.42,0,0,23,14
1.95,0.96,0.12,-26.79,74.58,52.86,2.18,95.26,0,0,30,14
4.00,0.34,0.52,8.54,19.35,18.07,4.05,27.82,2,897,85,18
4.00,2.14,1.91,-132.57,-157.65,-44.07,4.92,210.64,6,922,134,28
0.71,-1.72,-0.97,247.38,136.60,69.34,2.09,290.97,15,892,168,20
0.51,1.71,-0.78,-113.16,70.80,83.37,1.95,157.38,46,841,184,17
0.20,1.56,-0.20,-11.90,-3.42,50.17,1.58,51.68,99,798,194,20
0.16,1.47,0.19,-17.76,7.45,60.55,1.49,63.54,183,771,188,23
0.19,1.71,-0.18,15.62,1.53,4.88,1.73,16.44,210,765,190,20
0.12,1.66,0.09,-12.33,-6.65,-74.40,1.67,75.71,128,805,192,12
0.14,1.75,-0.12,-38.51,-8.18,-142.21,1.76,147.56,45,870,198,4
0.07,1.52,-0.01,-26.25,-17.82,-208.13,1.52,210.53,15,899,182,0
0.11,1.14,0.12,-25.45,-7.63,-246.83,1.15,248.25,5,906,164,0
0.26,1.13,0.23,-41.02,14.22,-259.09,1.18,262.71,2,908,134,2
0.26,1.05,0.85,40.34,46.57,-239.81,1.37,247.60,1,904,93,4
0.25,0.88,0.84,68.73,106.69,-174.62,1.24,215.87,0,0,54,10
0.35,-0.36,-0.13,126.22,165.22,-130.37,0.52,245.41,0,0,30,14
0.07,0.64,0.00,-44.25,167.72,-83.56,0.64,192.54,0,0,18,13
0.59,1.36,-0.27,-62.74,33.51,-53.28,1.51,88.88,0,0,13,15
0.26,2.41,-0.26,9.40,-88.75,-19.10,2.44,91.26,0,0,12,14
-0.19,1.86,-0.71,114.56,-181.88,-13.24,2.00,215.37,0,0,9,13
-0.56,1.62,-0.67,136.11,-201.72,20.39,1.84,244.20,0,0,10,15
-0.90,1.25,-0.60,151.61,-114.44,71.23,1.65,202.87,0,0,7,18
-0.68,0.40,-1.13,90.15,-5.07,118.10,1.38,148.66,0,0,8,22
-0.21,0.75,-1.15,-24.72,48.89,161.50,1.39,170.54,0,0,10,22
0.25,0.77,-1.20,-49.44,27.71,197.14,1.45,205.13,0,0,11,22
0.40,0.96,-0.87,-72.57,-87.59,225.40,1.36,252.48,0,0,14,19
0.42,1.45,0.24,-83.07,-132.87,206.36,1.53,259.11,0,0,16,16
0.60,1.14,0.59,-28.69,-46.26,136.05,1.42,146.53,0,0,19,15
1.28,0.51,0.35,-33.81,79.71,106.99,1.42,137.64,0,0,21,15
2.35,0.59,0.43,-62.32,152.34,94.36,2.46,189.73,0,0,29,11
3.72,0.32,0.12,-26.12,161.13,-15.50,3.73,163.97,1,899,55,11
4.00,-2.08,-0.32,378.42,46.51,7.45,4.52,381.34,5,923,133,26
-0.45,0.86,0.00,-3.78,-41.93,93.20,0.97,102.27,14,903,161,15
0.22,1.23,-0.04,-21.06,46.33,49.26,1.25,70.82,38,858,178,19
0.34,0.94,-0.09,53.34,-4.76,13.37,1.00,55.20,76,816,189,19
0.25,1.46,-0.06,-42.72,17.58,35.71,1.48,58.39,114,792,194,20
0.24,1.51,-0.08,9.03,7.51,-4.64,1.53,12.63,146,785,195,19
0.18,1.47,0.03,-4.39,-2.69,-42.66,1.48,42.97,109,803,195,14
0.18,1.66,-0.16,-20.02,-2.26,-87.16,1.68,89.46,58,853,193,7
0.16,1.56,-0.03,-20.39,-7.93,-144.78,1.57,146.42,25,892,188,2
0.15,1.32,-0.06,-15.38,-15.81,-193.73,1.33,194.98,10,902,186,0
0.21,1.11,0.02,-6.90,-7.08,-220.76,1.12,220.99,4,911,168,0
0.34,1.07,-0.03,-4.46,-1.34,-230.29,1.12,230.33,2,908,131,2
0.69,0.61,0.29,27.22,18.74,-204.47,0.97,207.12,1,903,96,2
0.36,0.76,0.63,58.17,46.57,-150.88,1.05,168.28,0,0,57,8
0.41,0.54,0.22,76.54,84.17,-135.68,0.71,177.06,0,0,36,11
0.35,0.70,-0.02,40.28,96.92,-153.44,0.78,185.91,0,0,27,9
0.56,0.76,-0.22,-27.89,105.10,-191.22,0.97,219.98,0,0,24,12
0.80,1.69,-0.15,-113.16,106.63,-209.05,1.88,260.53,0,0,15,15
-0.25,1.03,-0.49,11.35,102.23,-188.35,1.17,214.61,0,0,6,21
0.42,0.58,-1.60,73.30,-65.49,76.54,1.75,124.58,0,0,6,20
-0.03,1.02,-0.55,-9.64,-193.91,132.51,1.16,235.06,0,0,7,14
-0.60,0.77,0.03,3.60,-197.45,144.04,0.97,244.43,0,0,9,15
-0.73,0.40,-0.09,5.86,-101.93,178.96,0.84,206.03,0,0,10,20
-0.34,0.60,-0.27,-48.16,-41.50,216.37,0.74,225.52,0,0,12,19
-0.05,1.03,-0.08,-66.35,-30.58,229.92,1.03,241.25,0,0,13,19
0.01,1.15,0.10,-58.65,-47.18,244.87,1.15,256.18,0,0,14,19
-0.01,1.27,0.41,-49.50,-48.10,251.77,1.34,261.06,0,0,16,18
0.33,1.30,0.54,-38.45,-4.46,177.25,1.45,181.42,0,0,18,19
1.02,1.15,0.47,-16.85,46.33,129.09,1.60,138.18,0,0,24,18
2.19,0.39,0.11,57.43,42.97,80.32,2.23,107.69,0,0,31,16
4.00,0.23,0.68,10.01,-10.25,29.05,4.06,32.39,2,915,108,26
0.77,-2.64,-0.13,-44.62,8.73,-69.15,2.76,82.76,6,922,144,25
0.34,3.81,-0.29,-402.40,-18.74,34.97,3.84,404.36,16,908,174,25
0.54,1.26,-0.84,16.97,18.07,46.20,1.61,52.43,32,881,185,30
0.12,-0.07,0.97,149.66,-4.70,24.54,0.98,151.73,61,828,192,33
0.17,1.66,-0.30,-29.30,2.99,35.22,1.69,45.91,92,806,197,34
0.18,1.67,0.08,15.32,-3.30,-26.73,1.68,30.99,88,809,191,31
0.19,1.61,-0.01,-38.15,0.98,-66.35,1.62,76.54,53,847,199,22
0.19,1.75,-0.03,-63.29,-3.11,-126.77,1.76,141.73,23,894,197,16
0.09,1.55,0.05,-51.70,-14.04,-191.41,1.55,198.76,8,884,191,11
0.15,1.33,0.16,-25.94,-4.33,-234.68,1.35,236.15,3,905,171,8
0.04,1.66,0.68,-0.06,37.96,-252.75,1.80,255.58,2,906,142,5
0.06,1.29,0.86,132.14,89.36,-257.08,1.55,302.55,1,899,96,7
0.12,0.87,0.54,120.00,147.09,-202.27,1.03,277.40,0,0,55,10
0.06,0.10,0.09,149.84,201.42,-153.69,0.15,294.35,0,0,36,16
0.15,0.57,-0.57,-46.20,208.92,-117.86,0.82,244.28,0,0,19,18
0.84,1.63,-0.71,-121.15,81.67,-45.90,1.97,153.15,0,0,12,20
0.55,2.71,-0.55,-50.54,-107.91,31.92,2.82,123.36,0,0,12,17
0.02,1.86,-0.83,61.40,-224.37,15.75,2.04,233.15,0,0,9,19
-0.68,1.24,-0.81,78.55,-246.89,49.99,1.63,263.86,0,0,10,20
-0.83,1.04,-0.59,44.86,-181.03,106.14,1.46,214.59,0,0,8,22
-0.74,0.52,-0.64,3.05,-81.60,127.20,1.11,151.15,0,0,10,24
-0.58,0.72,-0.62,-52.43,-5.62,156.98,1.12,165.60,0,0,10,25
-0.21,0.82,-0.76,-75.87,-7.81,211.00,1.14,224.36,0,0,13,25
0.07,1.05,-0.52,-89.23,-52.80,233.03,1.17,255.06,0,0,17,26
0.25,1.26,-0.04,-94.24,-59.27,220.64,1.28,247.14,0,0,19,24
0.83,1.12,0.12,-78.19,5.80,163.27,1.40,181.12,0,0,24,19
1.78,0.74,-0.06,-67.81,74.04,113.83,1.93,151.78,0,0,28,15
3.22,0.58,-0.14,-78.98,73.61,83.74,3.28,136.63,0,0,32,15
3.36,0.25,0.78,-60.36,-25.33,-31.86,3.46,72.80,1,900,50,12
4.00,-2.44,1.21,307.31,-219.91,-67.63,4.84,383.89,6,925,138,26
-1.18,0.56,1.97,36.13,146.24,186.52,2.36,239.76,15,897,167,18
0.44,1.90,-0.93,-52.67,46.02,68.42,2.16,97.85,51,831,184,22
0.10,1.04,-0.04,85.33,-10.13,-24.41,1.05,89.33,86,806,194,24
0.20,0.98,0.15,-26.37,2.20,-16.11,1.02,30.98,113,796,197,25
0.24,1.18,-0.07,-12.94,-2.08,-13.79,1.20,19.03,119,795,197,26
0.24,1.44,-0.12,-13.49,0.79,-21.79,1.46,25.64,101,806,203,21
0.22,1.62,-0.07,-18.19,-3.17,-55.91,1.64,58.88,64,831,196,17
0.21,1.73,-0.15,-23.44,-7.02,-115.97,1.75,118.52,25,885,194,6
0.16,1.38,-0.03,-40.71,-17.46,-195.62,1.39,200.57,10,903,183,3
0.18,1.07,0.18,-40.89,2.50,-221.92,1.10,225.67,4,910,167,1
0.30,1.14,0.28,-22.83,17.15,-234.44,1.21,236.17,2,904,141,2
0.44,0.91,0.52,97.72,62.32,-225.16,1.13,253.24,1,895,105,1
0.40,1.11,0.35,76.72,102.29,-166.99,1.23,210.33,0,0,64,9
0.61,-0.33,-0.85,66.16,136.05,-131.96,1.10,200.75,0,0,35,13
0.45,1.14,-0.63,-106.93,100.34,-109.62,1.38,183.08,0,0,16,15
0.36,2.07,-0.46,-101.81,-29.48,-69.21,2.15,126.59,0,0,13,15
-0.13,1.89,-0.35,1.95,-142.21,-34.24,1.92,146.29,0,0,11,15
-0.54,0.95,-0.64,53.53,-176.76,5.49,1.27,184.77,0,0,12,19
-1.03,0.86,-0.15,14.04,-145.87,71.90,1.35,163.24,0,0,12,19
-0.79,0.39,-0.42,12.27,-63.96,133.18,0.98,148.25,0,0,11,23
-0.50,0.76,-0.32,-50.05,-28.81,175.05,0.96,184.33,0,0,11,23
-0.34,0.93,-0.30,-45.17,-11.47,207.82,1.04,212.99,0,0,12,23
-0.14,1.18,-0.25,-74.22,-18.01,237.24,1.21,249.23,0,0,14,24
0.07,1.38,-0.04,-75.62,-27.89,254.33,1.39,266.80,0,0,14,22
0.44,1.56,0.31,-84.29,-33.69,238.28,1.65,254.99,0,0,19,18
1.21,1.79,0.75,-47.30,2.38,140.50,2.28,148.27,0,0,23,17
2.69,1.08,0.79,23.68,17.64,73.73,3.00,79.42,0,0,28,17
2.99,0.07,0.41,46.75,32.84,-5.86,3.02,57.43,0,0,29,18
4.00,-1.53,0.98,78.67,-1.65,-50.84,4.39,93.69,4,924,124,34
-0.74,0.94,-0.28,-174.44,-20.69,165.28,1.23,241.20,14,906,163,20
0.51,0.45,-0.61,129.21,37.60,42.91,0.91,141.25,54,829,181,27
0.13,1.27,-0.17,93.99,-11.90,30.94,1.29,99.67,107,786,190,27
0.19,1.34,-0.01,-26.31,-4.33,22.77,1.35,35.06,154,768,191,27
0.21,1.49,-0.10,-2.26,-2.81,-21.91,1.51,22.21,195,762,195,28
0.16,1.57,0.04,-29.48,-1.95,-53.77,1.58,61.35,136,787,197,21
0.17,1.69,-0.10,-36.93,-3.91,-99.79,1.70,106.48,74,839,199,10
0.13,1.49,0.02,-29.54,-10.31,-158.63,1.49,161.69,25,884,196,4
0.11,1.33,0.09,-34.42,-18.68,-205.63,1.33,209.32,10,902,184,1
0.19,0.97,0.18,-35.52,2.38,-228.76,1.01,231.51,4,909,159,2
0.42,1.00,0.11,-51.15,28.20,-233.15,1.09,240.36,2,904,124,2
0.42,1.46,1.04,-9.77,44.98,-211.61,1.84,216.56,1,899,85,7
0.09,0.79,0.88,156.31,125.67,-168.27,1.19,261.81,0,0,47,13
0.27,-0.26,-0.51,60.00,172.49,-121.89,0.63,219.56,0,0,30,14
0.47,0.98,-0.44,-117.61,159.79,-110.05,1.17,226.88,0,0,20,19
0.52,1.45,-0.46,-100.40,78.67,-80.02,1.61,150.58,0,0,11,20
0.31,1.98,-0.52,-19.41,-92.65,-14.71,2.07,95.80,0,0,11,19
0.00,1.63,-0.80,84.72,-200.56,29.05,1.81,219.65,0,0,9,17
-0.51,1.14,-0.69,105.41,-241.21,69.34,1.43,272.21,0,0,9,20
-0.83,0.56,-0.62,97.17,-180.36,120.67,1.18,237.76,0,0,9,21
-0.62,0.67,-0.49,16.66,-76.35,164.55,1.04,182.17,0,0,8,23
-0.25,0.85,-0.64,-47.61,33.45,178.83,1.09,188.06,0,0,11,23
0.15,1.12,-0.65,-67.20,26.06,207.34,1.31,219.51,0,0,13,23
0.31,1.32,-0.28,-66.71,-23.80,222.23,1.38,233.24,0,0,15,21
0.54,1.25,-0.04,-50.42,-43.88,180.85,1.36,192.80,0,0,15,17
0.71,1.15,0.23,-29.17,-22.58,116.09,1.37,121.81,0,0,23,19
1.57,0.65,0.13,-18.80,12.51,111.69,1.70,113.95,0,0,26,15
2.61,0.31,0.27,-43.15,37.66,78.12,2.64,96.87,0,0,33,14
4.00,-0.14,0.23,-40.34,54.81,-46.33,4.01,82.33,2,897,75,16
3.81,-3.29,1.03,131.04,-141.91,47.85,5.13,199.00,6,916,139,23
0.32,2.13,0.34,-77.33,65.06,109.38,2.18,148.92,38,851,164,21
0.48,2.52,-1.39,-47.91,26.86,52.06,2.91,75.68,98,800,183,23
0.13,0.57,0.59,78.80,-6.04,8.97,0.83,79.54,148,772,194,25
0.23,1.53,-0.33,-37.54,11.78,16.60,1.59,42.70,210,753,199,28
0.15,1.39,-0.00,5.00,-1.34,-21.97,1.40,22.58,196,757,191,26
0.13,1.69,-0.12,-28.26,5.49,-60.61,1.70,67.10,115,791,202,15
0.11,1.72,-0.17,-39.06,0.85,-121.77,1.74,127.88,49,857,202,7
0.10,1.52,-0.21,-35.16,-14.04,-208.62,1.54,212.02,15,888,194,5
0.01,1.40,0.19,-24.54,-16.11,-250.98,1.42,252.69,6,904,177,1
0.29,1.16,-0.18,-42.05,10.44,-266.97,1.20,270.46,3,905,144,2
0.37,1.50,0.58,-9.28,17.03,-256.10,1.65,256.84,1,900,101,7
0.43,0.72,0.61,112.98,88.26,-188.54,1.04,236.85,0,0,61,8
0.35,0.19,-0.21,131.53,115.23,-159.24,0.45,236.51,0,0,38,13
0.45,0.28,-0.48,-5.00,115.36,-153.81,0.71,192.33,0,0,23,12
0.52,0.73,-0.45,-99.30,96.56,-160.77,1.01,212.20,0,0,14,15
0.84,1.68,-0.57,-146.73,31.74,-129.76,1.96,198.43,0,0,8,18
0.69,1.78,-0.65,29.30,-90.39,39.79,2.01,103.02,0,0,8,15
0.68,0.84,-1.21,60.00,-210.88,54.20,1.62,225.85,0,0,7,14
-0.62,1.04,-0.13,21.12,-247.56,29.24,1.22,250.17,0,0,5,20
-0.92,0.04,-0.42,37.54,-136.23,81.42,1.01,163.09,0,0,5,23
-0.92,0.31,-0.21,-65.49,-32.84,132.51,0.99,151.41,0,0,7,22
-0.55,0.52,-0.35,-66.10,52.80,174.19,0.84,193.65,0,0,8,24
-0.03,0.72,-0.64,-93.75,42.72,217.16,0.96,240.36,0,0,7,23
0.14,1.19,-0.34,-96.56,-40.41,257.45,1.24,277.91,0,0,10,23
0.10,1.49,0.24,-75.26,-106.69,265.20,1.51,295.59,0,0,12,18
0.34,1.45,0.43,-45.47,-23.99,211.79,1.55,217.94,0,0,15,18
1.58,1.48,0.46,-55.66,46.75,144.90,2.21,162.11,0,0,21,16
2.76,0.70,0.43,-38.09,58.41,123.05,2.88,141.43,0,0,27,13
3.02,0.70,1.07,-13.55,53.34,23.68,3.28,59.92,0,0,32,14
4.00,3.24,2.15,-28.69,2.26,-33.20,5.58,43.94,4,911,105,22
0.06,-2.23,-0.08,125.06,8.85,114.87,2.23,170.04,16,905,155,15
0.73,0.98,-1.83,148.19,42.30,52.67,2.20,162.86,62,823,177,24
0.03,1.90,0.30,12.57,-34.97,34.97,1.92,51.03,105,790,187,24
0.05,1.35,0.01,-11.47,1.28,20.39,1.35,23.43,176,759,196,25
0.15,1.61,0.01,-11.17,-1.53,-2.69,1.62,11.59,250,743,196,26
0.14,1.81,-0.02,-33.20,-7.51,-43.88,1.82,55.54,164,778,195,23
0.13,1.72,-0.08,-16.17,-9.77,-96.44,1.72,98.27,81,834,202,12
0.14,1.78,-0.22,-28.56,-8.61,-161.87,1.80,164.59,28,884,190,5
0.08,1.48,-0.04,-15.20,-23.44,-227.54,1.49,229.25,9,902,185,0
0.15,1.23,-0.04,-4.33,-5.31,-260.31,1.24,260.41,3,907,156,2
0.43,1.07,0.08,-1.16,-1.59,-268.49,1.15,268.50,1,906,105,7
0.56,0.27,0.29,-0.06,21.36,-178.53,0.69,179.80,0,0,58,12
0.40,0.51,0.20,104.06,56.88,-145.26,0.68,187.53,0,0,33,17
0.47,0.38,-0.17,70.62,76.11,-141.05,0.63,175.14,0,0,19,18
0.06,0.73,-0.22,-14.89,79.22,-124.51,0.76,148.33,0,0,10,20
0.13,1.56,-0.39,-11.41,23.93,-33.57,1.61,42.77,0,0,7,21
0.29,1.82,-0.67,18.92,-53.71,42.11,1.96,70.83,0,0,7,18
-0.03,1.29,-0.77,21.00,-125.00,29.79,1.50,130.20,0,0,7,19
-0.69,1.11,-0.33,10.19,-137.27,62.19,1.35,151.05,0,0,8,21
-0.77,0.58,-0.42,14.59,-81.42,127.99,1.05,152.39,0,0,7,24
-0.66,0.73,-0.36,-50.90,-13.79,163.09,1.04,171.40,0,0,9,23
-0.29,0.86,-0.48,-66.28,-0.12,196.59,1.03,207.47,0,0,8,22
-0.03,1.13,-0.40,-89.23,-36.87,230.59,1.20,249.99,0,0,11,23
0.08,1.51,0.12,-92.83,-87.40,239.20,1.52,271.06,0,0,13,21
0.43,1.62,0.66,-45.78,-38.70,207.34,1.80,215.83,0,0,14,18
1.55,1.02,0.23,-43.27,80.75,133.54,1.87,161.95,0,0,19,15
3.08,0.91,0.25,-60.97,115.36,96.98,3.22,162.58,0,0,24,14
3.59,0.65,0.68,-23.74,78.12,9.40,3.72,82.19,0,0,27,14
2.80,-0.31,0.52,19.04,82.03,-130.25,2.86,155.10,0,0,36,14
0.21,-4.00,0.18,633.67,-34.79,90.58,4.01,641.05,6,915,142,15
0.33,3.88,-0.07,-185.49,66.41,156.56,3.90,251.64,24,889,174,20
0.22,2.98,-0.63,-78.98,-7.08,70.92,3.05,106.39,87,797,188,21
0.11,0.94,0.39,49.07,5.80,14.16,1.03,51.40,158,770,194,22
0.28,1.38,-0.38,-16.30,19.17,-16.36,1.46,30.01,204,759,196,25
0.19,1.12,-0.04,4.27,-3.36,-48.83,1.14,49.13,151,780,200,23
0.19,1.32,-0.10,-22.71,-6.84,-62.07,1.34,66.45,100,818,201,20
0.19,1.56,-0.17,-26.67,-6.65,-110.78,1.58,114.14,48,862,195,9
0.16,1.46,-0.16,-26.79,-15.75,-162.66,1.48,165.60,19,893,196,3
0.17,1.26,0.08,-22.52,-17.82,-202.88,1.28,204.90,8,905,178,2
0.28,1.06,-0.00,-24.78,-1.83,-220.46,1.10,221.85,3,910,155,2
0.47,0.74,0.08,-5.00,8.18,-219.79,0.88,220.00,1,908,120,4
0.39,0.63,0.56,-20.87,31.74,-178.53,0.93,182.52,1,902,89,8
0.31,0.84,0.59,72.94,80.69,-142.76,1.07,179.47,0,0,56,12
0.21,0.65,0.12,109.07,114.32,-125.98,0.69,202.08,0,0,39,13
0.76,0.61,-0.38,34.85,125.24,-174.38,1.05,217.50,0,0,39,13
0.76,1.02,-0.30,-73.61,139.71,-206.12,1.31,259.65,0,0,33,14
0.78,1.43,-0.67,-121.28,135.68,-195.74,1.76,267.27,0,0,18,21
0.98,1.02,-1.45,-48.10,52.43,-111.88,2.02,132.58,0,0,5,23
0.22,1.46,-0.97,42.54,-146.48,112.06,1.77,189.27,0,0,4,17
-0.12,0.87,-0.46,87.52,-259.58,156.25,0.99,315.37,0,0,5,16
-0.93,0.46,0.15,86.61,-254.46,172.61,1.05,319.44,0,0,7,19
-0.90,0.15,-0.12,76.11,-127.08,201.54,0.92,250.12,0,0,7,23
-0.57,0.39,-0.34,3.30,-28.44,231.26,0.77,233.03,0,0,8,21
-0.06,0.75,-0.51,-35.83,-1.95,253.17,0.91,255.70,0,0,10,23
0.49,1.30,-0.24,-57.37,-59.27,265.50,1.41,278.02,0,0,14,20
0.85,1.53,0.40,-25.76,-67.02,238.28,1.79,248.86,0,0,18,20
1.55,1.01,0.09,-10.86,15.01,166.14,1.85,167.17,0,0,20,21
2.43,0.70,0.09,-28.26,47.18,95.95,2.53,110.59,0,0,26,20
4.00,1.00,0.69,-13.18,19.84,18.37,4.18,30.08,0,0,64,19
4.00,0.03,0.37,99.55,-9.46,1.77,4.02,100.01,3,926,131,34
0.03,-0.32,-0.54,60.97,46.08,78.55,0.63,109.60,9,916,159,22
0.29,0.60,-0.31,-16.17,39.92,63.66,0.74,76.86,25,885,177,24
0.28,0.94,-0.08,69.15,10.56,63.96,0.98,94.79,68,810,188,24
0.15,1.51,-0.01,5.07,5.62,60.42,1.52,60.90,147,772,191,26
0.13,1.72,-0.04,10.44,-2.56,6.41,1.72,12.51,189,751,188,23
0.12,1.68,0.09,-21.42,-5.68,-51.94,1.69,56.47,149,782,197,18
0.13,1.55,-0.05,-33.39,-4.58,-103.82,1.56,109.15,70,835,195,8
0.13,1.44,-0.13,-38.57,-6.41,-154.54,1.45,159.41,27,886,196,4
0.16,1.35,-0.05,-36.56,-15.14,-196.72,1.36,200.66,11,900,180,0
0.17,1.03,0.07,-26.00,-0.49,-219.30,1.04,220.84,4,909,157,0
0.46,1.00,0.09,-16.05,13.31,-221.50,1.11,222.48,2,906,135,0
0.47,1.02,0.67,60.18,36.68,-209.78,1.31,221.30,1,901,97,1
0.33,1.04,0.54,92.04,87.46,-160.83,1.22,204.91,1,904,60,5
0.34,0.57,-0.31,55.85,122.92,-151.37,0.73,202.83,0,0,35,7
0.52,1.03,-0.39,-66.16,118.16,-171.08,1.22,218.20,0,0,20,9
-0.04,1.18,-0.38,-106.38,101.38,-194.82,1.24,244.03,0,0,13,18
-0.01,1.68,-0.52,-28.75,-13.24,-66.59,1.76,73.73,0,0,12,20
0.16,1.40,-0.87,28.56,-135.93,17.82,1.66,140.03,0,0,9,15
-0.50,1.30,-0.18,44.62,-211.06,65.73,1.41,225.52,0,0,10,17
-0.81,0.08,-0.30,79.16,-143.07,139.34,0.87,214.83,0,0,11,18
-0.63,0.45,-0.18,-6.71,-64.27,206.42,0.79,216.30,0,0,11,19
-0.30,0.68,-0.26,-35.89,-17.76,229.68,0.79,233.14,0,0,10,20
-0.09,0.88,-0.30,-47.67,-21.42,252.20,0.93,257.56,0,0,14,21
0.09,1.17,-0.20,-57.86,-49.87,281.56,1.19,291.73,0,0,14,19
0.47,1.67,0.29,-69.64,-50.48,269.47,1.76,282.86,0,0,18,17
1.49,1.56,0.23,-44.43,21.61,181.64,2.17,188.24,0,0,19,17
2.36,1.20,0.14,-48.22,57.01,99.30,2.65,124.24,0,0,25,15
3.01,0.51,0.56,-21.12,-22.40,20.45,3.11,36.96,0,0,29,16
4.00,-0.78,0.76,23.38,-78.12,-3.85,4.15,81.64,3,911,113,25
-0.70,0.43,0.78,-90.94,-73.24,60.85,1.13,131.67,12,908,149,17
0.04,1.48,-0.15,-56.27,-32.90,14.22,1.49,66.72,42,843,177,22
0.23,1.66,-0.23,15.08,-8.42,15.32,1.69,23.09,73,813,179,23
0.01,0.46,0.33,50.35,-21.12,-4.76,0.57,54.81,103,789,191,27
0.24,1.31,-0.20,-25.88,1.89,5.92,1.35,26.61,141,774,196,27
0.16,1.17,-0.01,14.22,-5.31,-24.96,1.18,29.22,150,777,197,24
0.21,1.53,-0.10,-34.91,3.05,-47.73,1.55,59.21,111,804,197,19
0.21,1.52,-0.12,-22.22,-0.12,-91.74,1.54,94.39,53,855,190,10
0.19,1.29,-0.11,-13.12,-4.88,-133.12,1.30,133.85,22,893,191,5
0.22,1.17,0.00,-13.00,-13.61,-166.50,1.20,167.56,9,903,181,3
0.25,0.98,0.03,-10.50,-4.33,-180.54,1.02,180.90,3,914,157,3
0.37,0.97,0.15,-9.28,8.36,-181.03,1.05,181.46,2,909,135,2
0.31,1.43,0.87,42.11,29.36,-169.62,1.70,177.22,1,903,99,4
0.50,0.36,0.34,134.70,96.25,-153.87,0.70,226.02,0,0,68,6
0.33,0.40,0.09,114.87,133.42,-113.40,0.53,209.42,0,0,48,6
0.56,0.82,-0.25,22.46,128.23,-102.36,1.03,165.61,0,0,33,10
0.38,1.59,-0.30,-35.16,114.32,-117.80,1.66,167.87,0,0,22,16
0.70,1.79,-1.14,-8.12,30.94,-80.63,2.24,86.74,0,0,14,17
-0.42,1.84,-0.70,2.08,-133.30,-20.32,2.02,134.86,0,0,17,18
-1.05,1.34,-0.36,16.78,-166.93,31.43,1.75,170.69,0,0,16,18
-1.13,0.83,-0.30,9.64,-113.77,75.44,1.43,136.85,0,0,15,22
-0.91,0.82,-0.24,-49.99,-58.29,118.23,1.25,140.97,0,0,15,23
-0.57,0.90,-0.28,-59.20,-21.24,188.54,1.10,198.75,0,0,18,23
0.05,1.26,-0.30,-69.34,-49.87,228.82,1.30,244.24,0,0,20,21
0.44,1.39,-0.12,-66.65,-92.71,219.06,1.47,247.03,0,0,25,18
0.70,1.39,0.16,-79.83,-104.25,173.77,1.56,217.80,0,0,28,16
1.05,1.06,0.71,-59.14,-58.84,151.98,1.65,173.37,0,0,30,14
1.67,0.68,0.70,-48.77,44.86,112.73,1.93,130.76,0,0,30,14
2.45,0.81,0.77,-43.58,85.02,55.18,2.69,110.33,0,0,30,11
2.22,-0.14,0.83,13.67,78.74,-64.21,2.38,102.51,0,0,28,14
3.24,-0.29,1.87,24.41,15.32,0.43,3.75,28.83,4,923,127,28
0.32,3.22,0.69,-360.41,-47.55,185.00,3.31,407.90,13,930,159,16
0.74,0.34,-1.21,108.28,77.39,74.83,1.46,152.69,37,855,178,24
0.18,0.81,0.14,140.50,4.33,32.84,0.84,144.35,120,792,185,23
0.24,1.69,-0.07,-54.69,10.99,24.90,1.71,61.09,190,764,190,27
0.22,1.52,-0.14,-25.33,1.53,-4.64,1.54,25.80,215,754,197,24
0.21,1.29,-0.04,-18.07,-3.48,-27.16,1.31,32.81,214,760,190,23
0.22,1.52,-0.11,-28.26,-4.27,-47.97,1.54,55.84,141,791,190,18
0.22,1.40,-0.19,-14.89,-1.95,-89.05,1.43,90.31,86,836,191,9
0.22,1.24,-0.11,-23.25,-7.14,-138.49,1.27,140.61,36,883,190,4
0.26,1.02,-0.05,-28.56,-11.17,-157.41,1.06,160.37,17,900,183,2
0.36,0.94,-0.11,-25.88,-2.20,-160.46,1.01,162.55,9,910,167,4
0.43,0.72,-0.09,-7.20,1.53,-153.38,0.85,153.56,5,910,145,4
0.49,0.70,0.09,-3.11,7.02,-140.69,0.86,140.90,2,908,125,6
0.55,0.83,0.50,34.36,31.43,-123.90,1.12,132.36,2,902,98,5
0.50,0.91,0.35,59.57,73.85,-104.68,1.10,141.28,1,899,77,4
0.44,1.11,0.15,47.67,99.85,-115.97,1.21,160.29,1,898,61,4
0.36,1.65,0.23,62.50,122.86,-175.90,1.71,223.48,1,895,50,6
0.49,0.99,-0.68,58.90,146.73,-215.88,1.30,267.59,1,896,41,16
0.74,0.96,-1.00,-54.81,144.59,-220.28,1.57,269.13,1,890,24,22
0.20,0.48,-0.91,-74.58,83.19,-151.79,1.05,188.48,0,0,6,28
-0.01,0.83,-0.89,58.04,-113.59,86.55,1.22,154.15,0,0,9,21
-0.27,0.49,-0.57,87.95,-230.41,147.95,0.80,287.60,0,0,9,18
-0.89,0.56,0.10,57.43,-237.43,180.18,1.06,303.53,0,0,9,19
-0.77,0.33,-0.13,59.57,-129.82,196.47,0.85,242.91,0,0,10,23
-0.31,0.51,-0.45,-7.87,-42.91,228.21,0.75,232.34,0,0,11,21
0.11,0.93,-0.48,-51.21,-26.98,235.17,1.06,242.19,0,0,13,19
0.42,1.24,-0.06,-60.12,-51.15,222.78,1.31,236.35,0,0,15,18
0.89,0.95,0.02,-44.56,-8.30,181.09,1.30,186.68,0,0,21,15
1.73,0.79,-0.03,-69.15,30.70,139.16,1.90,158.40,0,0,27,18
2.73,0.40,0.13,-51.70,22.09,73.24,2.76,92.33,0,0,33,17
4.00,1.23,1.50,-23.93,-123.78,-31.80,4.45,130.02,4,924,119,35
-0.63,-1.20,0.61,47.61,-79.22,79.28,1.49,121.77,12,903,154,10
0.02,2.10,-0.42,-137.82,-22.34,47.97,2.15,147.63,27,883,177,16
0.40,1.79,-0.34,36.13,-18.37,22.22,1.86,46.22,61,841,188,19
0.23,0.91,0.17,-0.43,-2.26,25.27,0.96,25.37,91,815,192,21
0.31,1.11,-0.27,-5.31,10.68,25.09,1.18,27.78,120,786,198,21
0.18,1.26,0.01,11.84,1.16,9.46,1.27,15.20,168,748,191,19
0.21,1.57,-0.07,-4.21,8.48,-21.36,1.59,23.37,113,801,192,14
0.23,1.78,-0.19,-14.53,4.39,-74.04,1.81,75.58,51,863,197,8
0.19,1.60,-0.18,-1.34,-13.49,-138.67,1.63,139.33,23,898,184,2
0.14,1.47,0.01,6.29,-29.11,-191.10,1.48,193.41,8,903,173,0
0.23,1.07,0.04,-2.56,-13.67,-223.75,1.10,224.19,3,906,151,0
0.45,1.04,0.20,4.09,-2.50,-216.61,1.15,216.67,1,905,114,1
0.39,0.89,1.08,35.77,31.43,-156.86,1.45,163.93,0,0,64,6
0.43,0.27,0.18,127.50,92.59,-106.51,0.54,190.19,0,0,32,12
0.31,1.00,-0.38,44.49,104.98,-80.99,1.12,139.86,0,0,15,14
0.40,1.49,-0.82,32.90,68.60,-64.64,1.75,99.83,0,0,16,15
0.20,2.14,-0.72,-16.36,-31.07,-41.93,2.27,54.69,0,0,13,15
-0.39,1.74,-0.67,33.45,-103.15,-29.17,1.91,112.29,0,0,13,20
-0.90,1.26,-0.46,29.42,-130.62,-5.49,1.61,134.00,0,0,9,21
-1.25,0.76,-0.26,39.49,-66.53,53.34,1.49,93.97,0,0,10,24
-1.13,0.40,-0.23,-18.31,-10.86,120.48,1.22,122.35,0,0,13,24
-0.84,0.71,-0.21,-18.43,30.94,183.29,1.12,186.79,0,0,14,24
-0.50,0.99,-0.35,-23.32,37.54,232.12,1.17,236.29,0,0,12,24
0.09,1.26,-0.55,-31.68,27.22,251.77,1.38,255.21,0,0,19,21
0.58,1.88,-0.16,-62.68,-2.01,206.48,1.97,215.80,0,0,23,17
1.02,1.50,-0.23,11.78,29.54,148.50,1.83,151.87,0,0,22,18
2.07,0.59,-0.89,-35.58,74.77,129.76,2.33,153.93,0,0,28,16
3.71,0.39,-1.14,-106.20,52.80,3.23,3.90,118.64,0,0,30,14
4.00,0.47,1.59,-30.70,-209.72,-9.28,4.33,212.15,3,907,98,25
-2.30,1.98,4.00,-190.98,-409.73,47.73,5.02,454.56,6,905,147,20
0.58,0.24,0.95,37.96,34.36,66.16,1.14,83.66,32,824,173,19
0.45,3.09,-0.94,-130.43,44.43,77.82,3.26,158.25,131,778,187,20
0.23,0.97,0.02,47.12,15.56,-11.96,1.00,51.04,189,760,189,21
0.20,1.02,-0.14,1.40,5.37,-16.85,1.04,17.74,294,750,193,21
0.18,1.26,0.03,-4.64,0.85,-29.11,1.27,29.49,217,759,199,19
0.15,1.41,0.07,-15.87,-4.09,-57.62,1.41,59.90,176,781,200,14
0.14,1.63,0.02,-23.13,-4.33,-100.22,1.64,102.95,81,830,199,3
0.13,1.31,0.03,-24.29,-1.65,-152.40,1.32,154.34,29,874,196,0
0.19,1.11,0.05,-35.83,-4.46,-188.23,1.13,191.66,11,875,189,0
0.26,0.94,-0.04,-45.84,5.13,-199.34,0.98,204.61,5,900,168,0
0.39,0.86,-0.03,-38.09,12.39,-197.75,0.95,201.77,2,906,139,2
0.46,0.89,0.18,-27.40,13.55,-181.70,1.02,184.26,1,904,104,4
0.37,1.58,0.64,9.03,49.68,-150.39,1.74,158.64,1,901,74,6
0.47,0.64,-0.13,82.82,86.18,-148.44,0.81,190.58,0,0,51,8
0.60,1.00,-0.18,-36.38,80.81,-176.94,1.18,197.89,0,0,38,7
0.73,1.27,-0.26,-84.11,84.05,-198.73,1.49,231.58,0,0,27,13
-0.03,1.54,-0.26,-86.12,64.27,-153.69,1.56,187.53,0,0,7,20
0.28,1.56,-0.94,15.44,-29.91,-1.71,1.84,33.70,0,0,11,19
0.11,1.15,-0.70,-10.62,-168.52,58.23,1.35,178.61,0,0,8,14
-0.55,0.96,-0.02,30.82,-208.74,100.28,1.10,233.62,0,0,9,16
-0.59,0.15,-0.25,65.67,-141.42,135.19,0.65,206.37,0,0,10,18
-0.49,0.28,-0.25,-16.78,-81.05,173.52,0.62,192.25,0,0,9,20
-0.27,0.75,-0.14,-31.37,-30.03,204.96,0.81,209.51,0,0,11,21
-0.17,0.91,-0.10,-43.76,-35.28,229.43,0.93,236.22,0,0,10,20
-0.20,1.25,0.14,-48.40,-15.69,251.10,1.27,256.20,0,0,14,19
0.19,1.29,-0.01,-38.76,41.69,237.30,1.30,244.04,0,0,15,19
1.06,1.53,0.05,-51.39,87.10,176.39,1.86,203.32,0,0,21,15
2.05,0.80,-0.29,-12.70,113.65,117.55,2.22,164.00,0,0,25,14
2.68,0.04,-0.09,-32.41,61.77,48.22,2.68,84.80,0,0,28,13
4.00,4.00,2.11,-102.05,-37.05,1.34,6.04,108.58,9,919,118,39
-0.89,-1.03,1.83,-359.86,-45.35,152.53,2.28,393.47,32,869,153,23
0.50,1.34,-0.62,73.30,21.85,59.63,1.56,96.99,116,792,173,33
0.10,1.09,0.18,101.14,-8.12,21.55,1.11,103.72,177,757,188,36
0.24,1.60,-0.06,-38.27,16.54,14.28,1.62,44.07,236,739,190,38
0.19,1.23,-0.10,-8.42,3.91,-26.00,1.25,27.61,229,742,198,38
0.19,1.52,-0.00,-31.49,3.05,-39.73,1.53,50.79,179,768,197,30
0.15,1.59,-0.04,-22.71,5.55,-76.29,1.60,79.79,88,825,195,21
0.20,1.55,-0.14,-33.20,9.28,-121.70,1.56,126.49,29,884,198,15
0.19,1.34,-0.08,-33.63,-2.81,-191.22,1.36,194.18,9,907,186,11
0.18,1.15,0.06,-22.83,2.93,-216.49,1.16,217.71,3,894,164,13
0.32,0.96,0.12,-9.09,9.52,-216.25,1.02,216.65,1,901,131,11
0.22,2.06,1.45,86.18,46.02,-196.47,2.53,219.42,0,0,87,10
0.34,1.01,0.78,199.83,144.59,-154.79,1.32,291.20,0,0,47,10
0.55,-0.00,-0.49,123.66,229.13,-184.88,0.74,319.33,0,0,24,13
0.87,1.07,-0.62,-49.80,178.22,-171.75,1.52,252.47,0,0,12,17
0.52,1.70,-0.38,-80.08,4.58,-141.05,1.82,162.26,0,0,13,15
0.12,2.42,-0.22,-23.50,-111.63,-102.05,2.43,153.06,0,0,13,14
-0.49,1.26,-0.52,92.10,-161.07,-58.90,1.45,194.67,0,0,11,18
-0.87,0.89,-0.40,31.01,-158.39,-5.74,1.30,161.49,0,0,6,20
-0.93,0.43,-0.39,34.85,-86.67,64.15,1.10,113.32,0,0,10,23
-0.61,0.02,-0.62,-17.09,-34.24,134.28,0.87,139.62,0,0,8,23
-0.55,0.65,-0.24,-56.58,-11.05,189.64,0.89,198.20,0,0,10,25
-0.35,0.69,-0.41,-50.60,15.38,227.72,0.87,233.78,0,0,10,24
-0.01,1.04,-0.51,-83.86,9.28,262.82,1.15,276.03,0,0,11,21
0.50,1.55,-0.33,-111.94,-40.65,287.23,1.66,310.94,0,0,15,17
1.00,2.12,0.44,-107.36,-82.40,214.17,2.38,253.35,0,0,17,15
1.77,1.22,0.21,-39.12,-33.94,138.55,2.16,147.91,0,0,19,13
2.43,0.60,0.65,-24.11,-34.42,45.23,2.59,61.74,0,0,24,17
4.00,0.92,1.31,37.17,-108.83,-81.48,4.31,140.94,1,920,110,43
-1.17,-2.09,0.89,197.08,-67.99,102.05,2.56,232.12,4,906,137,23
-0.00,0.23,0.54,41.56,-3.66,23.50,0.58,47.89,9,911,165,25
0.39,2.68,-0.78,-130.86,6.90,61.77,2.82,144.87,19,901,184,27
0.17,0.89,0.51,51.33,-13.67,32.78,1.04,62.42,39,855,191,29
0.21,0.94,0.09,6.59,-0.73,35.83,0.96,36.44,66,819,199,35
0.27,1.40,0.04,10.80,-8.12,12.94,1.43,18.71,98,803,198,36
0.20,1.56,0.09,-7.81,-3.05,-24.35,1.58,25.76,77,779,195,31
0.25,1.84,-0.16,-29.24,-0.92,-76.72,1.86,82.11,35,873,193,19
0.15,1.62,-0.01,-28.20,-9.16,-143.92,1.63,146.94,16,897,189,11
0.18,1.39,0.10,-42.18,-18.43,-201.97,1.41,207.14,7,904,174,7
0.28,0.66,0.02,-16.97,6.84,-228.58,0.72,229.31,3,903,154,8
0.46,0.82,0.00,-44.31,11.05,-221.86,0.94,226.51,2,905,121,9
0.60,0.61,0.50,-18.37,25.39,-191.96,0.99,194.50,1,897,85,13
0.48,0.52,0.63,58.72,86.67,-134.16,0.95,170.17,0,0,56,14
0.36,0.62,0.31,80.38,123.72,-127.14,0.78,194.76,0,0,38,14
0.59,0.36,-0.38,6.04,157.96,-124.57,0.79,201.26,0,0,27,17
0.66,1.60,-0.09,-114.07,157.96,-127.81,1.73,233.02,0,0,13,23
0.67,2.57,-0.63,7.26,84.05,-83.25,2.73,118.52,0,0,13,19
0.57,1.65,-1.10,25.39,-86.79,-6.84,2.06,90.69,0,0,12,17
-0.41,1.62,-0.49,62.44,-215.15,32.65,1.74,226.39,0,0,10,20
-0.82,0.82,-0.47,141.85,-205.93,91.67,1.26,266.33,0,0,10,20
-0.92,0.38,-0.59,90.76,-131.23,151.79,1.15,220.22,0,0,9,21
-0.70,0.70,-0.69,0.12,-15.87,175.23,1.21,175.95,0,0,10,23
-0.07,0.83,-0.88,-39.73,-0.79,207.21,1.21,210.99,0,0,12,21
0.20,1.10,-0.49,-71.72,-62.32,231.99,1.22,250.70,0,0,15,21
0.20,1.38,0.31,-73.06,-112.12,216.55,1.43,254.57,0,0,19,18
0.23,1.34,0.78,-43.40,-65.49,150.15,1.56,169.46,0,0,21,17
1.01,1.08,0.57,-0.06,18.92,122.25,1.59,123.71,0,0,25,18
2.00,0.37,0.29,17.46,64.27,111.88,2.05,130.20,0,0,33,14
2.99,0.21,0.14,16.60,87.83,23.86,3.01,92.52,0,0,37,16
1.88,0.73,-0.27,357.36,2.08,-159.73,2.03,391.44,4,926,141,43
0.36,4.00,0.19,-707.15,44.13,137.27,4.02,721.70,14,908,178,26
0.63,-0.01,-1.05,79.90,23.86,30.21,1.23,88.69,25,898,185,33
0.23,0.27,0.65,164.86,-2.87,0.43,0.74,164.88,47,848,198,37
0.26,1.74,-0.09,-94.97,0.79,27.47,1.76,98.87,71,818,201,37
0.27,1.50,-0.01,-19.47,-1.53,10.74,1.52,22.29,91,805,202,37
0.30,1.63,-0.02,-17.52,1.77,-19.47,1.66,26.25,81,0,206,31
0.26,1.66,-0.13,-21.67,0.18,-71.66,1.69,74.86,35,879,202,20
0.20,1.52,-0.12,-36.99,-2.32,-155.15,1.53,159.52,16,904,196,15
0.21,1.28,0.16,-36.56,-6.96,-204.90,1.31,208.25,7,911,177,12
0.33,0.93,-0.01,-39.86,0.00,-220.58,0.99,224.15,3,909,162,12
0.47,0.88,0.13,-27.77,1.46,-223.21,1.01,224.93,2,903,126,14
0.53,0.62,0.72,3.91,31.80,-189.82,1.09,192.50,1,906,93,15
0.24,1.34,1.24,82.58,93.32,-143.25,1.84,189.87,0,0,52,15
0.20,0.52,0.17,150.39,161.44,-132.14,0.58,257.18,0,0,36,13
0.30,0.38,-0.29,-15.62,189.64,-151.43,0.56,243.18,0,0,22,16
0.33,1.17,-0.25,-133.06,181.70,-140.38,1.25,265.38,0,0,10,23
0.45,1.80,-0.91,52.98,-19.10,-13.79,2.06,57.98,0,0,10,20
0.14,1.33,-1.30,113.28,-199.34,41.14,1.87,232.94,0,0,11,18
-0.64,1.02,-0.84,105.35,-300.90,110.35,1.47,337.37,0,0,8,19
-1.05,0.77,-0.52,130.68,-268.07,154.30,1.40,335.77,0,0,9,21
-1.03,0.23,-0.76,64.27,-155.58,185.85,1.30,250.75,0,0,7,22
-0.73,0.76,-0.66,-40.65,-29.91,213.99,1.24,219.86,0,0,7,22
-0.16,1.01,-0.90,-91.25,61.04,227.17,1.36,252.31,0,0,12,21
0.45,1.29,-0.62,-127.08,58.35,235.53,1.50,273.91,0,0,18,17
0.83,1.82,0.30,-106.20,33.87,169.13,2.02,202.56,0,0,24,14
1.93,1.45,0.34,-20.02,29.42,128.36,2.44,133.20,0,0,28,13
2.50,0.73,0.43,36.74,-35.22,72.45,2.64,88.54,0,0,27,15
2.31,-0.25,0.68,54.81,-17.27,-22.64,2.42,61.77,0,0,28,18
4.00,3.57,1.14,-8.61,46.26,-195.19,5.48,200.78,1,929,127,60
-1.12,-2.01,-0.03,-9.16,-56.27,304.32,2.30,309.62,7,912,155,20
1.01,0.96,-0.17,133.85,8.18,-40.89,1.40,140.20,16,914,179,37
0.08,3.08,0.05,-119.32,-51.88,18.74,3.08,131.46,25,895,191,35
0.15,0.26,0.45,-90.64,9.28,39.55,0.54,99.32,55,835,198,41
0.23,1.57,-0.14,8.61,-14.40,23.50,1.60,28.87,91,812,192,45
0.22,1.50,-0.04,8.06,0.31,-10.19,1.52,13.00,96,806,201,43
0.27,1.72,-0.12,-13.49,3.11,-57.74,1.74,59.38,47,844,202,31
0.20,1.62,-0.09,-18.55,-1.95,-122.13,1.63,123.55,21,897,198,23
0.11,1.38,-0.06,-34.85,-10.19,-183.59,1.38,187.15,7,914,187,18
0.15,1.18,0.19,-32.96,-7.02,-221.19,1.21,223.74,2,911,167,16
0.36,0.97,0.01,-33.14,2.14,-227.91,1.03,230.31,1,905,134,23
0.55,0.74,0.36,-7.93,17.46,-198.85,0.99,199.77,0,0,91,24
0.47,1.11,0.98,32.35,81.30,-154.85,1.55,177.86,0,0,54,25
0.37,0.49,0.33,89.48,124.27,-133.12,0.70,202.90,0,0,35,21
0.29,0.34,0.18,11.72,152.53,-133.91,0.48,203.31,0,0,25,20
0.52,0.77,-0.11,-110.47,190.98,-120.42,0.94,251.35,0,0,15,23
0.86,1.43,-0.82,-84.35,130.74,-59.39,1.86,166.54,0,0,7,22
0.83,2.20,-0.52,-8.36,-79.71,57.37,2.41,98.57,0,0,8,21
0.07,1.52,-0.49,94.91,-233.28,50.35,1.60,256.83,0,0,8,22
-0.49,1.18,-0.66,163.21,-261.47,91.49,1.44,321.52,0,0,6,22
-0.82,0.34,-0.88,130.49,-198.18,156.01,1.24,283.98,0,0,8,22
-0.70,0.54,-0.71,18.43,-126.04,173.16,1.14,214.96,0,0,7,24
-0.47,0.83,-0.67,-31.86,-34.48,183.59,1.16,189.50,0,0,8,23
0.05,1.14,-0.71,-73.12,0.73,203.25,1.34,216.00,0,0,10,20
0.33,1.27,-0.21,-72.88,-11.29,187.44,1.33,201.42,0,0,14,17
0.44,1.37,0.39,-57.50,18.37,134.34,1.49,147.28,0,0,18,15
1.02,1.27,0.62,-29.79,88.68,103.15,1.74,139.25,0,0,23,14
2.11,0.88,0.34,38.33,140.01,56.76,2.31,155.87,0,0,28,15
2.93,0.11,-0.11,72.27,148.68,-41.20,2.93,170.37,0,0,32,13
4.00,2.16,0.72,39.25,148.68,-193.91,4.60,247.48,1,910,104,26
0.31,-1.48,-1.40,18.98,13.43,158.20,2.06,159.90,6,913,150,10
0.93,0.88,-0.48,156.31,48.65,-25.02,1.37,165.61,14,914,182,27
0.48,2.02,-0.45,-108.03,-18.31,-0.31,2.12,109.57,18,912,195,28
0.17,0.24,0.50,46.81,-14.34,16.91,0.58,51.80,25,900,197,31
0.40,0.60,-0.22,29.91,9.40,29.17,0.75,42.82,40,865,203,33
0.31,1.67,0.07,2.38,-0.06,28.14,1.70,28.24,54,841,203,33
0.29,1.80,0.05,-10.56,0.12,-48.77,1.83,49.90,38,871,201,27
0.25,1.64,-0.07,-43.33,-2.75,-122.86,1.66,130.31,19,907,204,19
0.22,1.29,0.16,-49.38,-14.95,-182.43,1.32,189.59,8,921,194,15
0.26,1.05,0.25,-39.18,3.66,-208.31,1.11,212.00,3,922,176,16
0.18,1.38,0.57,-8.91,39.92,-210.27,1.51,214.21,1,917,144,18
0.36,0.74,0.51,108.28,89.36,-207.34,0.96,250.39,1,910,102,17
0.71,0.68,0.55,96.68,128.78,-146.36,1.12,217.61,0,0,62,19
0.67,-0.38,-0.46,87.59,176.33,-90.76,0.90,216.80,0,0,38,18
1.75,0.23,-0.96,-55.85,140.99,-46.94,2.01,158.75,0,0,13,18
0.74,1.37,0.27,-65.25,-94.30,-2.56,1.58,114.70,0,0,13,17
0.33,1.98,-0.04,48.89,-156.62,-11.54,2.01,164.47,0,0,14,15
-0.34,1.15,-0.60,125.00,-168.70,-34.12,1.34,212.72,0,0,13,16
-0.77,0.82,-0.70,68.18,-160.64,15.38,1.32,175.19,0,0,13,19
-1.00,0.76,-0.38,40.34,-114.69,71.47,1.31,141.03,0,0,12,22
-0.70,0.58,-0.39,10.56,-44.62,123.54,0.99,131.77,0,0,11,23
-0.40,0.94,-0.33,-29.79,4.94,150.88,1.07,153.87,0,0,12,23
0.20,0.93,-0.72,-42.30,5.07,178.83,1.19,183.84,0,0,13,20
0.65,1.22,-0.57,-67.69,-68.73,181.52,1.49,205.56,0,0,17,20
0.77,0.73,-0.03,-33.20,-31.98,148.56,1.06,155.55,0,0,18,20
1.16,0.43,-0.07,-82.52,31.98,105.53,1.24,137.73,0,0,22,19
1.79,0.57,0.25,-105.47,60.85,83.74,1.89,147.78,0,0,25,16
2.47,0.73,0.64,-66.41,50.05,20.26,2.66,85.59,0,0,26,15
2.03,0.06,0.83,5.31,-5.37,-53.47,2.19,54.00,0,0,30,15
1.55,-3.76,1.95,83.25,-54.81,-175.35,4.51,201.70,2,921,123,23
-0.25,4.00,0.88,-677.49,5.31,185.24,4.10,702.38,8,917,171,24
0.70,0.27,-1.88,98.45,17.64,87.22,2.02,132.71,16,912,189,30
0.17,0.43,0.28,112.06,-14.28,43.21,0.54,120.95,32736,892,195,30
0.33,1.21,-0.34,22.83,8.97,29.24,1.30,38.16,38,862,199,33
0.25,1.59,0.03,12.70,-8.12,-2.81,1.61,15.33,46,834,199,31
0.28,1.73,-0.06,-15.93,-3.11,-49.99,1.76,52.56,32,858,203,23
0.26,1.86,-0.15,-33.26,-6.59,-118.10,1.88,122.88,32736,0,197,17
0.17,1.63,-0.10,-43.15,-18.25,-195.86,1.64,201.39,32736,0,188,11
0.11,1.39,0.15,-21.42,-16.60,-253.91,1.41,255.35,2,683,161,8
0.43,1.35,-0.18,-21.36,3.66,-271.48,1.43,272.35,1,907,113,13
0.74,1.11,1.07,137.39,47.73,-218.38,1.71,262.38,0,0,65,20
0.18,-0.58,-0.07,273.68,145.51,-135.01,0.61,338.09,0,0,37,19
0.52,0.18,-0.70,63.17,143.49,-88.32,0.90,179.95,0,0,17,19
0.22,1.02,-0.28,-55.85,28.75,-60.91,1.08,87.50,0,0,18,15
0.06,1.45,0.14,-45.90,-54.26,-35.28,1.45,79.34,0,0,16,15
0.15,1.71,-0.17,36.74,-98.51,2.50,1.73,105.17,0,0,13,16
0.01,1.04,-0.77,94.24,-125.92,9.03,1.30,157.53,0,0,14,19
-0.39,0.95,-0.77,25.45,-154.24,39.86,1.29,161.32,0,0,14,22
-0.71,0.68,-0.47,15.01,-110.17,126.34,1.09,168.30,0,0,15,23
-0.47,0.67,-0.39,-55.30,-47.49,166.44,0.90,181.70,0,0,14,24
-0.23,0.97,-0.34,-95.34,-0.49,185.24,1.06,208.34,0,0,17,23
0.39,1.31,-0.21,-123.66,-22.58,215.03,1.38,249.07,0,0,21,22
0.86,1.77,0.49,-86.49,-34.85,217.22,2.03,236.39,0,0,25,20
1.29,1.35,0.52,-54.02,5.62,174.13,1.94,182.41,0,0,29,17
1.81,1.01,0.70,-41.08,47.67,146.00,2.19,158.98,0,0,31,16
2.50,1.01,0.79,-24.72,67.99,90.45,2.81,115.83,0,0,31,15
2.69,0.50,0.56,46.39,41.75,13.37,2.79,63.82,0,0,31,20
2.03,-0.04,0.47,71.29,8.42,-90.88,2.09,115.81,0,0,28,20
2.58,-0.71,1.50,37.60,77.51,-193.42,3.07,211.74,0,0,79,36
0.27,0.87,-0.96,-342.29,57.19,139.65,1.32,374.07,3,916,151,20
1.05,0.27,-2.06,102.91,135.62,67.26,2.33,183.05,12,918,175,27
0.15,1.37,0.25,94.97,-20.39,73.43,1.40,121.76,18,910,193,29
0.11,1.61,0.05,-24.90,-6.41,53.71,1.61,59.55,30,885,196,30
0.26,1.41,0.03,3.05,-0.06,14.71,1.43,15.02,42,859,197,36
0.33,1.77,-0.32,-4.09,4.58,-20.14,1.83,21.06,38,872,194,30
0.20,1.54,0.08,-13.98,-8.24,-88.68,1.56,90.16,21,902,197,20
0.18,1.73,-0.15,-30.15,-15.75,-164.31,1.74,167.79,8,916,190,18
0.22,1.60,-0.23,-22.46,-23.44,-230.96,1.63,233.23,2,918,180,13
0.29,1.05,-0.14,34.24,-13.24,-258.79,1.10,261.38,1,908,144,14
0.53,0.91,0.13,49.13,-14.47,-246.89,1.06,252.14,0,0,94,15
0.62,0.08,0.53,106.08,14.28,-195.01,0.82,222.45,0,0,53,19
0.33,0.42,0.71,118.53,52.98,-119.14,0.88,176.21,0,0,29,20
0.48,0.29,0.14,42.11,95.03,-83.68,0.57,133.44,0,0,14,21
-0.79,0.56,0.24,-19.10,109.62,-29.30,1.00,115.06,0,0,5,20
-0.09,1.24,0.16,4.15,87.28,21.85,1.25,90.07,0,0,9,19
0.13,1.64,0.00,27.47,15.93,11.11,1.65,33.64,0,0,10,18
-0.22,1.23,-0.41,130.37,-39.98,27.10,1.32,139.03,0,0,10,22
-0.36,1.02,-0.64,112.67,-77.76,82.09,1.26,159.63,0,0,8,23
-0.38,1.04,-0.64,118.53,-66.41,136.78,1.28,192.79,0,0,8,24
-0.09,0.58,-0.97,76.23,-49.44,165.89,1.13,189.15,0,0,9,21
-0.05,0.93,-0.87,-1.89,-38.76,177.80,1.27,181.98,0,0,7,25
0.19,1.05,-0.96,-36.44,-36.32,216.43,1.44,222.46,0,0,10,24
0.16,1.25,-0.43,-74.46,-12.27,206.24,1.34,219.61,0,0,14,23
0.46,1.28,-0.02,-127.01,43.88,176.70,1.36,221.99,0,0,15,19
1.15,1.80,0.67,-137.94,81.79,112.67,2.24,195.99,0,0,21,17
2.14,1.44,0.55,-19.84,57.56,79.77,2.64,100.35,0,0,27,18
2.52,0.68,0.29,71.84,-38.27,14.77,2.63,82.73,0,0,29,17
1.74,-0.14,0.66,58.96,-72.45,-85.57,1.87,126.68,0,0,50,21
1.75,-3.69,0.28,186.58,27.34,-81.79,4.09,205.55,3,918,133,28
-0.82,4.00,0.84,-674.07,-42.18,79.22,4.17,680.02,13,914,167,32
1.06,1.35,-1.96,-67.63,20.39,3.23,2.60,70.71,20,906,187,35
0.15,0.41,0.59,73.18,-16.30,23.68,0.73,78.62,30,881,186,34
0.36,0.96,-0.26,4.76,15.01,44.07,1.05,46.80,62,830,190,40
0.25,1.53,-0.13,18.74,-1.22,37.23,1.56,41.70,109,801,191,36
0.17,1.84,-0.02,12.33,-9.09,-15.08,1.85,21.49,94,795,201,31
0.14,2.04,-0.17,-25.70,-10.19,-91.06,2.05,95.17,38,868,192,21
0.09,1.78,-0.20,-40.22,-22.40,-177.19,1.79,183.07,12,902,186,12
0.03,1.58,0.04,-32.47,-32.90,-236.08,1.58,240.57,4,912,177,8
0.18,1.04,0.15,-27.22,1.83,-265.08,1.07,266.48,1,912,149,14
0.50,0.54,0.26,15.44,12.63,-239.56,0.78,240.39,0,0,94,17
0.25,1.64,1.76,38.94,44.80,-158.02,2.42,168.80,0,0,47,22
0.30,-0.75,0.10,192.08,155.33,-101.87,0.81,267.21,0,0,25,23
-0.23,0.46,0.03,34.79,164.79,-57.98,0.51,178.13,0,0,11,20
0.22,0.84,-0.51,5.00,87.89,2.38,1.01,88.07,0,0,12,21
0.14,1.51,-0.10,-38.82,-72.39,15.87,1.52,83.66,0,0,16,21
-0.36,2.01,-0.14,75.99,-143.74,36.93,2.05,166.73,0,0,15,22
-0.51,1.12,-0.93,149.84,-145.02,57.01,1.54,216.18,0,0,12,24
-0.76,1.02,-0.80,51.33,-102.60,77.39,1.51,138.39,0,0,11,26
-0.71,0.64,-0.96,18.31,-28.99,108.52,1.36,113.81,0,0,7,28
-0.52,0.91,-0.84,-55.91,-0.98,150.02,1.35,160.11,0,0,11,26
-0.27,1.17,-0.69,-62.68,1.16,196.35,1.39,206.12,0,0,12,27
-0.07,1.31,-0.59,-64.58,-3.85,217.59,1.44,227.00,0,0,11,25
0.02,1.33,-0.51,-83.86,-5.00,216.00,1.42,231.77,0,0,12,24
0.13,1.58,-0.17,-107.42,-8.85,197.75,1.59,225.22,0,0,12,23
