-,-,-
-0.43,0.51,-0.64,67.32,57.19,109.01,0.93,140.31,0,0,0,0
-0.66,0.59,-0.31,8.36,41.69,128.23,0.94,135.10,0,0,0,0
-0.59,0.78,-0.16,2.87,39.55,190.98,0.99,195.05,0,0,0,0
-0.20,0.94,-0.24,5.98,48.95,225.89,0.99,231.21,0,0,0,0
0.16,1.14,-0.33,1.16,43.82,224.61,1.19,228.85,0,0,0,0
0.39,1.29,-0.26,-3.36,34.18,228.82,1.37,231.38,0,0,1,0
1.39,1.23,-0.13,-29.79,80.26,180.66,1.86,199.92,1,785,0,0
2.09,1.66,0.40,-53.04,118.65,70.62,2.70,147.91,1,785,0,0
2.45,0.83,0.24,12.15,120.36,5.68,2.60,121.11,1,789,0,0
2.66,0.13,0.13,22.34,89.48,22.83,2.66,95.01,1,785,0,0
3.04,0.38,0.29,15.01,33.14,-15.69,3.08,39.62,1,793,2,0
1.84,0.76,0.84,20.02,-41.56,-145.94,2.16,153.05,2,792,21,0
0.41,0.44,0.04,9.34,-10.56,-3.30,0.60,14.48,3,803,40,0
0.36,1.69,0.42,2.69,-10.07,-34.79,1.77,36.32,5,808,73,0
0.47,0.11,0.25,8.91,-9.28,2.62,0.54,13.13,7,810,98,0
0.48,0.82,0.16,15.01,-8.06,15.44,0.96,23.00,8,809,113,0
0.45,0.86,0.20,-0.67,-1.40,24.23,0.99,24.28,10,806,127,1
0.45,1.01,0.18,5.43,-0.85,15.99,1.13,16.91,11,807,137,0
0.45,0.85,0.17,2.99,-0.18,6.16,0.98,6.85,12,807,137,1
0.46,0.91,0.12,-1.22,1.22,7.51,1.03,7.70,13,810,145,1
0.47,0.99,0.11,5.19,-1.28,0.49,1.10,5.37,13,808,150,0
0.44,1.00,0.17,7.20,-2.26,-4.09,1.11,8.58,13,811,149,0
0.46,1.08,0.17,5.80,-0.79,-20.39,1.19,21.21,12,808,143,1
0.46,1.01,0.16,4.39,-0.06,-36.56,1.12,36.82,10,816,146,1
0.46,1.07,0.13,3.17,0.73,-52.19,1.17,52.29,8,828,141,0
0.50,1.01,0.14,9.83,-1.83,-66.59,1.13,67.34,6,831,135,0
0.51,0.88,0.16,16.60,-3.42,-76.17,1.03,78.03,5,832,130,1
0.55,0.92,0.16,18.37,-3.42,-83.98,1.08,86.04,5,834,120,0
0.55,0.72,0.24,18.19,-2.75,-91.13,0.93,92.96,4,831,114,0
0.59,0.63,0.24,12.39,1.22,-88.87,0.89,89.74,4,828,105,0
0.63,0.76,0.36,-2.01,9.95,-85.33,1.05,85.93,5,822,94,0
0.75,1.07,0.42,-18.80,25.33,-94.79,1.37,99.90,6,806,65,0
1.00,1.60,0.45,-12.94,45.29,-107.48,1.94,117.35,4,786,34,0
1.01,1.86,0.24,-3.91,44.92,-115.23,2.13,123.74,2,766,16,0
0.35,1.39,-0.07,56.64,31.56,-135.86,1.44,150.54,1,770,4,0
-0.01,1.07,-0.68,40.41,-12.27,15.99,1.27,45.15,0,0,0,0
-0.60,1.09,-0.23,-8.85,-70.62,89.11,1.27,114.04,1,777,0,0
-0.93,0.88,0.03,33.81,-89.78,118.90,1.28,152.78,1,778,0,0
-0.87,0.46,-0.24,53.47,-64.82,156.80,1.02,177.89,1,778,0,0
-0.62,0.42,-0.28,-24.66,-19.41,183.04,0.80,185.71,1,776,0,0
-0.14,1.12,0.04,-50.66,9.40,189.94,1.13,196.81,1,777,0,0
0.46,1.17,0.04,-35.22,44.74,183.84,1.26,192.45,1,778,0,0
1.00,1.05,0.01,-72.63,82.15,145.20,1.45,181.96,1,778,0,0
1.42,1.59,0.21,-86.85,133.18,104.43,2.14,190.23,1,779,1,0
1.88,1.32,-0.20,-33.51,159.18,70.80,2.30,177.41,1,776,0,0
2.26,0.94,-0.38,5.25,123.84,45.72,2.48,132.11,1,772,0,0
2.14,0.35,-0.40,-5.07,71.17,-9.70,2.21,72.00,1,769,1,0
3.21,0.45,-0.22,-49.87,-8.24,-81.30,3.25,95.73,2,766,7,0
1.13,0.37,0.94,89.66,-75.01,-125.79,1.51,171.73,4,766,28,0
0.48,0.30,-0.10,56.70,-28.38,3.23,0.58,63.49,7,782,59,0
0.33,1.00,0.40,44.68,-22.40,-14.16,1.13,51.95,10,793,92,0
0.37,0.82,0.32,2.44,-2.14,16.17,0.95,16.50,13,801,119,0
0.38,0.88,0.29,11.11,-3.11,17.76,1.00,21.18,14,807,134,0
0.46,1.00,0.09,-2.14,1.53,15.14,1.10,15.36,15,809,143,2
0.42,0.98,0.15,2.44,-1.53,13.37,1.08,13.67,17,805,142,0
0.43,0.93,0.12,2.08,-1.04,6.47,1.03,6.87,19,805,151,0
0.41,1.02,0.16,-4.15,0.92,-0.98,1.11,4.36,21,806,145,0
0.43,1.14,0.12,-2.20,0.67,-16.78,1.22,16.94,21,806,150,1
0.43,1.09,0.16,-3.85,0.61,-32.90,1.18,33.13,19,813,143,0
0.46,1.06,0.09,-0.67,0.79,-47.73,1.16,47.74,15,820,145,0
0.47,1.02,0.09,6.96,-1.04,-57.25,1.13,57.68,11,817,139,0
0.49,0.99,0.10,14.59,-3.66,-62.87,1.11,64.64,8,821,136,0
0.51,0.88,0.12,23.99,-7.08,-67.38,1.02,71.87,7,826,129,0
0.51,0.82,0.18,25.27,-8.91,-67.63,0.98,72.74,6,826,122,0
0.53,0.82,0.22,17.76,-4.46,-69.27,1.00,71.65,6,829,119,0
0.61,0.80,0.16,19.35,-4.09,-74.10,1.02,76.69,5,825,108,0
0.61,0.88,0.26,12.82,-1.83,-80.08,1.10,81.12,5,816,97,0
0.66,0.72,0.49,-7.39,8.06,-85.02,1.09,85.72,6,797,77,0
0.95,1.27,0.26,-39.86,33.08,-91.92,1.61,105.51,6,777,38,0
0.79,1.77,0.23,-75.81,38.64,-114.20,1.95,142.41,3,758,18,0
0.77,2.31,0.15,-41.32,25.02,-146.18,2.44,153.95,1,770,7,0
-1.13,0.60,-0.16,66.16,-4.39,-99.12,1.29,119.25,0,0,1,0
-0.76,0.95,-0.46,36.62,-26.49,83.19,1.30,94.68,1,776,0,0
-0.86,0.94,-0.02,27.10,-55.60,131.65,1.28,145.46,1,777,0,0
-0.66,0.81,-0.20,45.53,-39.92,167.42,1.07,178.03,1,777,0,0
-0.47,0.44,-0.46,30.58,-35.89,172.12,0.79,178.46,1,777,0,0
-0.49,0.88,-0.19,-33.26,-30.46,197.02,1.02,202.12,1,780,0,0
-0.15,1.45,0.15,-45.29,17.82,229.92,1.46,235.01,1,786,0,0
0.60,1.46,-0.10,-29.24,92.47,205.93,1.58,227.63,1,787,1,0
1.56,1.52,-0.17,-72.63,129.21,148.50,2.19,209.82,1,787,2,0
2.25,1.90,0.24,-62.62,117.37,15.56,2.96,133.94,1,795,0,0
1.99,0.33,-0.11,-34.18,50.11,60.06,2.02,85.36,1,788,1,0
3.01,1.10,0.47,-28.50,-22.71,26.37,3.24,44.98,1,791,2,0
2.11,0.37,0.48,14.53,-75.07,-135.01,2.19,155.16,1,798,1,0
2.24,0.74,0.30,16.60,-52.61,-227.91,2.37,234.49,2,805,20,0
0.70,-1.38,-0.31,50.11,-6.41,-35.16,1.58,61.55,7,785,64,0
0.51,1.54,-0.03,21.55,-10.01,30.33,1.63,38.53,10,803,98,0
0.36,0.60,0.41,59.20,-22.22,10.19,0.81,64.05,12,801,121,1
0.35,0.85,0.33,10.99,-6.10,29.24,0.98,31.82,14,799,131,0
0.43,1.13,0.10,-16.85,7.69,23.44,1.21,29.87,15,804,144,0
0.41,1.11,0.08,-3.85,0.12,10.99,1.19,11.64,18,806,150,0
0.41,1.02,0.14,2.01,-2.08,-0.73,1.11,2.98,20,806,143,0
0.41,1.04,0.16,3.91,-2.14,-10.62,1.13,11.52,20,805,151,0
0.42,1.11,0.15,3.23,-2.26,-27.04,1.20,27.32,17,805,147,0
0.42,0.98,0.15,5.31,-1.89,-41.32,1.08,41.70,14,810,142,0
0.44,1.01,0.14,2.99,-0.67,-49.44,1.11,49.53,11,817,138,0
0.47,0.97,0.11,6.71,0.79,-58.04,1.08,58.44,8,826,136,0
0.49,0.82,0.13,11.96,-1.71,-62.87,0.96,64.02,7,823,130,0
0.50,0.78,0.15,14.47,-2.20,-56.58,0.94,58.44,7,818,127,0
0.54,0.73,0.15,15.26,-2.14,-51.15,0.92,53.42,6,824,120,0
0.55,0.66,0.18,14.10,-2.69,-45.29,0.88,47.51,5,828,120,0
0.58,0.73,0.20,10.31,-1.22,-38.82,0.95,40.18,5,830,116,0
0.63,0.78,0.15,9.09,-0.12,-35.22,1.01,36.37,4,834,111,0
0.67,0.88,0.11,15.32,-1.53,-34.67,1.11,37.93,4,835,101,0
0.67,0.96,0.18,20.75,-4.21,-36.99,1.19,42.62,3,827,84,0
0.76,1.19,0.23,23.56,-6.77,-46.33,1.43,52.41,2,820,53,0
0.83,1.50,0.32,29.17,-0.85,-83.07,1.74,88.05,1,810,23,0
0.60,1.39,0.03,3.91,2.32,-126.16,1.51,126.24,1,814,11,0
0.38,1.51,0.04,-31.68,-7.32,-163.33,1.56,166.53,0,0,5,0
-1.39,1.67,0.16,-21.30,-30.33,-33.75,2.18,50.13,0,0,0,0
-1.09,0.83,-0.17,43.03,-23.19,66.77,1.38,82.75,0,0,0,0
-0.96,0.65,-0.22,22.16,-28.50,113.40,1.18,119.01,0,0,1,0
-0.87,0.60,-0.16,0.43,-21.91,146.97,1.07,148.60,0,0,0,0
-0.63,0.85,-0.07,-26.98,-1.83,183.90,1.06,185.88,0,0,2,0
-0.20,1.17,-0.10,-27.65,8.12,210.94,1.19,212.90,0,0,0,0
0.23,1.55,0.10,-56.76,20.02,215.88,1.57,224.12,1,785,0,0
1.03,1.64,0.17,-45.35,64.51,169.98,1.95,187.38,1,789,1,0
1.45,1.65,0.12,-51.94,119.75,130.31,2.20,184.44,1,789,1,0
1.90,1.32,-0.05,-20.45,146.24,67.87,2.32,162.51,0,0,1,0
2.14,0.74,-0.09,-18.74,125.73,15.69,2.27,128.09,0,0,2,0
2.40,0.78,0.12,-27.22,84.72,-52.55,2.53,103.34,1,791,2,0
2.08,0.40,0.15,-22.95,48.40,-127.01,2.12,137.85,1,797,1,0
2.65,-0.38,0.80,133.73,-34.79,-139.83,2.79,196.59,4,774,25,0
0.46,0.52,0.07,6.84,-22.09,4.94,0.70,23.65,6,788,48,0
0.43,0.93,0.09,63.35,-23.13,-57.98,1.02,88.94,9,791,83,0
0.33,0.45,0.43,27.65,-16.78,-13.55,0.70,35.07,10,791,101,1
0.36,0.56,0.38,7.69,-3.72,5.62,0.76,10.22,11,795,119,0
0.52,1.03,-0.01,-18.74,7.93,17.03,1.15,26.53,13,800,132,0
0.44,0.90,0.16,1.40,-0.67,11.96,1.01,12.06,15,802,139,1
0.43,0.93,0.16,-4.82,2.26,8.97,1.04,10.43,17,804,139,1
0.46,0.97,0.09,-0.24,1.16,4.94,1.07,5.08,17,804,148,0
0.44,1.05,0.12,5.74,-3.23,-2.38,1.14,7.00,17,805,146,0
0.40,0.94,0.22,8.42,-3.23,-7.69,1.04,11.86,16,808,146,0
0.43,1.00,0.18,2.26,0.18,-11.54,1.10,11.76,15,810,143,0
0.45,1.01,0.14,5.80,0.06,-21.42,1.11,22.19,13,814,143,0
0.46,1.00,0.13,11.35,-1.53,-31.92,1.11,33.91,10,820,141,0
0.46,0.95,0.18,13.18,-1.77,-41.14,1.07,43.23,8,826,140,0
0.48,0.92,0.18,11.90,-1.28,-47.79,1.05,49.27,6,829,133,2
0.50,1.03,0.17,10.80,-1.28,-54.02,1.15,55.10,5,827,135,0
0.51,0.95,0.22,12.57,-1.40,-64.94,1.10,66.16,4,828,128,0
0.54,0.88,0.20,14.77,-1.10,-79.28,1.05,80.66,4,833,120,0
0.57,0.92,0.25,14.53,0.49,-84.90,1.11,86.14,4,832,107,0
0.71,1.01,0.21,16.05,3.36,-92.59,1.25,94.03,3,830,81,0
0.84,1.13,0.17,26.06,2.69,-93.99,1.42,97.58,3,821,55,0
0.95,1.20,0.06,33.08,-2.99,-100.71,1.53,106.04,1,806,24,0
0.69,0.96,-0.16,-3.05,-10.31,-123.78,1.19,124.25,1,808,10,0
0.55,1.42,0.10,-62.13,-23.38,-151.06,1.53,165.01,0,0,3,0
-0.96,1.06,0.30,-40.34,-44.37,-101.32,1.46,117.74,0,0,0,0
-1.06,1.40,0.07,41.63,11.23,90.70,1.76,100.42,0,0,0,0
-0.58,0.59,-0.41,48.71,24.90,122.25,0.93,133.93,0,0,0,0
-0.67,0.55,-0.33,4.58,13.61,147.46,0.93,148.16,0,0,1,0
-0.47,0.77,-0.26,-14.65,12.45,179.32,0.94,180.35,0,0,0,0
-0.22,0.97,-0.26,-27.83,14.47,196.17,1.03,198.66,0,0,1,0
0.09,1.20,-0.16,-35.46,24.66,212.59,1.22,216.93,0,0,0,0
0.64,1.20,-0.11,-44.92,47.00,203.98,1.36,214.09,1,784,1,0
1.33,1.58,0.16,-84.11,68.36,168.76,2.07,200.57,1,783,2,0
1.92,1.67,0.34,-64.21,66.28,73.24,2.56,117.82,1,784,4,0
2.07,1.07,0.21,-24.66,31.68,13.55,2.34,42.37,0,0,1,0
2.11,0.59,0.33,-24.78,-4.70,8.06,2.21,26.48,0,0,1,0
2.26,0.83,0.61,-26.37,-27.59,-64.03,2.48,74.54,1,793,0,0
1.82,2.31,1.24,28.38,-69.52,-162.29,3.20,178.82,3,788,22,0
0.42,0.24,0.11,19.41,-14.10,-8.97,0.50,25.61,5,786,55,0
0.50,2.14,-0.12,8.79,-7.20,-12.51,2.20,16.90,8,799,94,0
0.31,0.12,0.47,51.21,-18.13,-15.62,0.57,56.52,11,798,119,0
0.39,0.98,0.18,17.09,-7.69,11.72,1.07,22.10,12,797,132,0
0.43,0.93,0.08,11.90,-3.17,13.55,1.03,18.31,12,804,138,1
0.37,0.89,0.23,19.96,-6.65,7.14,0.99,22.22,13,797,138,1
0.36,0.92,0.25,8.97,-2.01,0.18,1.02,9.20,14,795,147,0
0.38,1.00,0.20,-1.65,1.22,-4.64,1.09,5.07,14,796,147,0
0.42,1.11,0.13,-1.16,1.16,-14.10,1.19,14.19,13,805,143,0
0.41,1.02,0.17,7.39,-1.28,-25.70,1.11,26.77,11,813,146,1
0.40,0.93,0.21,5.92,-1.40,-33.63,1.03,34.18,9,819,146,1
0.42,0.88,0.22,3.60,0.55,-39.79,1.00,39.96,7,826,139,0
0.44,0.93,0.15,2.20,2.01,-48.46,1.04,48.55,6,811,147,0
0.48,0.90,0.18,5.19,0.79,-54.63,1.04,54.88,5,815,141,0
0.47,0.86,0.15,7.39,0.18,-59.27,0.99,59.72,4,820,137,0
0.52,0.89,0.20,4.39,1.16,-62.01,1.05,62.18,4,824,139,0
0.52,0.84,0.23,5.86,1.22,-67.99,1.01,68.26,4,828,139,1
0.56,0.76,0.21,5.80,3.60,-70.56,0.97,70.89,4,835,126,0
0.64,0.99,0.17,3.72,4.82,-72.02,1.19,72.28,5,827,121,0
0.72,0.94,0.16,12.82,0.79,-83.25,1.19,84.24,4,820,93,0
0.78,1.24,0.36,8.73,5.98,-93.87,1.51,94.47,4,794,59,0
0.91,1.38,0.16,0.31,14.89,-120.85,1.66,121.76,2,771,24,0
0.85,1.80,-0.13,-50.23,9.58,-134.22,1.99,143.63,1,767,13,0
-0.66,0.72,0.03,-12.94,-24.23,-114.20,0.97,117.45,0,0,4,0
-0.56,1.20,-0.14,37.29,-12.76,34.61,1.33,52.45,0,0,1,0
-0.72,0.89,-0.36,57.86,-11.90,86.73,1.20,104.94,0,0,0,0
-0.78,0.61,-0.39,38.15,-18.25,116.76,1.06,124.18,0,0,0,0
-0.67,0.63,-0.33,0.61,-19.84,168.15,0.97,169.32,0,0,1,0
-0.38,0.95,-0.18,-28.32,-7.57,198.24,1.04,200.40,1,772,0,0
-0.11,1.21,-0.13,-27.40,17.27,210.75,1.22,213.23,0,0,0,0
0.31,1.47,0.00,-35.71,72.33,212.04,1.51,226.86,0,0,0,0
1.25,1.37,-0.06,-58.96,140.14,163.21,1.85,223.05,1,782,2,0
1.99,1.88,0.33,-70.37,145.45,48.65,2.75,168.74,0,0,0,0
2.21,1.18,0.05,1.22,99.98,-6.59,2.51,100.20,0,0,1,0
2.60,0.31,-0.35,25.33,32.41,33.57,2.65,53.09,1,794,0,0
2.78,0.16,-0.20,-43.27,-22.40,-49.74,2.79,69.63,1,790,1,0
3.99,1.18,0.46,-77.94,-53.59,-187.01,4.19,209.57,2,793,11,0
0.27,-0.82,0.87,103.82,-49.56,-8.79,1.23,115.38,4,787,43,0
0.34,2.27,0.34,24.48,-21.73,-5.31,2.32,33.16,8,797,89,0
0.35,0.45,0.48,20.94,-10.07,14.89,0.74,27.60,12,797,118,0
0.40,0.62,0.23,16.42,-6.10,27.04,0.77,32.22,15,795,131,0
0.44,1.06,0.10,-9.40,3.23,34.67,1.16,36.06,18,798,143,0
0.44,1.01,0.10,4.88,-1.40,23.44,1.11,23.98,20,796,153,0
0.39,0.92,0.20,6.84,-2.56,8.61,1.02,11.29,23,797,154,0
0.40,1.02,0.16,-4.58,1.28,-2.20,1.10,5.24,24,796,153,0
0.44,1.19,0.08,-8.48,2.87,-16.97,1.27,19.19,24,801,156,1
0.42,1.04,0.13,-2.50,0.92,-39.06,1.13,39.15,21,806,159,1
0.44,0.92,0.08,-2.14,1.95,-43.95,1.02,44.04,18,814,155,0
0.47,0.87,0.08,3.17,-0.67,-44.86,0.99,44.98,14,819,152,0
0.48,0.84,0.13,8.06,-2.38,-44.37,0.98,45.16,12,822,150,2
0.51,0.88,0.11,9.89,-3.54,-42.05,1.02,43.34,11,823,152,1
0.51,0.88,0.16,12.15,-3.66,-42.48,1.03,44.33,10,823,147,1
0.53,0.94,0.17,13.00,-2.81,-48.71,1.09,50.49,8,823,149,0
0.53,0.94,0.19,11.11,-1.71,-60.67,1.10,61.70,8,823,143,0
0.56,0.95,0.21,7.14,0.67,-82.64,1.12,82.95,8,827,130,0
0.65,0.97,0.24,-3.17,10.62,-93.99,1.19,94.65,8,815,105,0
0.78,1.13,0.26,-14.53,21.42,-102.11,1.39,105.34,7,796,71,0
0.87,1.62,0.39,-19.17,30.70,-115.17,1.88,120.73,4,775,31,0
0.82,1.35,-0.09,-38.02,34.18,-138.37,1.58,147.51,2,759,10,0
-0.21,1.84,0.25,-81.12,14.65,-162.05,1.87,181.81,1,784,3,0
-0.24,1.55,-0.28,33.87,-64.39,-38.88,1.59,82.50,0,0,2,0
-0.82,0.83,-0.43,33.81,-169.13,45.17,1.25,178.29,0,0,0,0
-1.21,0.77,-0.08,27.71,-202.27,102.66,1.43,228.52,0,0,0,0
-1.26,0.41,-0.12,1.10,-108.52,147.16,1.33,182.85,0,0,0,0
-0.61,0.70,-0.29,-56.40,-33.75,179.44,0.97,191.10,0,0,0,1
-0.23,1.18,-0.09,-92.90,2.20,200.07,1.20,220.60,0,0,2,0
0.48,1.56,0.20,-91.13,46.26,221.74,1.64,244.16,0,0,1,0
1.45,1.41,0.20,-95.46,91.49,180.11,2.03,223.44,0,0,2,0
2.16,1.74,0.31,-102.78,103.88,83.01,2.79,168.07,1,786,1,0
2.31,1.09,0.29,-47.55,87.10,-11.29,2.57,99.87,0,0,1,0
2.56,0.78,0.54,-23.25,41.99,16.66,2.73,50.81,1,783,0,0
2.92,0.95,0.83,50.54,-66.53,-118.84,3.18,145.26,1,782,0,0
1.02,-1.38,0.65,43.46,-62.32,-132.93,1.83,153.11,2,791,20,0
0.29,0.64,0.19,-12.45,-13.98,35.77,0.73,40.37,3,791,43,0
0.47,1.21,0.03,13.61,-0.37,-11.54,1.30,17.85,5,796,79,0
0.40,0.66,0.27,9.34,-8.30,20.14,0.82,23.70,7,799,106,0
0.38,0.64,0.28,22.64,-12.27,29.60,0.79,39.24,11,793,123,0
0.37,0.89,0.23,-5.25,0.24,38.82,0.99,39.17,13,795,135,0
0.42,1.06,0.10,-1.40,1.89,32.65,1.15,32.74,15,798,138,0
0.39,0.98,0.14,3.85,-1.40,18.92,1.06,19.36,18,794,140,0
0.36,0.88,0.23,-0.73,-1.89,14.89,0.98,15.03,20,789,151,0
0.36,1.09,0.15,-4.64,0.18,9.28,1.16,10.37,22,793,150,0
0.38,1.17,0.15,0.06,-0.98,-7.02,1.24,7.09,23,793,151,0
0.36,1.15,0.20,-1.22,-0.43,-28.20,1.22,28.23,21,794,145,1
0.37,1.15,0.20,-4.33,1.95,-49.26,1.22,49.48,16,803,145,0
0.40,1.14,0.13,-3.66,3.42,-69.27,1.22,69.46,11,811,148,0
0.45,1.07,0.11,3.42,1.10,-86.24,1.17,86.32,8,813,144,0
0.44,0.92,0.16,11.29,-0.73,-96.98,1.04,97.64,7,814,138,0
0.49,0.86,0.14,16.24,-1.16,-103.09,1.00,104.37,6,820,130,0
0.55,0.77,0.15,15.81,0.24,-100.16,0.96,101.40,5,817,119,0
0.60,0.76,0.26,15.62,0.43,-96.74,1.00,98.00,5,820,105,0
0.71,0.97,0.20,3.66,7.39,-101.87,1.22,102.20,6,807,82,0
0.90,1.19,0.33,-21.67,15.50,-124.88,1.53,127.69,6,783,51,0
1.02,1.56,0.06,-109.56,28.87,-145.14,1.87,184.13,4,756,20,0
0.99,2.49,0.22,-89.17,16.85,-149.90,2.69,175.23,1,741,9,0
-1.10,0.88,0.20,55.85,-15.32,-132.45,1.42,144.55,0,0,3,0
-0.85,1.24,-0.49,129.82,29.85,60.79,1.58,146.42,0,0,0,0
-0.89,0.69,-0.58,87.83,29.66,102.17,1.27,137.96,0,0,0,0
-0.82,0.57,-0.55,67.63,-7.26,142.27,1.14,157.70,0,0,1,0
-0.67,0.56,-0.56,27.95,-52.25,198.06,1.04,206.73,1,769,0,0
-0.22,1.06,-0.30,-12.02,-72.57,246.70,1.12,257.44,0,0,2,0
0.36,1.59,0.04,-33.45,-25.33,226.75,1.63,230.59,1,777,1,0
1.01,1.20,-0.01,-31.07,64.45,198.85,1.57,211.33,1,782,1,0
1.99,1.80,0.43,-84.53,129.88,134.89,2.72,205.45,1,782,3,0
2.52,1.47,0.44,-2.99,108.03,65.37,2.96,126.31,1,779,1,0
2.73,0.46,-0.08,-2.08,-23.86,-25.88,2.77,35.26,1,777,1,0
2.41,0.24,0.47,-65.80,-76.05,-81.36,2.47,129.35,1,791,1,0
2.15,0.81,1.38,-54.38,-87.22,-143.37,2.68,176.41,1,794,14,0
0.51,-1.03,0.03,50.78,2.75,-35.46,1.15,62.00,4,781,35,0
0.50,2.36,0.04,-32.04,-1.65,5.00,2.42,32.47,7,805,76,0
0.52,-0.06,0.08,53.65,-18.62,10.13,0.53,57.68,11,802,112,0
0.48,0.95,0.10,30.21,-16.78,49.26,1.07,60.17,13,796,121,0
0.34,0.71,0.31,4.70,-1.83,57.98,0.84,58.20,15,801,130,1
0.43,1.22,0.09,12.27,-0.18,39.86,1.29,41.70,16,803,137,0
0.37,0.96,0.17,7.51,-4.15,25.15,1.05,26.57,19,799,147,0
0.38,1.02,0.11,4.39,-3.60,19.47,1.09,20.28,20,798,151,0
0.37,1.10,0.14,3.78,-3.72,12.45,1.17,13.54,20,793,150,0
0.38,1.26,0.13,3.17,-3.30,0.12,1.32,4.58,19,790,143,0
0.35,1.19,0.22,5.98,-3.97,-25.82,1.26,26.80,18,789,148,0
0.35,1.06,0.25,0.00,1.53,-50.42,1.14,50.44,13,801,147,0
0.42,1.18,0.11,-6.04,6.53,-69.21,1.26,69.78,9,820,145,0
0.41,1.06,0.12,7.32,0.49,-88.56,1.15,88.87,7,825,140,0
0.41,0.91,0.14,13.06,0.18,-103.52,1.01,104.34,6,826,135,0
0.50,0.91,0.14,19.96,-1.40,-107.85,1.05,109.69,5,823,119,0
0.53,0.77,0.16,27.65,-3.42,-108.40,0.95,111.92,4,825,106,0
0.62,0.90,0.18,27.65,-3.11,-108.28,1.11,111.79,3,833,84,0
0.71,0.98,0.32,22.89,-0.85,-112.30,1.25,114.62,3,825,64,0
0.91,1.35,0.36,13.06,8.30,-124.02,1.67,124.99,2,809,34,0
0.80,1.30,0.02,-2.69,15.81,-137.08,1.52,138.02,1,795,13,0
0.47,1.49,-0.02,-43.33,2.56,-150.63,1.56,156.77,0,0,9,0
-1.29,1.85,0.27,54.20,-2.69,33.75,2.27,63.91,0,0,0,0
-0.95,0.48,-0.72,66.77,-18.19,102.11,1.29,123.35,0,0,0,0
-0.95,0.90,-0.33,-7.63,-56.70,158.69,1.35,168.69,0,0,0,0
-0.77,1.01,-0.17,-8.00,-54.93,199.16,1.28,206.75,0,0,0,0
-0.35,1.08,-0.35,-10.68,-30.46,214.90,1.18,217.31,0,0,1,0
-0.07,1.24,-0.28,-41.14,-5.31,228.33,1.27,232.07,0,0,0,0
0.55,1.48,-0.07,-65.06,49.07,226.07,1.58,240.31,0,0,0,0
1.37,1.42,0.05,-109.07,116.15,156.80,1.97,223.55,0,0,0,0
1.90,1.99,0.46,-105.41,148.74,30.58,2.79,184.85,0,0,0,0
2.26,0.66,-0.07,1.22,112.55,8.00,2.35,112.84,0,0,1,0
2.63,0.50,0.17,-9.16,27.65,36.44,2.68,46.65,1,795,1,0
2.55,0.52,0.43,-15.99,-58.04,-50.96,2.63,78.88,1,797,3,0
3.17,1.14,0.45,-8.79,-86.85,-169.98,3.40,191.09,2,803,11,0
0.52,-0.56,0.10,86.85,-21.24,-51.51,0.77,103.19,5,788,42,0
0.29,2.05,0.34,-6.47,-10.01,2.14,2.10,12.11,7,801,79,0
0.47,0.65,0.13,32.53,-8.67,-16.78,0.81,37.62,9,804,106,0
0.48,1.01,0.02,12.94,-6.71,9.58,1.12,17.45,11,807,118,0
0.39,0.80,0.23,21.06,-7.45,8.73,0.92,23.98,12,800,133,0
0.42,1.16,0.17,12.33,-5.07,5.00,1.24,14.24,13,799,137,0
0.40,0.96,0.23,11.60,-4.27,-14.28,1.07,18.89,14,800,147,0
0.43,1.03,0.17,-1.71,-0.43,-24.90,1.13,24.96,14,801,146,1
0.44,1.00,0.16,-1.46,0.18,-34.91,1.10,34.94,14,809,143,2
0.45,0.86,0.15,5.43,-0.85,-39.00,0.98,39.39,12,810,150,0
0.45,0.76,0.19,6.77,-1.16,-34.97,0.91,35.64,11,815,151,2
0.46,0.85,0.17,2.75,1.04,-31.19,0.98,31.33,9,814,143,1
0.52,0.92,0.20,1.46,3.05,-34.48,1.07,34.65,8,820,143,0
0.54,1.02,0.15,5.92,1.04,-46.94,1.16,47.32,7,824,140,0
0.55,0.84,0.25,7.81,1.16,-59.75,1.03,60.27,6,828,145,1
0.56,0.89,0.16,5.25,2.93,-66.16,1.06,66.43,5,828,135,0
0.61,0.94,0.12,9.89,0.67,-73.43,1.13,74.09,5,825,124,0
0.64,0.93,0.13,16.17,-1.95,-80.44,1.14,82.08,4,827,109,0
0.70,0.89,0.24,24.11,-3.91,-86.18,1.15,89.58,4,819,87,0
0.71,0.87,0.29,23.25,1.89,-90.58,1.16,93.53,3,803,54,0
0.82,1.10,0.44,8.06,11.35,-106.99,1.44,107.90,1,794,25,0
0.75,1.39,-0.10,-25.70,23.50,-123.60,1.59,128.41,1,808,11,0
0.44,1.23,-0.15,-68.36,4.46,-155.82,1.32,170.22,0,0,7,0
-0.99,1.79,0.15,-35.03,-36.99,-10.07,2.05,51.93,0,0,0,0
-0.85,1.08,-0.17,19.23,-61.65,85.02,1.39,106.76,0,0,0,0
-0.86,0.95,-0.16,33.75,-73.30,109.07,1.29,135.68,0,0,1,0
-0.97,0.47,-0.32,26.67,-67.87,150.39,1.13,167.14,0,0,1,0
-0.71,0.78,-0.21,-20.81,-40.10,199.16,1.08,204.22,0,0,0,0
-0.16,1.02,-0.25,-36.01,-16.78,200.81,1.06,204.70,0,0,1,0
0.00,1.20,-0.08,-77.82,0.24,214.17,1.20,227.87,0,0,0,0
1.08,1.40,0.22,-71.72,61.16,211.73,1.78,231.76,0,0,3,0
1.67,1.51,0.27,-98.21,95.95,122.92,2.27,184.28,1,775,2,0
2.08,1.70,0.26,-69.52,84.53,26.79,2.70,112.68,1,776,1,0
2.23,0.84,0.12,-38.51,48.22,-44.25,2.39,75.94,1,767,0,0
2.63,0.40,0.48,-18.37,-3.78,-28.02,2.70,33.71,1,766,3,0
2.54,0.50,0.63,-16.48,-46.94,-145.51,2.67,153.78,1,776,7,0
0.12,-2.26,1.52,130.19,-80.87,-169.68,2.72,228.65,5,759,41,0
0.28,0.90,0.36,9.77,-4.70,23.38,1.01,25.77,7,771,78,0
0.55,0.11,0.27,66.59,-15.93,-1.71,0.62,68.49,9,769,112,0
0.44,0.75,0.14,23.13,-9.40,27.65,0.88,37.25,11,777,123,0
0.41,0.69,0.15,-2.38,-1.95,38.45,0.81,38.58,14,779,137,0
0.42,1.15,0.10,0.79,-2.81,36.07,1.23,36.19,18,787,145,1
0.38,1.09,0.20,15.87,-5.86,12.51,1.17,21.04,19,780,150,2
0.37,1.00,0.22,5.74,-1.10,-0.92,1.09,5.91,19,780,150,0
0.41,1.19,0.14,-3.17,1.40,-13.24,1.27,13.69,18,782,145,1
0.41,1.10,0.15,7.69,-1.22,-31.92,1.18,32.86,14,788,152,0
0.40,1.00,0.20,9.89,-0.37,-51.21,1.09,52.16,11,799,141,0
0.44,0.94,0.22,6.29,1.71,-61.83,1.06,62.17,8,804,145,0
0.47,1.00,0.16,4.52,5.19,-72.39,1.11,72.71,5,801,143,0
0.50,0.99,0.15,6.84,2.38,-86.79,1.12,87.09,4,807,139,0
0.50,0.94,0.18,10.25,-0.18,-98.27,1.08,98.80,4,815,134,0
0.53,0.84,0.23,11.35,-0.06,-106.69,1.02,107.29,4,817,127,0
0.61,0.86,0.16,11.35,2.81,-108.89,1.07,109.51,4,819,109,0
0.74,0.77,0.20,18.01,1.89,-106.87,1.08,108.40,4,813,89,0
0.85,0.87,0.33,18.74,11.96,-83.68,1.26,86.58,2,799,51,0
0.92,1.59,0.13,23.86,16.42,-83.25,1.84,88.15,1,784,19,0
0.78,1.79,-0.04,8.73,5.74,-127.62,1.96,128.05,0,0,9,0
-0.74,0.78,-0.16,0.98,-22.09,-80.44,1.08,83.43,0,0,2,0
-0.78,1.37,0.03,-13.12,-32.35,41.08,1.57,53.91,0,0,1,0
-1.01,1.08,-0.10,9.52,-34.00,98.51,1.48,104.65,0,0,0,0
-0.90,0.89,-0.17,10.01,-31.19,127.87,1.28,132.00,0,0,0,0
-0.78,0.79,-0.15,-2.44,-26.67,156.01,1.12,158.29,0,0,2,0
-0.49,0.86,-0.21,-20.81,-19.65,192.87,1.01,194.98,0,0,1,0
-0.08,1.21,-0.10,-63.11,-18.25,215.21,1.22,225.01,0,0,1,0
0.92,1.48,0.13,-70.01,6.84,177.43,1.75,190.86,0,0,1,0
1.30,1.58,0.32,-89.42,51.39,115.42,2.07,154.78,0,0,2,0
2.04,1.41,0.30,-68.60,90.33,58.47,2.50,127.61,0,0,0,0
2.21,0.76,0.18,-65.19,79.90,-6.16,2.35,103.30,1,760,1,0
2.42,0.57,0.51,-41.20,33.81,2.44,2.54,53.35,1,750,1,0
2.85,0.23,0.25,-27.53,-20.94,-51.64,2.87,62.15,1,744,2,0
2.61,1.79,0.33,-42.54,-82.76,-191.41,3.18,212.83,4,776,24,0
0.37,-0.74,0.33,44.98,-20.39,8.79,0.90,50.16,9,776,65,0
0.55,1.63,-0.11,44.49,-16.48,10.13,1.72,48.52,14,792,115,0
0.33,0.70,0.45,39.61,-16.17,28.75,0.90,51.55,16,792,132,0
0.33,0.72,0.37,40.04,-11.66,24.60,0.87,48.42,15,798,140,0
0.46,1.05,0.04,5.00,-0.67,24.72,1.15,25.23,16,796,150,0
0.38,0.81,0.21,12.15,-4.46,15.26,0.92,20.01,18,796,153,0
0.39,0.77,0.16,-0.67,0.24,19.04,0.88,19.06,19,797,157,0
0.42,1.12,0.08,-0.55,0.18,16.05,1.20,16.06,19,796,157,1
0.40,1.00,0.12,10.19,-2.14,0.61,1.08,10.43,19,797,152,0
0.39,1.08,0.15,9.34,-2.38,-13.92,1.15,16.93,18,794,150,0
0.38,1.09,0.20,9.52,-1.95,-31.01,1.17,32.49,14,800,152,0
0.40,1.00,0.20,6.71,-0.24,-44.92,1.10,45.42,11,812,154,0
0.41,0.98,0.15,4.76,0.37,-53.89,1.07,54.11,8,825,148,2
0.44,1.06,0.17,5.31,0.00,-61.52,1.16,61.75,6,830,145,1
0.48,1.12,0.15,14.95,-1.28,-78.31,1.23,79.73,4,828,146,0
0.48,1.08,0.17,19.96,-2.32,-98.63,1.20,100.66,3,825,139,0
0.50,1.02,0.21,21.67,-2.20,-117.49,1.16,119.49,3,832,120,2
0.54,0.90,0.21,26.18,-2.20,-135.86,1.07,138.38,3,830,103,0
0.68,0.74,0.29,18.07,6.04,-133.36,1.04,134.72,3,817,80,0
0.82,0.76,0.38,12.08,14.16,-118.84,1.18,120.28,3,803,52,0
1.00,1.28,0.19,-3.36,22.83,-112.98,1.64,115.31,1,785,27,0
1.10,1.77,-0.02,-26.55,14.04,-130.62,2.08,134.02,1,793,9,0
-0.48,1.02,-0.06,-4.33,-11.72,-147.22,1.13,147.75,0,0,6,0
-0.52,1.44,-0.11,30.82,-29.11,29.72,1.53,51.78,0,0,0,0
-0.64,1.24,-0.20,33.69,-15.69,97.78,1.41,104.60,0,0,1,0
-0.66,0.89,-0.34,31.74,2.62,117.07,1.16,121.32,0,0,1,0
-0.61,0.59,-0.44,-7.14,-3.36,146.12,0.95,146.33,0,0,1,0
-0.37,0.60,-0.38,-33.57,-32.04,189.03,0.80,194.64,0,0,0,0
0.09,1.05,-0.05,-69.21,-64.70,199.71,1.05,221.04,1,773,0,0
0.26,1.11,0.52,-71.41,-28.14,193.91,1.25,208.55,1,774,1,0
1.45,1.06,0.47,-96.56,65.00,158.51,1.85,196.66,1,765,2,0
2.16,1.33,0.57,-83.80,91.31,124.94,2.60,175.98,1,765,1,0
2.56,1.15,0.25,-34.48,59.51,75.99,2.82,102.49,1,764,3,0
2.06,0.51,0.10,-29.66,-1.59,20.94,2.12,36.34,1,770,3,0
2.21,0.81,0.34,-56.95,-43.15,-78.67,2.37,106.28,1,772,2,0
1.83,0.34,1.15,-5.55,-121.70,-106.20,2.18,161.62,2,770,11,0
-0.01,-0.69,1.33,71.23,-46.57,-53.10,1.50,100.31,5,767,35,0
0.25,1.39,0.48,-30.94,-6.23,7.57,1.49,32.46,9,780,71,0
0.48,0.23,0.04,14.40,3.85,18.31,0.53,23.61,15,797,112,0
0.48,1.24,-0.06,-14.53,3.48,44.13,1.33,46.59,23,804,132,0
0.44,1.05,0.02,3.60,1.89,22.16,1.14,22.53,26,812,140,0
0.41,1.05,0.05,8.61,-2.38,17.58,1.13,19.72,27,813,152,0
0.36,0.82,0.16,13.18,-6.35,21.79,0.90,26.25,26,812,148,1
0.40,1.11,0.03,8.91,-4.64,20.69,1.18,23.00,30,814,150,1
0.37,1.12,0.12,19.29,-8.24,8.06,1.19,22.47,31,809,151,1
0.37,0.93,0.14,23.01,-7.69,-3.11,1.01,24.46,27,804,159,1
0.37,1.05,0.13,18.37,-6.77,-10.38,1.12,22.16,27,800,153,0
0.36,1.10,0.21,11.35,-4.03,-24.72,1.18,27.50,24,798,158,1
0.38,1.20,0.16,5.00,-0.49,-47.91,1.27,48.18,18,805,158,0
0.41,1.22,0.11,3.91,1.89,-74.71,1.29,74.83,12,819,152,0
0.43,1.22,0.12,11.29,-0.06,-111.82,1.30,112.39,9,823,145,0
0.43,1.14,0.16,19.84,-0.37,-134.58,1.23,136.04,6,824,130,0
0.55,1.08,0.06,30.03,-1.28,-155.46,1.21,158.34,5,819,104,0
0.61,0.86,0.26,34.67,-1.16,-165.16,1.09,168.76,4,811,73,0
0.63,0.71,0.52,17.46,10.74,-142.52,1.08,143.98,3,801,34,0
0.74,0.72,0.29,4.88,29.91,-114.75,1.07,118.68,2,799,17,0
0.84,1.28,0.02,-25.21,31.86,-117.25,1.53,124.09,1,803,9,0
-0.20,0.90,0.05,-47.67,15.01,-115.91,0.92,126.22,0,0,3,0
-0.20,1.73,0.05,-4.15,-16.36,36.07,1.74,39.82,0,0,3,0
-0.57,1.23,-0.29,33.81,-72.08,76.23,1.39,110.23,0,0,2,0
-1.01,0.94,-0.23,47.73,-97.72,116.76,1.40,159.56,0,0,3,0
-0.84,0.57,-0.49,47.00,-97.72,161.13,1.12,194.22,0,0,3,0
-0.62,0.69,-0.38,-5.37,-86.67,197.08,1.00,215.36,0,0,0,0
-0.11,1.07,-0.06,-45.17,-27.40,224.00,1.07,230.14,0,0,1,0
0.58,1.23,0.08,-77.70,61.77,209.17,1.36,231.52,0,0,3,0
1.24,1.61,0.17,-80.20,107.06,173.03,2.04,218.71,1,795,0,0
1.50,1.31,-0.03,-73.85,101.26,134.03,1.99,183.50,1,793,1,0
2.15,1.65,0.21,-74.58,62.26,24.11,2.72,100.10,1,803,1,0
2.03,0.53,0.11,-110.53,23.01,-29.54,2.10,116.71,1,811,2,0
2.50,1.79,1.30,-70.31,16.60,-67.14,3.34,98.63,1,831,4,0
2.53,0.80,0.58,31.37,-45.96,-153.56,2.72,163.34,1,798,9,0
0.09,-0.34,1.00,44.25,-46.57,-140.26,1.06,154.27,4,795,32,0
0.36,1.29,0.19,13.12,-23.80,-18.86,1.35,33.08,7,801,69,0
0.56,-0.35,-0.01,73.55,-21.30,-30.21,0.66,82.31,12,796,108,0
0.42,0.89,0.23,5.62,-4.82,41.02,1.02,41.68,15,798,120,1
0.43,1.06,0.15,-9.40,3.91,45.10,1.15,46.24,18,809,130,0
0.53,1.33,0.10,14.83,-5.55,25.15,1.44,29.72,19,809,145,0
0.37,0.89,0.26,16.24,-5.74,7.32,1.00,18.71,22,804,151,0
0.40,0.87,0.16,-2.14,1.16,7.63,0.97,8.01,24,805,152,0
0.45,1.20,0.05,-7.20,0.67,0.37,1.28,7.24,25,805,154,0
0.41,1.09,0.15,-0.92,-1.28,-16.91,1.17,16.98,26,800,158,0
0.44,1.08,0.13,-5.55,1.65,-29.97,1.17,30.52,26,807,158,0
0.45,1.15,0.10,-5.86,2.14,-45.53,1.24,45.96,21,816,157,1
0.43,1.11,0.16,0.31,0.98,-64.76,1.21,64.77,15,824,148,0
0.48,0.97,0.16,6.16,1.83,-83.19,1.10,83.44,11,828,140,0
0.52,1.06,0.12,11.54,-0.31,-96.68,1.18,97.37,8,829,133,0
0.54,0.94,0.13,20.81,-2.14,-109.74,1.09,111.72,7,825,118,0
0.60,0.97,0.16,21.67,-0.73,-118.53,1.15,120.50,6,819,99,0
0.65,0.79,0.28,25.27,-0.43,-121.52,1.06,124.12,5,818,73,0
0.81,1.02,0.44,16.30,13.06,-112.30,1.37,114.23,3,819,43,0
0.98,1.22,0.28,0.92,29.79,-107.24,1.59,111.30,2,802,17,0
0.63,1.59,0.01,-27.10,34.30,-124.39,1.71,131.85,1,799,8,0
-0.82,1.83,-0.18,-51.94,-26.00,35.52,2.02,68.09,0,0,1,0
-1.11,1.27,-0.12,11.05,-134.77,82.28,1.69,158.28,1,782,0,0
-1.43,0.82,-0.07,35.64,-166.50,110.11,1.65,202.78,0,0,0,0
-1.51,0.71,0.02,25.94,-112.12,160.58,1.67,197.56,0,0,0,0
-0.89,0.87,-0.27,0.73,-25.33,208.50,1.27,210.03,1,810,0,0
-0.24,1.22,-0.40,-50.11,28.56,217.10,1.31,224.63,1,799,2,0
0.50,1.70,-0.11,-91.61,78.80,221.68,1.78,252.48,1,795,2,0
1.38,1.81,-0.08,-79.77,122.31,188.05,2.28,238.09,1,791,1,0
2.25,1.70,-0.21,-99.43,128.11,101.26,2.83,191.18,1,787,3,0
2.25,1.18,0.05,-54.14,69.89,19.47,2.54,90.52,1,784,2,0
2.48,0.95,0.42,-24.05,14.10,15.87,2.69,32.08,1,779,3,0
2.29,0.25,0.30,-4.21,-37.48,-53.10,2.32,65.13,1,774,2,0
2.15,0.48,0.61,-7.39,-47.36,-133.42,2.29,141.77,1,791,2,0
-0.01,-1.35,1.67,97.05,-65.00,-170.53,2.15,206.70,5,776,35,0
0.42,0.53,-0.03,-4.21,-11.54,15.69,0.68,19.92,8,793,78,0
0.54,1.01,-0.15,33.81,-7.39,13.61,1.15,37.19,13,791,117,0
0.52,1.29,-0.11,14.40,-6.10,28.26,1.40,32.30,16,803,132,0
0.34,0.79,0.26,30.52,-3.60,11.60,0.90,32.84,17,801,143,1
0.35,0.73,0.23,4.39,-0.85,10.56,0.85,11.47,19,803,149,0
0.37,1.06,0.15,-4.03,1.10,7.32,1.13,8.43,23,800,154,0
0.41,1.03,0.14,0.24,-0.67,-3.60,1.11,3.67,24,800,155,1
0.39,1.14,0.15,-1.16,-0.61,-12.70,1.22,12.76,24,799,159,0
0.38,1.15,0.19,-0.92,0.06,-28.26,1.23,28.27,20,811,150,1
0.40,1.19,0.15,-3.23,2.20,-49.32,1.27,49.47,15,822,148,0
0.42,1.08,0.14,1.40,1.28,-71.29,1.17,71.31,11,827,152,0
0.44,1.03,0.12,5.86,1.40,-86.24,1.13,86.45,8,828,138,0
0.50,1.06,0.13,13.61,0.00,-105.65,1.18,106.52,7,835,135,0
0.50,0.96,0.19,20.08,-2.50,-118.04,1.10,119.76,6,831,123,0
0.53,0.84,0.21,20.32,-1.34,-127.08,1.02,128.70,6,819,103,0
0.63,0.75,0.25,17.33,3.60,-127.32,1.01,128.54,5,817,81,0
0.74,0.86,0.43,5.68,14.28,-117.31,1.22,118.31,5,804,52,0
0.89,1.20,0.28,4.88,25.15,-103.58,1.52,106.70,3,787,23,0
1.06,1.99,0.02,-8.00,22.83,-110.35,2.26,112.97,1,793,9,0
-0.97,0.39,-0.09,45.96,-5.68,-103.45,1.05,113.35,0,0,0,0
-0.50,1.17,-0.22,23.32,-24.48,65.80,1.29,73.97,0,0,0,0
-0.93,1.14,-0.05,36.93,-34.79,119.38,1.47,129.72,0,0,1,0
-0.75,0.93,-0.19,37.29,-18.25,151.86,1.21,157.43,0,0,1,0
-0.55,0.85,-0.29,19.65,2.81,169.49,1.05,170.65,1,790,0,0
-0.34,0.91,-0.37,4.09,13.37,190.98,1.04,191.49,1,788,0,0
-0.16,1.12,-0.30,-24.29,8.36,215.45,1.17,216.98,1,788,1,0
0.27,1.44,-0.15,-42.72,19.41,225.28,1.47,230.12,1,783,1,0
1.24,1.49,-0.14,-70.07,45.84,178.77,1.94,197.41,1,783,1,0
1.59,1.84,0.08,-88.75,56.09,87.77,2.43,136.84,1,785,5,0
2.05,1.00,-0.08,-66.04,42.18,44.68,2.28,90.20,1,782,2,0
2.54,1.08,0.41,-91.61,14.04,18.80,2.79,94.57,1,782,2,0
2.72,0.83,0.57,-66.28,-20.02,-114.14,2.90,133.50,1,785,3,0
2.16,1.32,1.64,40.89,-113.28,-174.44,3.02,211.98,3,774,19,0
0.35,-1.34,0.57,92.83,-34.67,-65.80,1.50,118.95,8,779,59,0
0.31,2.31,0.26,-10.44,-13.92,14.59,2.34,22.70,12,795,107,0
0.40,0.39,0.19,54.38,-10.93,0.31,0.59,55.47,15,799,133,0
0.41,0.55,0.14,36.62,-11.41,19.59,0.70,43.07,17,798,139,0
0.37,0.70,0.17,-7.08,-0.18,35.03,0.81,35.74,22,792,154,0
0.38,1.16,0.13,5.19,-1.59,14.95,1.23,15.91,25,796,158,0
0.34,1.09,0.23,3.30,-1.65,-4.46,1.17,5.78,26,795,158,1
0.36,1.02,0.17,-3.78,1.59,-20.75,1.09,21.15,25,801,161,0
0.39,1.10,0.13,-4.70,2.14,-32.29,1.18,32.70,23,806,163,0
0.43,1.09,0.06,4.39,-0.85,-45.84,1.18,46.06,19,814,164,0
0.41,0.93,0.15,9.03,-1.71,-51.76,1.03,52.57,16,821,159,1
0.40,1.01,0.18,5.31,-0.06,-58.23,1.10,58.47,12,824,157,1
0.48,1.00,0.18,5.92,2.20,-75.93,1.12,76.19,10,830,148,0
0.48,0.99,0.17,1.71,4.27,-88.26,1.11,88.38,8,830,146,0
0.54,1.20,0.12,3.23,4.33,-104.06,1.32,104.21,7,829,137,0
0.63,1.11,0.01,20.75,-1.16,-129.27,1.27,130.93,6,826,116,0
0.63,0.77,0.26,30.76,-6.65,-138.73,1.03,142.26,5,817,87,0
0.81,1.27,0.45,14.53,9.64,-140.56,1.58,141.64,4,803,53,0
0.94,1.38,0.24,14.59,22.95,-141.11,1.69,143.71,2,792,21,0
0.92,2.01,0.21,25.45,19.53,-150.70,2.22,154.07,1,813,9,0
-0.84,0.49,-0.08,49.93,2.69,-94.85,0.97,107.22,0,0,1,0
-0.82,1.17,-0.43,-1.83,-47.06,79.35,1.49,92.27,0,0,1,0
-1.11,1.17,0.15,-44.19,-83.31,133.00,1.62,163.04,0,0,1,0
-0.95,1.00,0.17,19.17,-58.96,157.23,1.39,169.01,1,802,0,0
-0.70,0.60,-0.30,14.95,-28.87,184.75,0.97,187.59,1,794,0,0
-0.25,1.09,-0.21,-22.83,-16.91,210.88,1.13,212.78,1,791,1,0
0.02,1.20,-0.12,-39.06,1.46,211.73,1.20,215.31,1,786,1,0
0.72,1.42,-0.08,-58.65,43.15,215.09,1.59,227.08,1,784,1,0
1.30,1.53,0.05,-84.05,82.15,164.73,2.01,202.36,1,782,3,0
1.97,1.44,0.06,-70.43,57.13,91.25,2.44,128.65,1,777,5,0
2.41,1.33,0.04,-53.47,17.88,-23.74,2.75,61.17,1,786,2,0
2.43,0.55,0.05,-17.03,-40.16,-81.42,2.49,92.37,1,792,2,0
2.08,-0.13,0.38,-86.67,-78.61,-98.57,2.12,153.00,1,790,3,0
2.67,-0.04,1.65,18.13,-122.13,-94.24,3.14,155.32,3,777,15,0
0.31,-1.94,0.66,124.69,-40.53,-67.32,2.07,147.39,7,787,59,0
0.16,2.27,0.61,-15.20,-12.88,42.18,2.35,46.64,12,797,95,0
0.38,0.62,0.27,36.44,-6.04,18.25,0.78,41.20,16,803,123,0
0.38,0.96,0.18,26.86,-9.34,27.28,1.05,39.41,19,799,133,1
0.39,0.98,0.13,17.21,-5.13,13.06,1.06,22.21,22,801,142,2
0.38,1.04,0.16,13.00,-4.64,8.42,1.12,16.17,25,796,146,1
0.37,0.91,0.19,14.53,-4.82,-0.37,1.00,15.31,25,794,150,0
0.38,1.12,0.14,8.85,-2.20,-6.41,1.19,11.15,24,791,152,0
0.38,1.16,0.17,9.16,-3.17,-25.39,1.23,27.18,22,795,148,0
0.36,1.01,0.24,8.12,-2.08,-42.72,1.10,43.54,15,805,149,0
0.39,1.11,0.22,3.11,1.28,-55.30,1.20,55.40,11,815,141,0
0.42,0.93,0.21,7.93,1.53,-70.37,1.04,70.84,9,820,145,0
0.44,0.93,0.18,-1.34,7.87,-82.40,1.04,82.78,6,820,142,0
0.50,1.08,0.13,3.11,6.29,-100.77,1.19,101.01,5,828,132,0
0.54,1.13,0.12,13.79,1.65,-120.61,1.26,121.40,5,833,123,0
0.62,1.06,0.09,29.05,-2.56,-138.67,1.23,141.71,4,831,99,0
0.66,0.79,0.33,37.54,-4.27,-143.25,1.08,148.15,4,825,71,0
0.94,0.96,0.47,33.69,13.18,-130.55,1.43,135.47,2,819,35,0
0.93,1.63,0.08,31.98,22.16,-123.23,1.88,129.23,1,820,13,0
0.29,1.29,-0.27,40.41,11.47,-158.94,1.35,164.39,0,0,7,0
-0.79,1.59,-0.26,-10.68,-14.10,40.28,1.79,44.00,0,0,0,0
-1.08,1.25,-0.13,15.75,-27.16,89.11,1.66,94.48,0,0,0,0
-0.97,0.83,-0.30,25.09,-21.06,125.37,1.31,129.57,0,0,0,0
-0.91,0.85,-0.23,-6.23,-11.11,158.39,1.26,158.90,0,0,0,0
-0.58,0.99,-0.23,-4.70,1.10,186.16,1.17,186.22,1,791,0,0
-0.21,0.94,-0.40,-26.00,-9.89,219.36,1.04,221.12,1,786,0,0
0.18,1.49,-0.04,-66.16,-16.24,244.45,1.50,253.76,1,780,2,0
0.85,1.58,0.19,-75.26,18.74,217.41,1.81,230.83,1,781,1,0
1.55,1.63,0.21,-89.90,78.12,131.71,2.26,177.58,1,778,4,0
2.09,1.48,0.13,-79.22,90.33,19.35,2.56,121.70,1,780,0,0
2.45,1.20,0.37,-23.25,55.18,30.46,2.75,67.18,1,777,0,0
2.89,0.32,0.23,6.29,-10.19,-5.13,2.92,13.03,1,770,2,0
2.65,0.33,0.54,-29.54,-64.39,-129.03,2.73,147.20,1,769,2,0
0.01,1.94,1.48,-16.85,-91.25,-243.65,2.44,260.72,4,790,29,0
0.67,-1.43,-0.39,57.07,-9.09,-18.62,1.62,60.71,10,789,80,0
0.56,1.28,-0.24,30.58,-9.09,49.19,1.42,58.63,16,800,120,0
0.43,0.93,0.12,38.88,-14.40,30.88,1.04,51.70,19,796,136,0
0.35,0.92,0.27,20.08,-4.64,17.82,1.02,27.25,21,796,140,0
0.37,0.86,0.17,1.04,-0.79,17.82,0.95,17.87,22,797,149,0
0.39,1.03,0.09,1.89,-1.53,15.32,1.11,15.51,25,798,149,0
0.36,0.98,0.18,8.12,-4.15,13.55,1.06,16.33,27,793,152,2
0.35,1.08,0.19,8.06,-3.23,3.85,1.15,9.50,27,793,151,0
0.34,1.10,0.22,5.07,-2.20,-12.02,1.18,13.23,25,794,153,0
0.36,1.16,0.20,-4.76,1.89,-32.23,1.24,32.63,20,806,151,0
0.37,1.14,0.22,-4.52,4.58,-53.59,1.22,53.97,15,822,142,1
0.41,1.12,0.15,-5.74,5.31,-78.74,1.20,79.12,12,830,145,2
0.44,1.06,0.16,5.13,2.01,-95.03,1.16,95.19,9,828,143,0
0.48,0.99,0.13,10.25,1.40,-105.96,1.11,106.46,7,832,131,0
0.53,1.07,0.09,17.64,-0.73,-118.65,1.20,119.96,6,832,129,0
0.55,0.93,0.14,29.36,-3.72,-131.47,1.09,134.76,5,830,111,0
0.63,0.95,0.27,31.43,-4.33,-141.60,1.17,145.11,5,829,92,0
0.82,1.34,0.40,27.10,5.55,-148.07,1.62,150.63,4,821,56,0
0.79,1.49,0.32,49.62,11.78,-151.00,1.72,159.38,1,824,23,0
0.74,1.55,0.26,51.21,12.33,-156.25,1.74,164.89,0,0,9,0
-0.81,0.53,-0.33,10.07,-19.84,-86.73,1.02,89.54,0,0,1,1
-1.07,1.78,-0.14,-7.26,-63.05,88.68,2.08,109.05,0,0,0,0
-0.88,0.91,-0.35,29.60,-104.49,108.64,1.32,153.62,0,0,1,0
-1.17,0.86,-0.09,8.00,-119.51,151.73,1.45,193.31,0,0,0,0
-1.09,0.48,-0.25,2.50,-70.25,195.74,1.22,207.98,0,0,0,1
-0.67,0.89,-0.22,-71.78,8.30,231.81,1.14,242.81,0,0,0,0
0.01,1.52,-0.09,-79.35,61.89,235.96,1.53,256.52,1,796,0,0
0.47,1.55,-0.06,-80.81,65.92,254.21,1.62,274.77,1,791,1,0
1.38,1.74,0.16,-91.31,93.26,180.24,2.23,222.53,1,789,1,0
2.29,1.88,0.20,-73.85,93.87,65.43,2.97,136.19,1,794,2,0
2.39,0.74,-0.05,-44.31,62.01,4.03,2.50,76.32,1,795,0,0
2.76,1.01,0.53,-50.17,8.91,21.79,2.99,55.42,1,796,3,0
2.73,0.43,0.55,-31.07,-33.94,-89.17,2.82,100.34,1,796,2,0
2.21,0.22,0.62,-39.12,-42.91,-206.48,2.30,214.49,1,816,4,0
-0.06,-1.97,1.16,168.21,-46.33,-101.62,2.29,201.91,5,790,43,0
0.30,1.79,0.35,-23.86,-8.30,24.05,1.85,34.88,9,811,103,0
0.51,1.07,-0.02,60.12,-17.09,21.73,1.18,66.17,13,800,126,0
0.42,0.76,0.12,45.29,-23.07,19.78,0.88,54.54,16,786,143,0
0.33,0.92,0.32,3.97,-1.95,17.52,1.03,18.07,18,780,151,0
0.40,1.04,0.13,-5.74,1.89,7.75,1.13,9.83,22,785,154,1
0.37,0.89,0.18,0.12,0.24,0.55,0.98,0.61,22,786,159,1
0.37,1.03,0.18,-8.67,2.20,2.08,1.11,9.18,25,783,159,1
0.43,1.19,0.18,-9.40,4.46,-11.11,1.27,15.22,24,792,155,2
0.43,1.23,0.13,-2.14,2.44,-35.22,1.31,35.37,21,803,162,1
0.39,1.16,0.17,4.39,0.43,-59.88,1.23,60.04,15,816,154,1
0.37,1.03,0.18,2.08,2.99,-83.80,1.11,83.88,11,821,147,1
0.47,1.06,0.16,-0.43,5.74,-99.61,1.17,99.78,8,825,150,0
0.51,1.06,0.10,7.87,2.56,-116.94,1.18,117.24,7,828,132,0
0.52,1.04,0.12,15.93,-0.49,-132.39,1.17,133.34,6,822,121,0
0.63,0.98,0.17,16.17,-1.04,-146.24,1.18,147.14,6,811,91,0
0.69,1.00,0.35,23.07,4.70,-145.02,1.26,146.92,5,805,55,0
0.87,1.61,0.43,12.39,24.90,-137.21,1.88,140.00,2,795,21,0
0.91,1.46,0.01,10.07,28.69,-158.33,1.72,161.22,1,793,8,0
-0.47,0.95,0.05,-28.81,5.07,-55.66,1.06,62.88,0,0,0,0
-0.56,1.86,-0.07,14.95,-73.91,39.43,1.95,85.10,0,0,0,0
-1.16,0.91,-0.19,43.21,-96.50,70.62,1.49,127.14,0,0,1,0
-1.49,0.62,-0.08,23.38,-69.46,126.53,1.62,146.22,1,785,0,0
-1.21,0.62,-0.21,18.07,-16.05,187.26,1.38,188.81,1,781,0,0
-0.80,0.70,-0.52,-14.47,4.03,226.38,1.18,226.88,1,779,0,0
-0.28,1.24,-0.32,-58.96,-29.54,262.76,1.31,270.91,1,780,0,0
0.12,1.91,0.23,-70.92,-45.78,291.26,1.92,303.25,1,781,0,0
1.39,2.18,0.22,-80.38,12.94,256.41,2.60,269.02,1,779,2,0
2.33,2.06,-0.10,-87.28,93.81,97.84,3.11,161.22,1,782,1,0
2.54,1.01,0.04,-94.85,103.70,-12.88,2.74,141.12,1,784,0,0
2.78,0.99,0.74,-69.21,81.30,-32.41,3.04,111.58,1,786,2,0
2.69,0.15,0.44,-21.55,16.48,-112.79,2.73,116.01,1,787,1,0
2.56,0.00,0.32,-27.59,-54.57,-161.50,2.58,172.69,1,799,3,0
-0.18,-2.05,1.84,182.37,-81.73,-134.95,2.76,241.14,8,775,55,0
0.23,1.36,0.40,20.81,-24.54,38.09,1.43,49.86,15,795,109,0
0.30,0.19,0.37,88.75,-21.67,29.85,0.51,96.10,20,790,133,0
0.43,1.29,-0.00,10.07,-4.70,34.67,1.36,36.41,22,794,144,0
0.37,1.27,0.14,-4.21,-0.61,19.23,1.33,19.69,27,794,147,0
0.36,1.16,0.13,0.06,-0.37,-5.80,1.22,5.81,30,796,159,2
0.35,0.83,0.16,6.04,-1.83,-19.65,0.92,20.64,32,796,162,1
0.36,0.86,0.15,-1.83,-0.18,-15.01,0.94,15.13,32,796,165,0
0.39,1.17,0.12,-1.95,0.06,-20.20,1.23,20.30,31,803,162,1
0.39,1.17,0.15,5.68,-1.28,-38.64,1.24,39.07,26,805,157,0
0.39,1.06,0.17,9.09,-1.04,-58.84,1.14,59.55,20,809,160,1
0.39,0.94,0.17,6.16,0.98,-69.52,1.04,69.80,15,812,155,1
0.44,0.97,0.16,5.00,2.01,-80.20,1.07,80.38,11,804,154,1
0.51,1.15,0.09,5.98,1.46,-94.91,1.26,95.11,8,807,138,0
0.53,1.16,0.11,18.92,-3.23,-119.14,1.28,120.68,7,805,130,0
0.53,0.98,0.21,28.32,-5.49,-139.77,1.14,142.72,6,797,104,0
0.62,0.80,0.31,22.77,0.92,-145.81,1.06,147.58,5,793,73,0
0.83,1.15,0.48,11.35,12.63,-134.52,1.50,135.59,3,783,38,0
0.89,1.40,0.17,7.20,25.45,-136.78,1.66,139.31,1,786,15,0
0.81,2.01,-0.04,-39.67,22.40,-164.79,2.16,170.98,0,0,9,0
-1.40,0.63,-0.15,-31.37,-22.46,-86.67,1.54,94.87,0,0,1,0
-0.94,1.38,-0.15,-25.57,-48.28,71.23,1.68,89.77,0,0,0,0
-0.98,1.36,0.15,-4.39,-62.93,134.16,1.68,148.25,0,0,0,0
-0.93,1.20,0.14,47.91,-36.56,182.01,1.52,191.73,0,0,0,0
-0.43,0.86,-0.37,60.24,-2.14,216.92,1.03,225.14,0,0,0,0
-0.21,0.90,-0.40,4.46,13.12,213.56,1.00,214.01,0,0,0,0
0.04,1.32,-0.25,-24.84,14.77,221.37,1.34,223.25,1,772,2,0
0.49,1.33,-0.28,-38.02,-11.05,235.78,1.44,239.08,1,772,0,0
1.24,1.53,-0.07,-71.59,-30.88,159.85,1.97,177.85,1,771,0,0
1.61,1.65,0.33,-86.98,-26.37,79.10,2.33,120.49,1,774,4,0
1.82,1.13,0.51,-103.15,6.77,-14.22,2.21,104.35,1,774,1,0
2.26,1.31,1.07,-127.38,39.18,-3.48,2.82,133.32,1,778,0,0
2.87,0.60,0.84,-0.37,29.54,-44.43,3.05,53.36,1,771,4,0
3.04,-0.29,0.14,18.13,-13.12,-141.05,3.05,142.82,1,766,5,0
-0.25,-2.25,2.07,114.75,-106.57,-192.50,3.07,248.16,7,777,52,0
0.53,-0.10,-0.21,54.87,-18.13,4.94,0.57,58.00,14,794,104,0
0.51,0.37,-0.16,77.94,-17.88,12.39,0.65,80.92,18,797,133,1
0.46,1.07,0.01,27.71,-6.84,21.79,1.16,35.91,20,796,141,0
0.37,0.68,0.21,23.07,-8.42,16.54,0.80,29.61,21,790,156,0
0.36,0.82,0.21,14.77,-6.47,17.03,0.92,23.45,25,787,162,2
0.38,1.05,0.14,6.90,-4.27,17.15,1.13,18.97,29,789,156,0
0.35,0.95,0.22,10.13,-4.09,9.95,1.03,14.78,29,786,166,0
0.36,1.06,0.19,5.00,-0.92,0.73,1.14,5.14,29,789,157,1
0.38,1.17,0.20,3.23,-0.98,-11.84,1.24,12.31,28,789,165,1
0.35,1.06,0.23,6.90,-1.28,-31.56,1.14,32.33,21,798,162,1
0.38,1.08,0.21,2.08,3.54,-55.91,1.16,56.06,15,805,155,0
0.39,1.08,0.19,-1.22,5.00,-75.62,1.16,75.80,12,816,152,0
0.44,1.10,0.18,0.98,4.52,-93.44,1.20,93.56,8,819,152,0
0.52,1.24,0.06,8.61,1.34,-114.99,1.34,115.32,6,815,146,0
0.53,1.15,0.11,32.90,-8.97,-141.42,1.27,145.47,6,812,127,0
0.54,1.06,0.23,35.58,-6.96,-160.58,1.21,164.63,5,807,98,0
0.73,0.94,0.43,31.62,-0.12,-164.61,1.26,167.62,4,796,66,0
0.87,1.40,0.32,29.91,21.12,-158.94,1.67,163.10,2,795,27,0
0.76,1.36,-0.18,28.32,19.90,-173.65,1.57,177.06,1,794,13,0
-0.52,0.34,-0.43,-51.03,-36.44,-95.03,0.76,113.85,0,0,5,0
-0.70,1.40,-0.01,-13.49,-77.58,45.29,1.57,90.83,0,0,0,0
-0.97,1.09,-0.14,29.17,-77.82,105.41,1.47,134.23,0,0,0,0
-1.12,0.77,-0.20,22.28,-39.92,135.50,1.38,143.00,0,0,0,0
-1.01,0.79,-0.25,-15.26,21.42,190.73,1.31,192.54,0,0,0,0
-0.43,1.05,-0.31,-44.80,70.98,229.68,1.17,244.53,0,0,0,0
0.10,1.25,-0.39,-52.55,67.63,217.65,1.32,233.90,1,772,1,0
0.49,1.70,-0.15,-79.96,18.68,214.42,1.77,229.60,1,770,0,0
0.96,1.72,0.24,-50.11,14.71,211.18,1.99,217.54,1,772,0,0
2.19,1.63,0.20,-60.49,51.76,167.85,2.74,185.77,1,766,0,0
2.46,1.26,0.44,-50.17,87.95,40.28,2.81,108.97,1,770,1,0
2.21,0.93,0.51,-16.42,101.20,-23.50,2.45,105.18,1,780,1,0
2.25,0.30,0.27,14.34,57.92,-6.41,2.28,60.02,1,771,2,0
2.47,0.37,0.13,-2.75,-37.05,-40.71,2.50,55.11,1,762,2,0
1.86,0.63,0.49,-30.27,-95.89,-158.33,2.02,187.56,1,763,2,0
0.16,-0.69,1.75,83.62,-47.42,-191.77,1.88,214.52,5,784,37,0
0.45,-0.57,0.14,30.64,-10.19,14.65,0.75,35.46,12,804,96,0
0.57,0.83,0.21,11.05,-11.05,42.30,1.02,45.09,18,803,130,0
0.37,0.99,0.26,35.46,-15.93,29.36,1.09,48.72,20,800,144,0
0.35,0.92,0.26,15.50,-5.49,26.98,1.01,31.60,24,792,149,0
0.36,0.85,0.21,9.09,-2.38,13.55,0.94,16.49,28,792,152,1
0.38,1.04,0.15,-2.99,0.67,5.92,1.11,6.67,30,794,162,0
0.39,0.98,0.13,-0.79,-0.61,-1.77,1.06,2.03,33,797,157,4
0.39,1.11,0.11,-1.10,-1.28,-13.24,1.19,13.35,30,801,162,1
0.40,1.11,0.15,0.61,-0.92,-27.47,1.19,27.49,26,812,162,2
0.40,1.07,0.16,6.47,-1.83,-43.09,1.15,43.61,21,816,155,2
0.40,0.94,0.20,12.39,-2.99,-56.70,1.04,58.12,17,819,165,0
0.43,0.85,0.21,7.51,-0.06,-62.13,0.98,62.59,14,822,162,0
0.48,0.92,0.15,4.39,2.69,-65.86,1.05,66.06,11,825,157,0
0.51,1.06,0.10,7.02,1.10,-72.14,1.18,72.49,9,825,146,1
0.54,1.09,0.11,21.06,-4.46,-89.36,1.23,91.91,7,823,143,1
0.56,1.02,0.14,28.87,-7.20,-108.46,1.17,112.47,6,823,124,1
0.58,0.90,0.36,24.96,-5.31,-123.05,1.13,125.67,6,820,101,0
0.77,1.30,0.28,7.93,28.08,-154.11,1.54,156.85,5,803,67,0
0.91,1.13,-0.08,-45.59,23.62,-177.00,1.45,184.30,3,785,27,0
1.05,2.67,0.15,-133.61,11.35,-185.30,2.88,228.73,1,790,12,0
-1.90,1.11,0.24,-15.87,-25.15,-148.74,2.21,151.69,0,0,1,0
-1.18,1.21,-0.52,55.60,-2.69,51.94,1.77,76.14,0,0,0,0
-0.90,0.83,-0.51,5.13,-26.92,108.89,1.32,112.28,0,0,0,0
-1.17,1.05,0.07,-1.65,-40.59,148.99,1.57,154.43,0,0,0,0
-0.75,0.71,-0.33,44.56,-28.63,206.73,1.08,213.40,0,0,0,0
-0.30,0.79,-0.47,-1.77,-41.87,234.92,0.97,238.63,0,0,0,0
-0.04,1.29,-0.17,-39.37,-43.40,236.45,1.30,243.60,0,0,0,0
0.75,1.52,0.07,-47.67,24.66,215.94,1.69,222.51,0,0,0,0
1.51,1.50,0.10,-89.23,114.14,154.24,2.13,211.61,0,0,0,0
2.70,2.11,0.32,-73.97,135.93,77.58,3.44,173.11,1,794,0,0
2.91,0.81,-0.20,5.80,67.87,-44.01,3.03,81.10,1,793,1,0
2.86,0.13,0.30,-27.95,-15.01,-34.67,2.88,47.00,1,791,0,0
2.63,-0.02,0.80,-45.41,-65.31,-112.73,2.75,137.97,1,785,1,0
0.48,-0.10,2.13,45.23,-99.00,-175.84,2.19,206.80,5,781,41,0
0.59,-0.65,-0.22,-9.83,-8.85,65.92,0.91,67.23,11,803,91,0
0.42,0.96,0.25,66.04,-20.75,44.62,1.08,82.36,17,799,128,0
0.42,1.40,0.12,30.94,-15.81,26.00,1.47,43.40,19,797,140,0
0.37,0.75,0.22,13.67,-4.64,12.94,0.86,19.39,22,796,140,0
0.40,0.95,0.13,-1.83,0.31,13.67,1.04,13.80,24,798,153,1
0.41,1.02,0.14,5.74,-2.62,6.71,1.11,9.21,25,795,154,1
0.37,1.08,0.22,6.41,-2.62,-2.50,1.17,7.36,24,792,155,0
0.39,1.07,0.17,2.87,0.06,-18.68,1.15,18.90,20,800,151,0
0.40,1.08,0.16,4.03,-0.31,-34.85,1.16,35.08,15,814,145,0
0.40,1.12,0.16,4.15,0.73,-58.59,1.20,58.75,11,824,144,0
0.42,0.98,0.19,4.03,2.44,-74.58,1.09,74.73,9,825,146,0
0.47,0.97,0.16,3.36,3.54,-84.90,1.09,85.04,7,823,141,0
0.52,0.99,0.11,11.41,0.49,-95.34,1.12,96.02,6,828,133,0
0.56,0.98,0.14,19.29,-2.56,-104.25,1.13,106.05,6,828,120,0
0.58,0.83,0.15,28.87,-5.00,-111.45,1.02,115.24,5,823,101,0
0.66,0.80,0.22,28.02,-3.97,-110.53,1.06,114.10,5,818,84,0
0.83,1.15,0.34,23.13,1.53,-104.06,1.45,106.62,3,812,51,0
0.98,1.61,0.24,17.88,9.03,-124.33,1.90,125.93,1,802,19,0
0.70,2.17,-0.11,25.21,1.22,-163.33,2.28,165.27,0,0,8,0
-0.95,1.40,-0.24,39.98,-22.03,-48.77,1.71,66.80,0,0,2,0
-1.06,1.09,-0.43,20.51,-15.87,60.85,1.58,66.15,0,0,0,0
-0.97,1.01,-0.18,-0.55,-20.08,120.91,1.41,122.57,0,0,0,0
-0.78,0.84,-0.18,1.16,-23.93,163.88,1.16,165.62,0,0,0,0
-0.56,0.82,-0.18,-17.52,-26.98,200.56,1.01,203.12,0,0,0,0
-0.17,0.91,-0.14,-36.38,-28.08,212.65,0.93,217.55,1,790,0,0
-0.01,1.20,0.14,-64.88,-28.02,214.11,1.21,225.47,1,784,1,0
0.82,1.27,0.29,-85.82,25.39,196.17,1.54,215.62,1,785,0,0
1.65,1.66,0.49,-113.40,46.08,152.40,2.39,195.48,1,782,2,0
2.51,1.69,0.47,-87.10,40.22,60.55,3.06,113.44,1,786,1,0
2.63,1.21,0.65,-27.53,13.79,-35.95,2.97,47.33,1,791,0,0
2.66,0.24,0.70,5.68,-22.28,-58.23,2.76,62.60,1,776,2,0
2.72,0.57,0.79,11.72,-69.21,-141.60,2.89,158.05,1,772,3,0
0.50,-2.00,0.55,15.38,-91.31,-225.22,2.13,243.51,4,788,36,0
0.52,-0.91,-0.15,33.87,-3.78,2.87,1.06,34.21,8,793,84,0
0.39,1.61,0.10,13.55,9.28,27.47,1.66,32.00,17,813,130,0
0.51,1.19,-0.11,24.23,-8.12,15.93,1.30,30.11,23,808,143,0
0.30,0.84,0.36,14.53,-7.51,6.90,0.96,17.75,27,807,157,1
0.42,1.03,0.07,-6.84,4.03,2.08,1.11,8.20,29,808,163,1
0.42,1.09,0.07,1.59,-1.46,-5.74,1.17,6.13,33,811,156,0
0.38,0.84,0.15,9.22,-4.03,-11.11,0.93,14.99,33,806,163,0
0.43,0.90,0.07,5.07,-1.71,-2.38,1.00,5.85,33,806,168,0
0.41,1.08,0.12,12.02,-4.64,-2.01,1.16,13.04,30,807,167,0
0.40,1.15,0.16,16.11,-6.23,-22.71,1.23,28.53,26,809,168,0
0.40,1.09,0.20,13.00,-3.11,-46.20,1.18,48.10,18,819,166,1
0.42,1.09,0.17,6.65,0.49,-68.66,1.18,68.99,13,830,163,0
0.45,1.20,0.14,6.47,1.22,-92.90,1.29,93.13,10,835,156,2
0.48,1.18,0.14,15.87,-0.73,-115.84,1.28,116.93,7,829,150,1
0.57,1.21,0.09,30.21,-4.27,-140.56,1.34,143.84,6,827,131,0
0.56,1.05,0.15,40.83,-9.95,-159.36,1.20,164.81,5,820,101,0
0.64,0.74,0.39,31.74,-3.97,-159.79,1.05,162.96,4,809,69,0
0.90,0.62,0.29,27.34,16.54,-139.10,1.13,142.72,3,795,33,0
0.98,1.36,0.08,-19.17,12.08,-116.82,1.68,119.00,1,782,14,0
-1.02,1.52,0.04,52.37,-11.41,-32.41,1.83,62.63,0,0,1,0
-1.11,1.65,-0.63,57.31,-18.31,85.51,2.09,104.56,0,0,1,0
-1.11,1.17,-0.40,32.90,-39.79,109.68,1.66,121.23,0,0,0,0
-1.27,0.98,-0.16,12.88,-36.44,134.89,1.61,140.31,0,0,0,0
-0.94,0.80,-0.35,16.78,-20.94,177.31,1.29,179.33,1,787,1,0
-0.57,0.67,-0.48,-18.74,-24.11,203.55,1.00,205.83,1,787,0,0
-0.30,1.18,-0.06,-60.24,-17.82,222.05,1.22,230.76,1,784,2,0
0.36,1.36,0.07,-98.94,79.22,223.51,1.41,256.95,1,782,2,0
1.98,1.87,0.17,-124.82,133.91,168.03,2.73,248.49,1,778,1,0
2.66,1.99,0.21,-61.77,101.07,95.34,3.33,152.05,1,776,3,0
2.79,1.00,-0.32,-8.85,38.09,7.75,2.99,39.86,1,780,3,0
2.29,-0.20,-0.18,-77.09,-12.45,-28.81,2.30,83.23,1,776,4,0
2.62,1.17,1.18,-121.95,-31.13,-75.26,3.10,146.64,1,777,4,0
3.01,0.31,0.86,35.03,-57.92,-197.39,3.15,208.67,2,775,10,0
0.59,-2.32,-0.15,202.09,-26.73,-103.33,2.40,228.54,8,796,63,0
0.28,2.01,0.60,6.47,-12.08,46.75,2.12,48.72,14,803,117,0
0.31,1.07,0.37,40.28,-17.15,40.59,1.17,59.70,19,788,134,0
0.30,0.88,0.38,23.80,-5.00,16.17,1.01,29.21,21,786,147,0
0.40,1.25,0.12,-19.96,7.93,12.21,1.32,24.70,25,788,148,1
0.40,0.99,0.08,-3.48,0.85,2.01,1.07,4.11,28,791,152,1
0.35,0.91,0.19,1.16,-1.46,9.46,1.00,9.64,30,792,158,0
0.39,1.28,0.13,3.05,-1.77,-2.50,1.34,4.33,31,790,151,0
0.39,1.21,0.14,13.61,-5.49,-32.35,1.28,35.52,25,792,156,2
0.33,1.00,0.27,7.81,-3.23,-54.93,1.09,55.58,20,802,155,1
0.40,1.13,0.16,-4.33,4.33,-79.47,1.21,79.70,15,818,155,0
0.44,1.15,0.13,0.37,3.23,-98.57,1.24,98.63,12,830,147,1
0.50,1.14,0.08,11.72,0.85,-118.59,1.25,119.17,9,828,137,0
0.57,1.31,0.04,24.90,-2.87,-138.61,1.43,140.86,8,820,125,0
0.59,0.94,0.12,36.13,-8.24,-160.34,1.11,164.57,6,813,96,0
0.66,0.86,0.40,34.79,1.28,-156.92,1.16,160.74,5,801,56,0
0.96,1.49,0.28,28.63,11.35,-134.89,1.80,138.36,2,793,23,0
0.83,1.87,-0.03,16.30,6.65,-135.56,2.05,136.70,1,796,7,0
-0.60,2.00,-0.38,-16.60,-103.58,45.41,2.12,114.31,0,0,0,0
-1.28,1.35,-0.12,23.25,-156.80,102.91,1.86,188.99,0,0,0,0
-1.45,0.69,-0.20,17.33,-134.52,109.07,1.62,174.05,0,0,2,0
-1.48,0.72,0.00,-4.09,-61.52,128.54,1.65,142.56,0,0,1,0
-0.92,0.73,-0.11,-22.77,17.88,169.07,1.18,171.53,1,784,0,0
-0.32,1.08,-0.11,-64.39,49.26,178.28,1.13,195.85,1,768,2,0
0.24,1.67,-0.03,-82.28,39.43,194.03,1.69,214.41,1,763,1,0
0.93,1.64,0.02,-77.64,4.52,191.41,1.88,206.60,1,754,3,0
1.61,1.66,0.38,-100.71,0.43,129.27,2.34,163.87,1,763,3,0
2.09,1.61,0.25,-84.47,53.41,-15.26,2.65,101.10,1,761,3,0
1.96,0.95,0.57,-117.00,27.34,13.55,2.25,120.92,1,759,1,0
2.79,0.84,0.91,-31.62,-16.54,2.14,3.05,35.75,1,753,5,0
2.57,0.32,1.03,-32.35,-31.49,-94.60,2.79,104.83,1,748,3,0
4.00,0.82,1.16,22.71,11.72,-242.13,4.24,243.47,3,767,21,0
0.45,-0.37,-0.16,13.31,-0.12,-40.16,0.60,42.31,10,783,71,0
0.55,1.57,-0.03,14.89,-7.02,0.31,1.66,16.47,17,806,113,0
0.42,0.90,0.22,46.57,-14.95,10.07,1.02,49.94,19,806,138,0
0.37,0.67,0.26,34.61,-9.77,7.69,0.81,36.77,18,803,145,0
0.39,0.85,0.23,18.74,-9.70,10.31,0.96,23.49,21,795,151,0
0.37,1.06,0.27,-0.73,-2.14,12.15,1.15,12.35,23,794,151,1
0.40,1.10,0.21,-11.41,4.15,-0.18,1.19,12.15,25,794,159,1
0.45,1.21,0.10,-12.57,6.29,-17.15,1.29,22.18,24,800,164,0
0.44,1.06,0.18,-1.40,1.10,-33.08,1.16,33.13,23,805,155,1
0.45,1.00,0.17,5.55,-0.67,-39.49,1.11,39.88,17,815,159,1
0.41,0.84,0.26,8.85,-1.89,-43.52,0.97,44.45,13,821,159,0
0.46,0.96,0.19,2.62,0.61,-53.28,1.09,53.35,11,826,157,1
0.50,1.22,0.13,6.47,0.49,-74.22,1.32,74.50,9,824,150,1
0.50,1.18,0.19,21.55,-5.19,-102.60,1.29,104.97,7,829,137,1
0.52,1.19,0.17,23.56,-2.99,-133.79,1.31,135.88,6,823,130,0
0.57,1.16,0.42,21.85,-0.92,-162.05,1.36,163.52,6,818,90,0
0.81,1.44,0.65,8.00,27.34,-172.67,1.77,175.00,4,807,50,0
0.86,1.21,0.24,19.71,43.58,-159.06,1.50,166.09,2,803,21,0
0.90,2.43,0.53,23.86,38.45,-173.03,2.64,178.85,0,0,10,0
-1.23,0.34,-0.36,115.66,15.01,-73.49,1.33,137.85,0,0,0,0
-1.00,1.45,-0.67,24.05,-97.29,109.25,1.88,148.26,0,0,0,0
-1.25,1.17,-0.14,20.45,-145.63,150.21,1.72,210.21,0,0,0,0
-1.32,0.95,-0.23,40.95,-97.66,175.78,1.65,205.21,0,0,0,0
-1.11,0.66,-0.62,7.87,-18.49,209.84,1.43,210.80,0,0,0,0
-0.38,1.10,-0.63,-63.84,40.16,232.48,1.32,244.41,0,0,1,0
0.07,1.53,-0.35,-87.52,62.38,230.10,1.57,253.97,1,795,0,0
0.84,1.86,-0.19,-84.05,88.87,238.34,2.05,267.90,1,785,1,0
1.81,1.63,-0.23,-108.28,109.92,163.39,2.45,224.73,1,777,2,0
2.63,1.89,0.12,-109.13,72.08,11.84,3.24,131.32,1,784,3,0
2.69,1.45,0.57,-63.90,51.51,-13.98,3.11,83.26,1,785,1,0
2.94,0.03,0.36,14.95,3.91,-60.49,2.97,62.43,1,779,3,0
3.05,-0.01,0.34,-51.15,-53.96,-122.74,3.07,143.50,1,780,3,0
-0.71,-0.67,2.76,84.59,-134.40,-213.75,2.93,266.28,8,777,55,0
0.34,0.32,0.17,25.21,-18.07,57.43,0.50,65.27,12,788,103,0
0.52,0.45,-0.04,80.87,-14.59,23.13,0.69,85.37,15,797,133,0
0.52,1.27,-0.16,10.99,-3.78,32.10,1.38,34.14,16,804,133,0
0.39,0.69,0.18,27.34,-8.36,13.67,0.81,31.69,16,803,146,0
0.37,0.99,0.12,2.38,-3.85,14.89,1.06,15.56,19,796,152,0
0.37,1.04,0.23,8.18,-4.58,-1.10,1.12,9.44,21,795,158,2
0.36,1.00,0.23,-0.31,1.28,-15.08,1.09,15.13,21,793,156,0
0.40,1.03,0.15,-10.93,6.96,-24.35,1.12,27.58,19,804,156,2
0.44,1.08,0.14,-4.33,3.72,-39.73,1.17,40.14,17,816,156,0
0.40,0.92,0.16,0.43,2.81,-52.06,1.01,52.14,14,818,147,2
0.42,0.95,0.12,-3.05,4.21,-58.84,1.04,59.07,11,818,148,0
0.50,1.04,0.13,-1.10,3.05,-66.83,1.17,66.91,9,819,150,1
0.50,1.02,0.11,11.84,-1.95,-84.96,1.14,85.80,8,818,147,2
0.50,0.93,0.19,16.05,-2.62,-99.73,1.07,101.05,7,823,142,0
0.52,0.86,0.26,10.50,1.40,-111.15,1.04,111.65,7,820,131,0
0.59,0.78,0.26,2.56,7.57,-120.85,1.01,121.11,7,819,113,1
0.73,1.17,0.33,-12.33,22.16,-129.52,1.41,131.98,7,807,85,0
0.95,1.46,0.30,-9.58,30.88,-140.50,1.76,144.18,5,791,41,0
1.06,1.70,0.03,-22.03,35.77,-152.22,2.01,157.91,2,771,19,0
0.77,1.18,-0.42,-44.13,27.10,-177.98,1.47,185.36,1,804,7,0
-1.45,1.75,0.34,-32.29,-11.11,23.07,2.30,41.21,0,0,0,0
-0.80,1.39,-0.62,56.09,-54.75,107.24,1.72,132.83,0,0,0,0
-0.81,1.20,-0.19,21.00,-122.68,144.23,1.46,190.51,0,0,1,0
-1.07,0.88,-0.05,50.78,-118.53,162.60,1.39,207.52,1,777,0,0
-1.00,0.58,-0.31,24.29,-58.29,202.70,1.19,212.31,1,785,0,0
-0.43,0.95,-0.33,-28.93,-5.62,230.65,1.09,232.53,1,780,1,0
-0.05,1.45,-0.26,-59.63,6.29,238.53,1.48,245.95,1,778,2,0
0.37,1.67,-0.03,-69.64,15.81,256.23,1.71,265.99,1,779,1,0
1.35,1.68,0.07,-76.05,37.66,232.91,2.15,247.89,1,779,2,0
2.16,1.75,0.25,-102.97,32.59,88.81,2.79,139.82,1,775,3,0
2.44,1.45,0.55,-60.24,35.28,-43.15,2.89,82.07,1,784,1,0
2.80,1.15,0.96,-14.83,58.78,-96.62,3.18,114.06,1,783,3,0
2.96,-0.25,0.56,57.07,11.05,-179.44,3.02,188.62,1,774,3,0
-0.40,-2.49,0.88,81.97,-88.81,-195.98,2.67,230.25,6,801,57,0
0.27,0.35,0.01,-17.46,-14.53,73.24,0.44,76.68,10,794,103,0
0.50,1.00,-0.17,52.37,-0.55,9.58,1.14,53.24,18,789,133,0
0.45,1.38,-0.04,-2.20,-2.01,25.15,1.45,25.32,21,796,143,0
0.32,0.87,0.24,22.58,-7.08,12.94,0.96,26.97,24,796,145,0
0.33,0.93,0.23,11.72,-5.68,10.74,1.01,16.88,27,792,159,1
0.33,0.96,0.19,2.75,-1.28,7.02,1.03,7.65,31,790,156,0
0.33,0.93,0.19,-6.90,2.08,4.70,1.01,8.60,32,794,162,0
0.36,1.12,0.13,-13.06,4.21,-2.87,1.18,14.02,37,794,157,2
0.38,1.28,0.07,-6.41,3.11,-21.73,1.34,22.87,33,794,166,0
0.35,1.08,0.15,4.70,0.98,-43.70,1.15,43.96,25,803,166,0
0.39,1.01,0.13,4.46,2.14,-54.32,1.09,54.55,19,812,163,1
0.42,1.07,0.10,6.96,0.12,-63.96,1.15,64.34,14,821,151,2
0.42,1.01,0.13,15.26,-2.99,-79.83,1.10,81.33,10,820,153,0
0.45,1.03,0.14,16.72,-3.97,-96.07,1.13,97.59,7,819,150,1
0.50,1.10,0.14,18.31,-3.91,-113.89,1.21,115.42,6,823,139,0
0.53,1.03,0.18,23.07,-3.42,-133.48,1.17,135.51,6,820,122,1
0.57,0.88,0.35,14.47,-0.61,-146.42,1.11,147.14,6,812,102,0
0.85,1.30,0.43,-3.23,17.88,-159.48,1.61,160.52,6,795,63,0
0.89,1.61,0.30,3.23,27.65,-160.95,1.87,163.34,3,769,27,0
0.89,2.06,0.05,-28.44,22.89,-175.42,2.24,179.17,1,772,11,0
-0.96,0.66,-0.14,42.24,-26.86,-61.34,1.17,79.17,0,0,2,0
-0.94,1.21,-0.36,14.10,-66.35,65.37,1.57,94.20,0,0,0,0
-0.97,1.05,-0.17,32.10,-86.55,105.22,1.44,139.98,0,0,2,0
-1.09,0.73,-0.23,39.55,-65.55,145.39,1.33,164.31,0,0,0,0
-0.86,0.71,-0.34,11.60,-26.00,194.58,1.17,196.65,0,0,1,0
-0.52,0.91,-0.39,-26.25,8.97,226.07,1.12,227.77,0,0,1,0
-0.05,1.20,-0.39,-52.00,22.22,239.56,1.26,246.15,1,783,1,0
0.31,1.54,-0.22,-77.33,15.69,229.31,1.58,242.51,1,782,1,0
0.78,1.76,0.05,-90.82,27.95,192.20,1.92,214.41,1,779,2,0
1.83,2.01,0.15,-110.05,80.99,85.88,2.72,161.38,1,785,2,0
2.38,1.40,0.35,-64.33,89.23,-10.31,2.78,110.49,1,786,1,0
2.68,0.71,0.71,-24.72,60.91,4.46,2.86,65.89,1,783,2,0
3.36,0.07,0.52,6.96,-12.39,-34.24,3.40,37.07,1,763,4,0
2.88,-0.65,0.25,-28.87,-117.13,-133.24,2.96,179.74,1,760,6,0
-0.09,1.25,2.37,-67.50,-141.17,-199.34,2.68,253.42,6,793,44,0
0.92,-1.45,-1.08,90.33,7.69,27.47,2.03,94.73,16,792,101,0
0.56,0.75,-0.39,63.48,-3.42,76.90,1.01,99.78,22,797,134,0
0.48,1.10,-0.13,60.36,-16.97,25.57,1.20,67.72,23,797,149,0
0.32,0.88,0.24,31.19,-12.82,8.48,0.97,34.77,27,794,147,0
0.32,0.87,0.21,2.38,-3.42,-0.73,0.96,4.23,33,792,156,1
0.35,1.03,0.10,-9.09,0.43,-7.02,1.09,11.50,37,794,161,1
0.34,0.87,0.14,-4.27,-1.22,-7.75,0.94,8.93,38,793,164,0
0.37,1.15,0.11,-6.47,0.49,-7.26,1.22,9.74,39,796,166,2
0.36,1.21,0.14,-1.65,0.24,-23.74,1.27,23.80,34,804,161,0
0.36,1.00,0.15,4.52,0.12,-41.44,1.08,41.69,29,809,165,0
0.36,0.93,0.17,0.61,4.52,-52.55,1.02,52.75,24,812,168,0
0.42,0.95,0.12,0.12,4.09,-60.49,1.04,60.62,20,816,163,0
0.44,0.93,0.11,0.55,2.93,-67.50,1.03,67.57,16,822,160,1
0.48,0.95,0.09,1.10,2.87,-72.75,1.07,72.82,13,827,163,0
0.52,1.02,0.08,7.32,-0.18,-80.44,1.15,80.78,11,839,152,0
0.54,1.07,0.08,19.23,-3.85,-95.83,1.20,97.81,10,837,148,0
0.55,0.97,0.14,24.96,-5.37,-111.88,1.12,114.75,8,832,141,0
0.60,1.14,0.29,16.91,-0.79,-124.21,1.32,125.35,6,827,114,0
0.87,1.30,0.16,21.06,6.77,-148.80,1.57,150.44,5,814,78,0
1.06,1.64,0.24,35.03,10.31,-159.24,1.97,163.38,3,795,33,0
0.73,1.28,-0.07,31.56,3.91,-170.29,1.47,173.23,1,792,12,0
-0.44,1.49,-0.07,-38.15,-31.37,-40.53,1.55,63.89,0,0,2,0
-0.75,1.58,-0.08,7.93,-88.07,49.74,1.75,101.46,0,0,0,0
-0.87,1.02,-0.16,26.61,-106.63,84.35,1.34,138.54,0,0,0,0
-1.13,0.65,-0.10,16.48,-79.47,105.59,1.31,133.18,1,762,0,0
-1.12,0.70,-0.06,-15.50,-18.86,152.16,1.33,154.11,0,0,0,0
-0.59,1.00,-0.23,-25.39,31.98,200.13,1.18,204.26,1,764,0,0
0.02,1.10,-0.42,-45.10,9.16,226.62,1.18,231.25,1,758,0,0
0.29,1.58,0.08,-38.21,-6.23,251.22,1.61,254.19,1,757,0,0
0.94,1.36,-0.06,-45.84,40.59,243.77,1.65,251.35,1,761,0,0
1.63,1.46,-0.00,-90.09,82.21,149.48,2.19,192.92,1,759,1,0
1.83,1.49,0.13,-93.75,73.49,68.30,2.37,137.31,1,762,2,0
1.81,1.15,0.24,-73.55,40.83,52.61,2.16,99.22,1,763,1,0
2.30,1.06,0.39,-54.26,9.09,31.25,2.56,63.27,1,762,4,0
2.19,0.65,0.55,-50.72,-8.12,-82.46,2.35,97.15,1,764,2,0
1.79,0.28,0.59,-46.26,9.40,-212.52,1.90,217.70,2,785,6,0
0.02,-3.97,0.17,249.82,-35.64,-100.04,3.98,271.45,12,774,66,0
0.27,2.38,-0.12,-4.15,-10.56,93.69,2.40,94.37,19,812,116,0
0.19,-0.93,0.55,153.63,-44.01,0.00,1.10,159.80,22,805,135,0
0.16,1.03,0.43,29.85,-19.59,38.15,1.13,52.25,30,796,145,1
0.30,1.09,0.15,-11.54,1.40,31.01,1.14,33.11,37,792,154,0
0.30,1.17,0.11,-8.30,1.10,16.91,1.21,18.87,40,798,158,0
0.31,1.17,0.08,-2.75,0.24,1.04,1.22,2.95,40,799,155,0
0.30,1.05,0.10,9.64,-3.05,-9.40,1.09,13.81,33,801,153,0
0.30,1.10,0.12,17.82,-4.64,-21.24,1.15,28.11,22,797,143,0
0.28,0.95,0.18,18.55,-3.97,-31.68,1.01,36.93,16,790,143,1
0.29,0.80,0.19,9.09,0.37,-31.37,0.87,32.67,11,793,137,1
0.33,0.84,0.14,-0.79,1.71,-26.37,0.91,26.43,10,793,138,0
0.34,0.85,0.15,-7.45,3.36,-23.38,0.93,24.76,11,800,138,0
0.35,0.90,0.15,-10.44,4.88,-20.63,0.98,23.63,11,803,140,1
0.37,0.85,0.12,-10.25,5.62,-19.10,0.94,22.40,12,809,143,0
0.40,0.96,0.08,-11.60,6.10,-18.19,1.05,22.42,13,814,148,0
0.38,0.92,0.13,-4.94,4.70,-21.36,1.00,22.42,13,821,149,0
0.43,1.15,0.07,1.16,2.08,-30.40,1.23,30.49,12,832,145,0
