-,-,-
0.12,0.98,0.09,-0.43,-0.43,-1.16,0.99,1.31,160,524,53,93
0.12,0.98,0.09,-0.43,-0.37,-1.16,1.00,1.29,141,520,55,91
0.12,0.98,0.09,-0.43,-0.43,-1.16,1.00,1.31,135,523,55,92
0.12,0.98,0.09,-0.49,-0.31,-1.22,1.00,1.35,140,519,53,92
0.12,0.98,0.09,-0.18,-0.24,-1.16,0.99,1.20,150,519,55,91
0.12,0.99,0.08,-0.67,-0.18,-1.22,1.00,1.41,150,520,54,89
0.12,0.98,0.08,-1.10,-0.06,-1.22,1.00,1.64,157,525,59,86
0.12,0.98,0.08,-1.28,-0.06,-1.22,1.00,1.77,145,527,58,87
0.12,0.98,0.08,-1.28,0.06,-1.16,0.99,1.73,177,529,63,80
0.12,0.99,0.08,-1.89,0.31,-1.28,1.00,2.31,182,534,68,72
0.12,0.99,0.08,-2.87,0.61,-1.83,1.00,3.46,178,540,73,53
0.12,0.97,0.08,-4.88,0.61,-2.87,0.98,5.70,231,557,78,40
0.12,0.98,0.08,-4.52,0.06,-3.85,0.99,5.93,193,589,84,22
0.13,0.98,0.06,-3.66,-0.18,-6.04,0.99,7.07,199,636,96,12
0.13,1.03,0.03,-1.65,-3.11,-6.90,1.04,7.74,126,689,97,2
0.14,1.11,0.07,-3.17,-4.70,-22.64,1.13,23.34,88,734,107,2
0.16,0.99,0.07,7.20,-0.49,-35.95,1.01,36.67,85,744,111,2
0.17,0.97,0.10,2.20,1.53,-38.09,0.99,38.18,75,749,109,1
0.19,0.99,0.07,1.53,2.38,-38.70,1.01,38.80,56,756,108,0
0.21,0.97,0.07,3.42,1.95,-39.55,1.00,39.75,45,761,111,2
0.23,0.92,0.09,3.36,1.71,-37.84,0.95,38.03,36,772,115,2
0.25,0.95,0.08,-0.06,1.89,-36.07,0.99,36.12,29,776,115,0
0.26,0.92,0.09,-1.89,1.77,-35.22,0.96,35.31,27,776,114,0
0.28,0.95,0.07,-1.83,2.20,-33.26,0.99,33.39,23,781,112,0
0.30,0.93,0.07,-0.49,1.77,-31.68,0.98,31.73,20,784,114,0
0.32,0.88,0.06,2.56,0.37,-28.26,0.94,28.38,18,788,113,0
0.34,0.90,0.08,1.53,0.18,-25.76,0.97,25.80,19,791,113,0
0.35,0.92,0.07,3.42,-0.67,-23.07,0.99,23.33,19,789,119,0
0.36,0.91,0.07,8.24,-1.46,-21.42,0.98,23.00,18,788,120,0
0.36,0.86,0.10,7.75,-1.59,-18.86,0.93,20.45,18,795,121,0
0.36,0.81,0.11,5.62,-0.49,-15.99,0.89,16.96,19,796,122,0
0.39,0.85,0.07,-0.18,0.18,-10.68,0.94,10.68,20,795,119,0
0.39,0.93,0.07,-0.31,-0.61,-7.87,1.01,7.90,21,800,122,0
0.40,0.85,0.06,3.54,-2.20,-4.27,0.94,5.97,23,797,125,0
0.38,0.91,0.10,2.44,-2.26,-3.05,1.00,4.51,26,796,129,0
0.40,0.96,0.10,1.16,-2.14,-7.87,1.04,8.24,28,795,131,0
0.40,0.93,0.11,1.16,-1.71,-10.31,1.02,10.52,28,794,125,0
0.40,0.93,0.10,1.65,-1.71,-10.38,1.01,10.64,29,790,131,0
0.39,0.95,0.17,-1.22,-1.89,-11.05,1.04,11.27,30,791,131,0
0.40,1.01,0.15,-4.76,0.49,-13.37,1.10,14.20,31,791,138,0
0.43,1.04,0.08,-4.52,2.44,-23.07,1.13,23.64,31,790,131,0
0.45,0.89,0.05,1.46,-0.24,-26.49,1.00,26.53,29,789,138,0
0.42,0.86,0.17,1.53,-1.34,-25.82,0.97,25.90,30,791,136,0
0.45,0.84,0.11,-4.58,3.91,-20.45,0.96,21.31,28,798,131,0
0.50,0.76,-0.03,1.71,0.98,-11.54,0.91,11.70,27,801,138,0
0.45,0.93,0.13,5.80,-3.23,-4.94,1.04,8.28,27,801,140,1
0.45,0.95,0.17,-0.49,-0.98,-11.41,1.06,11.47,28,802,144,0
0.45,0.97,0.14,-6.96,4.82,-21.61,1.08,23.21,29,809,140,0
0.51,0.79,0.04,-6.53,6.16,-26.31,0.94,27.80,28,809,146,0
0.52,0.81,0.02,1.28,-0.06,-17.76,0.96,17.81,29,812,143,0
0.50,1.00,0.09,8.42,-4.88,-15.38,1.12,18.20,28,812,146,0
0.50,0.88,0.15,10.31,-4.27,-26.79,1.03,29.03,27,815,137,0
0.51,0.82,0.14,6.10,-0.85,-26.37,0.97,27.08,25,813,137,0
0.56,1.01,0.04,7.75,-1.71,-25.51,1.15,26.72,23,814,121,0
0.55,0.98,0.18,14.53,-8.36,-26.61,1.14,31.45,22,812,121,0
0.55,1.04,0.19,15.99,-8.18,-31.37,1.19,36.15,19,814,121,0
0.53,1.15,0.21,17.33,-4.82,-49.68,1.28,52.84,16,806,115,0
0.58,0.94,0.23,16.85,0.55,-70.07,1.12,72.07,12,797,102,0
0.63,0.97,0.15,12.02,7.57,-86.18,1.17,87.34,10,791,92,0
0.65,1.11,0.12,18.43,6.10,-104.19,1.30,105.98,7,784,78,0
0.68,0.74,0.03,37.11,1.71,-125.98,1.00,131.34,5,785,61,0
0.71,0.77,0.21,34.18,-1.22,-123.60,1.07,128.24,4,786,57,0
0.79,0.86,0.18,31.98,4.88,-124.63,1.18,128.76,3,787,47,0
0.76,1.11,0.18,25.33,6.41,-129.21,1.35,131.83,2,773,38,0
0.58,0.78,0.19,42.11,3.72,-125.61,1.00,132.53,1,754,16,0
-0.21,-0.29,-0.27,72.45,1.65,-92.35,0.44,117.39,1,747,9,0
-0.50,-0.20,-0.27,-0.43,-10.31,-33.51,0.60,35.06,0,0,1,2
-0.51,0.17,0.07,-75.50,-0.67,68.42,0.54,101.89,0,0,1,1
0.30,0.70,0.08,-20.08,7.02,127.50,0.77,129.26,0,0,2,0
0.70,0.36,-0.25,-9.52,-24.54,111.08,0.82,114.16,0,0,3,0
0.71,0.60,0.02,-42.11,-60.79,82.21,0.94,110.58,0,0,3,0
0.73,0.69,0.26,-45.65,-60.61,56.95,1.03,94.87,0,0,4,1
0.87,0.67,0.33,-48.52,-44.01,29.48,1.14,71.83,0,0,0,0
0.88,0.58,0.32,-62.13,-28.93,13.06,1.10,69.77,0,0,0,0
0.91,0.74,0.34,-74.34,-10.62,13.37,1.22,76.28,0,0,2,0
1.08,0.61,0.26,-71.23,4.39,14.95,1.27,72.91,0,0,2,0
1.22,0.61,0.25,-55.73,-4.21,20.81,1.38,59.63,0,0,0,0
1.04,0.57,0.32,-45.17,-12.51,19.41,1.23,50.73,0,0,1,0
0.88,0.39,0.30,-37.05,4.21,15.81,1.01,40.50,0,0,1,0
0.92,0.51,0.23,-38.94,24.41,15.26,1.08,48.43,0,0,1,0
0.96,0.63,0.17,-31.80,26.55,9.46,1.16,42.49,0,0,3,0
0.87,0.54,0.10,-28.63,16.54,6.04,1.03,33.61,0,0,3,0
0.81,0.40,0.05,-33.81,0.49,13.24,0.91,36.32,0,0,4,0
0.84,0.65,0.12,-59.08,-15.75,15.01,1.06,62.96,0,0,4,0
0.62,0.68,0.24,-47.18,-21.55,27.95,0.95,58.92,0,0,2,0
0.60,0.74,0.17,-26.18,-11.05,50.42,0.97,57.87,0,0,2,0
0.71,0.73,0.11,-16.17,-1.34,41.99,1.02,45.02,0,0,2,0
0.75,0.85,0.17,-21.67,7.57,28.26,1.15,36.41,0,0,4,0
0.81,0.91,0.16,-3.11,15.62,30.70,1.23,34.59,0,0,2,0
0.80,0.66,-0.02,11.23,16.72,28.56,1.04,34.95,0,0,5,0
0.79,0.81,0.04,1.34,21.97,19.65,1.14,29.51,1,796,5,0
0.78,0.91,0.14,16.85,29.79,1.65,1.21,34.26,1,796,5,0
0.69,0.67,0.06,40.95,28.32,12.21,0.96,51.27,1,792,5,0
0.64,0.73,-0.07,30.88,24.54,10.07,0.97,40.71,1,790,5,0
0.72,0.80,-0.06,17.21,16.42,-2.26,1.08,23.89,1,786,3,0
0.65,0.73,-0.05,9.89,8.91,-9.46,0.98,16.33,1,786,5,0
0.59,0.69,-0.08,10.38,-1.22,14.10,0.91,17.55,1,784,5,0
1.22,0.83,-0.06,4.15,-8.54,11.17,1.48,14.66,1,773,8,0
0.71,0.69,-0.04,21.18,-21.18,7.87,0.99,30.97,1,764,16,0
0.73,0.40,-0.07,26.37,-22.58,20.39,0.83,40.26,3,770,27,0
0.53,1.20,0.21,22.58,-17.33,43.58,1.33,52.05,3,770,40,0
0.58,0.87,0.12,21.18,-9.46,27.10,1.05,35.67,5,764,56,0
0.48,0.86,0.12,9.89,-4.82,29.97,0.99,31.92,5,764,61,0
0.50,1.05,0.08,0.49,-3.30,25.33,1.17,25.55,6,767,75,0
0.51,0.90,0.20,0.73,-3.48,18.55,1.06,18.89,6,771,83,0
0.49,1.03,0.03,-2.01,-1.16,15.26,1.14,15.43,7,778,89,0
0.49,0.93,0.11,3.30,-3.78,8.18,1.05,9.60,8,781,99,0
0.40,0.90,0.15,-1.16,-2.32,7.08,1.00,7.54,9,787,107,0
0.53,0.95,0.05,-2.81,0.31,2.14,1.09,3.54,10,788,116,3
0.50,0.93,-0.00,5.43,-4.39,-7.08,1.05,9.95,10,795,115,0
0.46,0.69,0.14,11.66,-5.31,-9.77,0.84,16.11,10,798,119,0
0.45,0.75,0.17,-2.20,0.43,-0.79,0.89,2.37,11,797,127,0
0.52,0.98,0.04,-8.91,5.92,2.38,1.11,10.96,12,801,130,0
0.51,0.83,0.01,9.58,-2.93,3.05,0.97,10.47,12,802,132,0
0.46,0.71,0.13,14.53,-7.02,11.17,0.85,19.62,12,801,128,0
0.43,0.72,0.22,-1.22,-1.95,19.96,0.87,20.09,12,800,133,0
0.46,0.97,0.05,-15.38,2.50,22.58,1.08,27.44,13,802,138,1
0.50,1.03,0.02,-0.85,-2.99,14.10,1.14,14.44,15,803,138,0
0.46,0.91,0.13,5.74,-5.31,9.03,1.03,11.95,16,799,145,0
0.42,0.97,0.16,3.23,-1.89,3.60,1.07,5.20,18,794,142,0
0.45,0.95,0.09,0.12,1.22,-2.69,1.05,2.95,18,792,141,0
0.41,0.66,0.17,-0.92,0.12,-0.61,0.80,1.11,18,791,143,1
0.47,0.96,0.07,-6.23,-0.06,7.57,1.07,9.80,19,790,146,0
0.43,1.03,0.12,1.34,-1.46,-1.34,1.12,2.40,21,793,141,0
0.43,1.00,0.16,0.49,0.85,-8.73,1.10,8.78,21,793,145,0
0.47,0.92,0.04,1.71,2.87,-17.88,1.03,18.19,20,794,147,1
0.46,0.76,0.08,8.54,-1.34,-9.83,0.90,13.09,19,799,141,0
0.43,1.00,0.18,0.61,-0.24,-9.34,1.11,9.36,17,806,139,0
0.48,1.03,0.06,-3.54,2.99,-24.72,1.14,25.15,16,817,141,0
0.48,0.83,0.08,5.55,-1.46,-31.74,0.96,32.25,16,819,150,0
0.47,0.68,0.14,5.62,-2.56,-22.16,0.84,23.00,16,822,149,0
0.49,0.68,0.09,0.92,-1.40,-7.14,0.84,7.34,18,820,150,0
0.47,0.82,0.16,-2.50,-1.34,4.39,0.96,5.23,20,821,152,0
0.48,1.11,0.15,-6.53,1.53,-0.43,1.22,6.72,21,819,151,0
0.54,0.88,-0.00,7.39,-1.04,-14.71,1.03,16.49,21,817,151,1
0.50,0.61,0.13,15.20,-5.92,-1.89,0.80,16.42,21,815,150,0
0.48,1.10,0.23,3.91,-1.89,-4.33,1.22,6.13,21,818,150,0
0.50,1.00,0.12,-1.95,3.42,-23.68,1.13,24.01,20,823,153,0
0.56,0.97,0.14,-0.79,5.31,-35.77,1.13,36.17,18,827,150,0
0.54,0.70,0.11,6.16,2.32,-41.63,0.89,42.14,17,823,147,0
0.57,0.64,0.07,7.20,0.24,-26.86,0.86,27.81,16,822,140,0
0.52,0.83,0.19,2.38,-1.46,-11.35,1.00,11.69,16,820,144,0
0.54,1.01,0.25,-6.41,2.69,-13.55,1.17,15.23,16,813,144,1
0.50,0.80,0.23,-14.95,11.05,-27.47,0.97,33.17,16,813,143,0
0.64,1.00,0.00,-15.75,14.04,-27.77,1.19,34.88,14,824,140,1
0.67,0.99,-0.04,6.23,-0.55,-30.88,1.20,31.51,13,825,136,0
0.62,0.67,0.06,27.89,-10.99,-26.31,0.92,39.88,11,820,127,1
0.58,0.52,0.15,29.72,-13.79,-7.69,0.79,33.66,9,816,124,0
0.53,0.78,0.32,13.85,-8.24,2.75,1.00,16.35,9,817,119,0
0.58,0.82,0.22,0.79,1.59,-1.10,1.03,2.09,9,816,118,0
0.66,0.92,0.13,-3.91,4.88,-4.58,1.14,7.75,8,815,114,0
0.70,0.93,0.02,11.41,-2.38,-11.05,1.16,16.06,7,812,107,1
0.67,0.85,0.15,22.09,-13.98,-19.10,1.10,32.38,6,814,96,0
0.60,1.05,0.33,15.38,-12.39,-31.56,1.25,37.23,6,811,93,0
0.64,1.32,0.30,7.32,-3.05,-59.14,1.50,59.67,6,810,86,0
0.70,1.39,0.26,13.67,4.33,-96.98,1.58,98.04,5,804,70,0
0.76,1.25,0.21,33.81,6.41,-131.10,1.47,135.55,3,797,53,0
0.78,0.81,0.03,49.07,4.52,-143.19,1.13,151.43,2,793,34,0
0.80,0.61,0.02,44.74,-3.85,-131.41,1.00,138.87,1,778,16,0
0.79,0.23,-0.03,35.89,-18.01,-87.46,0.82,96.24,1,767,10,0
-0.57,0.08,-0.13,-41.32,-39.61,31.07,0.59,65.13,0,0,4,0
-0.48,0.65,0.19,-12.76,-2.81,91.37,0.83,92.30,0,0,2,0
-0.23,0.32,-0.26,-26.79,47.42,85.39,0.47,101.28,1,748,4,0
0.14,0.79,-0.09,-30.88,36.19,97.84,0.80,108.79,0,0,3,0
0.19,0.67,-0.14,-11.84,-6.23,110.90,0.71,111.70,1,739,3,0
0.29,0.79,0.00,-11.90,-35.71,110.84,0.84,117.06,0,0,2,0
0.47,0.86,0.03,-10.86,-44.80,88.26,0.98,99.57,0,0,2,0
0.50,0.81,0.05,-21.36,-42.42,40.89,0.95,62.67,0,0,0,0
0.52,0.87,0.19,-49.56,-11.23,16.48,1.03,53.42,0,0,0,0
0.77,0.83,0.21,-42.24,3.78,12.21,1.16,44.13,0,0,0,0
0.88,0.70,0.22,-52.98,11.35,14.16,1.15,56.00,0,0,0,0
1.07,0.72,0.30,-73.12,18.07,16.78,1.32,77.17,0,0,0,0
1.28,0.78,0.34,-69.40,19.04,8.73,1.54,72.49,0,0,1,0
1.20,0.60,0.32,-61.83,13.18,-11.90,1.38,64.33,0,0,0,0
1.04,0.61,0.43,-60.91,10.07,-9.58,1.28,62.48,0,0,0,0
0.86,0.73,0.42,-26.61,12.82,9.64,1.20,31.07,0,0,0,0
0.84,0.54,0.12,-15.99,14.40,20.39,1.01,29.64,0,0,1,0
0.78,0.73,0.02,-34.18,1.40,1.16,1.06,34.23,0,0,0,0
0.68,0.72,0.10,-38.33,-6.23,0.92,1.00,38.84,0,0,1,0
0.63,0.78,0.10,-22.95,-3.85,29.11,1.01,37.27,0,0,1,0
0.80,0.92,0.18,-9.89,9.34,29.79,1.23,32.74,0,0,1,0
0.75,0.80,0.10,3.54,25.94,10.68,1.10,28.28,0,0,3,0
0.78,0.66,0.11,12.88,31.74,-2.93,1.03,34.38,0,0,3,0
0.80,0.72,0.11,19.71,28.26,1.71,1.08,34.50,0,0,2,0
0.81,0.81,-0.01,33.63,22.09,7.75,1.14,40.98,0,0,3,0
0.77,0.66,-0.18,25.33,17.94,-8.97,1.02,32.31,0,0,3,0
0.64,0.68,-0.02,6.29,3.30,-6.59,0.93,9.69,0,0,4,0
0.61,0.85,0.09,9.58,-16.42,-4.52,1.05,19.54,1,803,0,0
0.47,0.82,-0.01,14.28,-25.57,1.46,0.95,29.33,0,0,0,0
0.60,0.76,-0.11,14.47,-20.69,-0.43,0.97,25.25,0,0,0,0
1.38,0.66,0.07,0.98,-5.86,-23.07,1.53,23.82,0,0,6,0
0.88,0.79,0.28,70.50,-0.12,37.17,1.21,79.69,1,768,16,0
0.88,0.71,-0.43,59.51,2.75,78.37,1.21,98.44,3,769,31,0
0.51,1.63,0.15,47.24,-18.25,61.46,1.72,79.64,4,772,58,0
0.45,0.97,0.23,33.81,-18.98,51.70,1.10,64.62,5,770,75,0
0.40,0.91,0.27,16.60,-9.83,46.39,1.03,50.24,6,768,75,0
0.38,1.16,0.21,-13.49,1.77,32.41,1.23,35.15,7,768,85,0
0.45,1.02,0.05,-5.43,1.59,9.09,1.11,10.71,7,778,91,0
0.46,0.96,0.09,-3.23,0.85,0.37,1.07,3.37,8,788,106,0
0.44,0.95,0.08,-0.24,-0.73,-1.22,1.05,1.44,9,787,112,0
0.42,0.82,0.12,8.24,-3.54,0.00,0.93,8.97,10,787,120,0
0.40,0.85,0.17,6.71,-3.66,3.66,0.95,8.48,11,792,125,0
0.37,0.80,0.17,-6.10,1.28,5.00,0.90,8.00,11,806,135,0
0.44,0.89,0.03,-14.16,4.58,10.13,0.99,18.00,13,809,132,0
0.45,0.90,0.01,-6.23,-1.16,11.47,1.00,13.11,15,808,137,0
0.39,0.89,0.10,-0.37,-4.15,13.37,0.98,14.00,17,806,141,1
0.36,0.83,0.15,1.34,-2.99,14.89,0.91,15.25,18,799,151,1
0.37,1.12,0.15,-6.65,-0.12,15.93,1.19,17.26,20,797,149,0
0.37,1.01,0.13,2.69,-0.12,5.19,1.08,5.84,21,797,152,0
0.38,0.86,0.09,4.46,0.24,2.93,0.95,5.34,21,795,143,0
0.37,0.79,0.08,6.10,-1.10,11.54,0.87,13.10,21,798,143,0
0.36,1.02,0.12,0.00,-0.31,11.54,1.09,11.54,22,797,148,0
0.36,1.02,0.11,5.00,0.37,2.38,1.09,5.55,24,796,147,1
0.35,0.80,0.12,5.13,1.59,1.10,0.88,5.48,22,799,145,0
0.38,1.08,0.10,-2.01,1.40,-0.49,1.15,2.50,23,797,137,2
0.39,1.06,0.09,2.32,-0.85,-11.47,1.14,11.74,24,799,142,0
0.35,1.04,0.19,2.32,-0.67,-23.13,1.11,23.26,23,797,139,0
0.39,0.81,0.09,2.26,2.32,-35.83,0.90,35.97,22,802,143,1
0.40,0.70,0.08,-0.31,0.79,-21.97,0.81,21.99,21,803,138,0
0.44,0.79,0.07,0.24,1.40,-16.30,0.91,16.36,21,805,145,1
0.40,0.73,0.13,0.98,-0.98,-7.81,0.84,7.93,23,801,143,1
0.37,0.89,0.12,-8.00,2.93,0.43,0.97,8.53,24,802,144,0
0.43,0.94,0.03,-3.66,2.20,5.13,1.03,6.67,25,803,141,0
0.43,0.79,0.05,11.66,-5.74,9.52,0.90,16.11,26,801,147,0
0.36,0.90,0.23,10.74,-5.80,13.24,1.00,18.01,29,797,140,0
0.41,1.09,0.14,4.70,0.73,0.73,1.18,4.81,29,800,140,0
0.43,0.75,0.02,13.37,-1.89,-9.28,0.87,16.38,28,797,140,0
0.38,0.88,0.18,4.33,-2.20,4.58,0.97,6.68,27,796,146,0
0.40,1.19,0.16,-1.77,-0.98,-0.92,1.27,2.22,30,796,146,2
0.42,1.12,0.13,0.98,0.24,-17.03,1.20,17.06,28,795,144,1
0.43,0.98,0.15,4.33,1.53,-29.85,1.08,30.20,25,801,145,0
0.44,1.11,0.13,1.71,2.75,-36.01,1.20,36.16,21,809,135,0
0.46,0.70,0.10,12.02,-0.79,-33.63,0.84,35.72,18,806,139,0
0.43,0.86,0.23,8.30,-1.71,-18.74,0.99,20.57,16,806,133,0
0.47,1.07,0.16,2.62,1.83,-24.66,1.18,24.86,14,811,127,0
0.54,1.07,0.04,10.50,0.98,-42.79,1.20,44.07,11,812,125,0
0.52,0.79,0.12,14.34,-0.31,-43.46,0.96,45.76,8,807,114,0
0.55,0.72,0.07,11.90,0.49,-38.94,0.91,40.72,7,804,105,0
0.59,0.88,0.06,7.14,0.00,-33.63,1.06,34.38,6,806,95,0
0.62,1.13,0.12,9.34,-1.46,-41.81,1.29,42.86,5,810,87,0
0.60,1.28,0.15,18.92,-5.37,-66.89,1.42,69.73,4,808,76,0
0.60,1.42,0.22,30.70,-5.68,-105.83,1.56,110.34,3,805,62,0
0.61,1.45,0.27,45.84,-2.38,-139.89,1.60,147.23,2,792,43,0
0.68,1.09,0.16,77.82,-1.28,-157.23,1.29,175.44,1,789,23,0
0.78,0.60,0.10,63.96,-3.72,-138.12,0.99,152.26,0,0,13,0
-0.44,-0.77,-0.28,69.15,-15.87,-76.54,0.93,104.36,0,0,6,1
-0.89,0.63,0.18,3.42,-0.61,58.59,1.11,58.70,0,0,2,0
-0.53,-0.12,-0.49,10.13,53.22,56.40,0.74,78.20,0,0,1,1
-0.04,0.75,-0.04,-41.50,50.42,86.00,0.76,107.98,0,0,3,1
0.25,0.43,-0.19,-10.31,16.11,97.96,0.53,99.81,0,0,4,1
0.29,0.74,0.11,-28.93,-12.39,106.69,0.80,111.23,0,0,2,0
0.59,0.80,0.11,-24.72,-12.63,95.46,1.00,99.41,0,0,2,0
0.69,0.91,0.15,-33.87,-7.57,50.66,1.16,61.41,0,0,0,0
0.82,0.84,0.07,-46.51,-3.23,28.63,1.17,54.71,0,0,0,0
0.84,0.92,0.18,-49.44,-10.38,26.06,1.26,56.84,0,0,0,0
0.92,0.88,0.20,-55.48,-8.18,22.34,1.29,60.37,0,0,0,0
1.06,0.95,0.29,-64.64,-2.99,0.37,1.45,64.71,0,0,0,0
1.01,0.84,0.31,-52.43,-2.56,-21.36,1.35,56.67,0,0,0,0
0.96,0.70,0.28,-45.04,-4.15,-23.74,1.22,51.09,0,0,0,0
0.82,0.51,0.24,-45.84,-6.41,-7.75,0.99,46.93,0,0,0,0
0.80,0.74,0.33,-44.31,5.80,8.91,1.14,45.57,0,0,1,0
0.73,0.63,0.31,-21.73,24.78,-2.87,1.01,33.08,0,0,0,0
0.67,0.55,0.17,-20.69,46.75,-6.23,0.88,51.50,0,0,0,0
0.82,0.71,0.15,-17.09,54.69,7.87,1.10,57.83,0,0,0,0
0.92,0.79,0.05,4.33,40.47,23.32,1.21,46.90,0,0,2,0
0.80,0.44,-0.09,16.85,18.37,30.03,0.92,39.03,0,0,2,0
0.76,0.58,0.07,-14.89,14.10,25.09,0.96,32.40,0,0,1,0
0.84,0.93,0.25,-0.67,20.26,14.47,1.28,24.91,0,0,5,0
0.83,0.64,0.11,37.05,28.87,7.26,1.05,47.53,0,0,3,0
0.85,0.39,-0.12,33.39,28.38,5.68,0.94,44.19,0,0,1,0
0.98,0.58,-0.02,6.47,9.09,-1.28,1.14,11.23,0,0,3,0
1.04,0.89,0.07,-1.10,-9.70,-10.99,1.37,14.70,0,0,4,0
0.89,0.81,-0.02,16.48,-17.27,-37.41,1.21,44.38,0,0,1,0
0.76,0.67,-0.14,11.96,-11.72,-50.05,1.03,52.78,0,0,0,0
-0.23,0.72,0.72,52.92,-16.11,17.70,1.04,58.08,1,782,11,0
0.62,0.42,-0.24,43.40,-10.44,51.70,0.79,68.30,2,771,24,0
0.69,1.06,0.18,21.24,-11.41,57.31,1.28,62.18,4,783,55,0
0.53,0.98,0.14,1.40,-11.84,101.14,1.12,101.84,7,779,87,0
0.45,1.13,0.10,8.61,-7.08,83.56,1.22,84.30,9,777,97,0
0.45,1.21,0.11,3.30,-3.91,59.69,1.30,59.91,10,776,104,0
0.42,1.19,0.05,9.95,-5.19,37.05,1.26,38.71,11,780,115,0
0.41,1.03,0.08,9.34,-5.00,18.55,1.11,21.37,12,781,118,0
0.38,0.93,0.14,7.87,-3.97,8.06,1.01,11.94,13,786,117,0
0.39,1.07,0.10,-2.32,-0.55,3.60,1.14,4.32,14,786,125,0
0.40,0.83,0.09,0.55,-1.34,-1.04,0.92,1.78,15,785,125,2
0.40,0.88,0.10,-2.69,-0.67,-0.06,0.97,2.77,16,785,127,0
0.40,0.90,0.05,-4.70,1.59,-1.34,0.98,5.14,18,786,135,0
0.43,0.84,0.01,0.73,0.61,-0.18,0.94,0.97,19,793,138,0
0.40,0.83,0.05,5.00,-1.95,6.04,0.92,8.09,19,794,140,0
0.38,0.94,0.10,3.30,-2.08,9.70,1.02,10.46,20,791,139,0
0.37,0.95,0.13,1.16,-1.89,6.90,1.03,7.25,21,795,143,0
0.37,0.96,0.10,-2.14,-1.22,3.42,1.03,4.21,22,794,150,0
0.36,1.00,0.14,-4.09,-0.85,1.89,1.07,4.59,24,794,151,1
0.38,1.04,0.08,-5.19,0.12,-6.90,1.11,8.63,24,796,152,0
0.38,0.94,0.08,-1.22,0.06,-11.60,1.02,11.66,25,799,153,0
0.39,0.89,0.08,-2.08,1.10,-11.66,0.97,11.89,26,796,154,0
0.41,0.89,0.05,-2.14,1.40,-9.46,0.98,9.80,27,800,154,0
0.42,0.90,0.03,2.14,-0.49,-6.47,1.00,6.83,25,802,151,1
0.40,0.90,0.07,7.14,-1.95,-5.13,0.99,9.01,24,801,153,0
0.40,0.81,0.08,13.24,-2.87,-1.34,0.91,13.62,23,799,146,1
0.40,0.84,0.09,13.61,-3.48,6.47,0.93,15.47,23,797,144,0
0.38,0.95,0.14,9.16,-1.83,8.00,1.03,12.29,22,795,143,1
0.38,0.92,0.14,3.60,0.55,-1.04,1.00,3.79,23,793,141,1
0.40,0.79,0.08,0.00,2.81,-0.37,0.89,2.83,21,795,135,0
0.43,1.11,0.01,0.67,-0.12,2.99,1.19,3.07,21,796,133,0
0.38,0.98,0.17,8.54,-1.89,-5.49,1.07,10.33,21,793,139,0
0.38,0.85,0.15,3.60,1.46,-11.96,0.94,12.58,19,803,143,0
0.41,0.70,0.06,1.40,2.69,-8.91,0.82,9.41,19,808,141,0
0.41,0.81,0.09,3.17,-1.10,5.68,0.91,6.60,19,810,135,0
0.42,1.08,0.10,2.26,-1.04,1.89,1.16,3.12,21,812,143,0
0.42,0.99,0.08,5.86,-0.98,-12.63,1.07,13.96,20,807,135,0
0.39,0.81,0.10,3.97,-0.24,-7.20,0.90,8.23,20,807,131,0
0.41,0.78,0.11,1.59,-1.83,-3.36,0.89,4.14,21,805,137,0
0.40,1.00,0.15,-1.40,-1.04,-1.53,1.09,2.32,23,802,139,0
0.41,1.11,0.17,-2.99,0.49,-7.14,1.20,7.76,24,806,141,0
0.43,1.11,0.15,0.98,0.67,-21.79,1.20,21.82,23,805,135,0
0.43,0.86,0.12,5.62,0.49,-27.65,0.97,28.22,20,808,128,0
0.40,0.51,0.20,0.49,-0.37,-13.06,0.68,13.08,20,797,133,0
0.45,0.84,0.05,-8.36,3.60,6.04,0.95,10.93,22,798,131,1
0.47,1.27,0.08,9.58,-2.50,-8.00,1.35,12.73,20,793,129,0
0.36,0.93,0.30,16.11,-1.77,-27.53,1.04,31.95,17,786,121,0
0.42,0.87,0.24,0.73,7.57,-30.15,0.99,31.10,14,776,110,0
0.48,1.13,0.12,-1.40,7.32,-34.18,1.24,34.98,10,766,101,0
0.56,1.13,0.02,10.56,0.85,-44.74,1.26,45.98,8,769,95,0
0.53,0.94,0.11,23.38,-6.71,-51.03,1.09,56.53,6,769,79,0
0.49,0.69,0.15,28.32,-8.00,-50.96,0.86,58.85,5,767,66,0
0.47,0.63,0.24,20.57,-4.76,-40.95,0.83,46.08,4,762,54,0
0.52,0.67,0.23,11.29,2.69,-35.28,0.88,37.14,3,769,52,0
0.60,0.89,0.17,5.13,3.60,-39.25,1.09,39.74,3,778,50,0
0.66,1.01,0.15,10.74,2.38,-48.22,1.21,49.46,3,776,44,0
0.61,1.12,0.22,14.59,-1.83,-62.87,1.29,64.56,2,779,38,0
0.66,1.13,0.17,21.73,-0.49,-86.55,1.32,89.24,2,785,34,0
0.69,1.25,0.29,21.36,0.06,-113.04,1.46,115.04,1,786,24,0
0.77,1.23,0.24,24.96,3.48,-131.77,1.47,134.16,1,778,16,0
0.82,0.86,0.13,30.15,3.36,-130.37,1.20,133.85,0,0,7,0
0.64,0.38,-0.05,36.19,-3.97,-114.62,0.74,120.27,0,0,2,0
-0.08,0.05,-0.10,0.24,-28.87,-13.24,0.14,31.76,0,0,1,0
-0.28,0.07,-0.15,19.29,-15.14,33.94,0.32,41.87,0,0,2,0
-0.16,0.31,-0.11,-14.34,-12.45,67.20,0.36,69.83,0,0,0,0
-0.14,0.33,-0.09,-17.03,-15.93,78.80,0.37,82.17,0,0,1,0
-0.05,0.44,-0.08,-34.30,-16.05,94.18,0.45,101.51,0,0,3,0
0.16,0.62,-0.04,-42.30,-16.24,105.83,0.64,115.12,0,0,2,0
0.33,0.70,-0.03,-55.66,-18.68,109.25,0.77,124.03,0,0,1,0
0.58,0.94,0.12,-65.37,-26.31,97.29,1.11,120.13,0,0,0,0
0.64,0.94,0.19,-58.11,-36.13,34.06,1.15,76.43,0,0,0,0
0.57,0.91,0.25,-85.45,-22.34,-7.81,1.10,88.67,0,0,0,0
0.56,1.09,0.42,-83.62,1.34,-7.14,1.30,83.93,0,0,0,0
0.77,0.99,0.34,-55.60,19.96,7.63,1.30,59.57,0,0,0,0
0.91,0.73,0.14,-42.97,18.92,22.52,1.17,52.07,0,0,0,0
0.89,0.64,0.13,-68.97,13.79,16.85,1.11,72.32,0,0,0,0
0.91,0.93,0.31,-90.39,17.82,2.56,1.34,92.17,0,0,0,0
1.00,1.02,0.36,-52.49,13.37,-13.12,1.47,55.73,0,0,0,0
0.81,0.65,0.16,-5.55,3.05,15.75,1.05,16.97,0,0,0,0
0.82,0.60,0.04,-19.65,3.05,36.01,1.02,41.14,0,0,0,0
0.80,0.88,0.28,-39.06,14.89,18.13,1.22,45.57,0,0,0,0
0.76,0.93,0.28,-9.40,29.66,-4.15,1.23,31.39,0,0,0,0
0.72,0.58,0.03,14.53,31.13,29.11,0.92,45.03,0,0,0,0
0.91,0.70,-0.09,7.20,13.55,67.32,1.15,69.05,0,0,0,0
0.97,0.75,-0.11,-10.74,-11.35,45.96,1.23,48.54,0,0,0,0
0.93,0.91,0.06,-31.43,-31.31,7.45,1.30,44.99,0,0,1,0
0.75,0.95,0.18,-13.12,-42.91,-8.61,1.22,45.69,0,0,0,0
0.61,0.84,0.14,16.66,-33.26,-1.10,1.05,37.22,0,0,0,0
0.62,0.83,0.02,25.02,-15.44,-1.65,1.03,29.45,0,0,0,0
1.48,0.80,-0.06,24.41,-6.41,-24.96,1.68,35.50,0,0,2,0
0.22,0.31,0.31,115.72,-12.39,42.36,0.49,123.85,1,785,10,0
1.42,0.52,-0.16,66.04,-1.10,73.30,1.52,98.67,2,762,25,0
0.41,0.97,0.18,22.89,-16.48,85.14,1.07,89.69,4,760,48,0
0.38,1.45,0.10,35.10,-12.08,73.43,1.51,82.27,6,764,71,0
0.38,1.12,0.14,34.73,-10.50,31.56,1.20,48.08,7,761,81,0
0.32,1.20,0.25,13.49,-1.95,-2.38,1.27,13.84,7,758,86,0
0.37,1.06,0.12,9.09,-1.65,-24.66,1.13,26.33,7,767,89,0
0.37,0.89,0.15,9.70,-3.36,-35.40,0.98,36.86,8,777,99,0
0.34,0.80,0.15,2.69,-1.46,-33.81,0.89,33.95,8,784,105,0
0.41,0.74,0.14,-3.36,2.75,-26.61,0.86,26.96,9,792,113,0
0.44,0.88,0.09,-5.49,3.54,-18.37,0.99,19.50,10,796,127,0
0.44,0.89,0.11,0.98,-0.12,-14.16,1.00,14.19,11,804,131,0
0.45,0.92,0.13,3.60,-0.55,-10.62,1.03,11.23,10,814,135,0
0.44,0.84,0.18,4.46,-0.31,-10.25,0.97,11.18,9,822,135,1
0.46,0.89,0.10,-0.49,-0.06,-8.97,1.00,8.99,9,821,131,0
0.44,0.90,0.17,0.98,-0.79,-13.43,1.02,13.49,9,821,136,0
0.45,0.86,0.15,0.18,0.43,-16.60,0.98,16.61,8,824,130,1
0.49,0.86,0.07,-0.37,0.43,-14.59,0.99,14.60,7,827,131,2
0.48,0.86,0.11,6.04,-1.95,-13.61,0.99,15.02,7,831,135,0
0.48,0.83,0.12,10.01,-3.78,-10.93,0.96,15.29,6,829,133,1
0.47,0.77,0.15,12.15,-4.88,-6.47,0.92,14.60,6,825,133,0
0.48,0.87,0.15,11.66,-5.74,-2.32,1.00,13.20,6,828,132,0
0.47,0.80,0.21,9.58,-5.37,-1.16,0.95,11.05,6,826,135,0
0.48,0.91,0.17,4.94,-2.14,-1.83,1.04,5.69,6,822,134,0
0.47,0.85,0.20,4.94,-2.14,-5.86,0.99,7.96,6,826,131,0
0.48,0.83,0.19,3.66,-0.06,-8.00,0.98,8.79,6,824,131,0
0.48,0.85,0.22,-2.14,1.34,-9.34,1.00,9.67,6,830,130,0
0.50,0.87,0.16,-2.69,2.50,-13.49,1.02,13.98,6,836,136,2
0.49,0.65,0.16,-0.18,2.26,-12.02,0.83,12.24,6,834,134,0
0.51,1.04,0.18,1.65,1.10,-11.72,1.17,11.88,6,841,127,0
0.56,1.08,0.12,15.75,-2.32,-35.77,1.22,39.15,5,841,119,0
0.55,1.11,0.15,23.93,-6.53,-58.65,1.25,63.68,4,843,111,0
0.60,1.04,0.16,26.79,-9.22,-80.51,1.21,85.35,4,835,87,0
0.54,0.83,0.13,23.19,-9.77,-93.38,1.00,96.72,3,823,67,0
0.65,0.73,0.23,14.59,-13.31,-109.99,1.00,111.74,3,813,58,0
0.77,0.78,0.02,-16.05,-14.47,-113.40,1.10,115.44,3,802,41,0
0.77,0.88,0.01,-37.48,-25.76,-121.09,1.17,129.35,2,794,30,0
0.77,0.81,0.00,-34.55,-38.76,-123.41,1.12,133.89,1,789,18,0
0.85,0.78,-0.05,-53.71,-51.15,-116.94,1.15,138.48,1,789,11,0
0.68,0.86,0.08,-48.95,-70.68,-99.18,1.10,131.26,0,0,4,0
0.33,0.55,0.01,-25.70,-87.10,-93.32,0.64,130.21,0,0,0,0
-0.16,0.70,0.19,-18.13,-86.67,-37.29,0.75,96.08,0,0,0,0
-0.51,0.66,0.17,-17.58,-18.37,17.03,0.85,30.60,0,0,0,0
-0.31,0.68,-0.04,-39.67,63.05,66.10,0.75,99.59,0,0,0,0
-0.06,0.80,-0.12,-56.52,87.52,117.61,0.81,157.12,0,0,0,0
0.26,0.98,-0.10,-54.26,57.74,170.41,1.02,187.93,0,0,0,0
0.55,0.93,-0.10,-56.40,-13.06,175.84,1.09,185.13,0,0,0,0
0.41,1.17,0.27,-60.79,-98.21,145.69,1.27,185.92,0,0,0,0
0.16,0.95,0.34,-41.63,-93.32,129.70,1.02,165.12,0,0,0,0
0.23,1.15,0.47,-54.50,-48.83,120.73,1.26,141.17,0,0,0,0
0.50,1.04,0.35,-52.61,1.83,90.21,1.21,104.45,0,0,0,0
0.59,1.05,0.33,-64.51,29.85,56.76,1.25,90.97,0,0,0,0
0.58,1.01,0.47,-69.64,35.03,44.92,1.26,89.97,0,0,0,0
0.57,1.20,0.76,-60.97,36.56,41.81,1.53,82.48,0,0,0,0
0.64,1.17,0.63,-9.52,35.28,41.69,1.47,55.43,0,0,0,0
0.76,1.02,0.26,16.72,22.71,44.62,1.30,52.78,0,0,0,0
0.83,0.90,0.09,20.20,-8.18,38.70,1.23,44.41,0,0,0,0
0.99,0.88,0.09,-5.98,-22.16,27.22,1.32,35.60,0,0,0,0
0.95,1.01,0.21,-12.45,-27.22,-31.86,1.40,43.72,0,0,0,0
0.71,0.69,0.24,-0.98,-19.29,-57.80,1.02,60.94,0,0,0,0
0.79,0.63,0.22,10.74,-2.08,-11.96,1.04,16.21,0,0,0,0
1.09,0.78,0.12,11.23,13.37,-35.58,1.34,39.64,0,0,0,0
1.23,0.48,0.55,83.50,-9.52,-58.96,1.43,102.66,2,774,17,0
0.48,-0.07,-0.11,21.55,-7.14,-16.91,0.50,28.30,3,767,34,0
0.36,1.41,0.09,-0.43,-8.12,2.44,1.46,8.49,5,758,53,0
0.44,0.77,0.01,24.78,-4.76,-25.33,0.89,35.75,7,767,75,0
0.37,0.66,0.16,8.91,-1.16,-7.08,0.77,11.44,9,778,90,0
0.38,0.76,0.15,-0.24,-0.55,3.11,0.87,3.17,10,790,104,0
0.46,1.19,-0.03,-7.81,1.04,10.44,1.27,13.08,12,801,117,0
0.42,1.05,0.04,20.81,-8.24,-1.16,1.13,22.41,13,807,118,1
0.35,0.95,0.21,21.24,-9.58,-7.87,1.03,24.60,13,803,122,0
0.35,0.84,0.24,10.01,-2.38,-11.11,0.94,15.14,13,801,125,0
0.39,0.90,0.14,1.34,1.16,-8.54,0.99,8.73,11,805,130,1
0.42,0.88,0.09,10.50,-2.26,-8.06,0.98,13.42,10,816,131,0
0.40,0.82,0.18,14.71,-5.55,-5.92,0.93,16.80,9,817,127,1
0.40,0.89,0.17,7.26,-2.38,-2.32,0.99,7.99,9,814,133,0
0.38,0.84,0.20,5.25,-2.14,-1.53,0.94,5.87,9,816,134,0
0.39,0.87,0.18,-0.49,0.31,-0.55,0.97,0.80,8,819,134,1
0.39,0.89,0.16,0.31,0.43,-0.06,0.99,0.53,8,824,128,0
0.40,0.91,0.15,6.10,-1.04,-1.34,1.00,6.34,7,822,133,0
0.40,0.88,0.19,6.53,-2.32,-1.46,0.98,7.08,7,819,133,0
0.38,0.91,0.21,3.36,-1.22,-3.05,1.01,4.70,7,819,135,0
0.40,0.90,0.17,-0.37,0.18,-2.93,1.00,2.96,6,824,131,3
0.40,0.81,0.17,-0.73,-0.55,-3.78,0.92,3.89,7,823,129,0
0.40,0.87,0.17,-5.13,-0.12,-2.69,0.97,5.79,7,821,135,0
0.41,0.98,0.16,-2.62,-0.43,-3.11,1.08,4.09,7,816,138,1
0.41,0.94,0.18,2.38,-1.22,-10.13,1.04,10.48,8,816,135,0
0.40,0.86,0.20,1.34,-0.31,-14.40,0.97,14.47,8,814,136,0
0.41,0.83,0.19,-5.80,2.69,-11.78,0.95,13.40,8,815,136,0
0.43,0.97,0.15,-8.54,3.30,-12.33,1.07,15.36,8,820,132,0
0.43,0.95,0.14,-0.92,2.62,-18.01,1.05,18.22,7,821,135,1
0.46,0.91,0.13,0.31,0.79,-20.94,1.02,20.95,7,828,137,0
0.45,0.90,0.17,0.37,0.85,-23.56,1.02,23.58,7,830,139,0
0.48,0.99,0.14,0.12,1.22,-28.20,1.11,28.22,7,828,135,0
0.48,0.90,0.17,3.48,-0.24,-35.03,1.03,35.21,7,826,135,1
0.49,0.89,0.26,-3.23,1.34,-40.47,1.05,40.62,7,823,127,0
0.57,1.23,0.09,-3.78,5.49,-52.80,1.36,53.22,7,831,130,0
0.57,1.21,0.08,10.19,-0.85,-78.43,1.34,79.09,6,832,115,0
0.72,0.99,-0.02,12.27,-13.61,-112.79,1.22,114.27,6,820,94,0
1.02,0.18,-0.55,-55.66,-28.81,-130.25,1.18,144.54,6,790,67,0
0.75,1.39,-0.01,-160.10,-57.01,-121.95,1.58,209.17,5,768,38,0
0.45,1.72,0.61,-98.88,-56.95,-102.97,1.88,153.69,2,756,17,0
0.63,1.04,-0.04,4.03,-57.01,-96.31,1.22,111.99,1,755,7,0
-0.00,0.75,-0.18,9.22,-79.96,-36.50,0.77,88.37,0,0,3,0
-0.03,0.72,-0.16,12.15,-111.02,-4.94,0.74,111.79,0,0,1,0
-0.17,0.58,-0.19,-34.91,-114.26,-1.04,0.63,119.48,0,0,4,0
-0.34,0.85,0.13,-76.17,-55.42,-13.43,0.93,95.15,0,0,1,0
-0.21,0.60,-0.00,-40.53,-7.14,24.60,0.64,47.94,0,0,0,0
-0.08,0.66,-0.03,-69.21,20.32,78.92,0.67,106.92,1,726,3,0
0.23,1.16,0.26,-62.81,25.39,123.11,1.21,140.52,1,721,0,0
0.47,1.00,0.13,-20.75,5.49,137.88,1.11,139.54,1,714,0,0
0.55,0.97,0.05,-26.12,-29.36,137.21,1.11,142.72,0,0,0,0
0.52,1.09,0.12,-36.01,-53.10,128.36,1.21,143.50,0,0,0,0
0.54,1.26,0.23,-29.24,-49.01,106.02,1.38,120.40,0,0,0,0
0.40,1.10,0.22,-17.58,-23.07,50.96,1.19,58.64,0,0,0,0
0.32,1.09,0.25,-19.90,36.68,33.63,1.16,53.60,0,0,0,0
0.37,0.93,0.00,-24.29,79.47,44.31,1.00,94.17,0,0,0,0
0.56,1.04,-0.06,-51.64,101.01,53.10,1.18,125.26,0,0,0,0
0.83,1.27,0.12,-59.94,104.00,32.90,1.52,124.46,0,0,1,0
0.88,1.08,0.15,-22.58,83.62,-7.75,1.40,86.96,0,0,1,1
0.87,0.73,0.01,-20.75,56.21,-30.15,1.14,67.08,0,0,0,0
0.83,0.65,0.06,-45.10,29.97,-18.43,1.06,57.20,0,0,0,0
1.01,0.82,0.17,-53.28,8.67,-0.55,1.31,53.99,0,0,0,0
1.16,0.88,0.33,-12.15,-39.31,-33.69,1.49,53.18,0,0,0,0
0.95,0.45,0.31,-20.32,-77.51,-36.25,1.10,87.95,0,0,0,0
0.92,0.65,0.42,-6.53,-85.57,-18.62,1.21,87.82,0,0,0,0
0.83,0.89,0.74,58.41,-63.54,-26.92,1.43,90.41,1,767,5,0
1.28,0.15,0.15,124.33,-17.46,-64.21,1.30,141.01,3,754,17,0
0.31,0.71,0.63,13.61,-21.61,32.04,1.00,40.97,5,758,40,0
0.42,1.53,0.11,13.55,-5.19,28.20,1.59,31.71,8,766,70,0
0.41,1.10,0.11,20.63,-6.23,0.31,1.18,21.55,10,777,90,0
0.41,0.83,0.08,17.09,-5.43,-5.92,0.93,18.88,11,786,104,0
0.39,0.83,0.13,-12.82,4.88,9.70,0.92,16.80,14,795,118,0
0.45,1.07,-0.03,-13.79,4.64,10.86,1.16,18.16,18,802,130,1
0.40,0.92,0.07,1.22,-2.38,2.62,1.01,3.75,22,802,136,0
0.35,0.72,0.21,-5.43,-0.43,2.26,0.83,5.90,27,803,146,0
0.39,0.97,0.07,-23.99,8.73,8.00,1.05,26.75,31,802,147,0
0.42,1.03,-0.03,-23.19,7.69,4.09,1.11,24.77,37,807,147,2
0.42,1.08,-0.04,-17.46,4.15,-1.04,1.16,17.97,43,810,149,0
0.40,0.89,-0.00,-3.23,-0.12,-4.09,0.98,5.22,48,811,156,1
0.40,0.97,-0.02,2.32,-2.44,-0.92,1.05,3.49,48,809,154,0
0.40,1.05,0.04,16.42,-7.02,-9.83,1.12,20.38,46,807,153,1
0.39,0.94,0.07,21.36,-6.10,-14.53,1.02,26.54,42,813,157,0
0.41,0.93,0.05,20.69,-5.43,-15.08,1.02,26.17,32,814,150,0
0.42,0.90,0.05,24.35,-7.20,-14.47,0.99,29.23,27,810,157,1
0.39,0.86,0.15,24.78,-8.30,-14.04,0.95,29.67,23,810,155,0
0.41,0.88,0.14,14.28,-3.36,-15.01,0.98,20.99,19,810,150,0
0.43,0.86,0.10,8.00,-1.46,-14.77,0.97,16.86,18,812,146,0
0.44,0.92,0.11,7.51,-2.14,-15.62,1.02,17.47,17,811,146,0
0.46,0.92,0.08,10.25,-2.50,-18.86,1.03,21.61,15,809,146,0
0.45,0.78,0.14,11.47,-2.93,-19.90,0.91,23.16,13,808,141,0
0.44,0.71,0.16,5.00,-1.53,-13.98,0.85,14.92,13,808,144,0
0.46,0.82,0.15,-1.40,0.00,-7.87,0.95,8.00,13,815,138,0
0.47,0.92,0.12,-1.83,0.06,-11.05,1.04,11.20,13,819,150,0
0.48,0.87,0.12,0.06,-0.12,-16.30,1.00,16.30,14,826,148,0
0.48,0.89,0.13,0.43,0.49,-16.66,1.02,16.68,13,828,151,0
0.49,0.76,0.10,4.88,1.34,-11.47,0.91,12.54,12,836,147,0
0.54,1.19,0.19,4.82,0.49,-14.16,1.32,14.97,11,843,148,0
0.56,1.34,0.07,4.21,2.44,-44.19,1.45,44.46,10,838,138,1
0.57,1.13,0.07,19.23,-3.11,-72.14,1.27,74.73,7,816,123,0
0.61,1.08,0.09,29.17,-5.86,-88.75,1.25,93.60,5,799,85,0
0.76,1.09,0.02,25.21,-9.95,-100.16,1.33,103.76,3,784,54,0
0.96,0.40,-0.60,-36.93,-20.57,-106.14,1.20,114.25,2,760,22,0
0.47,1.25,-0.07,-127.87,-48.03,-103.15,1.34,171.17,1,759,9,0
0.06,1.12,0.14,-110.23,-64.88,-103.94,1.13,164.82,1,755,5,0
-0.09,1.56,0.32,-22.89,-77.03,-37.23,1.59,88.56,0,0,0,0
-0.17,0.74,-0.16,10.93,-96.98,-18.98,0.77,99.43,0,0,0,0
-0.33,0.84,0.03,-5.37,-114.01,0.12,0.90,114.14,0,0,0,0
-0.42,0.56,0.04,-14.40,-98.08,11.17,0.70,99.76,0,0,1,0
-0.29,0.83,0.21,-46.14,-71.72,43.52,0.90,95.74,0,0,0,0
-0.01,0.81,0.24,-38.45,-41.63,73.30,0.85,92.65,0,0,0,0
0.28,0.85,0.18,-35.10,-33.94,101.75,0.92,112.85,0,0,0,0
0.26,0.94,0.20,-42.54,-46.14,97.96,0.99,116.34,0,0,0,0
0.17,1.00,0.36,-53.77,-41.50,102.60,1.08,123.05,0,0,0,0
0.35,1.14,0.38,-54.63,-4.15,99.30,1.25,113.41,0,0,0,0
0.62,1.13,0.29,-55.42,15.87,96.13,1.32,112.09,0,0,0,0
0.68,1.18,0.30,-59.81,25.88,65.37,1.39,92.31,0,0,0,0
0.74,1.28,0.40,-42.05,35.95,51.76,1.53,75.76,0,0,0,0
0.98,1.00,0.20,-15.50,39.18,32.23,1.42,53.05,0,0,0,0
1.00,0.79,0.13,-24.17,33.63,7.14,1.28,42.03,0,0,0,0
0.98,0.82,0.09,-34.73,24.23,-18.62,1.28,46.26,0,0,0,0
0.85,0.61,0.07,-46.20,10.56,-22.77,1.05,52.58,0,0,0,0
0.84,0.65,0.15,-63.54,-1.83,-21.12,1.08,66.98,0,0,0,0
0.79,0.72,0.44,-50.96,-5.74,-34.97,1.15,62.08,0,0,0,0
0.81,0.62,0.42,-23.32,-8.00,-24.78,1.10,34.95,0,0,0,0
1.21,0.63,0.25,-9.40,-22.34,-21.48,1.39,32.39,0,0,0,0
1.40,0.41,0.10,0.49,-69.95,-34.12,1.46,77.83,0,0,0,0
1.36,0.22,0.27,-40.89,-111.69,-65.55,1.40,135.81,1,791,0,0
0.11,0.78,1.19,20.26,-56.76,-18.80,1.42,63.13,1,780,9,0
0.35,-0.37,-0.38,120.12,27.83,1.46,0.64,123.31,3,766,20,0
0.44,1.62,0.18,-2.38,4.09,29.91,1.69,30.28,5,778,46,0
0.51,1.37,-0.00,12.88,-10.68,35.34,1.46,39.10,7,787,63,0
0.45,1.24,0.07,47.06,-25.33,25.27,1.32,59.11,9,789,79,0
0.30,0.89,0.37,42.79,-21.55,11.84,1.01,49.35,9,783,90,0
0.33,0.78,0.31,7.26,-1.46,7.51,0.90,10.55,10,777,98,0
0.41,0.94,0.10,-18.86,8.06,1.53,1.03,20.57,11,779,106,0
0.40,0.65,0.10,-22.77,8.73,-0.49,0.77,24.39,15,783,110,0
0.40,0.87,0.04,-29.72,10.01,13.37,0.96,34.09,20,783,124,0
0.44,1.15,-0.04,-18.74,5.43,4.52,1.23,20.03,24,793,129,0
0.43,1.04,0.02,3.78,-2.50,-13.12,1.13,13.88,25,795,135,0
0.39,0.89,0.09,5.62,-2.99,-18.55,0.98,19.62,26,796,132,0
0.41,0.85,0.03,1.71,-0.61,-18.31,0.94,18.40,25,797,141,0
0.42,0.75,0.05,1.22,-0.49,-13.06,0.86,13.13,27,795,143,2
0.42,0.87,0.05,0.43,-0.79,-2.99,0.97,3.12,28,801,143,0
0.43,0.91,0.05,4.03,-1.65,0.73,1.00,4.41,29,802,146,2
0.43,0.90,0.06,10.07,-3.72,3.48,0.99,11.29,30,800,155,0
0.40,0.88,0.12,9.64,-4.88,1.77,0.97,10.95,31,798,156,0
0.40,0.86,0.11,2.81,-1.65,-1.34,0.96,3.52,33,801,159,0
0.41,0.80,0.09,-6.47,0.43,1.34,0.90,6.62,35,795,159,1
0.42,0.94,0.07,-5.68,-0.06,9.22,1.03,10.82,39,801,160,1
0.41,1.06,0.06,-3.23,-0.98,7.69,1.14,8.40,41,798,164,1
0.41,0.95,0.09,0.98,0.12,-0.18,1.03,1.00,45,801,163,0
0.39,0.74,0.09,0.06,0.49,2.50,0.84,2.55,45,798,164,0
0.40,0.97,0.08,0.73,-0.98,14.04,1.05,14.09,47,800,161,2
0.39,1.18,0.11,4.21,-1.77,1.46,1.24,4.80,52,799,162,0
0.39,1.06,0.11,0.79,2.38,-20.87,1.14,21.02,45,804,151,0
0.41,0.63,0.06,1.71,1.83,-16.24,0.76,16.43,41,799,154,1
0.42,1.09,0.07,2.75,-1.10,-2.81,1.17,4.08,39,803,152,0
0.42,0.98,0.08,12.76,-3.23,-9.58,1.07,16.28,33,802,147,0
0.43,1.06,0.08,14.89,-3.48,-13.24,1.15,20.23,27,808,149,0
0.45,1.13,0.10,20.94,-5.55,-28.56,1.22,35.85,21,807,139,0
0.43,1.00,0.14,22.71,-5.55,-44.25,1.10,50.04,15,811,139,0
0.43,0.79,0.18,19.29,-5.25,-50.60,0.92,54.40,12,810,129,1
0.45,0.62,0.18,12.21,-2.01,-41.81,0.79,43.60,10,811,122,0
0.47,0.64,0.17,1.89,2.08,-20.94,0.81,21.12,9,811,115,0
0.52,0.76,0.10,1.34,1.53,-11.78,0.92,11.95,8,815,112,0
0.50,0.71,0.15,2.08,0.06,-6.41,0.88,6.74,8,818,111,0
0.50,0.76,0.17,-2.50,1.71,-1.53,0.92,3.39,8,820,116,0
0.52,0.82,0.13,-5.49,2.81,1.83,0.98,6.44,8,825,113,0
0.53,0.99,0.13,-8.30,2.69,-0.85,1.13,8.77,8,825,122,0
0.53,0.99,0.12,-6.16,2.50,-11.78,1.13,13.53,8,828,123,0
0.54,1.01,0.13,-4.88,3.17,-25.27,1.15,25.93,8,825,119,1
0.53,0.92,0.16,-7.32,5.68,-43.09,1.08,44.08,8,818,111,0
0.61,1.22,0.13,-10.74,8.91,-58.96,1.37,60.59,8,816,100,0
0.67,1.30,0.10,-8.06,10.13,-87.83,1.46,88.78,8,805,79,0
0.75,1.38,0.17,-4.09,12.70,-119.75,1.58,120.49,7,791,54,0
0.76,1.32,-0.00,-16.30,14.59,-140.08,1.52,141.77,5,771,29,0
0.81,1.24,-0.15,-33.51,10.13,-156.80,1.49,160.66,2,749,14,0
0.64,1.13,-0.11,-52.00,-4.33,-165.71,1.30,173.73,1,756,9,0
-0.39,0.94,-0.08,-13.12,-51.64,-53.10,1.02,75.22,1,738,0,0
-0.51,0.74,-0.18,0.31,-112.67,63.42,0.92,129.29,1,749,3,0
-0.49,0.84,0.07,-2.50,-129.21,75.87,0.97,149.86,1,751,3,0
-0.60,0.68,0.04,13.43,-82.76,63.29,0.90,105.05,1,760,4,0
-0.32,0.36,-0.15,-20.51,-36.07,106.20,0.51,114.02,1,764,3,0
0.12,0.85,0.20,-69.52,8.73,129.70,0.88,147.41,1,767,2,0
0.75,0.85,0.07,-50.05,21.06,124.45,1.14,135.78,1,768,5,0
1.11,0.74,0.05,-76.42,-28.14,109.25,1.33,136.26,1,764,4,0
1.02,1.00,0.63,-92.96,-57.92,86.61,1.55,139.63,1,767,5,0
1.05,0.92,0.69,-43.33,-28.26,75.44,1.55,91.47,1,769,2,0
1.16,0.56,0.39,-46.33,30.40,41.32,1.34,69.12,1,776,2,0
1.67,0.74,0.36,-39.06,39.67,1.65,1.86,55.70,1,787,3,0
2.56,-0.08,0.07,-22.71,9.52,-46.81,2.56,52.89,1,790,5,0
2.06,0.16,0.67,-16.91,-69.21,-32.84,2.18,78.45,2,783,19,0
0.36,-0.71,0.60,34.61,-32.10,-36.13,1.00,59.45,4,780,34,0
0.33,2.01,0.49,-13.43,-15.26,47.42,2.09,51.60,6,789,57,0
0.52,0.70,0.09,7.75,0.37,8.12,0.87,11.23,8,789,78,0
0.51,1.19,0.00,-7.81,2.20,21.55,1.30,23.02,9,790,90,0
0.46,1.02,0.10,2.93,-2.14,0.79,1.13,3.71,10,793,95,0
0.44,0.84,0.08,1.65,-0.61,-3.60,0.95,4.01,10,798,98,1
0.45,0.79,0.10,-3.36,0.43,2.56,0.91,4.25,10,800,105,0
0.47,0.96,0.06,-5.98,1.53,6.65,1.07,9.08,11,801,110,0
0.49,0.95,0.01,5.31,-1.95,2.08,1.06,6.03,11,804,109,0
0.47,0.81,0.06,17.15,-6.16,0.85,0.94,18.25,11,806,107,0
0.43,0.71,0.14,18.07,-6.53,5.68,0.84,20.03,10,811,110,0
0.43,0.76,0.14,6.35,-1.40,15.32,0.88,16.64,10,812,113,0
0.44,0.88,0.11,-0.79,-0.06,19.47,0.99,19.49,11,808,113,0
0.43,0.88,0.09,-0.61,-0.61,13.85,0.98,13.88,12,805,116,0
0.40,0.82,0.15,-9.95,1.53,14.65,0.92,17.77,15,804,127,2
0.42,0.99,0.07,-17.03,4.52,15.14,1.08,23.23,18,805,135,0
0.47,1.04,0.02,-10.86,3.11,6.10,1.14,12.84,19,806,136,0
0.42,0.83,0.14,-5.07,-0.43,1.16,0.94,5.21,23,805,138,0
0.38,0.84,0.12,-12.88,2.75,2.87,0.93,13.48,27,803,146,0
0.41,0.98,0.07,-21.18,6.90,1.95,1.06,22.36,31,807,150,0
0.44,0.94,-0.03,-16.11,6.23,-2.14,1.04,17.41,34,812,155,0
0.41,0.89,0.04,-11.35,3.66,-0.12,0.98,11.93,38,816,159,0
0.44,1.01,-0.02,-2.38,0.79,-0.24,1.10,2.52,40,815,161,2
0.41,0.93,0.04,6.29,-2.38,-2.56,1.01,7.19,41,815,159,0
0.38,0.82,0.11,1.34,0.00,-2.14,0.91,2.52,41,815,157,1
0.41,0.85,0.04,-9.03,3.66,0.55,0.95,9.76,42,814,158,0
0.40,0.96,0.05,-12.82,4.03,0.00,1.04,13.44,44,814,159,0
0.44,0.96,-0.04,-14.53,5.86,-1.59,1.06,15.74,45,814,155,1
0.43,0.86,-0.04,-8.30,5.55,-0.06,0.96,9.99,44,819,153,0
0.44,1.01,-0.08,3.17,-0.85,6.10,1.11,6.93,43,818,151,0
0.42,0.97,0.05,22.34,-8.42,1.04,1.06,23.90,41,814,149,0
0.40,1.00,0.07,19.65,-6.65,-5.86,1.08,21.56,37,813,156,0
0.36,0.68,0.15,10.93,-3.36,-9.28,0.78,14.72,35,812,150,0
0.40,0.87,0.07,-15.01,3.78,-4.82,0.96,16.22,39,812,151,0
0.42,0.99,0.02,-18.74,5.19,-6.65,1.08,20.55,43,817,151,0
0.41,0.93,0.06,-11.35,4.03,-5.80,1.02,13.37,43,816,147,0
0.41,0.72,0.00,2.99,3.66,7.02,0.83,8.46,39,819,139,0
0.48,1.49,-0.11,26.37,-12.94,30.40,1.57,42.27,33,809,139,0
0.34,0.86,0.27,50.60,-28.14,11.41,0.96,59.01,28,801,139,0
0.38,1.26,0.18,32.71,-13.18,-13.98,1.33,37.94,24,791,130,0
0.46,1.29,0.02,25.57,-10.80,-45.59,1.37,53.38,16,788,126,0
0.49,0.87,0.03,25.27,-16.42,-66.28,1.00,72.81,11,775,108,0
0.42,1.08,0.16,5.80,-20.94,-76.05,1.17,79.09,7,776,95,0
0.34,0.75,0.41,-1.34,-16.11,-82.40,0.92,83.97,6,778,83,0
0.44,0.71,0.30,5.86,4.52,-77.21,0.89,77.56,5,791,75,0
0.53,0.81,0.19,-6.35,13.49,-70.50,0.99,72.05,4,799,63,0
0.57,0.73,0.07,-0.24,10.56,-65.00,0.93,65.85,3,809,58,0
0.66,0.85,0.05,5.37,2.69,-64.51,1.08,64.79,4,807,51,0
0.69,0.81,0.09,6.16,-2.50,-64.64,1.06,64.98,4,802,41,0
0.77,0.68,0.01,-6.90,-6.10,-67.02,1.03,67.65,3,790,34,0
0.81,0.70,-0.11,-42.79,-12.76,-65.92,1.08,79.61,3,777,24,0
0.77,0.97,0.00,-70.74,-22.89,-68.60,1.24,101.17,2,763,16,0
0.77,1.08,0.03,-65.61,-32.53,-64.82,1.32,97.80,1,756,11,0
0.72,0.94,-0.10,-49.74,-43.82,-67.87,1.19,94.88,1,754,5,0
0.10,0.90,-0.10,-38.09,-60.91,-23.32,0.91,75.53,0,0,3,0
0.05,1.01,-0.02,-5.07,-53.71,26.18,1.01,59.97,0,0,1,0
-0.06,0.88,-0.05,0.12,-40.71,28.44,0.88,49.66,0,0,0,0
-0.18,0.83,-0.03,-5.55,-27.53,39.61,0.85,48.56,0,0,0,0
-0.20,0.75,-0.03,-19.10,-12.94,68.60,0.77,72.38,0,0,0,0
-0.06,0.94,0.14,-27.47,-3.23,95.21,0.95,99.15,0,0,4,0
0.10,0.94,0.11,-7.26,-3.97,108.15,0.96,108.47,0,0,0,0
0.20,0.86,0.04,-13.31,-12.15,117.00,0.89,118.38,0,0,0,0
0.27,1.07,0.19,-24.96,-9.46,120.00,1.12,122.93,0,0,1,0
0.42,1.06,0.10,-19.53,11.23,98.21,1.14,100.76,0,0,1,0
0.43,1.12,0.08,-36.07,27.40,90.88,1.20,101.55,0,0,0,0
0.51,1.13,0.04,-32.78,37.84,83.13,1.24,97.04,0,0,0,0
0.75,1.13,0.04,-24.96,40.22,70.86,1.36,85.22,0,0,0,0
0.85,1.05,0.03,-19.17,29.85,44.07,1.35,56.57,0,0,0,0
0.79,0.96,0.02,-27.89,18.37,22.28,1.24,40.15,0,0,0,0
0.70,0.98,0.11,-36.25,12.39,12.02,1.21,40.16,0,0,0,0
0.79,0.91,0.10,-33.39,8.61,8.73,1.21,35.57,0,0,0,0
0.93,0.95,0.09,-26.06,-0.06,-30.21,1.33,39.90,0,0,0,0
0.87,0.81,0.15,-26.86,-9.58,-71.53,1.20,77.01,0,0,0,0
0.65,0.33,0.21,-29.17,-5.68,-27.04,0.75,40.18,0,0,0,0
0.87,0.69,0.34,-34.67,-2.69,20.69,1.16,40.46,0,0,0,0
1.13,1.01,0.43,-8.36,-18.86,3.48,1.57,20.92,0,0,0,0
0.78,0.59,0.49,52.92,-58.29,-18.43,1.09,80.86,1,787,6,0
1.03,0.64,0.26,62.87,-51.45,3.36,1.24,81.31,1,771,10,0
0.45,0.08,-0.15,64.27,-27.28,-26.49,0.48,74.68,2,763,23,0
0.29,0.82,0.43,9.09,-19.41,36.99,0.97,42.75,3,769,33,0
0.28,1.24,0.04,7.02,-1.22,21.36,1.27,22.52,4,763,45,0
0.32,0.89,0.14,4.46,-3.17,18.07,0.96,18.88,5,758,50,0
0.29,1.02,0.05,-3.36,1.04,15.93,1.06,16.31,6,754,54,0
0.30,0.96,-0.00,-0.92,-0.98,12.82,1.00,12.89,7,756,63,0
0.34,0.97,0.03,11.17,-5.62,10.44,1.03,16.29,9,763,75,0
0.32,1.06,0.08,12.51,-6.65,9.46,1.11,17.04,10,765,87,0
0.28,1.02,0.17,11.17,-4.88,0.73,1.08,12.21,11,764,91,0
0.29,0.89,0.13,2.99,-1.28,-1.65,0.94,3.65,12,759,89,0
0.30,0.90,0.11,-5.25,0.67,2.32,0.96,5.78,14,764,98,0
0.32,1.22,0.00,-1.65,-0.49,-6.23,1.26,6.46,16,773,110,0
0.31,1.02,0.09,9.52,-3.85,-17.58,1.07,20.36,17,776,109,0
0.28,0.84,0.16,7.08,-2.32,-19.23,0.90,20.62,17,773,116,0
0.31,0.60,0.14,-2.38,1.10,-8.24,0.69,8.65,19,775,120,0
0.34,0.91,0.03,-12.57,2.93,8.79,0.97,15.62,23,784,131,2
0.35,1.06,0.02,-2.26,-2.08,11.47,1.12,11.88,28,789,137,0
0.31,0.97,0.12,5.07,-4.94,5.13,1.02,8.74,31,788,141,0
0.30,0.95,0.14,-0.67,-2.26,2.08,1.00,3.14,35,790,147,0
0.32,1.04,0.09,-5.62,0.43,-2.69,1.09,6.24,38,784,147,0
0.32,0.98,0.10,-2.32,-0.12,-16.17,1.04,16.34,40,785,145,2
0.31,0.81,0.12,-5.86,0.98,-19.04,0.87,19.95,41,783,151,0
0.35,0.91,0.03,-6.84,3.05,-14.22,0.98,16.07,46,784,148,0
0.34,0.79,0.08,-0.85,-0.37,-9.03,0.86,9.08,45,788,148,2
0.33,0.87,0.11,-2.56,-0.06,1.71,0.93,3.08,48,786,148,0
0.33,0.98,0.10,-2.81,0.12,3.11,1.04,4.19,52,788,154,1
0.33,1.00,0.11,-2.14,0.43,-2.26,1.06,3.14,51,787,151,0
0.33,0.92,0.08,-0.73,0.67,-6.77,0.99,6.85,54,789,151,1
0.33,0.87,0.10,-1.22,-1.22,3.30,0.94,3.72,54,789,156,1
0.32,1.15,0.14,-0.73,-1.65,0.55,1.20,1.89,58,786,153,0
0.35,1.13,0.09,0.06,0.18,-16.97,1.18,16.97,58,792,153,0
0.35,0.93,0.07,3.78,0.31,-27.83,1.00,28.09,50,797,149,0
0.36,0.66,0.11,2.44,0.98,-20.08,0.76,20.25,49,798,155,0
0.35,0.93,0.10,-7.26,3.48,-3.23,1.00,8.68,46,803,150,2
0.38,1.08,0.05,-3.54,1.28,-3.72,1.15,5.29,47,803,150,1
0.37,0.91,0.09,6.47,-1.04,-10.50,0.98,12.38,45,802,154,0
0.35,0.73,0.09,5.62,0.00,3.30,0.81,6.51,44,800,153,0
0.36,1.01,0.11,-0.24,0.61,11.05,1.08,11.07,48,805,146,0
0.37,1.20,0.11,-1.83,1.46,-3.72,1.26,4.40,47,802,146,2
0.39,0.97,0.07,4.03,1.04,-21.55,1.04,21.94,47,801,149,0
0.38,0.78,0.09,6.04,0.85,-19.65,0.87,20.58,40,804,150,1
0.39,0.72,0.05,2.50,0.18,-5.92,0.82,6.43,39,802,151,1
0.38,1.01,0.12,-0.61,-1.59,1.53,1.09,2.28,43,805,151,1
0.39,1.09,0.11,0.61,-0.67,-8.67,1.17,8.71,40,806,153,0
0.42,0.97,0.06,3.42,0.00,-23.99,1.06,24.23,36,806,151,0
0.41,0.69,0.06,4.94,0.49,-17.88,0.81,18.56,33,803,150,1
0.41,0.45,0.05,5.07,-0.67,5.55,0.61,7.55,33,799,143,0
0.39,0.99,0.13,-8.91,1.16,21.79,1.07,23.57,37,801,139,0
0.43,1.28,0.05,-6.04,2.08,0.92,1.35,6.45,40,801,142,0
0.43,0.84,0.04,7.93,-0.12,-21.24,0.94,22.67,37,803,146,0
0.43,0.81,0.05,4.88,-0.85,-13.61,0.92,14.49,33,802,147,0
0.42,1.08,0.13,2.14,-0.73,-10.25,1.16,10.50,28,802,139,0
0.40,1.18,0.13,7.02,15.50,-34.48,1.25,38.46,22,798,136,0
0.45,0.84,0.09,9.03,1.34,-32.78,0.96,34.02,17,798,124,0
0.49,1.15,0.06,9.40,-0.06,-35.34,1.25,36.57,13,790,120,0
0.50,1.53,0.20,10.68,-1.65,-62.74,1.63,63.67,9,783,99,0
0.58,1.79,0.21,8.97,4.64,-118.53,1.89,118.96,6,782,77,0
0.56,1.62,0.08,36.74,8.54,-166.81,1.72,171.02,4,766,55,0
0.47,1.07,-0.04,46.69,6.71,-186.83,1.17,192.69,2,757,24,0
0.54,0.88,-0.08,55.11,-1.83,-186.28,1.03,194.27,1,753,13,0
0.05,0.14,-0.13,63.60,-11.66,-166.20,0.19,178.33,1,746,9,0
-0.68,0.12,-0.06,5.98,-19.53,34.18,0.69,39.82,1,747,2,0
-0.20,-0.11,-0.47,35.89,-9.64,58.65,0.52,69.44,1,730,1,0
-0.35,0.42,-0.07,-27.28,-20.08,67.99,0.55,75.96,1,733,2,0
-0.26,0.33,-0.12,-10.86,-9.22,85.82,0.44,86.99,1,740,1,0
-0.03,0.54,-0.09,-31.62,0.98,94.67,0.55,99.81,1,742,4,0
0.10,0.69,-0.05,-36.07,-3.11,113.16,0.70,118.81,1,746,2,0
0.42,0.79,-0.02,-45.90,-13.31,126.95,0.89,135.65,1,750,0,0
0.80,1.14,0.22,-67.02,-36.56,105.35,1.41,130.10,1,756,1,0
0.86,1.15,0.39,-50.96,-43.33,20.63,1.49,70.01,0,0,1,0
1.00,0.94,0.26,-65.19,-24.72,-25.94,1.40,74.38,0,0,0,0
1.11,0.94,0.35,-66.04,-13.79,-36.25,1.50,76.59,0,0,0,0
1.17,0.84,0.36,-52.06,-8.24,-52.12,1.49,74.13,0,0,0,0
1.27,0.84,0.32,-35.64,-9.95,-79.16,1.56,87.39,0,0,0,0
0.99,0.35,0.29,-41.08,-8.91,-84.35,1.09,94.24,0,0,0,0
0.88,0.48,0.41,-63.17,9.64,-28.32,1.08,69.90,0,0,0,0
1.09,0.66,0.35,-28.02,14.71,22.52,1.32,38.84,0,0,0,0
1.02,0.62,0.17,-14.53,-3.42,21.06,1.21,25.81,0,0,2,0
0.83,0.71,0.29,-23.25,-5.92,3.60,1.13,24.26,0,0,2,0
0.53,0.79,0.23,11.72,13.43,13.55,0.98,22.39,0,0,2,0
0.76,0.79,-0.05,30.76,23.19,19.04,1.10,42.97,0,0,1,0
0.72,0.51,-0.22,5.43,2.38,1.71,0.91,6.17,0,0,1,0
0.66,0.71,-0.01,-29.11,-18.19,-1.16,0.97,34.35,0,0,0,0
0.55,0.74,0.07,-29.48,-20.39,11.78,0.93,37.73,0,0,1,0
0.59,0.75,0.08,-16.85,-7.75,22.22,0.96,28.94,0,0,1,0
0.54,0.71,0.07,-7.32,4.33,12.76,0.90,15.33,0,0,3,0
0.57,0.84,0.07,7.02,15.62,31.43,1.02,35.80,0,0,2,0
0.84,1.00,-0.07,14.40,24.48,37.84,1.31,47.31,0,0,2,0
0.93,0.68,-0.22,5.98,17.70,-3.05,1.17,18.93,0,0,2,0
0.74,0.66,-0.11,-13.55,-4.70,-19.29,1.00,24.03,0,0,2,0
0.41,0.83,0.05,-17.70,-18.07,-1.46,0.93,25.33,0,0,0,0
0.61,1.02,0.03,-0.73,-12.33,20.51,1.19,23.94,0,0,3,0
1.39,0.86,0.06,7.69,-3.11,-24.78,1.64,26.13,1,794,7,0
0.65,0.68,0.36,69.76,-4.58,4.21,1.00,70.04,2,779,18,0
0.56,0.37,-0.36,108.46,6.29,55.36,0.76,121.93,3,775,28,0
0.49,1.46,0.16,26.00,-18.92,43.70,1.55,54.26,5,783,53,0
0.48,0.89,0.25,26.67,-13.73,37.05,1.04,47.67,7,777,74,0
0.44,0.97,0.22,6.41,-3.17,45.47,1.09,46.03,7,771,83,0
0.45,1.21,0.13,-8.36,2.81,27.59,1.29,28.96,8,773,88,0
0.49,1.01,0.04,-1.65,1.59,4.94,1.12,5.45,8,781,101,0
0.49,0.99,0.04,-0.18,-0.85,-3.11,1.11,3.23,10,787,110,0
0.47,0.89,0.15,1.53,-2.20,-8.97,1.02,9.36,11,787,117,0
0.47,0.88,0.09,-2.01,0.67,-10.74,1.00,10.95,12,794,115,0
0.49,0.75,0.04,2.56,-1.28,-5.80,0.89,6.47,12,792,124,1
0.47,0.81,0.09,1.83,-2.20,-1.53,0.94,3.24,14,796,126,0
0.45,0.76,0.12,1.53,-1.34,1.28,0.89,2.40,15,799,127,0
0.44,0.77,0.08,-0.49,0.98,6.59,0.89,6.68,16,802,138,0
0.49,0.82,0.04,-0.12,0.37,12.08,0.96,12.09,16,805,141,0
0.47,0.93,0.08,3.78,-1.65,15.75,1.04,16.28,17,805,142,1
0.44,0.90,0.14,4.09,-0.73,14.71,1.01,15.28,17,807,152,1
0.43,0.87,0.14,3.91,0.24,13.61,0.98,14.16,16,813,148,0
0.43,0.75,0.11,-2.32,3.42,19.17,0.87,19.61,17,811,151,2
0.44,1.02,0.06,-7.93,1.34,21.24,1.11,22.71,20,812,153,0
0.44,1.09,0.06,-1.46,-1.16,12.33,1.18,12.47,21,809,150,0
0.40,0.94,0.14,4.70,-2.75,3.48,1.04,6.46,21,804,154,0
0.40,0.83,0.11,0.98,-1.04,2.56,0.93,2.93,21,807,152,1
0.41,0.93,0.11,-3.78,-0.49,-0.37,1.02,3.83,22,801,158,0
0.42,0.95,0.07,-5.68,0.43,-4.39,1.04,7.19,23,802,159,0
0.43,0.84,0.05,-3.97,0.18,-7.57,0.94,8.55,24,801,150,0
0.41,0.66,0.10,-6.77,-1.10,5.43,0.78,8.75,25,799,154,0
0.42,1.01,0.08,-8.18,-2.50,11.60,1.09,14.41,29,796,159,1
0.45,1.00,0.02,7.08,-5.80,1.28,1.10,9.24,32,798,157,1
0.39,0.74,0.10,15.08,-9.22,1.16,0.85,17.71,32,793,161,0
0.36,0.69,0.19,12.27,-7.69,9.40,0.80,17.26,32,792,155,1
0.42,1.12,0.05,-2.99,-3.48,13.92,1.19,14.65,35,792,161,0
0.38,0.93,0.12,0.61,-1.65,2.26,1.01,2.86,38,788,164,1
0.35,0.85,0.22,-7.20,1.65,-0.73,0.95,7.42,41,784,161,0
0.41,0.93,0.02,-12.21,5.31,0.67,1.02,13.33,45,782,163,0
0.42,1.08,0.03,-3.48,2.38,-7.69,1.16,8.77,44,786,164,0
0.39,0.87,0.07,5.86,-1.59,-12.51,0.96,13.91,45,784,157,0
0.38,0.68,0.12,5.37,-0.92,1.28,0.79,5.60,43,784,162,2
0.40,1.03,0.05,-0.12,-0.92,13.43,1.11,13.46,44,783,161,0
0.38,1.18,0.16,0.12,-1.65,1.40,1.25,2.17,46,783,164,0
0.41,1.12,0.04,1.89,0.67,-13.06,1.20,13.21,44,784,166,1
0.40,0.79,0.09,12.02,-1.10,-22.52,0.89,25.55,43,786,159,2
0.39,0.54,0.10,9.09,-0.67,-9.03,0.67,12.84,40,788,154,0
0.41,1.08,0.13,-2.75,0.79,-1.04,1.16,3.04,41,791,157,0
0.42,1.12,0.10,5.25,0.43,-19.17,1.20,19.88,40,794,158,0
0.43,0.89,0.09,13.06,-0.31,-30.33,0.99,33.03,37,795,151,0
0.43,0.57,0.09,15.99,-2.08,-20.32,0.72,25.94,32,798,152,1
0.43,0.86,0.15,8.36,-1.77,-4.88,0.97,9.84,33,798,158,1
0.45,1.14,0.17,1.71,0.00,-13.12,1.23,13.23,30,803,154,0
0.40,0.97,0.15,3.17,3.78,-32.17,1.06,32.54,28,807,159,0
0.49,1.05,0.13,-1.22,5.62,-39.98,1.16,40.39,23,816,153,0
0.50,1.00,0.07,4.88,2.93,-50.05,1.12,50.37,18,818,148,0
0.54,0.75,0.03,13.85,-2.01,-49.19,0.92,51.15,15,821,138,0
0.53,0.73,0.15,19.17,-4.03,-44.92,0.91,49.01,11,817,128,0
0.55,0.60,0.14,21.67,-5.13,-34.00,0.83,40.64,8,811,122,0
0.58,0.76,0.15,19.65,-6.53,-19.59,0.97,28.51,6,808,107,0
0.60,0.91,0.17,23.99,-9.03,-18.55,1.10,31.64,5,809,97,0
0.61,0.96,0.17,28.02,-11.41,-28.93,1.15,41.86,4,811,86,0
0.57,1.38,0.37,17.21,-11.66,-48.71,1.54,52.96,4,807,81,0
0.60,1.31,0.30,22.40,-4.33,-85.82,1.47,88.80,3,810,65,0
0.66,1.30,0.26,34.73,0.00,-129.64,1.48,134.21,2,809,52,0
0.66,1.23,0.23,58.29,-0.43,-150.88,1.42,161.75,1,803,36,0
0.84,0.85,0.11,77.76,-1.89,-158.26,1.20,176.34,1,795,16,0
0.30,0.27,0.02,80.93,-10.38,-113.40,0.41,139.71,0,0,9,0
-1.02,-0.03,-0.50,12.57,-23.80,19.35,1.14,33.15,0,0,3,0
-0.62,-0.11,-0.40,-20.94,23.44,40.10,0.75,50.95,0,0,1,0
-0.34,0.59,-0.18,-70.37,51.03,95.03,0.70,128.79,0,0,3,0
0.19,0.57,-0.25,-33.75,27.16,108.83,0.65,117.13,0,0,4,0
0.38,0.67,-0.13,-43.21,-34.36,117.86,0.78,130.15,0,0,4,0
0.39,0.80,0.17,-44.98,-71.17,107.30,0.90,136.39,0,0,2,0
0.56,0.89,0.25,-53.71,-49.87,72.69,1.08,103.23,0,0,1,0
0.78,0.95,0.28,-63.96,-30.21,24.17,1.26,74.76,0,0,2,0
0.78,0.99,0.39,-66.47,-12.02,-1.95,1.32,67.57,0,0,1,0
0.94,0.84,0.32,-62.93,6.77,-4.70,1.30,63.47,0,0,0,0
1.13,0.78,0.25,-82.28,8.06,-5.86,1.39,82.88,0,0,0,0
1.18,0.78,0.37,-97.41,-1.83,-22.03,1.46,99.89,0,0,0,0
1.05,0.83,0.52,-80.14,-4.39,-29.30,1.43,85.44,0,0,0,0
0.92,0.53,0.41,-59.63,17.46,-14.28,1.13,63.75,0,0,0,0
0.91,0.77,0.47,-49.56,39.61,4.88,1.28,63.63,0,0,0,0
0.91,0.65,0.30,-7.20,47.00,11.05,1.15,48.81,0,0,0,0
0.92,0.63,0.09,-4.70,34.06,10.38,1.12,35.91,0,0,1,0
0.80,0.62,0.07,-13.92,10.50,12.33,1.02,21.35,0,0,0,0
0.64,0.70,0.15,-15.26,-0.12,26.79,0.96,30.83,0,0,1,0
0.60,0.72,0.12,-0.18,7.20,33.63,0.94,34.39,0,0,3,0
0.78,0.92,0.07,10.80,19.35,29.66,1.21,37.03,0,0,2,0
0.80,0.85,0.01,24.23,24.11,12.33,1.17,36.34,0,0,0,0
0.65,0.67,-0.13,27.53,35.71,5.98,0.94,45.48,0,0,3,0
0.61,0.58,-0.20,2.62,46.81,6.96,0.86,47.40,0,0,2,0
0.76,0.91,-0.06,-18.62,32.59,4.15,1.18,37.76,0,0,2,0
0.78,0.93,0.01,-11.84,5.98,0.43,1.21,13.27,0,0,3,0
0.61,0.83,-0.00,6.23,-12.76,0.67,1.03,14.21,0,0,4,0
0.51,0.66,-0.03,5.37,-13.98,4.70,0.84,15.69,0,0,3,0
0.69,0.92,0.09,0.61,1.40,-0.24,1.16,1.55,0,0,3,0
0.76,0.78,0.05,15.32,12.57,-20.94,1.09,28.83,0,0,3,0
0.77,0.68,0.04,25.33,6.41,-31.49,1.03,40.92,0,0,3,0
0.47,0.81,0.52,70.80,-2.08,12.33,1.07,71.90,1,797,9,0
0.47,0.84,0.15,105.35,6.16,37.35,0.97,111.94,2,771,18,0
0.81,0.69,-0.41,35.03,-6.90,52.61,1.14,63.58,3,778,37,0
0.60,0.60,-0.04,37.66,-11.96,46.08,0.85,60.70,6,775,65,0
0.47,0.83,0.15,11.11,-10.93,70.98,0.97,72.67,9,774,92,0
0.40,1.28,0.23,-6.41,-4.09,67.99,1.36,68.42,12,770,102,0
0.41,1.17,0.15,-8.06,1.83,46.81,1.25,47.54,13,775,114,0
0.46,1.14,-0.00,-1.71,-0.12,22.28,1.23,22.34,13,781,117,0
0.42,0.89,0.05,11.47,-3.78,8.36,0.99,14.69,12,788,120,0
0.40,0.97,0.09,5.68,-3.97,6.29,1.05,9.35,12,791,124,1
0.40,0.92,0.10,4.27,-2.62,0.24,1.01,5.02,14,790,124,0
0.38,0.74,0.12,-1.22,-0.92,2.08,0.84,2.58,15,785,125,0
0.39,0.82,0.11,-10.44,2.81,9.34,0.91,14.28,16,786,137,0
0.43,1.12,-0.03,-16.66,6.71,11.47,1.20,21.32,18,790,142,0
0.42,0.95,-0.00,-0.67,-0.61,4.76,1.04,4.85,21,789,145,1
0.38,0.82,0.07,4.21,-3.72,6.90,0.91,8.90,21,794,148,0
0.38,0.84,0.09,0.67,-3.23,12.76,0.93,13.18,22,791,149,0
0.37,0.82,0.07,-2.44,-3.60,16.17,0.90,16.75,25,790,151,0
0.36,0.96,0.08,-4.15,-3.54,20.81,1.03,21.52,29,786,151,0
0.35,1.00,0.09,-0.06,-3.91,17.88,1.06,18.31,35,786,152,0
0.34,0.98,0.06,5.37,-2.99,13.06,1.04,14.44,39,786,161,0
0.32,0.92,0.15,5.86,-3.17,9.03,0.98,11.23,42,788,159,0
0.33,1.08,0.10,-1.59,-1.10,4.70,1.14,5.08,48,783,163,0
0.35,0.90,0.06,3.11,-0.92,-0.61,0.97,3.30,46,785,162,0
0.33,0.77,0.08,1.22,-1.46,7.51,0.84,7.75,45,785,160,2
0.33,1.05,0.09,-0.49,-0.98,8.18,1.10,8.25,50,783,162,0
0.33,0.95,0.10,2.99,-0.12,0.92,1.01,3.13,52,781,155,0
0.32,0.96,0.09,1.59,1.40,-1.34,1.02,2.51,55,785,163,0
0.35,1.00,0.03,1.71,0.18,-1.65,1.06,2.38,51,786,159,1
0.30,0.88,0.17,1.34,-0.67,-5.98,0.95,6.17,52,782,152,1
0.33,0.86,0.07,-2.99,4.46,-4.88,0.92,7.26,52,783,158,0
0.34,0.87,0.02,-0.43,3.23,-2.26,0.93,3.97,50,784,150,0
0.32,0.92,0.09,-1.28,-0.18,7.57,0.98,7.68,54,782,154,0
0.31,1.03,0.13,0.12,-1.10,-0.18,1.08,1.12,57,782,161,0
0.34,1.01,0.06,-3.05,1.28,-5.31,1.06,6.26,58,784,153,0
0.34,0.78,0.02,3.48,-0.43,-2.93,0.85,4.57,61,783,158,2
0.31,0.93,0.16,0.24,-2.56,11.96,0.99,12.24,62,782,161,3
0.28,1.20,0.11,-1.65,-2.32,6.71,1.23,7.29,65,782,161,1
0.32,1.14,0.14,-2.20,0.43,-10.74,1.19,10.97,67,785,156,0
0.32,0.94,0.10,-6.23,5.68,-23.74,0.99,25.19,61,790,161,2
0.34,0.84,0.05,-7.69,3.72,-17.82,0.91,19.76,62,789,158,0
0.35,0.90,0.10,-3.66,-0.92,-4.94,0.97,6.22,65,789,164,0
0.33,1.07,0.12,-2.38,0.12,-16.48,1.13,16.65,62,793,163,0
0.36,1.00,0.07,1.83,1.83,-24.90,1.06,25.04,58,798,155,0
0.38,0.78,0.04,6.47,1.28,-22.16,0.87,23.12,53,802,156,0
0.39,0.73,0.02,10.80,-1.83,-9.64,0.83,14.60,52,802,162,1
0.38,0.93,0.07,9.95,-2.99,-4.03,1.01,11.14,48,802,154,0
0.36,1.09,0.16,8.18,-1.65,-11.96,1.16,14.58,45,806,163,0
0.41,0.96,0.07,6.96,0.98,-20.75,1.04,21.91,37,811,162,0
0.41,0.86,0.05,10.44,0.55,-20.32,0.96,22.85,29,809,151,3
0.38,0.90,0.20,5.92,-0.98,-11.66,1.00,13.11,26,806,149,0
0.45,0.99,0.06,3.30,1.77,-16.60,1.09,17.02,23,809,144,0
0.44,1.10,0.09,7.14,0.31,-25.94,1.19,26.91,19,811,146,0
0.45,0.92,0.11,15.87,-1.22,-35.28,1.03,38.70,15,809,131,0
0.45,0.79,0.11,19.17,-2.56,-33.57,0.92,38.74,12,807,123,0
0.47,0.76,0.12,20.45,-5.98,-21.42,0.90,30.21,9,806,119,0
0.48,1.00,0.17,18.49,-8.06,-16.72,1.12,26.20,8,807,111,0
0.50,1.18,0.22,17.94,-5.92,-32.47,1.30,37.57,6,805,90,0
0.47,1.26,0.16,20.81,-1.53,-73.67,1.36,76.57,5,807,80,0
0.54,1.29,0.17,25.94,-1.65,-102.91,1.41,106.14,3,801,61,0
0.59,1.28,0.19,42.36,-2.32,-128.23,1.42,135.07,2,798,51,0
0.68,1.29,0.14,60.73,-3.97,-145.14,1.46,157.38,2,779,31,0
0.60,0.40,-0.08,69.70,-9.28,-128.17,0.73,146.20,1,757,15,0
-0.41,-0.05,-0.23,32.65,-29.24,-60.49,0.47,74.70,1,755,8,0
-0.64,0.47,-0.08,12.45,-32.10,17.76,0.80,38.75,1,749,5,0
-0.55,-0.07,-0.34,15.38,-9.77,29.72,0.65,34.86,0,0,4,0
-0.27,0.61,-0.03,-31.13,5.07,69.95,0.67,76.73,0,0,3,0
0.15,0.61,-0.06,-37.84,5.92,74.95,0.63,84.17,0,0,3,0
0.51,0.89,0.07,-42.91,-11.84,71.59,1.03,84.30,0,0,5,0
0.59,0.88,0.13,-44.74,-34.79,68.97,1.06,89.27,0,0,2,0
0.78,0.91,0.20,-61.22,-34.79,48.71,1.21,85.62,0,0,2,0
0.80,1.06,0.34,-60.73,-25.57,8.61,1.37,66.45,0,0,1,0
0.70,0.85,0.29,-57.13,-7.87,-11.84,1.14,58.87,0,0,0,0
0.81,0.85,0.25,-72.81,8.42,-4.94,1.20,73.47,0,0,0,0
0.96,0.90,0.23,-73.06,8.00,1.71,1.34,73.52,0,0,0,0
1.05,0.94,0.34,-59.69,-7.14,-14.71,1.45,61.89,0,0,0,0
0.76,0.61,0.40,-52.00,-8.73,-30.58,1.05,60.95,0,0,0,0
0.69,0.76,0.51,-52.92,12.70,-17.52,1.15,57.17,0,0,0,0
0.72,0.95,0.45,-3.91,33.20,0.49,1.28,33.44,0,0,0,0
0.73,0.51,0.05,38.94,37.66,3.11,0.89,54.26,0,0,0,0
0.67,0.32,-0.07,-2.20,35.16,0.18,0.75,35.23,0,0,0,0
0.67,0.69,0.10,-34.73,36.44,5.68,0.97,50.66,0,0,0,0
0.76,0.78,0.14,-17.09,36.44,15.32,1.10,43.06,0,0,0,0
0.75,0.72,0.06,7.69,25.63,17.76,1.04,32.12,0,0,1,0
0.67,0.61,0.09,-2.75,29.85,19.35,0.91,35.67,0,0,0,0
0.76,0.80,0.04,0.12,43.46,34.79,1.10,55.67,0,0,1,0
0.89,0.82,-0.05,19.47,43.95,28.44,1.21,55.85,0,0,2,0
0.82,0.62,-0.10,17.64,31.74,5.86,1.03,36.78,0,0,2,0
0.75,0.66,-0.05,-5.31,20.08,-6.41,1.00,21.74,0,0,0,0
0.71,0.78,-0.02,-7.93,5.80,-3.60,1.05,10.47,0,0,2,0
0.74,0.79,-0.07,-8.79,-7.51,-0.37,1.09,11.56,0,0,2,0
0.74,0.82,0.01,-13.98,-26.37,-7.02,1.10,30.66,0,0,2,0
0.69,1.00,0.21,10.25,-27.16,-16.97,1.24,33.63,0,0,1,0
0.68,0.90,0.19,39.31,-13.00,-28.02,1.14,49.99,0,0,0,0
0.34,0.44,0.10,120.85,1.28,47.30,0.57,129.78,1,784,11,0
0.57,0.35,-0.33,80.14,-4.39,48.46,0.74,93.76,2,771,23,0
0.36,1.08,0.46,21.36,-14.40,81.54,1.23,85.52,6,779,61,0
0.44,1.45,0.14,21.42,-9.09,85.02,1.52,88.15,8,778,88,0
0.42,1.15,0.17,25.51,-8.97,51.27,1.23,57.97,10,775,100,0
0.40,1.09,0.18,12.57,-3.05,32.59,1.17,35.07,10,779,107,0
0.40,1.15,0.08,1.71,-0.49,8.18,1.22,8.37,10,783,111,1
0.40,0.87,0.10,10.68,-3.66,-8.30,0.96,14.01,11,789,117,1
0.39,0.89,0.17,2.75,-3.17,-8.79,0.98,9.74,12,789,121,0
0.39,0.83,0.16,-2.50,-0.98,-8.79,0.93,9.19,13,791,126,0
0.40,0.89,0.12,-8.61,0.73,-5.74,0.98,10.37,15,792,127,0
0.42,0.94,0.04,-5.49,1.77,-8.73,1.04,10.46,17,798,132,0
0.42,0.83,0.12,0.12,-0.85,-8.18,0.93,8.22,20,802,141,0
0.39,0.79,0.15,-0.98,1.59,-1.46,0.90,2.37,21,804,142,0
0.43,0.87,0.07,-6.04,3.60,5.07,0.97,8.67,22,810,146,0
0.42,0.88,0.08,0.92,-0.43,4.09,0.98,4.21,23,811,145,0
0.41,0.89,0.11,-0.49,-1.16,4.76,0.99,4.92,23,814,150,0
0.41,0.95,0.09,-2.32,-0.43,6.71,1.03,7.12,24,815,152,0
0.42,0.84,0.06,5.13,-2.14,3.54,0.94,6.59,24,811,147,0
0.38,0.81,0.13,1.22,-2.32,7.69,0.90,8.12,26,808,148,0
0.39,0.92,0.11,-2.81,-0.67,10.62,1.00,11.01,28,803,151,0
0.44,0.97,0.02,5.31,-1.77,7.14,1.06,9.07,28,805,147,0
0.39,0.94,0.09,11.05,-4.52,1.89,1.02,12.08,28,804,154,1
0.39,0.84,0.16,10.80,-4.03,4.76,0.94,12.47,29,806,152,0
0.36,0.86,0.13,6.23,-2.44,13.85,0.94,15.38,27,803,151,1
0.36,0.95,0.16,2.26,-1.53,10.56,1.03,10.91,30,799,146,0
0.35,0.81,0.17,-5.86,1.10,5.13,0.90,7.86,33,796,155,0
0.36,0.77,0.11,-12.15,4.15,10.01,0.86,16.28,37,792,152,1
0.37,0.82,0.03,-8.36,2.01,23.38,0.90,24.91,39,791,156,0
0.36,1.17,0.11,1.53,-3.17,18.31,1.22,18.65,45,794,157,1
0.33,1.12,0.16,3.23,-2.01,2.50,1.18,4.56,47,791,160,0
0.34,1.02,0.12,1.04,0.92,-12.08,1.09,12.16,46,791,151,0
0.37,0.98,0.05,-2.20,0.31,-12.51,1.05,12.71,45,795,159,0
0.36,0.99,0.10,4.76,-2.20,-13.49,1.06,14.47,46,792,156,0
0.36,0.84,0.11,10.13,-4.21,-15.62,0.92,19.09,49,789,162,1
0.35,0.78,0.17,3.72,-3.91,-9.52,0.87,10.94,46,792,152,0
0.38,0.79,0.11,2.99,-3.30,-1.34,0.88,4.65,49,790,154,0
0.37,0.96,0.13,1.46,-3.78,3.66,1.04,5.47,50,788,158,1
0.32,0.96,0.20,1.89,-1.71,0.00,1.03,2.55,55,789,160,0
0.37,0.96,0.12,-0.92,0.49,-8.00,1.04,8.06,56,785,159,0
0.38,0.89,0.09,7.63,-2.01,-12.02,0.97,14.38,55,786,159,0
0.36,0.75,0.16,11.60,-3.91,-6.29,0.85,13.76,52,787,152,0
0.36,0.97,0.22,0.37,-0.98,-2.50,1.06,2.71,54,785,159,1
0.40,1.03,0.12,-2.44,2.08,-11.29,1.11,11.74,55,787,160,0
0.39,0.89,0.13,6.23,-0.49,-15.93,0.98,17.11,50,791,152,0
0.38,0.84,0.18,3.48,-0.18,-13.73,0.94,14.17,50,794,156,0
0.39,1.15,0.17,-0.98,3.05,-19.96,1.22,20.21,44,796,157,0
0.42,1.06,0.11,4.88,4.52,-38.64,1.15,39.20,35,806,154,0
0.42,0.91,0.16,10.74,2.50,-46.33,1.01,47.62,28,805,146,1
0.46,0.53,0.10,10.38,1.34,-28.56,0.71,30.42,23,804,143,0
0.49,0.93,0.12,8.97,-0.55,-13.73,1.06,16.41,19,806,137,1
0.45,1.15,0.23,10.74,-1.40,-27.04,1.26,29.13,15,805,129,0
0.48,1.03,0.20,9.58,1.46,-46.88,1.15,47.87,11,803,122,0
0.51,1.07,0.18,4.46,4.39,-63.78,1.20,64.09,8,800,110,0
0.55,1.11,0.14,8.42,3.66,-82.95,1.24,83.45,5,794,88,1
0.59,1.10,0.12,20.02,-0.18,-99.98,1.25,101.96,4,792,73,0
0.63,1.09,0.12,42.30,-5.80,-115.91,1.26,123.52,3,785,53,0
0.69,0.87,0.07,57.74,-12.51,-119.08,1.11,132.93,2,778,35,0
0.68,0.74,0.07,65.98,-19.10,-114.20,1.01,133.26,1,770,24,0
0.30,0.47,-0.06,54.14,-28.75,-96.19,0.56,114.06,1,769,13,0
-0.48,0.14,-0.08,31.98,-37.78,-34.55,0.50,60.36,1,766,8,0
-0.34,0.14,-0.13,16.11,-10.19,21.61,0.39,28.82,0,0,4,0
-0.06,0.54,0.00,-24.60,6.77,58.84,0.55,64.13,0,0,5,0
0.18,0.51,0.04,-17.46,-2.62,71.23,0.54,73.38,0,0,4,0
0.24,0.71,0.19,-33.20,-5.86,75.93,0.77,83.08,0,0,4,0
0.42,0.69,0.15,-33.51,-2.93,79.04,0.82,85.90,0,0,2,0
0.54,0.88,0.28,-43.46,-2.50,76.42,1.07,87.94,0,0,2,0
0.64,0.91,0.30,-35.03,4.88,63.66,1.15,72.83,0,0,2,0
0.69,0.82,0.22,-26.43,2.38,40.04,1.09,48.03,0,0,0,0
0.56,0.83,0.26,-40.65,-0.92,22.03,1.04,46.25,0,0,0,0
0.58,0.78,0.29,-49.44,14.47,8.36,1.02,52.19,0,0,0,0
0.71,0.90,0.33,-58.65,37.54,-1.40,1.20,69.65,0,0,0,0
1.06,0.94,0.26,-46.81,51.21,-30.70,1.44,75.87,0,0,0,0
1.07,0.82,0.23,-36.50,40.28,-65.67,1.37,85.25,0,0,0,0
0.80,0.61,0.30,-30.40,42.18,-45.53,1.05,69.11,0,0,0,0
0.82,0.77,0.37,-16.11,59.51,-9.40,1.18,62.36,0,0,0,0
0.93,0.68,0.14,26.79,63.66,9.83,1.16,69.76,0,0,0,0
0.99,0.54,-0.05,29.85,46.63,12.88,1.13,56.84,0,0,0,0
0.85,0.45,-0.04,6.53,23.19,12.57,0.96,27.18,0,0,1,0
0.74,0.61,0.08,-5.43,11.78,28.02,0.96,30.87,0,0,1,0
0.77,0.76,0.10,8.00,13.85,40.65,1.09,43.68,0,0,1,0
0.86,0.77,0.01,21.97,14.10,26.61,1.15,37.28,0,0,1,0
0.78,0.56,-0.04,2.87,7.45,6.35,0.96,10.20,0,0,1,0
0.75,0.64,0.05,-10.19,6.65,10.99,0.99,16.40,0,0,2,0
0.80,0.78,0.05,-4.88,1.53,19.04,1.12,19.72,0,0,3,0
0.79,0.61,-0.06,-4.82,-4.76,10.74,0.99,12.70,0,0,3,0
0.75,0.73,0.00,-21.48,-8.91,1.46,1.05,23.31,0,0,3,0
0.65,0.77,0.01,-13.61,-9.40,-2.14,1.01,16.68,0,0,4,0
0.63,0.74,-0.06,-9.95,-5.98,-1.28,0.98,11.68,0,0,2,0
0.71,0.90,-0.01,-12.45,-5.25,-4.58,1.15,14.27,0,0,3,0
0.47,0.89,0.04,10.01,-5.49,-5.43,1.01,12.64,0,0,3,0
0.49,0.84,-0.11,10.01,-0.92,27.95,0.98,29.71,0,0,3,0
0.88,0.86,-0.11,-8.85,-10.99,12.51,1.23,18.86,0,0,2,0
0.91,0.74,0.03,-22.22,-23.25,-26.49,1.17,41.67,0,0,4,0
-0.00,0.84,0.62,-1.65,-33.45,-28.32,1.05,43.86,1,790,8,0
0.39,0.67,0.30,71.59,-13.43,16.72,0.83,74.74,2,772,15,0
0.53,0.67,0.10,19.47,-22.64,34.48,0.86,45.62,3,778,35,0
0.51,0.35,0.16,34.61,-14.28,49.56,0.64,62.11,6,780,75,0
0.46,0.93,0.20,-1.59,-4.03,75.74,1.06,75.87,9,785,102,0
0.49,1.18,0.08,-4.39,-0.37,54.69,1.28,54.87,12,789,118,0
0.47,1.16,0.09,-2.08,0.00,34.18,1.26,34.24,13,793,121,0
0.47,1.11,0.06,4.88,-0.92,14.22,1.20,15.06,13,799,127,0
0.46,0.90,0.05,10.80,-2.93,-0.61,1.01,11.21,12,807,122,0
0.43,0.80,0.13,8.91,-3.42,-3.30,0.92,10.10,12,807,127,0
0.46,0.86,0.07,0.67,-0.67,-0.98,0.97,1.36,12,808,127,0
0.44,0.90,0.09,-1.65,-1.16,-0.55,1.00,2.09,12,805,126,0
0.42,0.85,0.13,-4.21,-0.31,1.40,0.96,4.45,12,805,131,0
0.42,0.96,0.09,-14.71,2.38,5.92,1.05,16.03,14,803,132,0
0.44,0.90,0.08,-12.70,3.30,7.14,1.00,14.93,15,801,130,1
0.44,0.83,0.03,-5.92,1.28,9.52,0.94,11.29,17,802,138,1
0.45,0.97,0.02,-2.87,-0.43,11.05,1.07,11.42,18,798,138,1
0.43,0.90,0.07,1.77,-1.40,9.28,1.00,9.55,19,798,140,0
0.42,0.88,0.08,2.01,-1.10,10.19,0.98,10.45,20,797,148,0
0.42,0.84,0.05,4.15,-2.26,11.84,0.94,12.75,21,794,150,0
0.41,0.81,0.06,4.21,-3.42,15.38,0.91,16.31,22,796,150,0
0.38,0.89,0.04,-0.37,-4.39,22.16,0.97,22.59,24,795,146,0
0.37,1.08,0.13,6.77,-3.54,17.70,1.15,19.28,27,791,153,0
0.37,0.97,0.13,10.44,-2.93,9.52,1.05,14.43,28,791,153,1
0.40,0.87,0.08,9.95,-1.95,6.53,0.96,12.06,26,793,151,1
0.37,0.93,0.13,6.23,-3.97,8.54,1.00,11.29,28,792,150,1
0.35,0.98,0.15,-1.16,0.24,6.71,1.05,6.82,30,790,146,0
0.37,0.96,0.10,-5.13,3.36,3.60,1.04,7.11,30,792,146,0
0.37,0.88,0.08,-2.87,1.53,-0.18,0.96,3.25,32,792,151,0
0.36,1.01,0.08,-4.21,0.85,0.92,1.07,4.39,34,795,147,0
0.33,1.00,0.16,2.50,-1.22,-5.55,1.07,6.21,35,792,148,0
0.36,1.00,0.13,-0.61,1.77,-13.98,1.07,14.10,35,794,151,0
0.39,1.02,0.05,-0.92,4.46,-24.23,1.10,24.65,33,801,147,0
0.41,0.57,-0.01,10.62,-1.53,-21.48,0.70,24.01,30,798,141,0
0.36,0.77,0.16,3.85,-1.83,-2.01,0.87,4.71,30,796,147,1
0.38,0.88,0.12,-2.08,0.49,3.60,0.97,4.18,33,797,150,0
0.40,1.09,0.15,-6.41,3.85,1.16,1.17,7.56,35,802,141,0
0.41,0.99,0.09,-1.28,0.61,-5.68,1.07,5.85,34,805,146,0
0.37,0.87,0.15,3.54,-1.16,-7.32,0.96,8.22,36,803,150,0
0.38,0.81,0.09,-1.89,0.85,-1.95,0.89,2.85,37,798,149,1
0.41,0.97,0.07,-2.08,-0.24,0.49,1.05,2.15,37,799,146,1
0.39,0.96,0.10,1.77,-2.75,-1.04,1.04,3.43,41,798,153,1
0.37,1.02,0.18,0.37,-1.40,-4.15,1.10,4.40,43,797,154,1
0.42,0.98,0.06,-1.04,1.65,-13.79,1.06,13.93,41,800,155,0
0.42,0.71,0.02,8.97,-1.53,-10.50,0.82,13.89,39,798,146,0
0.39,0.84,0.12,9.46,-4.27,3.48,0.93,10.95,40,799,153,2
0.41,1.07,0.11,4.88,-2.87,-0.55,1.15,5.69,40,798,153,0
0.37,1.09,0.18,7.14,-1.22,-16.78,1.16,18.28,36,799,147,0
0.42,0.84,0.10,2.99,3.72,-24.60,0.94,25.06,33,801,152,0
0.45,0.90,0.07,5.00,0.73,-16.54,1.01,17.30,27,809,148,2
0.42,0.90,0.19,6.90,-1.71,-14.04,1.01,15.73,25,806,145,0
0.44,1.03,0.13,3.17,0.61,-18.07,1.12,18.35,22,812,139,1
0.46,0.98,0.11,5.43,1.16,-26.37,1.09,26.95,19,817,141,0
0.45,0.85,0.12,5.86,1.65,-33.81,0.96,34.36,16,814,137,0
0.48,0.61,0.07,1.22,3.30,-20.69,0.78,20.99,15,816,126,0
0.51,0.66,0.12,3.17,-0.43,-0.55,0.85,3.25,14,818,126,0
0.49,0.93,0.13,7.57,-3.05,4.82,1.06,9.48,13,816,121,0
0.50,0.94,0.15,9.83,-2.93,-0.37,1.08,10.26,11,815,114,0
0.48,0.95,0.14,10.86,-3.30,-7.51,1.08,13.61,10,810,112,0
0.48,0.95,0.18,10.44,-2.44,-15.44,1.08,18.80,8,808,99,0
0.49,0.93,0.19,7.63,-0.43,-23.74,1.07,24.94,7,805,92,0
