-,-,-
0.11,0.99,0.09,0.18,-0.24,-1.10,1.00,1.14,91,527,40,99
0.12,0.99,0.09,0.24,-0.18,-0.92,1.00,0.97,94,526,38,95
0.11,0.98,0.09,0.79,-0.43,-1.10,0.99,1.42,104,523,38,96
0.11,0.98,0.10,1.10,-0.37,-1.22,0.99,1.68,108,526,40,104
0.12,0.98,0.09,0.79,-0.24,-1.22,0.99,1.48,107,522,39,100
0.12,0.98,0.10,0.92,-0.43,-1.40,1.00,1.73,109,524,37,107
0.12,0.98,0.09,1.34,-0.61,-1.65,1.00,2.21,91,525,42,111
0.12,0.98,0.10,3.85,-1.10,-1.89,0.99,4.42,115,524,39,113
0.12,1.00,0.10,3.42,-0.67,-2.14,1.01,4.09,114,520,34,119
0.12,0.99,0.10,0.98,-0.49,-1.65,1.00,1.98,128,518,41,125
0.12,0.98,0.10,0.06,-0.43,-1.28,1.00,1.35,141,515,44,120
0.12,0.98,0.10,-0.61,-0.24,-1.10,0.99,1.28,152,514,47,127
0.12,0.98,0.10,-1.34,-0.55,-1.10,0.99,1.82,140,514,47,120
0.12,0.99,0.10,-1.28,-0.31,-1.16,1.00,1.76,133,515,49,121
0.11,0.99,0.10,-1.53,-0.12,-1.28,1.00,2.00,135,516,52,118
0.12,0.98,0.10,-1.89,0.98,-1.40,1.00,2.55,160,522,55,113
0.12,0.98,0.10,-2.38,0.61,-1.46,1.00,2.86,193,531,65,106
0.11,0.98,0.10,-2.32,0.98,-1.34,0.99,2.85,224,538,69,100
0.11,0.98,0.10,-3.66,1.65,-1.83,0.99,4.41,338,548,78,94
0.12,0.99,0.09,-3.97,1.65,-1.83,1.00,4.67,299,560,87,82
0.12,0.99,0.09,-3.42,0.98,-2.44,1.00,4.31,264,566,96,69
0.13,0.99,0.08,-3.48,0.49,-3.17,1.00,4.73,272,578,101,56
0.12,0.96,0.09,-1.40,-0.12,-3.78,0.98,4.04,257,587,104,47
0.13,0.99,0.08,-2.08,-0.24,-3.60,1.00,4.16,347,593,110,38
0.13,0.98,0.08,-1.16,-0.43,-2.44,1.00,2.74,300,600,110,34
0.14,0.97,0.08,2.99,-0.67,0.18,0.99,3.07,320,596,111,42
0.12,0.99,0.09,3.78,-0.92,2.01,1.00,4.38,317,582,103,56
0.12,0.98,0.09,1.16,-0.24,-1.10,0.99,1.62,322,580,104,56
0.13,0.98,0.09,0.85,0.06,-1.34,0.99,1.59,278,580,104,60
0.12,0.98,0.09,1.10,-0.24,-0.85,0.99,1.41,344,581,104,59
0.12,0.99,0.09,0.73,-0.43,-2.08,1.00,2.24,315,579,106,57
0.13,0.98,0.10,0.06,-0.49,-3.23,1.00,3.27,298,586,108,47
0.14,1.00,0.08,0.12,-0.79,-6.41,1.01,6.46,300,598,110,36
0.14,0.99,0.09,0.67,-0.49,-4.94,1.00,5.01,284,603,113,29
0.13,1.01,0.08,-0.24,-1.04,-7.45,1.03,7.52,331,618,115,20
0.16,1.18,0.07,3.05,-2.26,-12.70,1.19,13.25,290,639,120,13
0.15,0.95,0.12,14.16,-4.27,-14.34,0.97,20.60,233,658,121,9
0.16,0.99,0.10,12.02,-3.48,-12.02,1.00,17.36,215,682,123,5
0.18,1.05,0.09,12.63,-3.91,-11.72,1.07,17.67,189,705,127,2
0.18,1.20,0.12,23.74,-6.77,-16.30,1.22,29.58,161,723,132,0
0.15,1.20,0.18,19.71,-2.26,-49.99,1.22,53.78,121,742,132,0
0.20,1.22,0.14,10.31,5.62,-75.07,1.24,75.99,68,752,130,0
0.20,1.21,0.23,12.94,4.03,-93.81,1.25,94.78,35,761,126,0
0.24,1.19,0.16,14.04,8.00,-113.89,1.22,115.03,21,773,114,1
0.34,1.32,0.07,13.67,8.12,-129.82,1.37,130.79,11,771,103,0
0.29,1.42,0.17,19.29,8.54,-158.57,1.46,159.97,6,760,77,0
0.32,1.35,0.13,41.44,7.63,-185.85,1.40,190.57,3,754,61,0
0.32,1.29,0.15,66.77,7.63,-194.58,1.34,205.86,2,761,41,0
-0.00,0.69,-0.02,98.88,10.62,-167.11,0.69,194.46,2,740,27,0
-0.60,-0.41,-0.57,38.64,-5.00,-104.61,0.92,111.63,1,724,10,4
-1.25,-0.12,0.02,6.71,14.40,-29.97,1.25,33.92,0,0,0,4
-0.96,0.32,-0.37,-37.90,56.64,92.90,1.08,115.21,0,0,0,2
-0.11,0.71,-0.41,-39.73,32.47,147.95,0.83,156.60,1,719,1,2
0.12,0.76,-0.31,-55.24,-25.51,151.25,0.83,163.02,1,718,3,1
0.36,1.13,-0.03,-60.24,-71.17,155.21,1.19,181.07,1,715,1,0
0.65,1.09,0.02,-64.94,-81.24,118.90,1.27,157.97,0,0,3,0
0.63,1.15,0.23,-101.32,-55.91,69.34,1.33,134.90,0,0,1,0
0.76,1.42,0.49,-84.11,-0.24,54.99,1.69,100.49,0,0,0,0
1.05,1.06,0.29,-64.39,16.91,67.26,1.52,94.64,0,0,0,0
1.15,0.92,0.26,-77.51,10.99,70.13,1.50,105.11,0,0,1,0
1.17,0.98,0.27,-90.39,-2.32,49.26,1.55,102.97,0,0,2,0
0.97,0.93,0.23,-91.43,-25.57,25.09,1.36,98.20,0,0,0,0
0.70,1.04,0.48,-78.00,-39.06,41.08,1.34,96.42,0,0,0,0
0.60,0.96,0.56,-34.00,-23.13,56.76,1.26,70.09,0,0,0,0
0.49,0.89,0.46,-4.39,9.83,51.03,1.12,52.15,0,0,1,0
0.47,0.80,0.18,11.72,38.70,52.86,0.94,66.55,0,0,1,0
0.56,1.03,0.03,15.75,51.88,67.81,1.17,86.82,0,0,0,0
0.72,0.95,-0.02,34.36,38.15,52.31,1.19,73.29,0,0,0,0
0.69,1.02,-0.12,33.14,16.60,23.86,1.23,44.09,0,0,2,0
0.45,0.79,-0.17,21.91,-2.62,6.16,0.93,22.91,0,0,1,0
0.18,1.06,-0.05,-1.77,-6.71,5.19,1.08,8.67,0,0,0,0
0.03,1.20,0.03,0.73,-0.12,-0.79,1.20,1.09,0,0,0,0
0.21,1.17,-0.02,22.64,2.99,-6.84,1.19,23.84,0,0,1,0
0.49,0.90,-0.25,12.33,-1.89,-48.77,1.06,50.34,0,0,0,0
0.33,0.96,0.07,-22.28,8.79,-68.42,1.02,72.49,0,0,2,0
-1.31,3.98,1.49,-6.96,35.03,-39.00,4.45,52.89,2,739,7,0
-0.13,0.89,-0.55,165.59,105.29,65.61,1.06,206.90,6,693,20,0
0.03,1.51,-0.01,-21.24,-2.38,118.77,1.51,120.68,16,652,27,0
-0.14,0.51,0.15,62.74,-5.55,-10.62,0.55,63.88,41,545,30,39
0.13,0.93,0.16,34.55,-1.04,-12.27,0.95,36.67,57,547,34,69
0.13,0.97,0.12,-0.79,1.10,-4.03,0.99,4.25,66,565,44,69
0.09,1.01,0.08,-5.98,2.14,-3.42,1.01,7.21,70,569,48,66
0.13,1.00,0.06,1.53,0.98,-4.70,1.01,5.04,116,563,57,67
0.12,0.98,0.10,2.50,-0.61,-4.21,0.99,4.94,152,562,69,70
0.12,0.98,0.09,-0.12,-0.24,-3.91,1.00,3.92,202,563,81,75
0.12,0.99,0.09,-1.53,-0.06,-2.50,1.00,2.93,220,562,81,75
0.13,0.98,0.09,-0.37,-0.12,-1.77,0.99,1.81,270,564,88,71
0.12,0.99,0.08,-1.10,-0.43,-1.34,1.00,1.79,237,563,86,55
0.12,0.99,0.09,-1.77,-0.79,-1.22,1.00,2.29,270,557,91,62
0.12,0.98,0.10,-2.50,-0.31,-1.71,0.99,3.05,239,551,92,65
0.12,0.99,0.08,-5.55,0.73,-4.52,1.00,7.20,349,560,95,56
0.13,0.98,0.08,-2.20,0.43,-4.70,0.99,5.21,332,569,98,47
0.12,0.99,0.08,-2.26,-0.06,-4.58,1.00,5.10,292,574,100,38
0.14,0.99,0.08,-1.71,-0.37,-6.47,1.00,6.70,407,586,111,28
0.14,0.99,0.07,-1.22,-0.85,-6.84,1.00,7.00,349,596,109,23
0.14,0.98,0.07,-1.04,-0.98,-5.19,0.99,5.38,580,603,120,17
0.14,0.98,0.07,0.92,-1.65,-5.49,0.99,5.81,338,613,113,15
0.15,0.95,0.08,1.59,-1.04,0.24,0.97,1.91,424,609,120,23
0.14,1.00,0.08,1.46,-0.92,3.36,1.01,3.78,389,596,110,31
0.14,1.00,0.08,3.48,-1.40,-1.22,1.01,3.95,464,596,114,31
0.14,0.99,0.08,1.77,-1.22,-1.71,1.00,2.75,384,600,117,32
0.14,1.03,0.08,1.46,-1.71,-4.03,1.05,4.61,354,605,118,27
0.16,1.00,0.08,4.27,-3.05,-12.27,1.02,13.34,389,627,122,18
0.17,1.34,0.06,5.55,-5.00,-15.69,1.35,17.38,313,656,120,7
0.15,1.53,0.16,38.64,-18.01,-27.83,1.55,50.91,250,686,124,0
0.11,1.19,0.25,26.25,-12.45,-77.70,1.22,82.95,134,725,132,0
0.12,1.39,0.30,5.80,5.98,-108.83,1.43,109.14,92,747,132,0
0.16,1.71,0.14,-5.07,16.97,-172.42,1.73,173.33,41,773,127,1
0.21,1.32,0.01,19.71,10.25,-206.30,1.33,207.49,21,774,115,0
0.21,1.28,0.05,34.48,5.43,-224.06,1.30,226.76,11,770,97,0
0.10,1.08,0.13,65.37,7.93,-229.31,1.10,238.58,7,764,67,0
-0.30,0.31,-0.16,96.07,10.50,-219.54,0.47,239.87,4,743,37,0
-0.73,-0.41,-0.56,51.09,-9.22,-154.85,1.00,163.32,2,708,9,3
-0.88,-0.52,-0.13,-20.20,-0.43,-59.08,1.03,62.44,0,0,2,4
-0.80,0.69,0.13,-20.57,34.55,106.57,1.06,113.90,1,738,0,1
0.23,0.34,-0.51,5.74,19.04,150.33,0.66,151.64,1,728,1,2
0.29,0.75,-0.21,-44.25,-73.06,142.88,0.84,166.47,1,729,0,1
0.31,0.89,0.06,-38.09,-99.00,148.13,0.94,182.19,0,0,1,1
0.45,0.99,0.17,-56.52,-81.42,119.20,1.10,155.02,0,0,2,0
0.66,1.04,0.17,-79.04,-45.53,57.19,1.25,107.66,0,0,3,0
0.74,1.17,0.35,-96.80,-17.82,15.81,1.43,99.69,0,0,0,0
0.86,1.17,0.43,-86.24,6.47,14.40,1.51,87.68,0,0,0,0
1.00,1.16,0.48,-77.94,28.26,21.55,1.61,85.66,0,0,0,0
1.10,0.92,0.37,-54.93,39.73,29.48,1.48,73.93,0,0,0,0
1.14,0.92,0.21,-22.28,27.04,29.66,1.48,45.91,0,0,1,0
0.98,0.56,-0.01,-41.02,3.78,25.63,1.13,48.52,0,0,0,0
0.78,0.84,0.30,-73.97,-9.46,44.01,1.19,86.59,0,0,0,0
0.72,1.08,0.49,-29.36,-2.50,61.46,1.39,68.16,0,0,0,0
0.85,0.88,0.23,11.17,11.17,35.10,1.24,38.49,0,0,2,0
0.90,0.95,0.11,12.94,10.99,-5.25,1.31,17.77,0,0,4,0
0.78,0.57,-0.10,23.50,-5.19,-14.59,0.97,28.14,0,0,3,0
0.60,0.72,-0.03,-3.85,-20.20,-4.64,0.93,21.08,0,0,2,0
0.60,0.98,0.19,-6.71,-17.58,-4.64,1.17,19.38,0,0,0,0
0.70,1.09,0.33,17.46,18.86,-50.60,1.33,56.75,0,0,3,0
0.59,0.78,0.07,49.62,47.42,-64.21,0.99,93.99,0,0,1,0
-1.01,1.41,1.29,144.78,47.42,47.73,2.17,159.65,2,741,17,0
0.91,-0.12,-1.66,64.33,47.85,118.16,1.89,142.80,6,728,42,0
0.14,1.35,0.35,10.86,-12.27,94.48,1.40,95.89,18,731,73,0
0.15,1.31,0.25,-2.38,-7.57,99.49,1.35,99.80,38,733,86,0
0.19,1.15,-0.01,-7.69,-2.93,96.74,1.16,97.09,75,729,97,0
0.11,1.07,0.10,3.30,-9.03,78.92,1.08,79.50,115,712,98,0
-0.03,0.41,-0.02,-10.68,3.85,-0.12,0.41,11.35,256,643,111,17
0.15,1.02,0.07,11.11,-1.16,-1.89,1.04,11.33,278,623,117,23
0.14,0.95,0.06,2.20,0.37,1.46,0.97,2.67,280,615,114,33
0.15,1.03,0.05,9.03,-0.98,1.95,1.04,9.29,313,600,105,46
0.13,0.97,0.09,11.78,-2.01,2.32,0.98,12.17,269,581,100,55
0.13,0.98,0.08,3.48,-1.83,-0.06,0.99,3.93,378,576,95,62
0.14,0.98,0.08,0.67,-1.53,-0.55,1.00,1.76,317,566,87,79
0.13,0.98,0.08,0.18,-1.59,-0.49,0.99,1.67,334,563,85,81
0.13,0.98,0.08,-1.65,-0.06,-1.28,0.99,2.09,339,558,84,73
0.13,0.99,0.08,-1.71,-0.18,-1.04,1.00,2.01,274,554,86,81
0.13,0.98,0.08,-0.98,0.37,-1.10,0.99,1.51,339,559,87,78
0.13,0.99,0.07,-1.28,0.43,-0.85,1.00,1.60,373,559,86,73
0.13,0.99,0.07,-1.83,1.28,-1.34,1.00,2.61,261,566,90,67
0.13,0.98,0.07,-1.83,0.98,-1.46,0.99,2.54,302,574,91,61
0.13,0.99,0.07,-3.48,0.31,-2.69,1.00,4.41,284,585,99,55
0.14,1.00,0.07,-2.81,-0.18,-4.33,1.01,5.17,473,594,108,46
0.14,0.98,0.07,-1.22,-0.85,-5.25,0.99,5.46,340,602,111,40
0.13,1.00,0.04,-2.62,-1.28,-6.96,1.01,7.55,369,615,115,30
0.15,0.96,0.08,2.38,-2.01,-9.89,0.97,10.37,288,635,122,22
0.15,0.98,0.07,0.92,-1.83,-7.14,0.99,7.43,289,649,125,17
0.15,0.98,0.07,2.20,-1.89,-6.59,1.00,7.20,277,657,125,14
0.16,1.06,0.06,4.64,-2.26,-8.18,1.07,9.67,248,676,127,11
0.17,1.00,0.07,8.67,-2.75,-9.22,1.02,12.95,248,688,123,8
0.17,1.01,0.08,11.11,-3.48,-10.31,1.02,15.55,208,705,133,7
0.17,1.11,0.06,14.89,-4.88,-14.40,1.13,21.29,171,731,127,4
0.21,1.15,0.10,37.96,-8.24,-28.26,1.18,48.04,150,746,130,0
0.16,1.53,0.25,15.75,-0.73,-59.45,1.55,61.50,101,766,129,0
0.23,1.72,0.16,8.30,8.06,-105.29,1.74,105.92,48,777,132,1
0.19,1.45,0.12,14.16,11.29,-159.06,1.47,160.09,25,780,116,0
0.17,1.48,0.12,14.83,9.95,-194.76,1.50,195.58,11,774,95,1
0.24,1.58,0.13,27.40,12.21,-230.71,1.61,232.66,6,765,71,0
0.29,1.37,0.04,62.32,9.89,-244.08,1.40,252.10,4,755,48,0
-0.43,0.23,-0.34,105.35,5.74,-200.68,0.60,226.73,2,735,23,0
-1.72,-0.77,-0.73,49.13,-33.94,-66.96,2.03,89.71,1,723,2,5
-1.50,-0.34,0.13,-36.56,-20.14,58.23,1.54,71.64,0,0,1,5
-0.41,0.17,-0.40,-4.58,0.49,142.58,0.60,142.65,0,0,0,3
-0.05,0.83,-0.08,-54.75,-28.81,145.57,0.84,158.17,1,765,0,1
0.31,0.84,-0.11,-33.51,-65.55,147.89,0.90,165.20,1,759,4,3
0.58,1.09,0.05,-53.47,-78.43,108.89,1.24,144.45,0,0,2,1
0.62,0.93,0.04,-74.28,-62.93,33.33,1.12,102.90,0,0,1,0
0.59,1.31,0.52,-106.02,-20.87,11.35,1.53,108.65,0,0,0,0
0.80,1.13,0.45,-60.91,44.56,30.52,1.46,81.41,0,0,0,0
1.37,0.88,0.15,-68.30,63.66,28.93,1.64,97.75,0,0,0,0
1.36,0.86,0.24,-87.46,29.42,-7.39,1.63,92.57,0,0,0,0
0.99,0.92,0.39,-79.59,6.04,-15.26,1.40,81.26,0,0,0,0
0.83,0.66,0.22,-39.79,5.62,7.69,1.09,40.92,0,0,0,0
0.90,0.68,0.12,-43.95,7.26,39.00,1.14,59.20,0,0,0,0
0.95,1.00,0.24,-37.48,-0.37,46.33,1.40,59.59,0,0,0,0
0.82,0.82,0.25,-21.12,-2.93,34.73,1.18,40.75,0,0,0,0
0.75,0.87,0.21,-9.89,4.39,32.90,1.17,34.63,0,0,0,0
0.85,0.82,0.09,4.94,10.50,32.84,1.18,34.83,0,0,0,0
1.02,1.03,0.06,11.05,-0.55,2.20,1.45,11.28,0,0,0,0
0.72,0.95,0.17,24.05,-11.35,-43.33,1.20,50.84,0,0,0,0
0.41,0.73,0.09,26.86,0.85,-58.78,0.84,64.63,0,0,0,0
0.53,0.77,0.28,13.31,25.27,-45.78,0.98,53.95,1,787,4,0
0.13,1.81,-0.12,177.92,66.10,103.21,1.82,216.05,3,741,26,0
0.76,1.35,-1.40,-14.53,25.57,117.74,2.09,121.35,11,748,65,0
0.30,0.69,-0.12,34.97,-7.20,110.66,0.76,116.28,25,752,90,0
0.18,1.41,0.02,11.54,-9.95,98.21,1.42,99.38,49,743,102,0
0.17,1.44,0.08,17.64,-6.71,75.26,1.45,77.59,59,746,106,0
-0.02,1.95,0.04,1.46,-3.78,50.60,1.95,50.76,72,736,107,2
0.15,1.08,0.06,0.49,1.65,2.26,1.09,2.84,100,690,107,18
0.14,0.98,0.10,7.93,0.24,2.99,0.99,8.48,164,659,118,32
0.14,0.98,0.10,0.98,0.55,1.77,1.00,2.09,179,635,117,37
0.14,1.00,0.08,-0.18,-0.24,1.89,1.01,1.92,203,618,114,47
0.15,0.98,0.10,0.67,-1.77,0.43,0.99,1.94,240,603,109,51
0.13,0.98,0.09,-1.59,-0.67,-1.46,0.99,2.26,259,597,119,52
0.14,0.98,0.08,-1.40,-0.49,-1.59,1.00,2.17,292,591,114,48
0.14,0.98,0.09,0.00,-0.61,-0.79,0.99,1.00,392,590,121,51
0.14,0.98,0.08,-0.12,-0.73,-0.18,1.00,0.76,276,579,117,52
0.14,0.98,0.09,0.85,-1.22,0.73,0.99,1.66,309,573,112,59
0.13,0.98,0.08,2.14,-1.53,1.46,1.00,3.01,300,561,100,64
0.13,0.99,0.09,3.72,-1.22,0.79,1.00,4.00,404,555,92,66
0.13,0.98,0.10,4.39,-1.22,0.61,0.99,4.60,425,546,82,75
0.12,0.98,0.10,0.79,-0.79,0.18,0.99,1.14,297,541,78,79
0.12,0.98,0.09,0.12,0.24,-1.34,1.00,1.37,244,547,79,78
0.13,0.98,0.10,-0.85,-0.31,-1.22,0.99,1.52,264,547,83,80
0.13,0.99,0.09,0.06,-0.31,-1.40,1.00,1.44,354,553,88,77
0.13,0.98,0.10,0.31,-0.24,-1.59,0.99,1.63,329,553,90,77
0.13,0.98,0.10,0.00,-0.18,-1.77,0.99,1.78,308,553,88,74
0.14,0.98,0.10,0.06,-0.06,-1.89,0.99,1.89,276,556,94,72
0.13,0.99,0.09,-1.77,-0.12,-1.95,1.00,2.64,296,554,97,65
0.14,0.98,0.10,-0.79,-0.61,-3.23,0.99,3.39,322,560,99,57
0.13,0.99,0.08,-1.71,-1.10,-5.62,1.01,5.97,424,573,111,47
0.14,1.00,0.09,-0.37,-1.46,-9.77,1.02,9.88,296,597,111,29
0.15,1.02,0.09,1.40,-1.95,-13.37,1.03,13.58,252,633,118,15
0.20,1.31,0.02,8.61,-4.03,-21.61,1.33,23.60,246,683,131,8
0.18,1.07,0.11,25.57,-7.45,-28.93,1.09,39.32,198,733,136,4
0.17,1.40,0.20,41.56,-2.50,-49.44,1.42,64.64,113,765,141,0
0.14,1.44,0.14,18.49,10.44,-110.78,1.45,112.80,48,779,133,0
0.20,1.13,0.14,20.75,10.62,-136.23,1.16,138.21,25,780,127,0
0.22,1.33,0.15,14.22,9.70,-151.61,1.35,152.59,12,778,110,0
0.26,1.28,0.08,19.17,9.95,-189.09,1.31,190.32,7,769,75,0
0.34,1.25,0.10,46.45,3.97,-201.90,1.30,207.22,4,763,62,0
0.30,1.02,0.03,80.14,0.85,-198.55,1.06,214.11,3,757,37,0
-0.65,-0.13,-0.48,89.11,-4.94,-119.51,0.82,149.15,2,732,21,0
-1.63,-0.09,-0.46,36.32,-14.34,-39.00,1.69,55.19,1,697,5,3
-1.15,-0.03,-0.35,-14.34,27.04,20.14,1.20,36.64,1,719,2,2
-0.42,0.49,-0.26,-21.85,37.78,96.68,0.70,106.07,1,724,2,1
0.07,0.65,-0.32,-41.44,-2.50,113.46,0.73,120.82,1,729,1,3
0.25,0.96,-0.06,-50.96,-49.87,115.42,0.99,135.67,0,0,3,1
0.51,1.16,0.10,-42.79,-56.70,75.68,1.27,103.80,0,0,0,0
0.66,1.02,0.12,-50.23,-52.00,36.44,1.22,80.96,0,0,1,0
0.81,0.93,0.23,-69.27,-49.62,13.37,1.25,86.26,0,0,0,0
0.93,0.83,0.30,-94.73,-52.12,8.85,1.28,108.48,0,0,0,0
0.94,0.87,0.53,-120.00,-47.36,19.10,1.38,130.41,0,0,0,0
0.82,1.09,0.89,-96.50,-12.45,30.15,1.63,101.86,0,0,0,1
0.86,0.83,0.55,-21.55,38.57,32.17,1.32,54.65,0,0,0,0
1.02,0.60,0.19,-13.43,56.27,18.13,1.20,60.63,0,0,0,0
0.90,0.57,0.21,-45.96,44.80,-8.12,1.09,64.69,0,0,0,0
0.72,1.00,0.45,-53.22,45.90,-4.88,1.31,70.45,0,0,0,0
0.73,0.87,0.23,-2.26,50.84,13.31,1.16,52.60,0,0,0,0
0.81,0.72,-0.02,20.02,41.69,43.64,1.08,63.58,0,0,0,0
1.04,0.85,-0.08,20.69,20.63,58.23,1.35,65.15,0,0,0,0
1.26,0.96,-0.01,15.62,-2.32,23.74,1.58,28.52,0,0,0,0
1.07,0.74,0.10,10.68,-18.13,-34.97,1.31,40.81,0,0,2,0
0.93,0.70,0.06,17.15,-21.42,-42.24,1.16,50.37,0,0,0,0
-1.05,1.55,1.52,93.69,-4.03,137.45,2.41,166.39,3,744,18,0
0.91,1.40,-0.80,-7.02,2.75,130.13,1.85,130.35,8,738,56,0
0.35,0.72,-0.25,63.48,-9.70,108.89,0.84,126.41,16,743,84,0
0.17,1.15,0.18,37.41,-14.10,92.47,1.18,100.74,27,746,96,0
0.14,1.15,0.18,14.40,-8.48,78.00,1.17,79.77,37,743,99,0
-0.43,0.37,1.03,-2.38,-2.81,71.59,1.18,71.69,47,727,91,4
-0.09,-0.10,0.30,22.22,-2.01,5.74,0.32,23.03,96,662,102,27
0.16,1.20,0.03,0.12,1.34,1.77,1.21,2.23,142,634,104,43
0.14,1.01,0.08,8.06,-0.98,0.49,1.02,8.13,132,626,99,49
0.13,0.99,0.08,7.39,-1.22,2.08,1.00,7.77,130,613,93,59
0.12,0.98,0.09,5.00,-1.22,0.31,0.99,5.16,118,606,88,60
0.12,0.98,0.09,1.04,-0.73,-0.79,0.99,1.50,136,601,85,65
0.13,0.98,0.09,-0.67,-0.49,-0.98,1.00,1.28,120,602,87,65
0.12,0.98,0.09,-1.28,-0.18,-1.46,1.00,1.96,135,610,91,65
0.13,0.98,0.09,-1.46,-0.18,-1.89,0.99,2.40,123,622,93,62
0.13,0.98,0.09,-1.16,-0.49,-1.95,1.00,2.32,108,635,98,50
0.13,0.98,0.09,-1.16,-0.49,-2.08,0.99,2.43,107,638,94,54
0.13,0.99,0.08,-0.37,-0.67,-2.44,1.00,2.56,113,650,100,51
0.13,0.97,0.10,1.59,-0.92,-1.53,0.98,2.38,104,652,99,55
0.12,1.00,0.08,0.31,-0.49,-1.71,1.01,1.80,97,653,101,54
0.13,0.96,0.10,1.34,-0.73,-3.85,0.98,4.14,112,647,97,52
0.13,0.98,0.09,-0.92,-0.73,-2.93,1.00,3.16,143,629,105,55
0.14,0.98,0.09,-0.55,-1.53,-5.43,1.00,5.67,207,618,109,48
0.13,0.99,0.10,-1.77,-2.08,-5.37,1.00,6.02,250,614,109,43
0.14,1.01,0.07,-0.67,-2.20,-10.01,1.02,10.27,242,620,119,31
0.15,0.96,0.09,5.43,-3.23,-14.53,0.98,15.84,294,640,124,21
0.15,1.07,0.09,6.53,-3.30,-11.60,1.09,13.71,240,658,122,14
0.17,1.02,0.10,18.80,-5.62,-16.36,1.04,25.54,218,690,131,9
0.21,1.45,0.10,24.66,-7.32,-21.42,1.46,33.48,173,726,134,3
0.17,1.66,0.18,47.00,-8.91,-56.34,1.68,73.90,122,749,136,0
0.09,1.53,0.32,25.33,2.08,-111.08,1.56,113.95,44,771,137,0
0.20,1.34,0.16,22.16,11.23,-143.68,1.36,145.81,28,770,123,0
0.14,1.35,0.20,16.60,11.35,-168.33,1.37,169.53,13,765,102,0
0.28,1.32,0.09,14.71,13.18,-196.59,1.36,197.58,7,768,82,0
0.34,1.30,0.08,50.90,3.42,-209.90,1.34,216.01,5,771,59,0
0.18,0.81,-0.21,104.31,4.82,-197.51,0.86,223.41,3,766,41,0
-0.29,0.06,-0.65,80.93,-23.80,-154.85,0.71,176.34,2,734,19,0
-1.41,-0.59,-0.43,32.84,-61.16,-78.55,1.59,104.83,1,707,1,0
-1.22,0.43,0.06,-48.71,-16.05,31.43,1.30,60.15,0,0,1,3
-0.36,0.31,-0.32,-8.30,22.52,103.15,0.57,105.91,0,0,0,0
0.05,0.62,-0.30,-52.73,9.40,109.99,0.69,122.34,0,0,2,0
0.26,0.77,-0.11,-54.32,-21.91,99.43,0.83,115.40,0,0,1,0
0.25,0.93,0.14,-70.43,-37.90,98.63,0.97,126.99,0,0,0,0
0.44,1.15,0.29,-67.38,-22.77,93.63,1.26,117.58,0,0,0,0
0.77,1.01,0.25,-53.71,-9.40,63.96,1.30,84.05,0,0,1,0
0.86,0.87,0.27,-71.84,9.58,35.03,1.26,80.50,0,0,0,0
1.06,1.03,0.45,-87.28,31.56,23.44,1.55,95.72,0,0,0,0
1.07,0.92,0.47,-66.47,39.25,19.41,1.49,79.59,0,0,0,0
1.00,0.78,0.40,-55.36,48.95,15.32,1.33,75.47,0,0,0,0
1.07,0.93,0.35,-49.19,59.81,18.92,1.46,79.72,0,0,0,0
1.13,0.90,0.26,-20.94,56.70,24.35,1.47,65.16,0,0,0,0
1.00,0.72,0.13,5.68,34.55,24.90,1.24,42.96,0,0,1,0
0.90,0.73,0.08,-15.26,19.84,34.12,1.16,42.31,0,0,0,0
0.96,0.91,0.15,-18.62,2.26,40.59,1.33,44.71,0,0,0,0
1.04,0.84,0.13,0.43,-12.45,31.19,1.35,33.59,0,0,1,0
1.12,1.00,0.14,8.61,-22.89,-13.18,1.51,27.78,0,0,2,0
0.96,0.74,0.10,19.84,-26.67,-63.54,1.22,71.71,0,0,0,0
-0.67,1.37,0.70,12.39,-20.08,-52.12,1.68,57.22,2,771,9,0
0.22,1.03,-0.40,169.62,71.04,141.05,1.12,231.76,4,733,31,0
0.28,2.00,-0.16,-38.21,-22.83,109.44,2.02,118.14,11,734,67,0
0.28,1.09,0.06,1.77,-5.13,95.09,1.13,95.25,30,736,88,0
0.13,1.26,0.11,0.98,-3.66,93.69,1.27,93.77,64,733,100,0
0.22,1.11,0.06,11.84,-4.76,60.49,1.13,61.82,107,726,112,0
-0.13,0.88,0.53,-9.09,-2.32,52.43,1.04,53.26,183,698,115,3
0.07,0.65,0.16,16.97,-0.98,1.53,0.68,17.06,193,670,118,18
0.13,1.03,0.06,-1.34,1.04,2.93,1.04,3.39,261,649,116,26
0.12,1.00,0.07,2.50,-0.18,1.34,1.01,2.85,276,640,116,31
0.12,1.00,0.06,1.04,-0.18,-0.92,1.01,1.40,261,633,118,37
0.13,0.99,0.06,0.61,-0.43,-1.83,1.00,1.98,278,641,117,35
0.13,0.98,0.07,0.00,-0.31,-0.98,0.99,1.02,225,651,119,33
0.13,0.99,0.07,0.06,-0.06,0.55,1.00,0.56,212,651,113,34
0.13,0.98,0.07,1.34,-0.12,0.73,0.99,1.53,259,653,116,40
0.12,0.99,0.07,1.46,-0.12,0.00,1.00,1.47,257,648,109,40
0.11,0.98,0.07,-0.12,-0.31,-0.37,0.99,0.49,206,644,112,45
0.13,0.97,0.07,0.55,-0.37,0.37,0.99,0.75,202,638,108,45
0.13,0.99,0.07,2.14,-0.73,1.65,1.00,2.80,207,619,98,54
0.12,0.98,0.08,2.01,-0.31,-0.37,0.99,2.07,214,606,97,58
0.11,1.01,0.06,0.55,-0.55,0.12,1.02,0.79,250,601,90,60
0.12,1.00,0.07,1.83,-0.73,-1.34,1.01,2.39,214,601,92,58
0.12,0.98,0.08,0.55,-0.85,-1.65,0.99,1.94,334,591,94,58
0.12,0.99,0.07,-0.61,-0.61,-3.30,1.00,3.41,259,596,102,52
0.12,0.98,0.08,-1.65,-0.85,-3.72,0.99,4.16,302,597,101,46
0.13,1.00,0.07,-1.77,-1.40,-5.80,1.01,6.22,292,604,109,37
0.14,0.98,0.07,2.56,-1.89,-7.69,0.99,8.32,315,615,111,30
0.13,1.00,0.07,2.08,-2.26,-7.63,1.02,8.22,282,631,115,22
0.13,1.00,0.06,3.91,-3.11,-15.08,1.01,15.88,254,660,124,12
0.16,1.01,0.10,22.71,-6.35,-19.10,1.03,30.34,339,681,129,8
0.18,1.38,0.03,33.75,-9.52,-25.51,1.39,43.37,225,703,135,0
0.09,1.41,0.28,47.00,-12.82,-58.53,1.44,76.15,172,736,135,0
0.16,1.21,0.23,20.63,0.49,-94.60,1.24,96.83,102,767,146,1
0.16,1.50,0.24,8.00,9.52,-114.07,1.53,114.75,51,779,145,1
0.23,1.43,0.15,14.47,13.85,-148.50,1.46,149.84,30,769,132,0
0.12,1.39,0.22,17.94,13.85,-180.48,1.42,181.90,17,777,119,0
0.26,1.16,0.07,41.44,15.93,-204.90,1.20,209.65,10,773,90,0
0.23,0.98,0.11,59.69,17.76,-207.34,1.01,216.49,7,770,72,0
0.02,0.44,-0.27,84.84,18.43,-201.84,0.52,219.72,4,752,36,0
-1.10,-0.13,-0.36,53.16,-15.69,-149.54,1.17,159.48,2,716,8,0
-0.81,-0.61,-0.25,-3.66,1.95,-52.49,1.04,52.65,0,0,1,0
-0.69,0.76,-0.02,-15.14,33.39,94.91,1.03,101.74,0,0,0,0
0.13,0.36,-0.64,4.94,15.38,121.09,0.75,122.17,0,0,1,2
0.26,0.82,-0.28,-46.14,-42.18,119.20,0.90,134.60,0,0,0,1
0.33,0.91,-0.07,-36.74,-71.47,93.57,0.97,123.34,0,0,0,0
0.42,0.97,0.04,-80.02,-65.12,72.88,1.06,126.31,0,0,0,0
0.61,1.11,0.27,-90.88,-49.93,73.06,1.29,126.85,0,0,0,0
0.93,1.08,0.46,-87.77,-29.72,77.88,1.50,121.05,0,0,0,0
1.07,0.98,0.52,-76.72,5.86,61.52,1.54,98.52,0,0,0,0
1.23,0.91,0.52,-80.20,33.45,34.61,1.62,93.53,0,0,0,0
1.26,0.91,0.50,-74.22,42.05,8.73,1.63,85.75,0,0,0,0
1.16,0.76,0.44,-44.49,34.79,5.68,1.46,56.77,0,0,2,0
1.09,0.65,0.29,-23.01,22.89,28.14,1.30,42.95,0,0,0,0
0.95,0.70,0.27,-23.80,12.45,31.49,1.21,41.39,0,0,2,0
0.78,0.88,0.28,-5.31,18.25,11.72,1.21,22.33,0,0,0,0
0.75,0.70,0.07,15.08,22.95,7.45,1.03,28.45,0,0,0,0
0.70,0.74,0.08,18.07,19.71,19.23,1.02,32.93,0,0,0,0
0.80,0.88,0.04,19.29,12.76,19.10,1.19,29.99,0,0,1,0
0.83,1.07,0.10,13.43,1.95,-4.21,1.36,14.21,0,0,0,0
0.56,0.84,0.17,27.28,-5.49,-35.46,1.02,45.08,0,0,2,0
-0.05,1.21,0.37,28.14,0.12,-27.40,1.27,39.28,1,778,12,0
0.45,-0.50,-0.49,83.98,42.30,153.63,0.83,180.12,5,741,37,0
0.00,2.19,0.42,-7.08,-12.27,142.76,2.23,143.46,12,744,76,0
0.26,1.31,-0.04,30.46,-8.12,85.39,1.34,91.02,28,749,90,0
0.16,1.24,0.08,21.12,-13.61,71.23,1.26,75.53,39,750,97,1
0.06,0.92,0.30,18.98,-11.60,54.38,0.97,58.76,53,747,103,1
0.21,1.51,-0.17,-65.61,12.45,25.09,1.53,71.34,71,739,112,10
0.07,0.58,0.18,21.12,-2.38,0.61,0.61,21.26,93,719,108,17
0.15,1.00,0.08,1.71,0.06,-0.12,1.02,1.71,99,707,110,28
0.13,1.01,0.08,4.03,-0.49,4.09,1.02,5.76,101,695,111,35
0.13,0.98,0.09,4.58,-0.92,-5.86,1.00,7.49,110,705,117,35
0.14,0.97,0.10,0.55,-0.98,-4.76,0.98,4.89,105,713,114,32
0.14,0.99,0.08,-1.16,-0.85,-4.15,1.00,4.39,117,719,125,26
0.14,0.98,0.09,-0.24,-0.73,-3.05,1.00,3.15,101,727,122,22
0.15,1.11,0.07,0.85,-1.04,-4.27,1.12,4.48,98,737,123,21
0.14,0.92,0.11,9.34,-1.95,-6.29,0.94,11.43,89,748,120,18
0.15,0.90,0.11,2.08,-0.73,-0.43,0.92,2.24,79,752,124,19
0.13,0.94,0.11,2.26,-0.18,0.85,0.96,2.42,72,751,120,22
0.13,0.92,0.11,-6.29,2.01,6.04,0.93,8.95,64,750,115,25
0.16,1.13,0.06,0.12,0.61,5.55,1.14,5.59,63,732,111,32
0.13,0.98,0.10,2.14,-0.49,0.31,0.99,2.21,72,711,106,37
0.14,0.95,0.10,-0.06,-0.43,-0.79,0.97,0.90,83,697,98,40
0.13,1.00,0.09,-1.53,-0.31,-0.18,1.01,1.57,102,677,107,43
0.14,0.98,0.10,-0.31,-0.55,-1.28,0.99,1.43,122,666,104,46
0.13,0.99,0.09,-1.77,-0.73,-1.28,1.00,2.30,166,655,110,45
0.12,1.02,0.07,-0.98,-1.53,-5.00,1.03,5.32,171,659,110,37
0.15,0.97,0.11,2.93,-2.08,-8.24,0.99,8.99,151,671,111,27
0.14,1.01,0.08,2.69,-1.89,-10.68,1.02,11.17,193,687,119,19
0.15,0.97,0.10,11.47,-3.36,-12.08,0.99,17.00,154,703,118,13
0.17,1.07,0.10,15.20,-4.33,-13.79,1.09,20.98,151,722,125,7
0.21,1.59,0.02,35.89,-8.42,-25.82,1.61,45.01,132,744,127,3
0.23,0.70,-0.01,85.75,-9.95,-63.96,0.74,107.44,69,766,133,1
0.14,1.45,0.35,35.16,1.40,-103.15,1.50,108.99,26,777,125,0
0.20,1.58,0.20,20.69,17.27,-146.79,1.61,149.24,13,771,114,0
0.11,1.67,0.14,19.47,16.91,-196.47,1.68,198.16,6,769,78,0
0.12,1.70,0.16,49.07,11.84,-257.32,1.71,262.23,3,775,55,0
-0.24,1.15,0.03,111.88,12.45,-266.48,1.17,289.28,2,767,42,0
-0.98,-0.99,-1.15,126.22,11.05,-190.06,1.80,228.42,2,733,15,1
-1.49,-0.49,-0.36,-9.09,-24.66,-76.90,1.61,81.27,0,0,1,3
-1.16,0.34,-0.07,-36.74,20.75,68.60,1.21,80.54,0,0,1,1
-0.13,0.08,-0.53,-28.44,36.07,104.49,0.55,114.14,0,0,4,1
0.02,0.68,-0.17,-70.56,0.85,89.48,0.70,113.95,1,744,3,1
0.11,0.68,-0.17,-57.62,-22.58,86.61,0.71,106.45,1,738,4,0
0.32,0.85,-0.10,-79.22,-22.71,71.35,0.92,109.01,1,740,3,0
0.67,1.17,0.07,-98.63,-25.51,36.13,1.35,108.10,0,0,3,0
0.67,1.19,0.37,-97.72,-23.25,61.89,1.41,117.98,0,0,1,0
0.92,1.20,0.45,-71.96,9.95,101.81,1.58,125.07,0,0,2,0
1.19,1.19,0.41,-68.85,39.98,80.75,1.73,113.40,0,0,3,0
1.30,1.12,0.34,-63.23,41.63,34.24,1.76,83.09,0,0,4,0
0.93,0.86,0.41,-55.73,27.28,42.30,1.34,75.09,0,0,3,0
0.90,1.15,0.35,-28.02,26.18,99.85,1.50,106.96,0,0,2,0
1.10,0.88,-0.08,4.52,11.54,110.90,1.41,111.59,0,0,3,0
1.26,1.02,-0.06,-32.90,-19.59,28.93,1.63,47.99,0,0,2,0
0.80,0.98,0.22,-22.64,-25.09,-34.67,1.28,48.41,0,0,4,0
0.61,0.62,0.08,-6.29,-16.48,10.31,0.87,20.43,0,0,0,0
0.79,0.96,-0.06,6.41,-4.58,17.52,1.24,19.21,0,0,3,0
0.75,0.83,-0.26,-1.65,-4.27,-16.97,1.15,17.57,0,0,2,0
0.68,0.93,-0.13,-37.11,-29.72,-27.10,1.16,54.73,0,0,1,0
0.70,1.17,0.15,-29.05,-57.19,-23.80,1.37,68.42,1,775,7,0
0.30,0.34,0.62,154.36,-55.48,34.30,0.77,167.57,4,735,22,0
0.43,-0.14,-0.47,60.12,-33.14,94.12,0.66,116.49,9,740,52,0
0.25,0.90,-0.11,70.31,-22.16,84.41,0.94,112.07,13,746,74,0
0.12,0.71,0.24,32.78,-33.14,88.38,0.76,99.92,13,750,77,0
0.26,2.02,-0.48,-57.25,8.00,80.75,2.09,99.31,23,725,81,12
0.05,0.60,0.20,24.78,0.61,10.86,0.63,27.06,51,652,95,39
0.14,1.04,0.11,7.39,-0.24,0.00,1.05,7.39,63,640,94,51
0.14,0.99,0.09,-0.55,0.55,-0.79,1.00,1.11,61,635,96,55
0.14,0.98,0.08,1.40,-0.49,1.16,0.99,1.89,59,635,95,57
0.11,0.99,0.09,2.32,-1.65,-0.37,1.00,2.87,53,631,93,63
0.13,0.98,0.10,-2.38,-0.18,-1.59,0.99,2.87,52,640,92,58
0.15,0.99,0.09,-2.44,-0.43,-1.53,1.00,2.91,51,645,94,45
0.14,0.98,0.10,-2.01,-1.04,-1.65,1.00,2.80,51,654,101,50
0.13,0.97,0.09,-1.28,-1.16,-2.56,0.98,3.09,52,660,100,43
0.14,0.99,0.09,-1.53,-0.98,-2.20,1.00,2.85,58,663,105,42
0.14,0.99,0.08,0.06,-1.28,-3.72,1.00,3.94,57,678,109,40
0.14,0.99,0.09,-0.06,-1.10,-5.19,1.00,5.30,58,690,117,34
0.14,0.98,0.09,-0.79,-0.92,-6.35,1.00,6.46,69,697,116,24
0.17,1.15,0.06,13.92,-4.15,-14.71,1.16,20.67,76,714,130,17
0.16,1.06,0.09,20.69,-6.23,-19.65,1.07,29.21,61,747,126,7
0.19,1.15,0.07,29.66,-8.61,-27.16,1.16,41.13,51,769,136,3
0.19,1.25,0.16,8.61,-4.21,-48.03,1.27,48.98,38,785,141,0
0.19,1.21,0.20,1.04,-1.40,-64.94,1.24,64.96,28,787,140,0
0.27,1.32,0.08,0.06,-0.73,-85.94,1.35,85.94,21,794,129,0
0.32,1.31,0.02,4.70,-6.35,-115.05,1.35,115.32,16,790,130,0
0.48,1.53,-0.24,-3.91,-17.94,-155.58,1.62,156.66,11,778,113,0
0.43,1.96,-0.15,-3.78,-48.34,-227.23,2.02,232.35,6,771,70,0
0.36,1.42,-0.26,10.44,-61.46,-252.38,1.49,259.97,3,758,29,0
0.02,1.08,-0.75,-15.01,-88.50,-220.58,1.32,238.15,1,751,10,0
-1.01,0.79,-0.33,-16.36,-147.40,-96.56,1.32,176.97,0,0,1,0
-1.09,0.36,-0.22,21.79,-132.08,0.00,1.17,133.87,0,0,0,0
-0.80,0.38,-0.30,-5.31,-83.80,69.09,0.94,108.74,0,0,0,0
-0.65,0.29,-0.29,-58.59,-46.45,79.96,0.77,109.47,0,0,0,1
-0.45,0.91,0.18,-99.24,-19.90,109.74,1.03,149.29,0,0,2,0
-0.16,0.83,0.12,-78.61,-8.97,132.69,0.86,154.49,1,764,1,0
0.10,1.05,0.33,-109.99,-45.29,150.88,1.11,192.13,1,757,1,0
0.25,1.29,0.42,-88.20,-75.93,146.36,1.38,186.99,1,756,2,0
0.33,1.31,0.48,-92.04,-88.75,137.94,1.44,188.08,1,761,3,0
0.38,1.44,0.69,-92.83,-76.78,120.79,1.64,170.60,0,0,1,0
0.50,1.40,0.81,-81.36,-49.07,100.22,1.69,138.10,1,772,0,0
0.53,1.45,0.88,-67.69,-34.18,73.61,1.78,105.68,0,0,2,0
0.45,1.16,0.70,-41.50,-29.24,35.77,1.43,62.10,0,0,0,0
0.40,1.21,0.68,-45.72,-23.44,29.42,1.44,59.20,0,0,1,0
0.41,1.17,0.75,-20.57,-0.61,52.49,1.45,56.38,0,0,0,0
0.60,1.02,0.48,16.97,12.76,51.57,1.28,55.77,0,0,1,0
0.75,1.02,0.50,16.36,6.04,34.30,1.36,38.48,0,0,1,1
0.89,1.03,0.43,36.87,-22.16,18.25,1.43,46.72,0,0,0,4
0.94,1.04,0.39,66.65,-64.15,1.95,1.46,92.53,1,766,0,12
0.83,0.70,0.10,39.79,-84.29,-39.55,1.09,101.26,1,747,0,18
0.04,1.07,-0.10,0.61,-57.62,-97.29,1.07,113.07,1,715,0,29
-0.24,1.07,-0.05,21.55,-16.54,-93.93,1.10,97.78,1,663,0,52
0.21,1.09,0.04,-2.81,12.82,-16.60,1.11,21.16,14,518,7,75
0.12,0.97,0.10,4.21,1.71,-8.48,0.98,9.62,49,472,20,79
0.13,0.99,0.09,3.54,1.28,-5.49,1.01,6.66,79,465,31,86
0.13,0.98,0.10,6.77,0.00,-3.97,0.99,7.85,114,474,41,98
0.13,0.98,0.10,6.77,-0.49,-2.14,0.99,7.12,130,479,50,101
0.13,0.98,0.10,3.97,-0.79,-1.22,0.99,4.23,181,488,51,97
0.13,0.98,0.10,2.44,-0.85,-0.55,0.99,2.64,129,498,57,103
0.12,0.98,0.11,0.85,-0.67,-0.06,1.00,1.09,125,515,63,110
0.12,0.98,0.11,-1.40,0.43,-0.98,0.99,1.76,103,535,70,96
0.12,0.98,0.10,-2.08,0.18,-1.16,0.99,2.38,99,551,72,104
0.12,0.98,0.10,-3.66,0.31,-1.28,0.99,3.89,122,553,78,95
0.13,0.99,0.09,-3.54,0.18,-1.34,1.01,3.79,114,564,81,94
0.12,0.99,0.09,-2.32,0.24,-1.59,1.00,2.82,130,573,88,85
0.12,0.98,0.10,-1.34,0.12,-2.08,0.99,2.47,141,580,91,77
0.12,0.99,0.09,-2.50,0.12,-2.81,1.00,3.76,156,587,99,70
0.13,0.98,0.09,-3.11,0.49,-4.15,0.99,5.21,157,604,108,62
0.13,0.98,0.09,-3.48,0.31,-5.68,0.99,6.66,183,626,118,45
0.14,1.00,0.08,-5.43,-0.67,-7.81,1.01,9.54,199,655,125,28
0.13,0.94,0.08,22.58,-5.62,-19.78,0.95,30.54,189,691,127,15
0.17,1.00,0.02,21.42,-8.42,-20.20,1.01,30.63,117,733,133,7
0.16,1.12,0.19,23.01,-11.05,-25.02,1.14,35.75,87,764,139,1
0.17,0.96,0.15,12.39,-3.42,-49.99,0.99,51.61,63,783,144,0
0.19,1.10,0.13,3.85,-0.67,-61.52,1.12,61.65,44,792,135,0
0.23,1.23,0.13,2.87,-0.73,-77.58,1.26,77.63,28,801,143,0
0.30,1.36,0.00,10.80,-3.11,-101.14,1.39,101.76,17,802,134,0
0.39,1.52,-0.08,18.98,-11.84,-150.33,1.57,151.99,11,796,121,0
0.52,1.61,-0.33,-0.06,-42.42,-210.94,1.73,215.16,6,781,95,0
0.45,2.12,-0.19,-5.74,-68.66,-277.22,2.17,285.66,3,777,61,0
0.31,1.41,-0.19,-1.83,-77.45,-292.24,1.46,302.33,2,766,28,0
0.03,1.49,-0.44,-38.15,-103.33,-253.60,1.56,276.49,1,754,8,0
-1.28,0.47,-0.25,-39.92,-144.47,-117.49,1.39,190.45,0,0,3,0
-1.34,0.81,0.06,-14.71,-112.92,18.13,1.57,115.30,0,0,0,0
-0.87,0.40,-0.17,-8.73,-56.21,87.28,0.97,104.18,0,0,0,0
-0.68,0.44,-0.15,-58.04,-29.42,98.27,0.82,117.86,0,0,2,1
-0.57,0.72,0.15,-93.38,-30.09,146.42,0.93,176.25,0,0,3,0
-0.22,0.99,0.39,-102.78,-34.06,162.78,1.09,195.50,0,0,0,1
0.04,1.12,0.39,-101.01,-61.22,166.56,1.19,204.19,1,748,0,0
0.17,1.24,0.40,-104.74,-108.40,170.04,1.31,227.23,1,747,1,0
0.18,1.51,0.68,-108.09,-127.44,160.83,1.67,231.93,1,747,0,1
0.28,1.53,0.82,-91.98,-98.69,139.83,1.75,194.30,0,0,1,0
0.54,1.40,0.75,-80.57,-36.07,108.76,1.68,140.08,0,0,0,0
0.73,1.32,0.66,-87.95,9.89,66.04,1.65,110.43,0,0,1,1
0.78,1.35,0.65,-88.07,7.81,76.72,1.69,117.06,0,0,2,0
0.95,1.09,0.58,-44.43,-18.74,64.76,1.56,80.74,0,0,2,0
1.02,1.10,0.69,-41.20,-30.52,47.30,1.65,69.76,0,0,1,0
0.90,0.82,0.74,-16.91,-24.48,37.17,1.42,47.61,0,0,3,0
0.90,0.96,0.70,10.25,-13.61,49.07,1.49,51.95,0,0,0,0
0.98,0.47,0.83,57.07,-0.79,-19.04,1.37,60.17,0,0,0,6
1.20,0.99,0.24,95.34,-4.88,-63.90,1.57,114.88,1,715,0,16
-0.19,1.63,-0.21,33.51,-22.03,-85.08,1.65,94.06,1,655,0,38
0.05,1.04,0.05,32.10,2.32,-100.16,1.04,105.20,1,644,0,64
0.15,1.07,0.02,-5.62,19.23,-21.61,1.08,29.46,13,509,7,80
0.14,0.97,0.10,6.10,1.71,-9.09,0.99,11.09,35,479,19,87
0.13,0.98,0.08,1.46,1.83,-4.88,0.99,5.42,58,470,27,94
0.11,0.99,0.08,2.38,0.55,-4.27,1.00,4.92,90,468,36,91
0.14,0.98,0.08,3.17,0.37,-4.27,0.99,5.33,163,477,47,96
0.13,0.97,0.09,4.03,-0.67,-2.01,0.98,4.55,181,482,50,106
0.13,0.97,0.10,1.22,-1.04,-1.28,0.99,2.05,226,479,51,103
0.13,0.98,0.10,-1.65,-0.61,-0.92,0.99,1.98,228,475,52,102
0.12,0.99,0.08,-2.56,-0.06,-0.55,1.00,2.62,314,476,54,105
0.12,0.98,0.08,-1.10,-0.31,-0.61,1.00,1.29,288,473,55,105
0.12,0.98,0.08,-0.85,-0.37,-0.85,0.99,1.26,232,475,61,106
0.12,0.98,0.08,-0.85,0.06,-1.16,1.00,1.44,328,483,62,99
0.12,0.99,0.08,0.31,-0.49,-1.04,1.00,1.19,328,492,65,100
0.12,0.98,0.08,0.37,-0.61,-1.04,0.99,1.26,258,492,69,99
0.12,0.98,0.09,-0.37,-0.43,-1.22,0.99,1.34,317,499,72,102
0.12,0.98,0.09,-1.46,-0.31,-1.28,0.99,1.97,276,504,74,94
0.12,0.98,0.09,-2.26,-0.55,-1.83,0.99,2.96,264,511,79,94
0.12,0.99,0.08,-3.30,0.06,-2.81,1.00,4.33,412,519,93,89
0.13,0.99,0.08,-4.21,0.79,-3.60,1.00,5.60,332,531,101,72
0.13,0.99,0.08,-4.27,0.85,-6.41,1.00,7.75,564,551,111,56
0.13,1.00,0.06,-4.33,0.00,-8.12,1.01,9.20,309,578,118,37
0.16,1.06,0.03,-4.58,-2.69,-12.08,1.07,13.20,296,625,123,15
0.05,0.89,0.15,35.22,-16.05,-26.00,0.90,46.63,241,680,132,4
0.14,1.55,0.23,5.19,-12.02,-50.96,1.58,52.62,138,748,136,0
0.15,1.49,0.16,0.73,-4.82,-91.06,1.51,91.19,78,780,134,0
0.24,1.75,0.02,4.15,-1.46,-147.03,1.77,147.10,32,785,126,1
0.30,1.72,-0.26,7.51,-15.44,-206.79,1.76,207.50,15,774,94,0
0.36,1.53,-0.34,-8.36,-37.54,-251.04,1.61,253.97,7,745,63,0
0.09,1.13,-0.50,-43.15,-60.42,-248.54,1.24,259.39,4,731,30,0
-0.94,0.84,-0.30,-73.61,-117.98,-168.46,1.30,218.44,2,714,8,0
-1.29,1.01,-0.03,-15.93,-145.32,-17.46,1.64,147.23,1,716,1,0
-1.09,0.46,-0.22,19.47,-119.69,75.68,1.20,142.94,1,724,3,0
-0.75,0.26,-0.37,-12.51,-90.33,98.69,0.88,134.38,1,730,3,0
-0.60,0.61,-0.04,-72.08,-74.77,126.89,0.86,163.97,1,728,2,0
-0.19,1.00,0.23,-73.18,-62.93,144.23,1.05,173.54,1,731,2,0
0.08,1.10,0.25,-84.53,-68.36,144.41,1.13,180.76,1,734,2,0
0.41,1.39,0.47,-96.86,-67.93,140.50,1.53,183.68,1,735,2,0
0.66,1.32,0.51,-81.48,-52.31,124.45,1.56,157.68,1,742,2,0
0.79,1.31,0.63,-87.65,-26.92,88.62,1.65,127.52,1,749,3,0
0.91,1.21,0.75,-77.33,1.04,48.77,1.69,91.43,1,761,3,0
0.94,1.17,0.75,-63.23,24.84,36.25,1.68,77.01,1,768,1,0
1.14,1.18,0.66,-27.83,23.25,55.18,1.77,66.03,1,772,3,0
1.17,0.94,0.47,-0.55,-2.99,33.81,1.57,33.95,1,773,2,0
0.98,1.01,0.56,65.73,-14.65,-11.96,1.51,68.40,1,775,2,0
0.82,0.78,0.42,97.60,-33.20,-3.78,1.21,103.16,1,758,4,2
-0.04,-0.02,0.49,73.67,-12.94,0.37,0.49,74.80,2,731,10,12
0.05,0.95,0.08,-0.55,0.24,-7.39,0.95,7.41,3,708,15,31
0.11,1.05,0.06,6.41,1.71,-9.28,1.06,11.40,4,664,18,42
0.09,0.99,0.09,4.39,0.24,-5.31,0.99,6.90,6,647,23,44
0.08,0.99,0.08,1.53,0.61,-4.88,1.00,5.15,8,628,24,49
0.09,1.01,0.06,4.82,0.98,-8.67,1.02,9.97,13,608,31,59
0.09,1.00,0.08,14.89,-0.31,-5.49,1.01,15.88,25,579,38,77
0.11,0.98,0.11,13.37,-1.53,-5.86,0.99,14.67,47,563,46,89
0.11,0.97,0.12,8.18,-1.59,-3.97,0.98,9.23,56,561,54,99
0.11,0.97,0.11,3.17,-0.85,-2.14,0.98,3.92,68,557,62,119
0.10,0.99,0.10,0.18,-0.92,-1.34,1.00,1.64,86,556,58,109
0.10,0.98,0.10,-1.22,-0.06,-0.98,0.99,1.56,85,556,64,111
0.10,0.98,0.10,-2.14,0.37,-0.43,1.00,2.21,76,556,62,109
0.10,0.98,0.11,-2.01,-0.06,-0.73,0.99,2.14,76,556,60,101
0.11,0.97,0.10,-2.62,-0.49,-1.04,0.98,2.86,76,553,64,101
0.11,1.00,0.11,-2.69,-0.37,-1.28,1.01,3.00,92,548,63,106
0.10,0.99,0.09,-1.89,-0.12,-1.46,1.00,2.40,114,541,66,101
0.10,0.98,0.10,-1.04,0.18,-1.28,1.00,1.66,122,538,65,98
0.10,0.98,0.10,-1.95,0.06,-1.16,0.99,2.27,140,536,65,95
0.10,0.99,0.09,-2.20,0.55,-1.46,1.00,2.70,155,536,74,85
0.12,0.99,0.12,-1.40,-0.18,-1.89,1.00,2.36,195,539,75,93
0.11,0.99,0.10,-3.05,-0.06,-2.38,1.00,3.87,242,544,79,76
0.11,0.98,0.09,-4.33,0.24,-5.13,0.99,6.72,242,559,93,67
0.10,0.99,0.08,-6.23,-0.37,-5.19,1.00,8.11,220,573,97,54
0.12,0.98,0.09,-1.16,-0.61,-8.97,0.99,9.07,320,589,111,41
0.12,1.01,0.07,-1.10,-1.28,-9.46,1.02,9.61,300,601,116,31
0.12,1.01,0.06,1.40,-2.20,-13.55,1.02,13.80,276,627,127,20
0.16,1.23,0.04,7.45,-4.39,-16.48,1.24,18.61,250,657,124,11
0.21,0.98,-0.08,25.70,-9.70,-23.44,1.00,36.11,230,709,137,3
0.16,1.22,0.16,57.01,-17.33,-39.18,1.24,71.31,143,739,137,1
0.13,1.55,0.35,35.64,-6.84,-97.17,1.59,103.73,84,762,141,1
0.18,1.76,0.17,14.16,13.24,-149.48,1.78,150.73,33,771,131,0
0.03,1.74,0.17,14.89,15.20,-206.18,1.75,207.27,12,778,101,0
0.13,1.72,0.04,30.21,13.18,-254.58,1.72,256.70,5,779,80,0
-0.04,1.51,-0.01,91.86,7.69,-268.49,1.51,283.88,3,786,54,0
-0.52,-0.03,-0.63,160.40,8.24,-243.59,0.82,291.78,2,768,31,0
-1.39,-0.61,-0.82,38.09,-38.70,-148.99,1.73,158.57,1,733,5,4
-1.41,-0.07,-0.07,-51.03,-30.64,-28.44,1.41,65.96,0,0,0,2
-0.74,0.31,-0.21,-13.37,12.15,124.08,0.83,125.39,0,0,0,1
-0.01,0.37,-0.47,-74.04,-5.25,126.16,0.60,146.37,0,0,0,1
0.39,0.93,-0.09,-63.78,-49.74,116.46,1.01,141.79,0,0,2,1
0.47,0.79,-0.03,-65.61,-70.86,76.97,0.92,123.49,0,0,2,0
0.59,1.01,0.36,-101.75,-47.00,42.79,1.23,119.96,0,0,0,0
0.98,1.01,0.44,-98.94,-8.06,23.99,1.47,102.12,0,0,0,1
1.18,1.03,0.45,-95.15,10.13,15.56,1.63,96.95,0,0,0,0
1.18,1.01,0.44,-74.77,18.31,0.49,1.61,76.98,0,0,0,0
1.11,0.85,0.49,-64.33,29.60,-5.62,1.48,71.04,0,0,0,0
1.00,0.81,0.47,-38.02,58.35,11.11,1.37,70.53,0,0,1,0
1.07,0.72,0.21,-9.83,70.62,30.27,1.31,77.46,0,0,0,0
1.11,0.56,0.07,-0.18,58.84,33.57,1.24,67.74,0,0,0,0
1.16,0.60,0.05,-10.74,36.01,23.86,1.31,44.52,0,0,0,0
1.04,0.75,0.23,-18.37,14.83,7.63,1.30,24.81,0,0,0,0
0.87,0.66,0.23,13.37,0.49,5.98,1.11,14.65,0,0,2,0
0.84,0.59,0.10,17.64,-8.42,17.40,1.03,26.17,0,0,1,0
1.08,1.02,0.18,6.90,-7.93,1.71,1.49,10.65,0,0,1,0
0.03,2.05,1.37,71.11,-5.31,89.54,2.47,114.46,2,762,16,0
0.89,-1.04,-0.77,28.56,6.47,177.06,1.57,179.47,5,755,49,0
0.22,1.24,-0.10,32.65,-11.90,163.09,1.26,166.75,12,743,72,0
0.16,1.45,0.14,11.17,-12.94,115.72,1.47,116.98,28,739,87,0
0.18,1.48,0.09,2.01,-7.87,86.30,1.50,86.69,47,737,96,0
0.10,0.81,0.24,5.62,-6.10,62.38,0.85,62.93,68,721,89,0
0.23,1.56,-0.02,-57.01,13.12,21.85,1.58,62.45,117,667,96,18
0.16,1.19,0.02,18.92,-1.89,3.97,1.20,19.42,155,634,91,32
0.11,0.90,0.11,15.20,-2.32,2.62,0.91,15.60,158,607,90,57
0.11,0.98,0.11,6.77,-0.92,-0.73,1.00,6.88,198,593,88,64
0.12,0.98,0.09,0.12,0.00,-1.59,1.00,1.59,199,595,92,67
0.13,0.98,0.10,1.46,-0.55,-1.34,0.99,2.06,182,595,90,71
0.12,0.98,0.10,-1.34,-0.37,-1.22,0.99,1.85,182,596,97,69
0.13,0.99,0.09,-3.60,0.43,-3.17,1.00,4.82,193,606,95,56
0.13,0.97,0.10,-1.65,-0.31,-2.44,0.98,2.96,204,609,99,52
0.13,0.98,0.09,-1.59,-0.37,-1.40,1.00,2.15,217,609,107,51
0.13,0.98,0.09,-0.79,-0.43,-2.01,0.99,2.21,229,610,106,49
0.13,0.98,0.09,-0.61,-0.55,-0.79,1.00,1.14,210,611,106,52
0.16,1.00,0.08,0.92,-0.49,0.24,1.01,1.07,220,609,105,54
0.13,0.97,0.10,2.26,-0.55,-0.43,0.99,2.36,214,603,96,57
0.12,0.98,0.09,0.98,-0.67,-0.31,1.00,1.22,310,595,95,60
0.12,0.99,0.09,0.00,-0.61,-1.28,1.01,1.42,217,591,88,61
0.13,0.99,0.10,-0.37,-0.61,-1.95,1.00,2.08,229,587,90,62
0.13,1.00,0.09,-0.24,-0.55,-2.08,1.01,2.16,274,587,91,64
0.12,0.99,0.09,-0.49,-0.92,-4.27,1.00,4.40,278,589,98,52
0.14,0.99,0.10,0.18,-1.16,-6.04,1.00,6.16,284,594,105,39
0.14,0.98,0.10,0.37,-1.53,-7.51,0.99,7.67,286,602,111,31
0.14,0.98,0.09,3.17,-1.83,-8.91,1.00,9.64,336,616,118,22
0.15,1.03,0.08,3.23,-1.95,-11.72,1.05,12.31,300,639,120,15
0.16,1.17,0.06,28.56,-8.54,-27.10,1.18,40.29,272,681,126,7
0.17,1.52,0.12,44.49,-11.96,-38.88,1.54,60.29,189,725,134,0
0.11,1.34,0.34,25.33,0.00,-82.52,1.38,86.32,105,755,135,1
0.19,1.41,0.18,10.19,12.94,-117.13,1.43,118.28,40,775,127,0
0.14,1.56,0.21,9.34,16.85,-159.24,1.58,160.40,20,774,114,0
0.18,1.40,0.10,8.24,14.83,-215.03,1.42,215.70,9,778,98,0
0.14,1.39,0.16,40.22,13.00,-234.31,1.40,238.10,5,784,77,0
0.05,1.05,0.06,102.91,23.01,-222.11,1.06,245.87,4,782,51,0
-0.22,-0.13,-0.61,122.92,17.82,-195.19,0.66,231.36,3,756,30,0
-1.09,-0.53,-0.62,36.25,-28.08,-113.04,1.36,121.98,1,729,5,1
-0.99,-0.00,-0.19,-47.85,-22.52,-29.05,1.01,60.34,0,0,0,0
-0.83,0.42,-0.04,-10.74,3.85,80.20,0.93,81.01,0,0,0,1
0.02,0.37,-0.49,-29.42,5.19,142.64,0.61,145.73,0,0,2,0
0.31,0.93,-0.14,-68.36,-31.98,143.98,0.99,162.56,0,0,0,0
0.47,0.99,-0.05,-61.83,-59.02,133.00,1.10,158.10,0,0,1,0
0.69,1.09,0.20,-85.27,-50.17,95.09,1.31,137.22,0,0,0,2
0.89,1.18,0.41,-95.64,-21.12,52.92,1.54,111.33,0,0,1,0
1.11,1.14,0.47,-91.31,7.14,21.36,1.66,94.05,0,0,0,0
1.27,1.06,0.49,-75.38,23.13,1.65,1.73,78.87,0,0,0,0
1.20,0.80,0.40,-40.34,21.36,7.63,1.50,46.28,0,0,0,0
1.21,0.64,0.26,-33.39,12.08,19.29,1.39,40.41,0,0,2,0
1.06,0.77,0.28,-40.83,3.66,17.27,1.34,44.49,0,0,0,0
0.89,0.73,0.22,-30.70,6.04,0.18,1.17,31.29,0,0,0,0
0.66,0.66,0.20,-32.47,16.30,-0.85,0.95,36.34,0,0,0,0
0.55,0.68,0.26,-30.76,27.71,11.84,0.91,43.06,0,0,0,0
0.61,0.95,0.24,-20.20,36.50,21.24,1.15,46.81,0,0,0,0
0.71,0.98,0.15,-1.34,35.95,27.40,1.22,45.22,0,0,0,0
0.81,0.90,0.07,20.45,24.05,25.94,1.21,40.86,0,0,0,0
0.80,0.76,-0.01,23.01,3.97,8.06,1.11,24.70,0,0,0,0
0.79,0.89,0.06,14.95,-11.54,1.89,1.19,18.98,0,0,0,0
0.86,0.93,0.04,23.80,-18.98,-22.71,1.27,37.98,0,0,0,0
0.38,1.27,0.75,150.63,25.02,76.23,1.52,170.67,2,769,15,0
0.83,0.49,-1.19,46.08,23.01,124.69,1.53,134.91,5,756,41,0
0.14,1.43,0.33,8.00,-10.99,114.38,1.48,115.18,11,747,72,0
0.21,1.40,0.08,-11.17,-2.69,98.33,1.41,99.00,22,749,87,0
0.11,0.84,0.13,-19.17,-2.14,88.87,0.86,90.94,40,742,99,0
0.22,2.42,-0.04,-37.41,7.93,86.91,2.43,94.96,83,721,102,0
-0.08,0.64,0.58,30.94,1.04,49.56,0.87,58.44,211,628,111,10
0.16,1.38,-0.03,35.64,-4.82,-1.16,1.39,35.99,356,583,115,34
0.11,0.82,0.14,12.63,-1.89,0.06,0.84,12.78,329,565,118,48
0.12,0.99,0.08,6.29,-2.01,0.06,1.00,6.60,381,553,110,67
0.12,0.99,0.09,4.94,-1.89,-0.06,1.00,5.29,370,553,106,74
0.12,0.98,0.09,3.05,-1.22,0.00,0.99,3.29,339,555,97,77
0.13,0.98,0.10,0.73,-0.85,-0.31,0.99,1.17,337,554,97,74
0.13,0.99,0.09,-0.24,-0.85,-0.85,1.00,1.23,285,550,90,74
0.12,0.99,0.08,-0.55,-0.49,-1.04,1.00,1.27,327,546,89,85
0.13,0.98,0.09,-0.67,-0.24,-0.85,0.99,1.11,389,547,88,82
0.13,0.98,0.08,15.26,0.00,-0.85,0.99,15.28,283,543,87,79
0.13,0.98,0.09,0.73,-0.31,-0.49,0.99,0.93,297,541,86,82
0.11,0.99,0.09,-0.43,-0.18,-1.04,1.00,1.14,240,534,77,78
0.12,0.98,0.09,-1.59,0.18,-1.10,0.99,1.94,317,533,85,83
0.12,0.98,0.09,-0.43,-0.06,-1.28,0.99,1.35,279,538,86,81
0.12,0.99,0.08,-1.34,0.00,-1.46,1.00,1.99,324,539,86,76
0.12,0.98,0.09,-1.22,0.00,-1.53,0.99,1.95,268,541,95,74
0.13,0.99,0.08,-1.65,0.00,-1.77,1.00,2.42,362,542,99,71
0.13,0.98,0.09,-0.12,-0.24,-2.56,0.99,2.58,342,547,105,63
0.13,0.99,0.09,-1.95,-0.31,-2.44,1.01,3.14,451,555,109,57
0.13,1.00,0.08,-1.46,-0.61,-4.94,1.01,5.19,384,568,113,49
0.13,0.98,0.09,0.55,-1.34,-8.42,0.99,8.55,313,593,110,38
0.14,1.00,0.08,-0.55,-1.28,-8.06,1.01,8.18,274,620,124,23
0.14,0.95,0.09,3.36,-1.83,-9.22,0.97,9.98,340,643,127,19
0.14,1.01,0.09,2.26,-1.59,-5.68,1.03,6.31,252,663,130,13
0.15,1.04,0.09,16.66,-4.70,-13.18,1.06,21.76,231,691,135,10
0.17,1.11,0.07,23.62,-7.20,-21.06,1.12,32.45,133,741,133,4
0.21,1.54,0.07,46.63,-9.40,-29.66,1.56,56.06,91,768,137,0
0.12,1.77,0.31,33.94,-1.59,-68.54,1.81,76.50,43,782,135,0
0.14,1.45,0.32,33.57,8.54,-114.50,1.49,119.63,22,782,122,0
0.03,1.69,0.29,11.84,19.78,-159.61,1.71,161.26,9,777,98,0
0.18,1.62,0.08,15.81,21.06,-213.56,1.64,215.18,3,784,70,0
0.12,1.49,0.21,52.31,19.78,-252.44,1.51,258.56,2,789,45,0
0.17,0.85,0.17,103.09,22.09,-250.79,0.88,272.05,1,782,26,0
-0.52,-0.36,-0.43,122.31,28.75,-158.08,0.76,201.93,1,758,9,1
-1.34,-0.22,-0.42,12.82,7.08,-44.43,1.42,46.78,0,0,2,2
-1.01,0.13,-0.24,-23.50,34.79,20.02,1.04,46.51,0,0,0,4
-0.28,0.31,-0.45,-23.44,27.16,97.05,0.61,103.46,0,0,0,3
0.10,0.60,-0.34,-50.72,-23.80,126.71,0.70,138.54,0,0,0,3
0.21,0.85,-0.07,-55.85,-58.96,137.94,0.88,160.07,0,0,0,3
0.51,1.06,0.04,-57.31,-55.79,123.84,1.18,147.42,0,0,0,0
0.84,1.02,-0.01,-67.99,-51.03,67.26,1.32,108.40,0,0,0,0
0.77,1.22,0.40,-98.88,-43.76,32.35,1.50,112.86,0,0,0,0
0.85,1.23,0.51,-64.21,-9.16,41.14,1.58,76.80,0,0,0,0
1.12,0.84,0.31,-67.32,13.98,35.46,1.43,77.36,0,0,1,0
1.22,0.96,0.33,-91.86,8.30,13.79,1.59,93.26,0,0,2,0
1.04,0.92,0.31,-78.67,-4.46,-0.79,1.42,78.80,0,0,0,0
0.81,0.91,0.29,-51.76,-7.87,5.19,1.25,52.61,0,0,0,0
0.69,0.80,0.23,-22.34,5.62,21.85,1.08,31.75,0,0,0,0
0.79,0.87,0.24,-6.65,22.22,34.55,1.20,41.61,0,0,0,0
0.76,0.68,0.18,2.26,35.40,18.07,1.04,39.81,0,0,0,0
0.67,0.70,0.26,-24.29,51.64,-6.90,1.00,57.48,0,0,0,0
0.70,0.86,0.29,-8.61,54.26,-8.42,1.14,55.58,0,0,0,0
0.71,0.68,0.00,27.53,37.29,13.24,0.98,48.21,0,0,0,0
0.71,0.73,-0.07,18.55,15.26,26.31,1.02,35.62,0,0,0,0
0.72,1.11,0.02,16.54,1.04,20.63,1.32,26.46,0,0,0,0
0.84,0.98,-0.19,26.92,-5.43,-26.37,1.31,38.07,0,0,0,0
0.13,2.36,1.02,35.58,-9.03,-27.16,2.57,45.67,2,774,14,0
0.79,-1.12,-0.84,120.91,4.82,108.89,1.60,162.78,8,746,52,0
0.03,1.26,0.37,22.09,-17.82,163.27,1.32,165.72,21,734,78,0
0.13,1.89,0.11,-17.40,-9.28,98.45,1.90,100.40,45,742,98,0
0.06,0.95,0.08,-19.17,6.71,100.34,0.95,102.38,78,729,95,0
0.11,1.43,0.00,60.55,-7.63,3.78,1.43,61.14,168,624,86,17
0.09,0.84,0.13,29.11,-4.33,-0.06,0.86,29.43,218,566,90,56
0.12,0.96,0.13,13.85,-1.89,-1.59,0.98,14.07,264,563,95,73
0.13,1.00,0.08,-0.79,0.43,-1.34,1.01,1.62,224,570,98,78
0.13,0.98,0.09,2.99,-0.73,-0.79,1.00,3.18,222,570,92,83
0.11,0.97,0.10,2.99,-1.59,-0.31,0.99,3.40,199,572,90,84
0.11,0.98,0.09,-0.61,-1.22,-0.49,0.99,1.45,186,568,89,86
0.13,0.98,0.09,-1.40,0.12,-1.16,1.00,1.82,189,576,89,88
0.13,0.98,0.09,-0.43,-0.31,-0.98,1.00,1.11,198,572,88,83
0.13,0.98,0.09,-0.43,-0.43,-1.10,0.99,1.25,208,572,88,84
0.13,0.99,0.09,-0.37,-0.37,-1.22,1.00,1.33,208,567,91,83
0.12,0.99,0.09,-0.73,-0.37,-1.10,1.00,1.37,246,566,90,85
0.13,0.99,0.09,-0.31,-0.49,-1.10,1.00,1.24,220,556,79,91
0.12,0.98,0.10,0.06,-0.12,-1.10,0.99,1.11,246,555,86,86
0.12,0.98,0.09,-1.77,0.31,-1.28,0.99,2.21,306,552,88,84
0.13,0.98,0.09,-1.77,1.16,-1.40,1.00,2.54,238,554,89,79
0.13,0.98,0.09,-2.32,-0.06,-1.28,0.99,2.65,308,555,94,75
0.12,0.99,0.08,-2.87,-0.06,-1.28,1.00,3.14,334,555,100,71
0.13,0.98,0.09,0.18,-0.24,-1.46,0.99,1.50,272,556,97,67
0.12,0.99,0.08,-0.67,-0.37,-1.22,1.00,1.44,290,556,102,66
0.12,0.98,0.08,-0.98,-0.06,-1.95,0.99,2.18,294,557,107,61
0.13,0.98,0.10,0.79,-0.31,-2.38,0.99,2.53,298,560,107,56
0.12,0.99,0.08,-0.98,-0.43,-2.87,1.00,3.06,302,568,112,51
0.13,0.98,0.10,-0.98,-0.67,-5.37,1.00,5.50,418,578,114,39
0.14,1.00,0.07,-0.55,-1.59,-9.83,1.01,9.97,392,602,121,26
0.15,1.01,0.09,-0.43,-1.89,-9.77,1.03,9.96,340,627,125,16
0.17,1.16,0.07,2.81,-2.81,-13.92,1.17,14.47,241,660,122,9
0.18,1.20,0.07,15.75,-6.10,-19.04,1.22,25.45,184,702,133,2
0.21,1.41,0.19,31.25,-10.68,-34.97,1.43,48.10,118,757,138,0
0.14,1.77,0.28,20.75,0.18,-67.93,1.79,71.03,62,784,132,0
0.15,1.48,0.11,28.08,10.74,-122.13,1.49,125.78,31,782,126,0
0.17,1.39,0.18,21.24,10.07,-151.73,1.41,153.54,14,782,108,0
0.13,1.60,0.18,28.32,13.37,-206.18,1.61,208.54,6,772,81,0
0.23,1.22,0.12,49.32,14.28,-235.90,1.24,241.42,3,780,53,0
0.22,0.96,0.19,79.90,14.47,-228.45,1.00,242.45,2,783,33,0
-0.12,0.62,0.07,118.53,27.83,-177.12,0.63,214.93,2,781,21,0
-0.88,-0.46,-0.68,67.75,14.71,-93.57,1.20,116.45,1,748,9,0
-1.07,-0.20,-0.19,14.16,-10.68,-26.00,1.11,31.47,0,0,0,3
-0.98,0.43,-0.11,-44.86,7.81,64.51,1.08,78.97,0,0,2,0
-0.12,0.52,-0.40,-5.80,8.79,126.89,0.66,127.33,0,0,3,2
0.25,0.63,-0.44,-36.07,-39.67,130.00,0.81,140.63,0,0,3,0
0.30,0.98,-0.05,-45.90,-77.94,105.83,1.03,139.22,0,0,0,0
0.47,0.86,-0.05,-80.20,-63.05,80.08,0.98,129.69,0,0,0,0
0.60,1.30,0.29,-107.79,-40.77,80.93,1.46,140.82,0,0,0,0
0.84,1.20,0.27,-79.10,-20.45,75.56,1.49,111.29,0,0,1,0
1.00,1.04,0.25,-77.27,-7.08,55.97,1.46,95.67,0,0,0,0
1.08,1.09,0.46,-100.40,7.81,29.60,1.60,104.97,0,0,0,0
1.04,1.03,0.58,-93.69,25.15,9.58,1.57,97.48,0,0,0,0
0.98,0.93,0.48,-67.93,37.48,9.40,1.44,78.15,0,0,3,0
0.98,0.75,0.24,-39.00,31.80,22.52,1.26,55.13,0,0,0,0
0.88,0.73,0.15,-37.78,14.28,24.48,1.15,47.23,0,0,0,0
0.77,0.76,0.23,-43.95,1.53,18.01,1.11,47.52,0,0,0,0
0.70,1.03,0.40,-30.27,0.12,15.87,1.31,34.18,0,0,0,0
0.61,0.86,0.28,16.60,7.20,10.38,1.09,20.86,0,0,0,0
0.58,0.83,0.13,36.07,17.64,7.93,1.02,40.93,0,0,0,0
0.68,0.74,0.04,38.51,19.96,14.04,1.01,45.59,0,0,0,0
0.93,0.85,-0.04,24.96,8.91,-3.85,1.26,26.78,0,0,0,0
1.03,0.99,0.04,7.63,-12.51,-55.18,1.43,57.09,0,0,1,0
0.61,2.78,1.62,32.84,-18.86,-33.69,3.27,50.69,2,791,12,0
0.69,-1.32,-1.21,210.14,72.45,122.19,1.92,253.65,4,739,31,0
-0.19,2.26,0.95,-41.50,-15.26,143.86,2.45,150.50,15,742,66,0
0.18,1.51,-0.05,10.74,-1.28,103.39,1.52,103.96,33,740,87,0
0.14,0.73,0.13,35.22,-10.44,86.98,0.75,94.41,46,737,84,0
-0.46,2.16,1.17,-4.58,-8.00,80.44,2.50,80.97,73,687,83,11
0.18,1.55,-0.06,-20.02,6.41,3.30,1.56,21.28,170,601,89,41
0.12,1.07,0.09,18.92,-1.71,-1.59,1.08,19.06,201,588,90,51
0.12,0.96,0.08,3.85,-0.55,-1.28,0.97,4.09,256,585,98,58
0.12,0.98,0.09,8.79,-1.83,-0.31,0.99,8.98,274,579,90,66
0.11,0.98,0.10,4.46,-1.71,-0.24,0.99,4.78,222,573,89,77
0.12,0.98,0.10,0.85,-0.79,-0.31,0.99,1.21,246,579,89,82
0.12,0.99,0.09,0.49,-0.61,-0.31,1.00,0.84,204,577,85,82
0.11,0.98,0.10,0.00,-0.37,-0.73,0.99,0.82,175,588,84,83
0.11,0.98,0.10,-1.34,0.24,-1.10,0.99,1.75,170,594,82,77
0.11,0.99,0.09,-1.16,0.31,-1.10,1.00,1.63,180,602,86,75
0.11,0.99,0.09,-1.16,0.12,-0.98,1.00,1.52,176,604,82,74
0.12,0.99,0.10,-0.92,0.12,-1.28,1.00,1.58,156,606,88,73
0.11,0.98,0.09,-0.06,-0.31,-1.16,0.99,1.20,156,608,85,71
0.10,0.99,0.10,-2.20,-0.37,-1.28,1.00,2.57,165,608,85,68
0.12,0.99,0.08,-3.48,0.55,-2.56,1.01,4.36,174,617,95,62
0.12,0.99,0.08,-1.71,-0.24,-2.26,1.00,2.84,148,628,97,50
0.12,0.97,0.10,-0.55,-0.61,-2.32,0.99,2.46,163,627,95,47
0.12,1.00,0.08,-2.99,-0.67,-3.72,1.01,4.82,257,622,103,42
0.12,0.98,0.09,-1.28,-1.46,-5.74,0.99,6.06,263,624,105,31
0.12,1.00,0.09,1.04,-1.83,-8.18,1.01,8.45,252,636,111,29
0.13,0.97,0.09,0.98,-1.65,-5.13,0.99,5.47,309,639,112,24
0.13,0.98,0.09,1.04,-1.10,-1.40,1.00,2.06,219,636,118,28
0.13,1.00,0.09,0.92,-1.22,-3.85,1.01,4.14,333,633,112,24
0.14,1.01,0.08,1.53,-1.59,-7.20,1.02,7.53,263,643,121,19
0.17,1.26,0.05,3.36,-2.75,-11.90,1.27,12.67,213,667,121,13
0.17,1.15,0.06,22.03,-7.32,-22.52,1.16,32.35,219,707,126,5
0.19,1.54,0.08,42.97,-11.72,-34.91,1.56,56.59,172,740,132,0
0.16,1.67,0.32,31.92,-0.55,-90.21,1.71,95.69,74,769,136,1
0.15,1.65,0.22,7.32,16.60,-135.31,1.67,136.53,32,774,126,0
0.07,1.53,0.14,8.06,21.12,-188.78,1.54,190.13,14,774,102,0
0.14,1.31,0.12,21.85,16.42,-224.43,1.32,226.08,6,772,79,0
0.14,1.22,0.06,59.81,11.78,-232.42,1.23,240.28,4,775,55,0
0.18,0.84,-0.06,105.83,13.06,-216.55,0.86,241.39,3,782,37,0
-0.02,0.02,-0.58,115.66,0.37,-195.80,0.58,227.41,2,754,20,0
-0.90,-0.50,-0.46,46.69,-43.03,-125.24,1.13,140.42,1,740,3,3
-0.77,-0.09,-0.14,-27.53,-19.35,0.31,0.78,33.65,0,0,0,0
-0.64,0.34,-0.13,-11.72,34.91,76.11,0.73,84.55,0,0,0,2
0.15,0.37,-0.40,-44.19,33.75,100.77,0.56,115.09,0,0,2,1
0.48,0.92,-0.08,-73.55,-13.43,105.96,1.04,129.68,0,0,2,0
0.53,1.00,0.16,-58.35,-50.42,109.80,1.14,134.17,0,0,2,0
0.66,1.01,0.18,-55.05,-47.49,97.23,1.22,121.41,0,0,1,0
0.86,0.92,0.06,-73.61,-40.10,58.11,1.27,101.99,0,0,0,0
0.71,0.88,0.25,-105.65,-42.30,53.34,1.16,125.69,0,0,0,0
0.92,1.18,0.45,-97.53,-26.61,80.32,1.56,129.12,0,0,3,0
1.06,1.11,0.43,-55.66,-4.39,44.86,1.59,71.63,0,0,1,0
1.03,0.85,0.38,-59.88,12.82,7.39,1.39,61.68,0,0,1,0
0.84,0.83,0.42,-51.88,33.02,-12.08,1.25,62.67,0,0,1,0
0.72,0.66,0.27,-30.82,50.48,-3.05,1.01,59.22,0,0,0,0
0.76,0.67,0.15,-30.88,55.91,13.55,1.03,65.29,0,0,1,0
0.85,0.80,0.17,-32.90,45.78,8.18,1.18,56.96,0,0,1,0
0.83,0.82,0.16,-18.80,24.96,3.23,1.18,31.42,0,0,0,0
0.78,0.74,0.11,-5.07,6.96,15.56,1.08,17.79,0,0,1,0
0.73,0.61,0.13,-4.58,-6.96,25.02,0.96,26.37,0,0,3,0
0.80,0.92,0.27,2.26,-14.95,15.56,1.24,21.70,0,0,0,0
0.77,0.80,0.20,30.64,-14.40,-2.44,1.13,33.94,0,0,0,0
0.85,0.66,-0.01,32.53,-9.64,-24.90,1.08,42.09,0,0,1,0
0.08,0.91,0.22,1.46,-11.96,-53.47,0.94,54.81,1,806,8,0
0.41,0.39,-0.46,175.29,44.43,124.88,0.73,219.76,4,762,34,0
0.23,1.85,-0.05,-33.63,-1.28,166.81,1.87,170.17,11,774,76,0
0.18,1.52,-0.05,10.07,-5.07,150.21,1.53,150.63,26,768,102,0
0.14,1.04,0.16,34.73,-13.12,94.79,1.06,101.80,46,762,109,0
0.12,1.25,0.93,17.52,-11.35,83.98,1.56,86.54,69,750,112,0
0.11,1.38,-0.04,30.40,-2.01,13.49,1.38,33.32,130,654,101,26
0.09,0.86,0.14,10.44,0.31,4.33,0.88,11.31,174,613,105,53
0.13,1.01,0.07,3.60,-0.55,0.73,1.02,3.72,207,604,100,61
0.08,0.98,0.04,4.94,-1.83,0.73,0.99,5.32,178,594,87,65
0.12,0.98,0.09,4.39,-1.77,0.43,1.00,4.76,198,579,78,76
0.11,0.98,0.09,1.95,-1.59,0.12,0.99,2.52,173,568,79,86
0.12,0.98,0.09,-0.18,-1.22,-0.24,1.00,1.26,154,555,73,92
0.11,0.99,0.08,-1.16,-0.43,-0.67,1.00,1.41,160,551,72,92
0.11,0.98,0.09,-0.55,-0.49,-0.98,0.99,1.22,182,554,70,88
0.11,0.99,0.08,-0.98,-0.49,-0.98,1.00,1.46,168,555,74,93
0.11,0.99,0.08,-0.85,-0.61,-1.10,1.00,1.52,166,553,75,94
0.11,0.99,0.09,-0.73,-0.24,-1.16,1.00,1.39,195,553,75,89
0.12,0.98,0.09,-0.49,0.00,-1.10,0.99,1.20,178,555,79,92
0.11,0.99,0.08,-1.34,-0.18,-1.22,1.00,1.82,200,558,82,84
0.11,0.98,0.09,-0.85,-0.06,-1.34,0.99,1.59,204,562,86,79
0.12,0.98,0.08,-1.04,-0.18,-1.40,1.00,1.76,256,567,88,79
0.12,0.99,0.08,-1.22,-0.31,-1.16,1.00,1.71,277,564,85,74
0.12,0.97,0.09,0.67,-0.61,-1.40,0.99,1.67,229,564,83,72
0.11,0.99,0.08,-1.77,-0.31,-1.34,1.00,2.24,232,566,86,72
0.12,0.99,0.07,-0.85,-0.43,-1.65,1.00,1.90,208,566,92,69
0.12,0.99,0.09,1.34,-0.61,-1.89,1.00,2.40,266,571,94,66
0.11,1.01,0.08,-0.67,-0.55,-4.64,1.02,4.72,268,575,97,55
0.12,0.98,0.09,0.18,-1.22,-7.51,1.00,7.61,257,589,97,41
0.13,1.00,0.08,0.55,-1.22,-8.97,1.01,9.07,250,608,103,30
0.14,1.02,0.07,4.70,-2.20,-11.66,1.04,12.76,225,628,110,22
0.19,1.53,0.01,5.25,-4.27,-21.00,1.54,22.06,193,671,121,12
0.18,1.15,0.08,37.17,-11.84,-36.87,1.17,53.67,131,736,123,1
0.24,1.11,0.00,71.11,-8.42,-50.11,1.13,87.40,90,766,129,0
0.10,1.45,0.26,29.97,5.62,-98.82,1.48,103.41,32,775,119,0
0.22,1.31,0.10,19.23,17.40,-139.71,1.33,142.09,15,769,110,0
0.16,1.29,0.07,18.80,16.60,-176.88,1.30,178.65,7,765,84,0
0.27,1.24,0.08,33.39,5.86,-199.10,1.27,201.96,3,769,62,0
0.36,1.12,0.04,72.69,-3.36,-202.39,1.18,215.08,2,783,39,0
0.38,0.81,-0.03,87.77,-9.28,-184.81,0.89,204.81,1,790,29,0
0.13,0.54,-0.06,98.39,-14.89,-164.86,0.56,192.56,1,792,18,0
-0.61,-0.16,-0.32,75.87,-28.26,-113.04,0.70,139.04,1,772,10,0
-1.04,-0.16,0.02,32.23,-18.01,-36.50,1.05,51.91,0,0,0,1
-0.87,0.23,-0.07,-35.34,34.61,35.64,0.91,60.97,0,0,0,0
-0.18,0.53,-0.14,-35.10,52.43,101.62,0.58,119.62,0,0,0,1
0.19,0.65,-0.16,-44.92,29.42,110.84,0.70,123.16,0,0,0,0
0.34,0.84,-0.05,-45.23,-9.89,112.00,0.90,121.19,0,0,0,0
0.40,0.89,0.03,-46.45,-36.44,99.12,0.98,115.37,0,0,0,0
0.58,0.90,-0.00,-60.42,-33.57,80.81,1.07,106.34,0,0,1,0
0.73,1.02,0.03,-89.29,-33.39,62.07,1.25,113.76,0,0,0,0
0.87,1.11,0.16,-89.54,-46.63,57.98,1.42,116.42,0,0,0,0
0.87,0.95,0.24,-89.05,-63.60,74.28,1.32,132.26,0,0,0,0
0.78,1.07,0.43,-103.58,-57.19,81.54,1.39,143.69,0,0,0,0
0.90,1.10,0.59,-100.71,-22.52,55.73,1.53,117.28,0,0,0,0
0.98,1.21,0.72,-82.76,20.20,6.35,1.72,85.43,0,0,0,0
0.85,0.91,0.54,-29.85,60.97,-38.02,1.36,77.81,0,0,0,0
0.72,0.70,0.37,-22.09,80.38,-17.64,1.08,85.21,0,0,0,0
0.84,0.81,0.36,-11.90,89.97,-1.53,1.22,90.76,0,0,0,0
1.00,0.77,0.23,8.24,79.04,-13.73,1.28,80.65,0,0,1,0
0.97,0.78,0.16,21.73,45.53,-20.51,1.25,54.46,0,0,0,0
0.85,0.59,0.04,39.31,11.47,-6.41,1.03,41.45,0,0,0,0
0.81,0.78,0.04,38.27,-6.16,7.51,1.12,39.48,0,0,0,0
0.87,0.82,-0.04,42.18,-10.74,-13.98,1.20,45.71,0,0,0,0
-0.05,1.55,1.14,130.86,35.58,118.65,1.93,180.19,3,771,24,0
0.26,1.55,-0.19,-42.85,-0.24,164.43,1.59,169.92,8,753,63,0
0.20,1.15,-0.14,27.10,-6.23,137.57,1.18,140.36,22,749,89,0
0.17,1.15,0.09,24.84,-7.32,100.83,1.17,104.10,42,751,102,0
0.16,0.89,0.03,9.89,-5.68,87.95,0.90,88.69,61,738,94,0
0.41,3.22,-0.30,-144.53,26.25,33.94,3.26,150.76,113,671,98,18
0.08,0.67,0.17,40.77,-4.88,3.60,0.69,41.22,178,616,96,44
0.10,0.93,0.11,9.58,-1.59,2.32,0.94,9.99,202,591,92,63
0.11,1.01,0.08,7.26,-1.83,-0.43,1.02,7.50,190,582,85,71
0.11,0.98,0.09,3.78,-1.77,-0.24,0.99,4.18,178,579,78,82
0.11,0.98,0.09,1.83,-1.46,-0.85,0.99,2.50,176,576,74,84
0.11,0.98,0.09,0.55,-0.61,-0.98,0.99,1.28,240,575,78,91
0.11,0.99,0.09,-0.79,-0.12,-1.10,1.00,1.36,204,573,79,90
0.11,0.99,0.09,-0.43,0.24,-1.10,1.00,1.20,176,576,84,87
0.11,0.98,0.09,-0.98,-0.18,-1.10,0.99,1.48,227,576,83,86
0.11,0.98,0.09,-1.22,-0.24,-1.28,0.99,1.79,242,574,84,84
0.11,0.98,0.09,-1.46,-0.67,-1.16,0.99,1.99,258,567,78,83
0.11,0.99,0.08,-1.34,-0.24,-1.28,1.00,1.87,322,565,79,80
0.11,0.98,0.09,-0.18,-0.12,-1.10,0.99,1.12,248,564,88,85
0.11,0.99,0.08,-0.79,-0.37,-1.16,1.00,1.45,220,559,85,85
0.11,0.99,0.08,0.12,-0.31,-1.16,1.00,1.21,220,558,85,84
0.12,0.98,0.09,-1.53,-0.49,-1.40,0.99,2.13,246,557,86,83
0.11,0.98,0.08,-1.95,-0.24,-1.34,0.99,2.38,270,558,88,78
0.10,0.99,0.08,-3.23,-0.24,-1.22,1.00,3.47,304,557,92,72
0.11,0.99,0.08,-2.69,0.12,-2.93,1.00,3.98,292,564,91,60
0.11,0.98,0.09,-2.32,-0.31,-3.48,0.99,4.19,376,567,95,51
0.11,1.00,0.07,-2.62,-0.24,-4.82,1.01,5.50,329,575,99,41
0.12,1.01,0.07,-1.53,-1.22,-5.80,1.02,6.12,361,584,107,30
0.12,1.01,0.08,-0.79,-1.83,-10.62,1.02,10.81,369,606,120,19
0.14,1.01,0.05,2.56,-2.62,-17.09,1.02,17.48,286,647,125,10
0.14,1.05,0.08,20.45,-6.77,-21.97,1.07,30.77,248,689,128,4
0.18,1.56,0.08,32.90,-10.56,-36.50,1.57,50.26,199,736,133,0
0.10,1.57,0.28,32.47,-7.08,-68.48,1.60,76.12,104,766,136,1
0.15,1.59,0.28,25.02,3.05,-107.42,1.62,110.34,46,783,136,0
0.10,1.65,0.22,6.41,19.59,-171.26,1.66,172.50,23,775,119,0
0.16,1.52,0.02,10.50,14.71,-216.80,1.53,217.55,9,774,94,0
0.12,1.55,0.08,33.87,5.55,-243.16,1.55,245.58,5,773,65,0
-0.02,1.16,0.10,103.27,9.83,-235.96,1.17,257.76,4,770,40,0
-0.30,-0.21,-0.75,132.32,6.04,-203.67,0.83,242.96,3,735,20,0
-1.17,-0.61,-0.67,44.92,-55.18,-122.62,1.48,141.77,1,700,4,2
-1.08,0.19,-0.11,-34.06,-58.53,-6.96,1.10,68.08,0,0,0,0
-0.68,0.22,-0.11,0.67,-14.71,100.40,0.72,101.48,0,0,1,0
-0.13,0.29,-0.31,-37.72,12.94,123.66,0.45,129.93,0,0,0,1
0.19,0.88,-0.10,-62.13,8.67,124.08,0.90,139.04,0,0,1,0
0.70,0.88,-0.19,-57.68,-10.44,104.31,1.14,119.65,0,0,2,0
0.77,1.09,0.14,-84.05,-31.37,70.92,1.34,114.36,0,0,0,0
0.73,1.13,0.31,-76.29,-19.65,37.17,1.38,87.11,0,0,0,0
0.98,1.04,0.32,-88.32,-7.08,32.41,1.46,94.34,0,0,0,0
1.08,1.26,0.44,-83.80,-10.19,58.96,1.72,102.97,0,0,0,0
1.22,1.09,0.29,-36.80,-22.77,52.37,1.66,67.94,0,0,0,0
1.30,0.65,0.18,-54.69,-34.48,14.89,1.47,66.35,0,0,0,0
1.02,0.85,0.47,-107.85,-22.58,-37.29,1.41,116.33,0,0,0,0
0.53,0.90,0.69,-48.34,11.66,-40.83,1.25,64.34,0,0,2,0
0.49,0.57,0.32,-3.54,45.96,1.10,0.82,46.11,0,0,0,0
0.74,0.65,0.07,-10.01,54.32,38.15,0.99,67.13,0,0,0,0
1.02,0.96,0.18,-15.14,32.90,21.55,1.41,42.14,0,0,1,0
0.76,0.79,0.27,-0.12,6.71,-27.22,1.13,28.04,0,0,1,0
0.50,0.60,0.18,12.63,9.83,-25.63,0.80,30.22,0,0,0,0
0.61,0.76,0.15,21.36,22.71,21.12,0.98,37.65,0,0,0,0
1.08,1.11,0.06,40.83,17.94,-16.11,1.54,47.42,0,0,2,0
0.16,1.30,0.94,96.62,3.36,-16.48,1.61,98.07,2,783,17,0
0.60,-0.72,-0.71,65.80,15.62,166.08,1.17,179.32,6,786,59,0
0.10,1.63,-0.08,15.50,-2.08,222.72,1.63,223.27,13,778,90,0
0.17,1.68,-0.03,17.46,-9.16,147.71,1.69,149.01,31,771,115,0
0.24,1.36,-0.01,25.39,-12.15,100.40,1.38,104.27,61,763,122,0
-0.58,0.80,1.37,-1.53,-7.51,86.79,1.69,87.13,97,736,121,11
0.30,2.29,-0.23,1.34,2.81,12.27,2.32,12.66,164,661,118,41
0.09,0.77,0.16,19.47,-2.75,2.26,0.79,19.79,202,642,108,57
0.09,0.99,0.06,7.20,-2.14,0.55,1.00,7.53,192,623,99,66
0.08,0.96,0.08,7.69,-2.75,0.73,0.97,8.20,212,607,88,78
0.10,0.98,0.09,3.11,-2.26,-0.06,0.99,3.85,172,589,85,89
0.11,0.97,0.10,-0.79,-1.04,-0.98,0.98,1.63,198,579,79,90
0.11,0.98,0.09,-1.28,-0.43,-0.98,0.99,1.67,195,576,83,88
0.12,0.99,0.09,-1.22,-0.43,-0.79,1.00,1.52,196,571,84,95
0.11,0.99,0.09,-1.04,-0.43,-0.61,1.00,1.28,192,569,85,92
0.12,0.99,0.09,-0.55,-0.55,-0.49,1.00,0.92,235,561,80,91
0.11,0.98,0.09,-0.12,-0.73,-0.92,0.99,1.18,178,555,78,92
0.11,0.99,0.08,-2.01,0.24,-1.16,1.00,2.34,180,557,80,86
0.12,0.98,0.09,0.12,0.18,-1.16,0.99,1.18,250,563,82,87
0.11,0.98,0.10,-0.31,-0.12,-1.10,0.99,1.15,201,563,90,88
0.11,0.99,0.08,-1.65,0.06,-1.40,1.00,2.17,206,565,85,81
0.12,0.98,0.09,-1.40,0.00,-1.46,0.99,2.03,209,570,89,80
0.12,0.98,0.09,-2.14,-0.06,-1.34,0.99,2.52,266,572,98,73
0.12,0.99,0.08,-1.46,-0.31,-1.46,1.00,2.09,272,570,97,72
0.12,0.98,0.09,-0.24,-0.67,-1.46,1.00,1.63,290,573,97,71
0.11,0.99,0.08,-0.85,-0.79,-1.95,1.00,2.27,337,572,100,71
0.12,0.98,0.09,-0.24,-0.43,-1.95,0.99,2.01,274,570,100,67
0.11,0.98,0.09,-1.04,-0.55,-2.08,0.99,2.38,259,579,103,62
0.12,0.99,0.08,-0.67,-0.61,-3.42,1.00,3.54,300,588,108,53
0.12,0.98,0.09,2.08,-0.92,-4.09,1.00,4.68,344,598,108,48
0.12,0.98,0.10,0.73,-0.98,-5.68,0.99,5.81,252,613,111,33
0.14,1.02,0.07,0.73,-1.89,-10.25,1.03,10.45,230,635,114,24
0.14,1.01,0.08,3.05,-2.81,-14.89,1.03,15.46,215,680,119,13
0.14,1.03,0.08,30.88,-9.70,-29.42,1.05,43.74,150,732,127,3
0.12,1.69,0.34,69.95,-12.45,-47.97,1.73,85.73,100,762,127,0
0.06,1.59,0.35,29.54,1.65,-100.04,1.63,104.32,39,779,121,0
0.16,1.39,0.20,18.43,17.09,-142.40,1.41,144.60,20,780,111,0
0.13,1.50,0.09,11.54,18.37,-184.45,1.51,185.72,9,776,85,0
0.26,1.41,0.01,31.49,10.80,-217.77,1.43,220.30,5,782,71,0
0.30,1.28,-0.05,65.67,-1.40,-223.27,1.32,232.73,3,779,46,0
0.19,0.80,-0.04,104.37,-7.57,-206.54,0.82,231.54,2,780,36,0
0.00,0.12,-0.39,86.12,-28.14,-166.99,0.41,189.99,2,777,20,0
-0.84,-0.02,-0.15,64.21,-49.44,-110.35,0.85,136.91,1,761,8,0
-1.10,-0.68,-0.18,19.29,-19.35,-27.89,1.30,39.04,0,0,0,3
-0.83,0.45,0.10,-61.40,48.34,69.52,0.95,104.59,0,0,0,2
0.03,0.62,-0.19,-44.49,84.29,118.47,0.65,152.05,0,0,0,0
0.46,0.62,-0.29,-60.91,53.10,116.76,0.82,142.00,0,0,1,0
0.59,1.06,0.04,-72.27,3.11,112.06,1.21,133.38,0,0,0,0
0.62,1.00,0.12,-51.21,-21.06,99.91,1.18,114.23,0,0,0,0
0.62,1.04,0.17,-49.26,-16.72,85.94,1.22,100.45,0,0,0,0
0.75,1.04,0.16,-59.51,1.22,62.01,1.29,85.96,0,0,0,0
0.98,1.17,0.26,-65.00,4.64,52.61,1.55,83.75,0,0,0,0
1.05,1.09,0.29,-42.66,-2.14,55.48,1.54,70.02,0,0,0,0
1.07,0.79,0.19,-39.00,-12.02,50.17,1.35,64.67,0,0,0,0
0.96,0.78,0.23,-69.40,-11.54,29.66,1.26,76.35,0,0,0,0
1.01,1.05,0.41,-86.06,1.46,-0.49,1.52,86.07,0,0,0,0
0.87,0.91,0.43,-37.41,9.83,-20.39,1.33,43.73,0,0,0,0
0.72,0.52,0.21,-19.17,22.03,-9.03,0.91,30.57,0,0,0,0
0.74,0.73,0.24,-22.71,38.21,34.00,1.07,55.96,0,0,0,0
0.96,0.84,0.20,-0.24,42.05,23.86,1.29,48.35,0,0,0,0
1.00,0.70,0.04,13.00,26.79,-16.36,1.23,33.98,0,0,0,0
0.82,0.51,0.06,-2.56,1.34,-27.89,0.97,28.04,0,0,0,0
0.65,0.75,0.21,6.35,-16.24,-0.67,1.01,17.45,0,0,0,0
0.70,0.80,0.08,33.94,-14.04,4.94,1.07,37.06,0,0,0,0
0.86,0.80,-0.12,23.68,-1.53,-32.96,1.18,40.61,0,0,0,0
0.27,1.48,0.77,166.81,22.28,70.92,1.69,182.62,3,764,29,0
0.53,0.46,-0.74,28.32,-5.55,160.77,1.02,163.34,11,775,80,0
0.08,2.17,0.13,-1.34,-6.29,166.14,2.17,166.26,24,774,110,0
0.14,0.94,0.22,55.11,-19.59,99.55,0.97,115.46,43,772,120,1
0.13,0.47,0.23,40.34,-20.26,92.04,0.54,102.52,59,760,112,0
0.23,1.95,-0.05,-118.35,25.94,49.32,1.96,130.81,114,671,107,31
0.12,1.05,0.11,36.44,-4.39,3.66,1.07,36.88,190,615,100,54
0.14,0.86,0.13,-0.12,-0.67,-0.31,0.89,0.75,222,604,102,59
0.14,1.00,0.08,3.11,-2.08,1.10,1.01,3.90,197,584,80,69
0.13,0.99,0.09,5.68,-3.42,0.18,1.00,6.63,304,571,71,78
0.12,0.98,0.10,2.01,-2.69,-0.67,0.99,3.42,239,548,57,89
0.12,0.99,0.09,0.37,-2.38,-0.67,1.00,2.50,202,530,53,86
0.12,0.99,0.09,0.06,-1.65,-0.79,1.00,1.83,245,519,47,90
0.13,0.99,0.10,1.34,-1.46,-0.31,1.00,2.01,197,503,46,93
0.13,0.98,0.10,1.53,-1.65,-0.61,1.00,2.33,205,491,39,102
0.11,0.98,0.09,1.83,-1.53,-0.85,1.00,2.53,173,488,33,107
0.12,0.98,0.10,1.77,-1.28,-0.67,1.00,2.29,206,480,34,102
0.12,0.99,0.10,1.65,-0.98,-0.61,1.00,2.01,171,478,34,104
0.13,0.97,0.10,0.92,-0.06,-0.67,0.99,1.14,153,480,34,115
0.13,0.98,0.10,0.00,0.18,-1.16,1.00,1.17,184,484,35,111
0.13,0.99,0.10,-0.61,0.24,-1.10,1.00,1.28,158,491,38,108
0.12,0.98,0.10,-1.40,0.49,-1.16,0.99,1.89,185,502,46,102
0.13,0.98,0.10,-2.08,0.79,-1.28,0.99,2.56,238,512,54,97
0.12,0.98,0.10,-2.69,0.61,-1.28,0.99,3.04,193,522,58,92
0.12,0.98,0.10,-3.30,0.73,-1.46,1.00,3.68,256,531,67,90
0.13,0.99,0.09,-3.11,0.73,-2.01,1.00,3.78,235,541,70,82
0.13,0.98,0.09,-2.08,0.31,-2.08,0.99,2.95,224,550,78,78
0.13,0.98,0.10,-0.37,-0.31,-1.65,0.99,1.72,256,550,83,75
0.13,0.99,0.09,-0.98,-0.31,-2.32,1.00,2.53,281,557,82,68
0.13,0.98,0.10,-0.18,-0.49,-4.15,1.00,4.18,285,568,88,61
0.14,1.00,0.07,-2.01,-0.31,-4.52,1.02,4.95,276,576,95,52
0.13,0.97,0.11,0.55,-1.34,-6.10,0.98,6.27,296,586,95,41
0.15,1.01,0.08,0.06,-1.83,-11.29,1.03,11.44,288,608,106,26
0.14,1.01,0.09,-0.55,-2.08,-12.82,1.02,13.00,278,638,111,16
0.16,1.07,0.08,15.20,-5.86,-21.30,1.09,26.82,198,675,114,7
0.17,1.10,0.08,33.33,-11.17,-32.71,1.11,48.02,180,726,120,0
0.14,1.50,0.48,47.18,-14.65,-36.93,1.58,61.68,129,753,129,0
0.12,1.47,0.30,25.33,0.31,-82.34,1.50,86.15,53,773,125,0
0.23,1.32,0.20,18.55,8.61,-108.89,1.35,110.79,26,774,117,0
0.13,1.49,0.30,12.39,14.28,-139.53,1.53,140.80,14,769,104,0
0.24,1.42,0.13,11.72,19.41,-176.94,1.45,178.39,7,764,81,0
0.32,1.29,0.07,34.79,14.95,-201.78,1.33,205.30,4,778,58,0
0.25,1.18,0.10,69.76,8.00,-199.40,1.21,211.40,2,782,40,0
0.15,0.70,-0.06,112.55,11.17,-167.79,0.71,202.35,2,780,29,0
-0.47,0.06,-0.30,51.70,-13.73,-132.87,0.56,143.24,1,767,16,0
-1.13,-0.18,-0.19,44.80,-21.48,-72.14,1.16,87.60,1,744,3,1
-0.71,0.06,-0.22,-26.61,14.71,-5.80,0.75,30.95,0,0,0,0
-0.31,0.70,-0.03,-40.95,36.68,85.94,0.77,102.02,0,0,0,1
0.23,0.44,-0.38,-34.55,21.61,105.16,0.62,112.78,0,0,0,1
0.31,0.76,-0.13,-81.24,-17.94,106.57,0.83,135.20,0,0,0,0
0.31,0.99,0.11,-79.28,-28.69,100.16,1.04,130.92,0,0,0,0
0.54,1.16,0.24,-64.94,-13.67,89.23,1.31,111.21,0,0,0,0
0.72,0.97,0.09,-47.79,-13.67,75.56,1.21,90.45,0,0,0,0
1.03,0.88,0.07,-79.22,-32.47,49.87,1.36,99.08,0,0,0,0
1.04,0.93,0.28,-111.57,-42.85,22.95,1.42,121.70,0,0,0,0
0.86,1.12,0.62,-115.60,-27.28,12.57,1.54,119.44,0,0,0,0
0.85,1.02,0.70,-67.57,16.60,15.38,1.51,71.26,0,0,0,0
0.86,0.84,0.52,-17.52,61.28,29.60,1.31,70.27,0,0,0,0
0.97,0.66,0.26,2.14,82.46,45.90,1.20,94.40,0,0,0,0
1.12,0.73,0.05,2.87,70.01,39.55,1.34,80.46,0,0,0,0
1.10,0.67,-0.05,-8.91,30.58,18.43,1.29,36.80,0,0,0,0
0.90,0.70,0.13,-22.64,5.62,7.51,1.15,24.51,0,0,2,0
0.75,0.82,0.21,-14.10,-2.38,5.31,1.13,15.25,0,0,1,0
0.68,0.84,0.18,9.89,0.73,12.45,1.09,15.92,0,0,0,0
