X,Y,Z
99.00,-0.86,167.09
99.14,-0.78,167.09
99.30,-0.70,167.09
99.46,-0.60,167.08
99.63,-0.50,167.09
99.80,-0.40,167.08
99.98,-0.29,167.08
100.17,-0.18,167.07
100.38,-0.05,167.07
100.61,0.08,167.06
100.85,0.23,167.06
101.10,0.40,167.06
101.34,0.57,167.06
101.59,0.76,167.06
101.83,0.97,167.08
102.06,1.19,167.09
102.29,1.42,167.12
102.51,1.66,167.14
102.72,1.92,167.17
102.91,2.20,167.21
103.09,2.51,167.25
103.26,2.84,167.30
103.41,3.21,167.37
103.55,3.61,167.44
103.67,4.04,167.52
103.78,4.47,167.61
103.88,4.89,167.71
103.95,5.31,167.82
103.98,5.75,167.92
104.00,6.18,168.04
103.99,6.63,168.16
103.96,7.12,168.29
103.92,7.63,168.43
103.87,8.17,168.59
103.80,8.72,168.75
103.73,9.29,168.93
103.66,9.87,169.13
103.60,10.46,169.33
103.55,11.05,169.54
103.51,11.66,169.75
103.50,12.29,169.96
103.50,12.94,170.18
103.51,13.60,170.41
103.56,14.28,170.63
103.63,14.97,170.85
103.72,15.67,171.08
103.82,16.40,171.31
103.93,17.16,171.54
104.05,17.94,171.77
104.18,18.74,172.00
104.32,19.55,172.22
104.47,20.38,172.43
104.63,21.24,172.63
104.81,22.14,172.82
105.00,23.06,172.99
105.19,24.02,173.13
105.39,25.03,173.23
105.60,26.08,173.30
105.82,27.16,173.33
106.05,28.30,173.31
106.30,29.48,173.27
106.54,30.72,173.20
106.78,31.99,173.09
107.00,33.30,172.96
107.18,34.63,172.79
107.37,35.98,172.59
107.58,37.33,172.38
107.72,38.65,172.14
107.83,39.96,171.85
107.88,41.19,171.50
107.89,42.34,171.08
107.86,43.42,170.61
107.79,44.46,170.13
107.61,45.44,169.62
107.24,46.34,169.04
106.69,47.14,168.38
105.94,47.82,167.66
105.01,48.47,166.82
104.03,49.15,165.95
103.05,49.59,164.98
101.80,49.36,164.09
100.55,48.57,163.37
99.36,47.34,162.82
98.27,45.73,162.48
97.35,43.92,162.35
96.72,42.10,162.40
96.33,40.38,162.54
96.06,38.71,162.70
95.86,37.06,162.83
95.78,35.41,162.98
95.69,33.67,163.13
95.52,31.81,163.21
95.24,29.85,163.25
94.87,27.86,163.24
94.48,25.91,163.23
94.09,24.02,163.23
93.70,22.18,163.26
93.31,20.36,163.31
92.87,18.52,163.40
92.42,16.67,163.51
91.98,14.80,163.65
91.59,12.95,163.83
91.26,11.14,164.05
90.94,9.37,164.32
90.56,7.62,164.66
90.12,5.88,165.03
89.62,4.16,165.44
89.09,2.50,165.89
88.55,0.87,166.38
88.02,-0.76,166.92
87.47,-2.36,167.48
86.91,-3.91,168.05
86.32,-5.43,168.62
85.72,-6.93,169.19
85.12,-8.43,169.77
84.50,-9.88,170.36
83.87,-11.29,170.95
83.22,-12.63,171.54
82.56,-13.89,172.13
81.91,-15.07,172.73
81.26,-16.16,173.33
80.60,-17.13,173.93
79.84,-17.93,174.51
79.16,-18.54,175.07
78.46,-19.13,175.62
77.88,-19.74,176.10
77.39,-20.37,176.46
77.05,-20.95,176.65
76.88,-21.44,176.67
76.82,-21.85,176.54
76.89,-22.14,176.31
77.10,-22.27,176.03
77.46,-22.19,175.77
77.90,-21.86,175.58
78.51,-21.31,175.44
78.93,-20.69,175.37
79.06,-20.08,175.34
79.05,-19.44,175.37
79.28,-18.52,175.36
79.98,-17.10,175.24
80.77,-15.60,175.06
81.45,-14.09,174.98
81.97,-12.63,174.96
82.32,-11.37,174.93
82.52,-10.32,174.82
82.56,-9.45,174.65
82.47,-8.71,174.47
82.33,-8.06,174.28
82.17,-7.49,174.11
82.01,-7.01,173.99
81.90,-6.61,173.89
81.82,-6.27,173.85
81.76,-5.99,173.84
81.72,-5.73,173.82
81.67,-5.48,173.79
81.61,-5.25,173.74
81.53,-5.02,173.67
81.43,-4.79,173.60
81.32,-4.58,173.53
81.20,-4.38,173.46
81.07,-4.18,173.37
80.93,-3.98,173.28
80.79,-3.79,173.19
80.64,-3.61,173.10
80.50,-3.45,173.02
80.35,-3.29,172.95
80.23,-3.16,172.89
80.13,-3.04,172.86
80.06,-2.95,172.84
80.02,-2.88,172.84
80.01,-2.82,172.86
80.01,-2.76,172.91
80.03,-2.71,172.96
80.06,-2.66,173.03
80.11,-2.61,173.10
80.15,-2.56,173.18
80.21,-2.51,173.23
80.27,-2.47,173.26
80.33,-2.43,173.28
80.40,-2.37,173.30
80.49,-2.30,173.32
80.58,-2.20,173.33
80.70,-2.09,173.32
80.84,-1.96,173.31
81.00,-1.83,173.30
81.17,-1.71,173.29
81.33,-1.60,173.27
81.49,-1.51,173.26
81.64,-1.42,173.25
81.78,-1.34,173.23
81.92,-1.28,173.22
82.05,-1.23,173.21
82.17,-1.18,173.20
82.30,-1.14,173.19
82.43,-1.10,173.18
82.57,-1.05,173.16
82.73,-0.99,173.14
82.89,-0.92,173.11
83.05,-0.85,173.08
83.21,-0.79,173.06
83.36,-0.73,173.04
83.49,-0.68,173.02
83.62,-0.64,173.00
83.74,-0.60,172.98
83.87,-0.55,172.96
83.98,-0.51,172.95
84.09,-0.47,172.93
84.20,-0.44,172.92
84.29,-0.42,172.92
84.38,-0.40,172.91
84.45,-0.38,172.90
84.52,-0.36,172.90
84.59,-0.35,172.90
84.65,-0.33,172.90
84.70,-0.32,172.90
84.76,-0.31,172.90
84.82,-0.30,172.90
84.88,-0.29,172.90
84.96,-0.27,172.90
85.07,-0.26,172.89
85.20,-0.23,172.88
85.36,-0.21,172.87
85.51,-0.19,172.85
85.65,-0.16,172.84
85.78,-0.14,172.83
85.89,-0.13,172.82
86.00,-0.11,172.82
86.11,-0.10,172.81
86.22,-0.08,172.81
86.34,-0.07,172.80
86.46,-0.06,172.80
86.57,-0.05,172.79
86.68,-0.03,172.78
86.79,-0.02,172.78
86.90,-0.01,172.77
87.00,-0.00,172.77
87.11,0.01,172.76
87.21,0.02,172.76
87.31,0.03,172.75
87.42,0.04,172.75
87.52,0.06,172.75
87.63,0.07,172.74
87.74,0.09,172.74
87.85,0.10,172.73
87.95,0.11,172.73
88.05,0.12,172.72
88.14,0.13,172.72
88.23,0.14,172.71
88.31,0.15,172.71
88.39,0.16,172.71
88.46,0.16,172.70
88.53,0.17,172.69
88.59,0.17,172.69
88.66,0.17,172.68
88.72,0.17,172.68
88.78,0.17,172.68
88.83,0.17,172.67
88.89,0.16,172.67
88.94,0.16,172.67
89.00,0.15,172.66
89.05,0.15,172.66
89.10,0.14,172.66
89.15,0.14,172.65
89.20,0.14,172.65
89.26,0.13,172.65
89.31,0.13,172.64
89.37,0.13,172.64
89.43,0.13,172.63
89.50,0.13,172.62
89.56,0.13,172.62
89.63,0.13,172.61
89.69,0.12,172.60
89.75,0.12,172.59
89.81,0.12,172.59
89.87,0.11,172.58
89.92,0.10,172.57
89.98,0.09,172.56
90.03,0.08,172.55
90.07,0.07,172.54
90.11,0.05,172.53
90.15,0.04,172.52
90.19,0.02,172.51
90.22,0.01,172.50
90.25,-0.01,172.49
90.27,-0.03,172.49
90.30,-0.05,172.48
90.32,-0.07,172.48
90.34,-0.09,172.47
90.36,-0.11,172.47
90.38,-0.13,172.46
90.40,-0.15,172.45
90.42,-0.17,172.45
90.44,-0.18,172.44
90.46,-0.20,172.43
90.49,-0.22,172.42
90.52,-0.23,172.42
90.55,-0.24,172.41
90.58,-0.26,172.40
90.61,-0.27,172.39
90.64,-0.28,172.38
90.67,-0.30,172.38
90.69,-0.32,172.37
90.72,-0.34,172.36
90.74,-0.36,172.35
90.76,-0.38,172.35
90.79,-0.40,172.34
90.81,-0.41,172.33
90.83,-0.43,172.32
90.85,-0.45,172.31
90.87,-0.47,172.31
90.89,-0.49,172.30
90.91,-0.51,172.29
90.92,-0.54,172.27
90.94,-0.56,172.26
90.96,-0.58,172.25
90.98,-0.60,172.24
90.99,-0.61,172.24
91.01,-0.63,172.23
91.02,-0.65,172.22
91.04,-0.67,172.21
91.06,-0.69,172.20
91.07,-0.71,172.20
