X,Y,Z
94.70,-3.50,169.74
94.90,-3.42,169.74
95.10,-3.33,169.73
95.31,-3.23,169.72
95.53,-3.13,169.72
95.74,-3.02,169.71
95.95,-2.90,169.71
96.17,-2.78,169.70
96.40,-2.66,169.70
96.65,-2.51,169.69
96.93,-2.34,169.69
97.23,-2.17,169.68
97.52,-2.00,169.67
97.80,-1.82,169.66
98.03,-1.64,169.65
98.20,-1.47,169.64
98.33,-1.28,169.65
98.44,-1.09,169.67
98.53,-0.88,169.70
98.60,-0.66,169.73
98.66,-0.43,169.77
98.70,-0.18,169.79
98.71,0.09,169.83
98.71,0.39,169.87
98.70,0.72,169.91
98.68,1.08,169.96
98.66,1.45,170.02
98.65,1.86,170.08
98.65,2.27,170.14
98.61,2.70,170.20
98.52,3.13,170.26
98.40,3.56,170.34
98.26,4.01,170.41
98.10,4.49,170.49
97.93,4.99,170.59
97.76,5.52,170.69
97.61,6.09,170.81
97.48,6.70,170.93
97.37,7.35,171.05
97.32,8.03,171.18
97.32,8.77,171.30
97.37,9.63,171.40
97.46,10.53,171.51
97.60,11.46,171.61
97.81,12.42,171.72
98.07,13.44,171.84
98.38,14.51,171.97
98.68,15.61,172.10
98.98,16.73,172.24
99.31,17.89,172.38
99.63,19.10,172.50
99.97,20.32,172.62
100.31,21.60,172.72
100.66,22.91,172.79
101.01,24.24,172.85
101.37,25.60,172.88
101.71,26.99,172.88
102.03,28.40,172.85
102.33,29.83,172.79
102.56,31.29,172.71
102.77,32.78,172.59
102.99,34.30,172.46
103.21,35.81,172.30
103.37,37.30,172.14
103.46,38.77,171.96
103.50,40.25,171.74
103.50,41.70,171.50
103.37,43.10,171.23
103.08,44.42,170.88
102.66,45.73,170.45
102.16,47.06,169.94
101.53,48.49,169.33
100.89,49.77,168.53
100.30,50.84,167.60
99.83,51.96,166.74
100.06,53.25,166.28
100.61,54.03,166.37
100.92,54.39,166.52
101.21,54.39,166.71
101.57,54.14,166.87
101.89,53.73,166.91
102.02,53.23,166.77
101.80,52.61,166.44
101.22,51.84,165.97
100.34,50.91,165.44
99.26,49.80,164.91
98.05,48.57,164.37
96.76,47.16,163.92
95.60,45.54,163.69
94.62,43.69,163.68
93.85,41.61,163.90
93.32,39.36,164.31
93.06,36.98,164.84
93.10,34.52,165.48
93.19,32.08,166.05
93.15,29.68,166.44
92.87,27.38,166.61
92.38,25.15,166.58
91.76,22.96,166.44
91.22,20.74,166.29
90.81,18.51,166.19
90.41,16.27,166.13
89.96,14.05,166.10
89.42,11.88,166.10
88.79,9.73,166.16
88.13,7.60,166.31
87.48,5.53,166.55
86.83,3.56,166.91
86.14,1.65,167.38
85.38,-0.20,167.97
84.57,-1.99,168.69
83.72,-3.71,169.52
82.78,-5.33,170.46
81.78,-6.88,171.51
80.76,-8.38,172.62
79.76,-9.84,173.72
78.81,-11.26,174.81
77.93,-12.64,175.87
77.08,-13.98,176.90
76.24,-15.28,177.93
75.40,-16.51,178.95
74.55,-17.64,179.92
73.69,-18.68,180.84
72.81,-19.63,181.66
72.00,-20.51,182.36
71.31,-21.31,182.89
70.75,-22.05,183.22
70.33,-22.79,183.36
70.08,-23.50,183.32
70.02,-24.17,183.14
70.14,-24.75,182.87
70.38,-25.21,182.56
70.67,-25.51,182.28
70.98,-25.58,182.05
71.42,-25.33,181.85
71.86,-24.91,181.65
72.42,-24.16,181.31
73.25,-22.90,180.64
73.89,-21.36,179.84
74.22,-19.87,179.16
74.46,-18.63,178.66
75.51,-17.35,178.25
76.58,-16.27,177.89
77.46,-15.34,177.59
78.05,-14.52,177.39
78.39,-13.80,177.29
78.55,-13.18,177.27
78.62,-12.64,177.30
78.61,-12.13,177.31
78.58,-11.62,177.31
78.57,-11.14,177.28
78.60,-10.72,177.22
78.66,-10.35,177.14
78.72,-10.00,177.05
78.78,-9.65,176.96
78.83,-9.32,176.87
78.86,-9.01,176.77
78.89,-8.72,176.68
78.91,-8.44,176.57
78.92,-8.15,176.45
78.91,-7.85,176.33
78.89,-7.56,176.20
78.86,-7.27,176.06
78.82,-6.99,175.92
78.77,-6.72,175.77
78.70,-6.45,175.60
78.64,-6.20,175.44
78.59,-5.99,175.30
78.53,-5.79,175.17
78.47,-5.62,175.02
78.42,-5.53,174.85
78.40,-5.52,174.67
78.42,-5.54,174.52
78.46,-5.55,174.40
78.51,-5.52,174.35
78.56,-5.42,174.34
78.61,-5.21,174.35
78.66,-4.90,174.37
78.75,-4.53,174.37
78.96,-4.17,174.34
79.19,-3.86,174.29
79.70,-3.45,174.13
80.41,-3.09,174.00
80.93,-2.94,173.99
81.40,-2.86,173.99
81.77,-2.76,173.98
82.12,-2.65,173.96
82.46,-2.55,173.94
82.77,-2.47,173.91
83.05,-2.41,173.87
83.31,-2.35,173.84
83.56,-2.30,173.81
83.79,-2.26,173.78
84.00,-2.21,173.75
84.20,-2.17,173.72
84.40,-2.13,173.70
84.58,-2.09,173.68
84.77,-2.05,173.66
84.97,-2.00,173.65
85.15,-1.96,173.64
85.33,-1.93,173.63
85.48,-1.90,173.62
85.61,-1.87,173.62
85.74,-1.85,173.62
85.87,-1.83,173.61
85.99,-1.80,173.61
86.11,-1.78,173.60
86.22,-1.76,173.60
86.32,-1.75,173.59
86.41,-1.73,173.59
86.48,-1.72,173.58
86.55,-1.72,173.58
86.62,-1.71,173.58
86.69,-1.71,173.58
86.76,-1.70,173.57
86.83,-1.70,173.57
86.91,-1.69,173.56
86.98,-1.68,173.55
87.05,-1.68,173.55
87.13,-1.68,173.54
87.21,-1.68,173.53
87.30,-1.68,173.53
87.40,-1.68,173.52
87.49,-1.68,173.51
87.58,-1.68,173.50
87.68,-1.68,173.49
87.77,-1.68,173.48
87.85,-1.69,173.46
87.94,-1.68,173.45
88.05,-1.67,173.44
88.17,-1.66,173.42
88.32,-1.64,173.40
88.49,-1.61,173.38
88.68,-1.58,173.36
88.89,-1.54,173.33
89.09,-1.50,173.30
89.28,-1.46,173.28
89.43,-1.43,173.25
89.56,-1.41,173.23
89.68,-1.38,173.20
89.77,-1.36,173.18
89.85,-1.35,173.16
89.93,-1.34,173.14
89.99,-1.34,173.12
90.04,-1.34,173.10
90.07,-1.36,173.09
90.08,-1.39,173.07
90.08,-1.43,173.06
90.06,-1.48,173.05
90.04,-1.53,173.04
90.01,-1.57,173.04
90.00,-1.62,173.04
89.99,-1.65,173.04
89.99,-1.69,173.03
90.00,-1.71,173.03
90.01,-1.74,173.02
90.02,-1.76,173.01
90.03,-1.79,173.01
90.03,-1.81,173.00
90.04,-1.84,172.99
90.04,-1.86,172.99
90.05,-1.88,172.98
90.06,-1.91,172.97
90.07,-1.93,172.97
90.08,-1.95,172.96
90.09,-1.98,172.96
90.10,-2.00,172.95
90.12,-2.02,172.94
90.13,-2.05,172.94
90.14,-2.07,172.93
90.15,-2.09,172.92
90.17,-2.11,172.92
90.18,-2.13,172.91
90.20,-2.14,172.90
90.22,-2.16,172.90
90.24,-2.18,172.89
90.26,-2.19,172.88
90.28,-2.21,172.87
90.30,-2.22,172.87
90.32,-2.23,172.86
90.35,-2.25,172.85
90.37,-2.26,172.84
90.40,-2.27,172.83
90.42,-2.28,172.82
90.45,-2.30,172.81
90.47,-2.31,172.80
90.50,-2.32,172.80
90.53,-2.32,172.79
90.56,-2.33,172.78
90.59,-2.34,172.77
90.62,-2.35,172.76
90.65,-2.35,172.75
90.69,-2.36,172.75
90.72,-2.36,172.74
90.76,-2.36,172.73
90.79,-2.36,172.72
90.82,-2.36,172.72
90.84,-2.37,172.71
90.87,-2.37,172.70
90.89,-2.38,172.69
90.92,-2.38,172.69
90.95,-2.38,172.68
90.98,-2.38,172.67
91.01,-2.38,172.65
91.04,-2.38,172.64
91.07,-2.38,172.62
91.09,-2.39,172.61
91.12,-2.39,172.60
91.14,-2.39,172.59
91.16,-2.40,172.58
