-,-,-
0.20,0.92,-0.01,-3.66,-0.31,-4.03,0.95,5.45,177,762,115,0
0.20,0.93,0.00,-9.40,-0.98,-2.81,0.96,9.86,208,760,116,0
0.20,0.93,-0.01,-12.76,0.00,-2.14,0.96,12.93,252,754,118,0
0.20,0.96,-0.02,-19.84,1.83,-0.79,0.98,19.94,579,752,115,0
0.20,0.99,-0.05,-20.32,2.87,-0.73,1.02,20.54,245,747,117,0
0.21,0.96,-0.05,-17.58,2.99,-0.18,0.99,17.83,305,744,117,0
0.21,1.00,-0.07,-18.07,3.78,0.24,1.02,18.46,307,741,115,0
0.20,1.02,-0.08,-13.49,2.32,-1.53,1.04,13.77,305,739,112,0
0.20,1.00,-0.08,-8.61,0.79,-5.68,1.03,10.34,331,738,110,0
0.21,0.96,-0.07,-6.41,0.24,-6.04,0.98,8.81,550,740,107,0
0.21,1.00,-0.08,-7.14,0.49,-5.74,1.02,9.17,278,743,108,0
0.22,0.99,-0.09,-5.37,0.06,-8.67,1.02,10.20,293,744,107,0
0.22,0.97,-0.08,-1.95,-0.49,-9.83,1.00,10.03,250,748,105,0
0.23,1.00,-0.10,0.18,-0.67,-10.31,1.03,10.34,296,755,107,0
0.23,1.00,-0.10,3.36,-1.77,-13.85,1.03,14.37,228,763,113,0
0.23,1.00,-0.07,4.15,-2.38,-17.88,1.03,18.51,242,774,114,0
0.23,1.06,-0.08,2.20,-0.73,-26.25,1.09,26.35,229,787,114,0
0.26,1.26,-0.13,6.53,-1.34,-37.48,1.29,38.06,188,799,112,0
0.25,1.30,-0.06,22.28,-2.62,-56.76,1.33,61.03,135,806,102,0
0.25,1.52,-0.07,0.98,4.64,-80.87,1.54,81.01,56,786,80,0
0.38,1.57,-0.45,43.09,-2.14,-102.54,1.68,111.25,17,766,53,0
0.53,0.77,-0.51,83.50,-20.26,-109.31,1.06,139.04,4,725,22,0
-0.55,0.53,-0.36,43.15,-32.59,-27.89,0.85,60.85,2,693,1,3
-0.57,0.31,-0.37,31.19,15.99,13.43,0.75,37.53,2,688,0,5
-0.30,0.77,-0.28,-4.46,42.05,59.27,0.87,72.81,2,691,0,5
-0.33,0.69,-0.16,-6.65,42.05,66.41,0.78,78.88,2,685,0,5
-0.27,0.93,-0.02,-26.43,44.13,79.04,0.97,94.30,2,680,0,6
-0.15,0.99,0.04,-25.15,50.78,83.74,1.01,101.11,2,677,0,5
-0.07,1.09,0.07,-24.11,57.01,79.77,1.09,100.97,2,674,0,5
0.02,1.13,0.12,-19.41,66.89,71.29,1.13,99.67,2,674,0,3
0.20,1.16,0.12,-13.55,88.13,57.43,1.18,106.07,1,673,0,4
0.44,1.23,0.02,-8.97,96.68,37.60,1.30,104.12,1,674,0,2
0.58,1.16,-0.12,5.25,84.41,13.67,1.30,85.67,1,675,0,2
0.68,1.02,-0.27,14.77,54.32,8.61,1.26,56.95,1,680,0,0
0.78,0.79,-0.36,4.94,23.13,7.69,1.17,24.87,1,691,0,2
0.83,0.96,-0.22,-8.06,-4.33,-2.93,1.29,9.61,1,696,0,1
0.75,0.71,-0.14,-10.44,-25.88,-23.68,1.04,36.60,1,700,0,3
0.87,0.83,-0.05,-18.37,-36.44,-13.43,1.20,42.96,1,705,0,3
0.97,0.72,-0.12,-8.00,-51.64,-17.21,1.22,55.01,1,703,0,3
0.85,1.83,0.08,-16.30,-70.80,-22.34,2.02,76.01,3,730,0,4
0.29,0.59,0.21,35.89,-38.27,22.09,0.69,56.93,7,746,14,4
-0.05,1.35,0.07,-6.96,-38.21,58.04,1.35,69.84,23,724,31,0
0.12,0.96,0.07,12.15,-5.74,16.11,0.97,20.98,86,715,57,2
0.14,1.27,-0.18,-3.85,1.34,12.57,1.29,13.22,146,719,80,3
0.14,1.06,-0.10,23.44,-10.01,-14.83,1.08,29.49,204,722,98,2
0.12,0.92,0.07,18.86,-11.17,-17.40,0.93,27.98,322,721,116,3
0.14,0.93,0.00,1.71,-4.21,-11.54,0.94,12.40,298,717,126,4
0.15,1.01,-0.04,-2.32,-2.08,-6.35,1.02,7.07,302,715,133,2
0.15,1.05,-0.04,1.65,-3.05,-9.70,1.06,10.31,400,715,141,1
0.15,1.00,0.01,1.77,-2.93,-15.14,1.01,15.52,311,717,146,1
0.17,1.02,-0.04,-5.68,-0.79,-19.78,1.03,20.59,356,725,148,1
0.18,1.00,-0.00,-7.57,-1.10,-23.74,1.02,24.94,438,736,148,0
0.19,1.01,-0.03,-10.25,0.55,-27.71,1.03,29.55,298,747,147,0
0.20,0.98,-0.04,-11.41,0.24,-31.49,1.00,33.50,283,760,149,0
0.22,0.96,-0.04,-12.63,0.49,-31.74,0.99,34.16,336,770,149,0
0.24,0.92,-0.06,-10.74,0.98,-30.27,0.96,32.14,233,779,145,0
0.26,0.88,-0.06,-7.87,0.61,-25.21,0.92,26.42,236,784,146,0
0.26,0.90,-0.06,-5.98,0.61,-17.27,0.94,18.29,257,788,146,0
0.28,0.96,-0.09,1.28,-0.12,-10.50,1.01,10.58,225,790,147,0
0.28,0.92,-0.06,5.07,-1.40,-8.67,0.97,10.14,208,793,151,0
0.28,0.90,-0.03,2.87,-0.55,-5.49,0.95,6.22,258,797,150,0
0.27,1.00,-0.06,-1.95,0.79,-3.17,1.04,3.81,226,796,147,0
0.29,1.03,-0.08,3.30,0.31,-9.34,1.07,9.91,216,802,151,0
0.28,1.07,-0.07,9.16,-1.40,-16.91,1.11,19.28,203,813,155,0
0.30,1.10,-0.07,13.92,-3.66,-30.76,1.15,33.96,177,823,156,0
0.30,1.14,-0.03,16.97,-6.53,-49.74,1.18,52.96,156,832,158,0
0.30,1.22,0.01,7.75,-4.88,-82.76,1.25,83.27,155,836,158,0
0.32,1.29,-0.00,-2.93,-5.92,-116.88,1.33,117.07,123,842,153,0
0.36,1.46,-0.05,-18.68,-3.05,-159.18,1.51,160.30,112,835,152,0
0.56,1.63,-0.16,-25.88,-5.07,-208.86,1.73,210.52,83,822,126,0
0.95,1.59,-0.42,-33.75,-10.74,-247.62,1.90,250.14,39,788,77,0
0.54,2.47,0.02,-81.12,-27.89,-263.37,2.53,276.98,12,767,33,0
0.61,1.57,-0.42,-20.87,-30.09,-287.11,1.74,289.44,4,749,15,0
0.46,0.23,-0.51,-47.85,-38.09,-284.97,0.72,291.46,1,755,4,6
-1.03,0.68,0.13,-68.91,-62.62,-138.49,1.24,166.88,0,0,0,7
-0.64,0.85,0.10,52.37,26.92,47.00,1.07,75.34,0,0,0,5
0.00,0.34,-0.34,90.09,19.96,88.62,0.48,127.94,0,0,0,6
-0.10,0.21,-0.24,52.98,-23.13,112.79,0.34,126.74,0,0,0,7
-0.31,0.35,0.01,38.21,-41.32,149.05,0.46,159.32,0,0,0,8
-0.28,0.66,0.09,53.71,-21.42,205.81,0.73,213.78,0,0,0,7
-0.03,0.54,-0.18,67.14,5.92,228.27,0.57,238.01,1,679,0,8
0.02,0.68,-0.24,31.01,29.91,218.99,0.73,223.19,1,676,0,10
0.03,1.00,-0.22,15.99,63.48,217.47,1.02,227.11,1,674,0,8
0.22,1.13,-0.40,8.00,105.41,221.56,1.22,245.48,1,672,0,9
0.73,1.45,-0.47,-6.29,112.79,203.49,1.69,232.75,1,666,0,8
1.07,1.59,-0.58,-24.84,101.81,120.12,2.00,159.40,1,652,0,5
1.06,1.43,-0.51,-38.76,94.06,47.42,1.85,112.24,1,651,0,3
1.29,1.07,-0.64,-24.72,96.37,51.27,1.79,111.93,1,653,0,2
1.83,0.94,-0.63,-34.18,65.86,63.17,2.15,97.45,1,653,0,0
2.07,0.79,-0.36,-34.61,12.57,45.04,2.25,58.18,1,658,0,0
2.21,0.43,-0.50,0.12,-28.69,8.85,2.30,30.02,1,663,0,1
2.84,-0.30,-0.78,-31.01,-92.47,-45.53,2.96,107.63,3,708,0,3
0.40,-1.35,0.40,92.16,-161.87,12.21,1.47,186.66,26,759,33,9
-0.89,2.87,1.30,37.05,-63.05,146.00,3.27,163.29,156,712,63,0
0.12,1.35,0.13,-12.57,7.57,45.72,1.36,48.01,352,692,100,4
0.13,2.04,-0.42,-11.78,2.01,-8.30,2.08,14.55,425,688,122,2
0.07,0.77,0.27,15.69,-12.15,-49.99,0.82,53.78,350,698,135,0
0.16,0.98,-0.08,-34.24,8.36,-31.01,1.00,46.94,438,704,140,0
0.20,1.09,-0.17,-22.89,4.58,-36.07,1.12,42.97,413,718,144,0
0.19,0.96,-0.05,-12.08,-0.43,-41.44,0.98,43.17,362,735,144,0
0.22,1.04,-0.12,-13.73,-0.06,-43.21,1.06,45.34,325,753,147,0
0.23,0.93,-0.07,-8.67,-1.83,-47.85,0.96,48.66,261,767,146,0
0.26,0.90,-0.08,-14.59,-0.43,-46.14,0.94,48.40,231,780,149,0
0.29,0.90,-0.12,-14.95,0.06,-41.63,0.95,44.23,278,794,152,0
0.31,0.83,-0.11,-10.62,-0.79,-33.51,0.90,35.16,278,799,150,0
0.33,0.82,-0.12,-4.76,-1.46,-21.85,0.89,22.41,266,804,147,0
0.33,0.88,-0.12,0.37,-2.20,-10.74,0.95,10.97,241,805,144,0
0.33,0.91,-0.12,6.47,-2.62,-4.52,0.98,8.32,254,808,147,0
0.34,0.91,-0.14,16.78,-3.11,3.17,0.98,17.36,206,811,151,0
0.33,0.90,-0.09,27.04,-5.55,7.14,0.97,28.51,231,810,152,0
0.32,0.86,-0.05,26.67,-4.15,13.49,0.92,30.18,204,813,145,0
0.30,1.02,-0.04,16.54,-2.32,11.90,1.07,20.51,196,813,146,0
0.30,0.97,-0.02,12.15,-2.20,3.85,1.02,12.93,203,817,149,0
0.30,1.02,-0.04,-0.12,0.73,-0.43,1.06,0.86,202,822,151,0
0.30,1.09,-0.05,-5.31,2.26,-7.63,1.13,9.57,183,825,156,0
0.31,1.25,-0.10,0.00,2.32,-24.54,1.29,24.65,173,834,156,0
0.33,1.29,-0.12,8.67,-3.17,-68.85,1.34,69.46,163,842,153,0
0.30,1.44,-0.05,2.32,-13.67,-107.91,1.48,108.80,157,843,162,0
0.31,1.61,-0.01,-10.80,-13.43,-160.10,1.64,161.02,118,839,160,0
0.46,2.01,-0.19,-30.64,-14.77,-228.64,2.07,231.15,80,820,133,0
0.78,1.90,-0.23,-41.32,-3.78,-282.53,2.07,285.56,28,783,68,0
0.87,1.29,-0.77,-64.94,-23.25,-282.35,1.74,290.65,9,752,26,0
0.50,2.16,-0.36,-141.72,-65.12,-278.32,2.25,319.04,2,724,4,1
-0.72,1.72,-0.02,-189.09,-61.83,-124.15,1.86,234.50,0,0,0,6
-0.11,1.76,0.34,-84.17,58.47,10.01,1.80,102.97,0,0,0,3
0.73,1.09,-0.46,57.25,69.95,102.48,1.39,136.65,1,653,0,2
0.94,0.52,-0.39,-40.16,-33.81,105.59,1.14,117.92,1,644,0,2
0.50,1.16,0.55,-44.74,-101.81,118.65,1.38,162.62,1,637,0,5
0.51,0.84,0.47,103.45,-89.42,142.94,1.09,197.82,1,635,0,6
0.41,0.16,0.06,103.52,-58.59,142.64,0.45,185.73,1,628,0,7
0.27,0.46,0.13,53.10,-26.92,143.01,0.55,154.90,1,629,0,9
0.24,0.31,-0.04,52.73,4.39,120.67,0.39,131.76,2,626,0,7
0.21,0.12,-0.21,29.72,5.13,135.50,0.32,138.81,2,628,0,12
0.19,0.22,-0.10,19.41,7.57,134.52,0.31,136.13,2,630,0,12
-0.02,0.11,0.01,1.34,29.85,142.33,0.11,145.44,2,623,0,13
0.14,0.30,0.05,-14.71,67.14,145.45,0.34,160.87,2,623,0,16
0.30,0.29,-0.03,-14.53,83.56,131.23,0.42,156.25,2,624,0,15
0.98,0.54,-0.09,-15.01,80.75,110.17,1.12,137.42,2,623,0,12
1.08,0.95,0.07,0.00,58.84,57.43,1.44,82.22,2,629,0,10
1.17,0.57,-0.17,32.35,67.57,-5.86,1.31,75.14,1,635,0,9
1.42,0.61,-0.34,0.85,83.44,-36.07,1.58,90.90,1,642,0,8
1.57,0.68,-0.48,3.60,92.16,-98.08,1.78,134.64,1,652,0,8
1.07,-1.26,-0.45,52.73,-36.44,14.53,1.72,65.72,10,757,26,7
0.28,0.24,0.43,82.82,-42.97,68.12,0.56,115.52,64,776,93,3
0.15,1.42,0.24,47.42,-23.25,25.15,1.45,58.50,164,767,121,3
0.24,1.17,0.01,-21.85,-0.06,-29.17,1.20,36.45,235,766,132,0
0.29,0.57,0.03,-39.06,8.67,-27.59,0.64,48.60,232,763,139,0
0.32,0.98,-0.19,-44.43,11.90,7.39,1.05,46.59,284,755,143,0
0.28,0.98,-0.07,1.65,-1.71,14.22,1.02,14.42,338,745,146,0
0.21,1.29,0.02,-7.26,0.31,5.07,1.30,8.86,362,742,150,0
0.25,0.95,-0.02,-10.86,2.50,-22.71,0.99,25.29,321,748,152,0
0.30,0.88,-0.12,-14.28,3.78,-12.88,0.94,19.60,364,757,151,0
0.28,0.94,-0.07,-4.21,-0.18,-4.21,0.98,5.96,388,758,154,0
0.29,1.00,-0.08,-2.26,-0.49,-4.27,1.05,4.86,247,763,148,0
0.29,0.92,-0.05,1.34,-2.26,-6.41,0.97,6.93,323,771,152,0
0.30,0.96,-0.04,-2.38,-1.10,-7.51,1.01,7.95,261,777,148,0
0.29,0.94,-0.06,-2.62,-1.46,-8.12,0.98,8.66,249,783,144,0
0.30,0.95,-0.07,-1.83,-1.65,-8.42,1.00,8.78,286,789,143,0
0.30,0.91,-0.07,0.31,-2.08,-6.90,0.96,7.21,227,791,141,0
0.32,0.94,-0.10,2.93,-1.95,-4.52,1.00,5.73,219,794,137,0
0.31,0.85,-0.05,8.79,-2.93,-0.98,0.91,9.32,201,793,142,0
0.31,0.91,-0.07,7.51,-2.38,5.62,0.97,9.67,225,793,143,0
0.29,0.93,-0.01,9.83,-3.91,8.12,0.97,13.33,209,788,139,0
0.29,0.98,-0.05,3.30,-1.34,7.63,1.02,8.42,236,787,141,0
0.29,0.95,-0.04,5.37,-2.08,4.03,1.00,7.03,247,782,147,0
0.29,1.01,-0.06,3.11,-1.28,2.01,1.06,3.92,236,782,141,0
0.29,1.00,-0.04,9.34,-3.05,-8.24,1.04,12.82,260,783,149,0
0.28,0.99,-0.04,1.59,-0.85,-13.00,1.03,13.12,260,786,146,0
0.29,0.99,-0.00,0.00,-1.59,-16.60,1.03,16.68,260,796,153,0
0.32,1.01,-0.05,-4.58,-0.12,-24.11,1.06,24.54,213,804,154,0
0.33,0.99,-0.03,-2.20,-1.46,-30.46,1.04,30.57,190,816,148,0
0.31,1.09,-0.01,-5.49,-0.85,-39.25,1.14,39.64,221,824,151,0
0.33,1.12,0.00,-9.89,0.49,-58.17,1.16,59.00,182,830,152,0
0.36,1.43,-0.04,-28.26,6.96,-84.35,1.47,89.23,132,831,143,0
0.45,1.45,-0.10,-35.64,7.32,-124.63,1.52,129.84,81,815,99,0
0.64,1.39,-0.14,-56.58,12.51,-145.02,1.53,156.17,31,784,43,0
1.25,1.97,-0.30,-78.92,-3.36,-123.60,2.35,146.68,9,745,12,0
1.48,0.39,-0.73,-26.73,-34.12,-153.69,1.69,159.68,3,705,0,0
1.99,1.43,-0.75,-91.06,-94.42,-109.44,2.56,170.83,1,657,0,0
1.02,1.42,-0.16,-75.87,-132.81,-57.92,1.75,163.55,1,683,0,0
0.89,1.68,-0.05,-32.41,-107.12,-22.89,1.90,114.23,0,0,0,0
0.78,1.75,0.05,-0.18,-85.88,-39.31,1.92,94.44,1,674,0,0
1.08,1.47,0.04,48.83,-69.95,-62.38,1.82,105.68,0,0,0,2
-0.19,0.51,0.34,48.46,-55.30,-82.52,0.64,110.53,1,664,0,5
-0.03,0.55,0.04,54.75,-31.98,11.96,0.55,64.52,1,661,0,7
-0.13,0.44,0.13,43.70,-10.44,34.36,0.48,56.56,1,658,0,7
-0.15,0.26,0.00,44.98,5.92,49.87,0.30,67.42,2,652,0,8
-0.29,0.06,-0.09,36.68,6.53,50.48,0.31,62.74,2,650,0,10
-0.46,0.05,-0.08,20.20,-0.43,91.19,0.47,93.40,2,645,0,10
-0.57,-0.01,-0.09,20.08,13.49,96.13,0.58,99.13,2,646,0,12
-0.53,-0.13,-0.24,0.85,35.71,126.46,0.60,131.41,2,643,0,14
-0.30,0.09,-0.19,-16.05,48.89,135.99,0.37,145.40,2,639,0,14
-0.14,0.16,-0.24,-21.36,57.62,150.82,0.32,162.86,2,638,0,15
0.32,0.44,-0.17,-30.70,52.55,158.33,0.56,169.62,2,639,0,13
0.80,0.62,-0.15,-33.94,52.31,137.15,1.02,150.65,2,635,0,11
1.51,0.96,-0.15,-27.59,31.25,104.43,1.80,112.44,2,636,0,8
2.09,0.89,-0.18,-22.77,3.66,34.97,2.28,41.89,2,635,0,6
3.72,0.59,0.00,-16.60,-12.33,-70.25,3.77,73.23,3,677,0,5
3.83,1.67,0.85,-56.03,-49.99,84.35,4.27,112.93,19,780,64,3
0.16,1.78,-0.12,-30.82,-2.81,121.58,1.79,125.46,71,812,108,0
0.46,1.43,-0.43,-24.05,1.34,27.89,1.57,36.85,113,813,129,0
0.29,0.79,0.09,-9.46,0.55,-12.51,0.85,15.70,137,813,142,0
0.37,0.77,-0.16,-30.64,7.93,13.79,0.87,34.53,165,805,147,0
0.31,1.19,-0.12,-11.84,-0.31,26.00,1.24,28.57,185,794,152,0
0.26,1.20,0.01,-2.50,-3.23,5.80,1.23,7.10,215,787,150,0
0.33,1.04,-0.06,-9.34,-0.61,-14.16,1.09,16.97,236,790,154,0
0.32,0.81,-0.06,-5.74,-1.83,-14.28,0.87,15.50,236,790,155,0
0.32,0.84,-0.08,-2.75,-1.53,-0.12,0.91,3.14,249,791,155,0
0.31,0.94,-0.07,-0.24,-1.22,7.39,0.99,7.49,246,794,153,0
0.30,0.99,-0.07,0.92,-1.40,5.07,1.04,5.34,249,788,152,0
0.30,0.96,-0.05,-0.18,-1.16,1.95,1.01,2.28,200,793,149,0
0.31,0.95,-0.06,-1.71,0.06,0.12,1.00,1.71,207,795,147,0
0.30,0.93,-0.06,-2.14,0.37,0.24,0.98,2.18,224,791,146,0
0.31,0.92,-0.09,-0.73,0.31,1.95,0.97,2.11,205,791,143,0
0.29,0.90,-0.05,3.05,-0.61,5.92,0.94,6.69,197,795,141,0
0.30,0.87,-0.08,4.70,-0.79,10.50,0.92,11.53,212,790,141,0
0.28,0.88,-0.05,6.04,-1.65,17.21,0.93,18.32,205,787,141,0
0.28,0.97,-0.09,5.43,-0.67,17.15,1.01,18.00,230,784,142,0
0.26,0.91,-0.03,5.43,-2.01,20.26,0.94,21.08,214,776,143,0
0.24,0.97,-0.03,-1.04,-0.12,21.91,1.00,21.94,269,766,137,0
0.24,1.05,-0.07,-0.06,-0.61,14.22,1.08,14.23,294,760,144,0
0.22,1.02,-0.01,-0.79,-1.10,5.13,1.05,5.30,314,757,141,0
0.23,1.00,-0.05,-6.59,0.98,-1.59,1.03,6.85,296,752,145,0
0.22,0.98,-0.04,-8.18,0.24,-4.52,1.01,9.35,256,750,147,0
0.24,1.04,-0.07,-11.54,2.38,-8.97,1.07,14.81,314,751,146,0
0.24,0.97,-0.05,-11.17,1.46,-17.88,1.00,21.14,316,756,147,0
0.26,1.06,-0.07,-12.08,0.67,-27.89,1.09,30.41,286,766,149,0
0.26,1.23,-0.10,-18.62,1.22,-42.30,1.26,46.23,301,783,149,0
0.25,1.32,-0.04,-23.86,0.92,-71.90,1.34,75.76,209,805,144,0
0.28,1.53,-0.04,-44.74,5.37,-113.65,1.56,122.25,157,824,121,0
0.38,1.79,0.03,-70.31,17.76,-153.08,1.83,169.39,71,795,64,0
0.65,1.99,0.12,-38.82,36.38,-160.22,2.10,168.82,14,744,19,0
1.20,0.99,-0.66,4.39,26.98,-175.17,1.68,177.29,4,696,1,0
2.07,1.11,-1.20,-39.61,-65.31,-146.91,2.63,165.58,1,656,0,0
1.32,1.43,-0.48,-56.95,-152.53,-91.43,2.00,186.73,1,669,0,0
1.02,1.74,-0.22,-16.91,-173.89,-58.72,2.03,184.31,1,665,0,0
0.75,1.67,-0.11,31.13,-160.10,-88.32,1.84,185.47,1,671,0,0
0.35,1.31,0.07,51.09,-120.54,-126.59,1.36,182.11,0,0,0,0
-0.06,1.07,0.23,63.60,-57.56,-129.09,1.09,154.99,1,681,0,0
-0.18,0.61,0.09,80.38,4.33,-92.71,0.64,122.78,1,674,0,4
-0.20,0.31,-0.12,67.08,28.63,-34.73,0.39,80.78,1,663,0,4
-0.25,0.37,-0.07,42.48,21.00,39.18,0.45,61.49,1,657,0,5
-0.39,0.27,-0.07,45.35,12.21,76.66,0.48,89.90,2,655,0,6
-0.48,0.18,-0.06,34.67,13.43,112.12,0.52,118.12,2,654,0,9
-0.46,0.15,-0.11,30.03,32.71,123.84,0.50,131.56,2,650,0,8
-0.38,0.09,-0.20,15.32,56.09,138.43,0.43,150.14,2,650,0,9
-0.16,0.24,-0.21,0.98,75.26,155.40,0.36,172.66,2,647,0,10
0.09,0.30,-0.31,-4.76,88.01,156.31,0.44,179.45,2,645,0,9
0.37,0.45,-0.34,-11.23,80.08,164.12,0.68,182.96,2,639,0,10
0.60,0.59,-0.29,-11.72,63.42,158.81,0.89,171.41,2,643,0,10
0.89,0.74,-0.25,-17.15,48.95,132.02,1.18,141.84,2,638,0,9
1.18,0.89,-0.16,-9.83,43.58,97.05,1.48,106.83,2,642,0,7
1.40,0.96,-0.11,0.43,29.24,60.18,1.71,66.91,2,643,0,6
1.47,0.91,-0.04,5.07,9.70,18.49,1.73,21.49,1,652,0,5
2.63,0.73,-0.16,2.26,0.00,-18.19,2.74,18.33,2,676,0,3
1.48,0.47,-0.20,8.48,-23.19,86.98,1.57,90.41,5,723,11,3
0.22,0.74,0.78,13.00,-58.29,32.53,1.10,68.01,15,745,42,1
-0.05,1.51,0.51,-2.75,-36.74,57.56,1.59,68.34,77,755,86,0
0.17,1.35,0.05,-8.73,-1.22,34.55,1.36,35.65,165,759,104,0
0.24,0.98,-0.03,-8.30,-0.31,7.81,1.01,11.40,193,753,119,0
0.25,0.86,-0.08,-8.85,1.34,18.31,0.90,20.38,248,745,127,0
0.23,1.03,-0.10,3.91,-1.04,29.60,1.06,29.88,307,732,135,1
0.18,1.05,0.02,13.24,-3.91,28.81,1.06,31.95,329,715,138,0
0.16,1.10,0.01,1.34,-1.53,15.20,1.11,15.33,520,705,143,4
0.18,0.96,-0.02,-4.46,-0.43,4.15,0.97,6.10,438,701,146,2
0.19,0.99,-0.06,-7.26,0.24,4.70,1.01,8.65,379,693,144,6
0.18,1.00,-0.02,-4.52,-1.28,2.93,1.02,5.53,411,690,140,1
0.17,1.02,-0.02,-8.61,0.00,-3.42,1.03,9.26,381,689,140,0
0.18,0.95,-0.03,-9.40,0.49,-4.27,0.97,10.34,438,688,141,0
0.19,0.95,-0.06,-11.72,1.71,-1.71,0.97,11.97,358,693,136,0
0.18,0.94,-0.06,-8.73,1.34,1.22,0.96,8.91,409,694,130,0
0.18,0.94,-0.07,-8.00,2.14,5.55,0.96,9.97,438,693,120,0
0.18,0.96,-0.09,-3.48,1.53,9.77,0.98,10.48,517,693,117,0
0.17,0.97,-0.07,2.87,0.24,12.76,0.99,13.08,438,691,109,0
0.16,0.98,-0.07,5.68,0.61,15.69,0.99,16.69,469,689,108,0
0.15,1.00,-0.05,11.11,-0.49,17.88,1.02,21.06,402,682,108,0
0.16,1.01,-0.02,10.93,-1.22,14.28,1.03,18.02,373,674,111,0
0.12,0.99,-0.02,8.85,-1.46,9.16,1.00,12.82,469,665,115,1
0.12,1.01,-0.02,4.21,-0.85,4.39,1.02,6.15,404,660,118,1
0.12,1.00,-0.04,0.61,-0.49,-0.12,1.01,0.79,402,658,120,0
0.12,1.03,-0.04,0.98,-1.22,-3.17,1.04,3.54,433,658,120,0
0.12,0.99,-0.02,2.08,-1.40,-6.71,1.00,7.17,569,655,125,0
0.14,0.95,-0.02,0.18,-0.67,-6.59,0.96,6.63,438,659,125,0
0.14,1.02,-0.04,-0.79,-0.61,-6.84,1.03,6.91,472,662,127,0
0.13,1.01,-0.03,-2.08,-0.79,-11.54,1.02,11.75,520,672,129,0
0.15,0.99,-0.03,-4.88,-0.24,-14.40,1.00,15.21,477,676,133,0
0.15,1.03,-0.03,-7.69,-0.67,-19.78,1.05,21.23,377,688,133,0
0.16,1.06,-0.04,-6.65,-1.28,-28.69,1.07,29.48,358,697,133,0
0.17,1.06,0.00,-10.07,-2.14,-39.98,1.07,41.28,352,713,138,0
0.18,1.11,-0.02,-21.85,0.92,-53.10,1.12,57.43,324,731,135,0
0.21,1.36,-0.13,-31.37,2.20,-74.04,1.38,80.44,32736,0,134,0
0.20,1.38,-0.04,-31.56,-0.67,-110.90,1.40,115.30,217,808,120,0
0.27,1.40,-0.04,-60.73,11.60,-150.45,1.42,162.66,119,800,74,0
0.51,1.59,-0.06,-67.44,27.77,-153.38,1.67,169.84,36,757,26,0
0.91,1.57,-0.27,-3.91,28.08,-139.34,1.83,142.20,8,703,6,0
1.69,1.23,-0.85,14.77,11.23,-111.51,2.26,113.04,2,653,0,0
1.62,0.97,-0.87,31.56,-87.77,-136.47,2.08,165.30,1,660,0,0
1.45,1.56,-0.77,-18.43,-151.79,-87.04,2.26,175.94,1,656,0,0
1.02,1.88,-0.37,-23.32,-176.82,-105.71,2.17,207.33,1,663,0,0
0.52,1.83,0.05,12.33,-150.09,-141.97,1.91,206.96,1,670,0,0
0.12,1.37,0.20,66.71,-61.58,-142.03,1.39,168.57,1,674,0,0
-0.19,0.65,0.09,76.23,1.83,-113.16,0.69,136.45,1,675,0,0
-0.22,0.31,-0.09,69.76,26.12,-71.04,0.39,102.94,1,664,0,2
-0.30,0.26,-0.03,49.44,9.89,-22.09,0.39,55.05,2,660,0,4
-0.48,0.05,0.01,50.29,-6.90,33.87,0.48,61.03,2,658,0,5
-0.57,0.10,0.04,31.07,-10.86,92.22,0.58,97.92,2,659,0,6
-0.58,0.20,0.03,22.64,5.31,128.42,0.62,130.51,2,656,0,9
-0.50,0.24,-0.07,12.94,35.89,136.47,0.56,141.71,2,656,0,7
-0.40,0.04,-0.28,0.98,57.74,159.97,0.48,170.08,2,650,0,10
-0.26,0.45,-0.21,-25.39,70.43,186.95,0.56,201.39,2,651,0,11
0.18,0.42,-0.34,-24.11,80.14,188.42,0.57,206.16,2,651,0,11
0.52,0.66,-0.33,-36.62,72.08,181.09,0.90,198.32,2,645,0,10
0.98,0.77,-0.37,-39.98,48.95,173.10,1.30,184.27,2,643,0,9
1.49,1.02,-0.23,-41.50,11.29,146.48,1.83,152.67,2,641,0,10
1.94,0.91,-0.15,-23.74,-15.44,75.07,2.15,80.24,3,644,0,7
2.97,1.68,0.14,-13.79,-50.78,-54.63,3.42,75.85,10,741,23,6
2.86,3.08,0.89,-43.09,-61.77,87.16,4.29,115.19,34,751,67,2
0.04,2.05,0.36,-54.02,-8.36,43.03,2.08,69.56,113,762,105,0
0.23,1.71,-0.22,-30.88,5.13,-2.62,1.74,31.42,125,767,119,0
0.27,0.73,0.01,14.59,-7.26,-15.69,0.78,22.62,196,768,129,1
0.27,0.77,-0.02,-3.48,-2.44,17.09,0.81,17.61,262,757,136,2
0.25,1.15,-0.08,1.46,-4.27,30.64,1.18,30.97,293,742,145,2
0.18,1.15,0.09,9.16,-8.00,15.62,1.17,19.80,350,732,143,1
0.20,1.07,0.04,-5.25,-2.14,-6.84,1.09,8.88,440,729,149,1
0.24,0.89,-0.01,-9.09,-0.67,-14.47,0.92,17.10,298,733,147,1
0.24,0.93,-0.01,-11.17,0.43,-5.92,0.96,12.65,409,730,148,0
0.24,0.98,-0.01,-5.98,-1.40,-4.76,1.01,7.77,316,734,148,0
0.24,0.96,-0.03,-5.31,-1.53,-6.04,0.99,8.19,379,737,147,0
0.24,0.88,-0.02,-1.34,-2.14,-5.43,0.92,5.99,384,737,146,0
0.24,0.92,-0.01,-5.86,-1.04,-0.55,0.95,5.98,316,739,144,0
0.24,0.94,-0.02,-4.70,-0.31,3.85,0.97,6.08,338,735,140,0
0.24,0.95,-0.03,-5.92,1.40,7.32,0.98,9.52,316,738,140,0
0.23,0.97,-0.04,-2.56,0.92,8.79,1.00,9.20,298,735,135,0
0.23,0.94,-0.03,0.43,0.37,10.74,0.97,10.76,477,731,139,0
0.23,0.95,-0.03,3.54,-0.18,12.08,0.98,12.59,335,731,139,0
0.21,0.97,-0.02,3.17,0.06,11.66,1.00,12.08,377,729,138,0
0.19,0.99,-0.02,1.40,0.73,10.44,1.01,10.56,381,726,138,0
0.20,1.00,-0.03,-0.61,1.53,7.02,1.02,7.21,406,722,139,0
0.20,1.00,-0.01,-3.11,1.46,3.48,1.02,4.89,335,720,140,0
0.17,0.97,-0.03,-2.01,0.55,-0.49,0.99,2.14,356,720,141,0
0.20,0.95,-0.05,-0.92,0.79,-0.31,0.97,1.25,381,722,135,0
0.20,1.01,-0.04,1.04,0.12,-1.16,1.03,1.56,314,721,138,0
0.21,0.95,-0.02,1.95,0.00,-1.95,0.97,2.76,358,720,139,0
0.20,0.98,-0.03,-1.34,0.61,0.06,1.00,1.48,358,718,145,0
0.20,1.01,-0.01,-1.16,0.12,-3.91,1.03,4.08,358,720,143,0
0.19,1.03,-0.01,-5.86,0.98,-8.97,1.05,10.76,381,726,146,0
0.21,1.06,-0.03,-9.16,1.28,-18.07,1.08,20.29,358,735,146,0
0.20,1.11,-0.00,-14.65,2.20,-27.47,1.12,31.21,301,757,142,0
0.21,1.20,-0.02,-20.75,4.27,-43.64,1.22,48.51,249,780,147,0
0.21,1.36,-0.04,-30.21,6.16,-69.58,1.38,76.11,195,809,141,0
0.25,1.54,-0.09,-33.57,7.39,-127.38,1.56,131.94,124,815,120,0
0.42,1.41,-0.11,-38.15,13.73,-150.02,1.48,155.41,50,782,64,0
0.65,1.35,-0.18,-23.99,15.44,-144.10,1.51,146.90,11,752,21,0
0.95,1.16,-0.23,12.33,13.00,-128.42,1.52,129.66,3,705,0,0
1.83,0.96,-0.91,-4.21,-23.80,-111.21,2.26,113.80,1,673,0,0
1.30,0.97,-0.57,-32.47,-94.42,-94.18,1.72,137.26,1,690,0,0
1.17,1.42,-0.21,-39.00,-120.54,-65.25,1.85,142.51,1,684,0,0
0.87,1.48,-0.04,-7.26,-127.26,-93.08,1.72,157.83,1,680,0,0
0.56,1.11,0.01,13.92,-119.57,-111.02,1.24,163.76,1,678,0,0
0.30,1.02,0.26,21.24,-87.40,-95.09,1.10,130.89,1,678,0,0
0.12,0.78,0.26,37.60,-54.99,-74.52,0.83,99.96,1,676,0,1
0.08,0.68,0.14,42.66,-31.07,-62.68,0.70,81.94,1,673,0,1
0.04,0.40,-0.01,35.89,-26.67,-38.39,0.41,58.93,2,663,0,3
-0.04,0.41,0.03,13.43,-37.72,5.43,0.42,40.41,2,658,0,3
-0.22,0.64,0.23,11.35,-31.74,50.23,0.71,60.49,2,657,0,7
-0.16,0.45,0.08,32.71,0.24,77.70,0.48,84.30,2,656,0,7
-0.10,0.33,-0.04,18.62,25.94,83.07,0.35,88.99,2,653,0,7
-0.10,0.32,-0.03,3.91,43.46,106.93,0.34,115.49,2,654,0,8
0.08,0.35,-0.12,1.65,53.89,123.05,0.38,134.34,3,647,0,10
0.13,0.41,-0.10,-12.21,55.05,127.38,0.45,139.30,3,642,0,12
0.15,0.46,-0.14,-12.08,62.50,132.08,0.50,146.62,2,642,0,12
0.27,0.44,-0.22,-27.10,68.60,130.00,0.56,149.47,3,635,0,14
0.39,0.70,-0.15,-35.40,53.22,133.91,0.81,148.38,3,635,0,12
0.55,0.80,-0.11,-26.61,31.92,133.54,0.98,139.86,3,630,0,13
0.66,0.79,-0.14,-21.91,23.25,111.63,1.03,116.12,3,633,0,10
0.74,0.84,-0.09,-28.69,41.50,78.06,1.13,92.95,3,629,0,8
1.16,0.85,-0.19,-40.53,69.82,40.22,1.45,90.20,2,627,0,7
1.80,2.56,0.23,-40.28,54.14,-6.04,3.14,67.75,4,681,0,3
3.38,0.63,-0.76,42.97,-14.10,71.29,3.52,84.42,13,726,19,4
0.10,0.53,0.75,74.28,-68.73,16.85,0.92,102.59,29,732,52,0
-0.32,2.14,1.16,0.61,-53.53,5.49,2.45,53.81,82,752,89,0
0.09,1.13,0.42,2.26,-6.65,-12.45,1.21,14.30,113,763,109,2
0.29,1.04,-0.04,-29.17,6.90,-16.42,1.08,34.18,146,779,121,0
0.32,1.04,-0.15,-6.77,1.65,-11.17,1.10,13.17,179,782,131,0
0.28,0.81,0.07,9.03,-3.17,-2.14,0.86,9.81,171,788,139,0
0.27,1.08,0.02,-4.70,0.67,1.83,1.11,5.09,186,787,143,0
0.28,1.00,0.02,-3.72,0.67,-8.67,1.04,9.46,195,785,145,0
0.29,0.94,-0.00,-10.07,1.95,-12.27,0.98,15.99,221,789,147,0
0.31,0.91,-0.03,-9.83,1.28,-10.38,0.96,14.35,233,791,149,0
0.30,0.89,-0.02,-6.41,-0.06,-6.47,0.94,9.11,192,791,151,0
0.32,0.91,0.00,-6.29,-0.49,-2.20,0.97,6.68,225,790,152,0
0.31,0.85,-0.02,-6.84,0.31,1.65,0.91,7.04,198,787,152,0
0.28,0.91,-0.02,-5.37,-0.24,8.91,0.95,10.41,244,784,151,0
0.28,0.95,-0.03,-6.16,0.85,10.50,0.99,12.20,268,779,148,0
0.29,0.86,-0.04,-3.85,0.67,14.65,0.91,15.16,246,778,149,0
0.27,0.93,-0.02,-2.44,0.37,23.19,0.97,23.32,224,769,149,0
0.26,1.02,-0.06,-0.37,0.49,23.99,1.06,23.99,296,762,148,0
0.24,1.01,-0.02,4.88,-1.04,18.92,1.04,19.57,244,761,144,0
0.23,0.99,-0.02,2.14,-0.55,14.71,1.02,14.87,269,760,145,0
0.23,1.01,-0.03,1.34,-0.61,10.50,1.03,10.60,281,755,143,0
0.22,0.96,-0.01,2.26,-1.16,5.49,0.98,6.05,268,752,145,0
0.22,0.99,-0.03,-1.83,-0.49,5.68,1.01,5.98,266,748,145,0
0.21,0.96,-0.01,2.14,-1.59,4.52,0.99,5.24,331,745,145,0
0.22,0.94,-0.01,-0.18,-0.37,5.86,0.97,5.87,298,746,146,0
0.21,0.96,-0.02,-0.55,0.12,6.71,0.98,6.74,311,742,143,0
0.21,0.96,-0.02,0.00,-0.12,7.57,0.98,7.57,312,742,142,0
0.20,0.96,-0.01,-0.98,0.24,8.30,0.98,8.36,331,736,139,0
0.19,1.01,-0.02,-3.17,1.22,8.00,1.03,8.69,312,737,137,0
0.19,1.05,-0.04,-1.65,0.31,0.18,1.07,1.69,296,733,139,0
0.19,0.96,-0.00,-2.56,0.06,-5.43,0.98,6.01,352,734,140,0
0.20,1.03,-0.03,-6.04,1.04,-6.16,1.05,8.69,296,735,141,0
0.20,0.96,0.00,-0.06,-0.24,-11.41,0.98,11.42,314,737,143,0
0.20,1.03,-0.03,-5.62,1.34,-13.67,1.05,14.84,296,746,144,0
0.20,1.12,-0.01,-9.89,2.56,-24.41,1.14,26.46,335,762,146,0
0.20,1.23,-0.03,-15.38,3.97,-48.40,1.25,50.94,272,789,145,0
0.22,1.36,-0.08,-21.12,5.55,-81.73,1.38,84.59,195,822,145,0
0.28,1.49,-0.10,-22.64,6.53,-122.07,1.51,124.32,127,832,139,0
0.35,1.62,-0.05,-28.32,0.24,-166.32,1.66,168.71,65,804,95,0
0.56,1.47,-0.08,-17.33,12.57,-172.79,1.57,174.11,15,764,34,0
1.05,1.52,-0.48,27.77,26.79,-147.58,1.91,152.54,4,713,5,0
1.76,0.65,-1.18,18.49,-1.59,-120.67,2.21,122.09,1,659,0,0
1.52,0.81,-0.95,-53.83,-131.47,-64.64,1.96,156.08,1,660,0,0
1.21,1.97,-0.19,-82.09,-191.59,-0.37,2.32,208.44,1,664,0,0
0.79,2.07,0.15,13.92,-170.90,-61.34,2.22,182.11,1,661,0,0
0.26,1.37,0.10,71.29,-108.64,-126.28,1.40,181.20,1,668,0,0
-0.03,0.77,0.14,51.15,-36.68,-100.65,0.78,118.71,1,660,0,0
-0.24,0.80,0.30,36.80,-15.14,-54.87,0.89,67.78,1,660,0,2
-0.33,0.53,0.22,53.83,4.94,-35.28,0.66,64.55,1,665,0,1
-0.43,0.36,0.16,47.06,22.52,-26.31,0.58,58.43,1,666,0,5
-0.44,0.10,-0.00,31.07,27.04,5.80,0.45,41.59,1,669,0,7
-0.43,0.26,0.06,11.60,16.54,66.04,0.50,69.06,2,668,0,6
-0.39,0.19,0.03,7.20,21.48,108.09,0.43,110.44,1,660,0,7
-0.27,0.25,-0.04,-7.45,44.92,140.08,0.37,147.29,2,656,0,8
-0.06,0.24,-0.17,-17.64,71.41,145.75,0.30,163.26,2,646,0,8
0.03,0.35,-0.25,-34.24,91.13,168.09,0.43,194.24,2,641,0,11
0.36,0.47,-0.30,-35.40,85.69,155.58,0.66,181.11,2,639,0,10
0.61,0.49,-0.31,-36.38,70.25,148.86,0.84,168.58,2,637,0,9
0.85,0.73,-0.14,-41.32,50.90,135.56,1.13,150.58,2,634,0,10
1.28,0.83,-0.14,-27.28,46.14,104.37,1.53,117.33,2,632,0,9
1.58,0.89,-0.13,-22.95,26.31,43.21,1.82,55.55,2,632,0,9
2.12,1.57,0.21,40.28,-41.63,15.08,2.64,59.86,7,735,16,4
3.99,1.97,-0.58,-34.91,-61.40,79.28,4.49,106.18,19,754,52,2
0.31,0.46,-0.32,-2.08,-25.27,24.17,0.64,35.03,46,762,79,0
0.31,0.80,-0.03,27.77,-6.71,-0.12,0.86,28.57,98,775,113,1
0.25,0.72,0.13,26.79,-12.76,-7.57,0.77,30.63,137,775,130,3
0.24,0.65,0.16,-1.83,-4.15,3.17,0.71,5.54,168,772,134,1
0.31,0.95,-0.11,-16.17,1.10,16.85,1.01,23.38,228,766,145,2
0.24,1.06,0.04,-0.18,-4.88,19.41,1.09,20.01,276,760,148,2
0.23,1.10,0.05,-9.22,-0.31,7.08,1.13,11.63,312,752,150,1
0.25,0.95,-0.02,-10.68,2.01,-1.16,0.99,10.93,352,753,152,0
0.25,0.94,0.02,-12.21,3.42,3.17,0.97,13.07,266,750,150,1
0.25,0.98,-0.02,-15.32,5.37,2.99,1.01,16.51,296,750,149,0
0.24,1.01,-0.03,-16.36,5.62,0.12,1.04,17.29,230,756,148,0
0.25,0.97,-0.05,-17.03,5.74,-3.91,1.00,18.39,254,763,148,0
0.25,0.95,-0.07,-16.66,4.64,-3.72,0.98,17.69,280,769,145,0
0.26,0.97,-0.08,-11.66,1.40,-3.42,1.00,12.23,254,767,141,0
0.25,0.90,-0.04,-5.13,-0.55,-3.23,0.93,6.09,256,772,139,0
0.25,0.96,-0.05,-8.54,0.92,0.00,0.99,8.59,268,771,139,0
0.26,0.99,-0.10,-3.30,0.24,-0.98,1.03,3.45,265,771,138,0
0.26,0.87,-0.05,5.13,-1.16,4.15,0.91,6.70,242,771,138,0
0.26,0.94,-0.08,5.49,-1.10,10.13,0.98,11.58,242,767,135,0
0.23,0.97,-0.04,6.96,-2.26,11.35,0.99,13.51,265,761,139,0
0.24,0.97,-0.03,3.78,-1.40,9.28,1.00,10.12,281,760,139,0
0.23,1.07,-0.07,-0.31,-1.22,3.91,1.09,4.10,311,756,144,0
0.23,0.99,-0.04,2.69,-2.50,-5.19,1.02,6.36,268,754,145,0
0.23,1.00,-0.06,-0.98,-1.34,-7.51,1.03,7.69,296,757,141,0
0.24,1.00,-0.04,2.56,-2.56,-12.08,1.03,12.62,283,761,146,0
0.24,0.97,-0.04,1.40,-1.53,-15.87,1.00,16.00,333,768,147,0
0.25,0.90,-0.02,-0.73,-0.92,-10.62,0.94,10.68,283,775,148,0
0.26,0.99,-0.06,-0.49,-0.61,-8.97,1.02,9.01,233,776,146,0
0.26,0.96,-0.04,2.99,-1.53,-11.41,0.99,11.90,271,780,148,0
0.26,1.07,-0.04,-0.31,-1.77,-16.48,1.10,16.58,215,788,149,0
0.26,1.10,-0.01,-3.66,-1.40,-30.76,1.13,31.01,208,800,152,0
0.28,1.17,-0.04,-10.31,0.37,-48.95,1.20,50.03,202,819,152,0
0.30,1.32,-0.07,-14.28,0.55,-74.95,1.35,76.30,164,830,150,0
0.32,1.34,-0.04,-18.13,-0.73,-118.29,1.38,119.67,117,830,130,0
0.39,1.30,-0.00,-40.16,4.82,-138.18,1.35,143.98,68,806,88,0
0.53,1.28,-0.05,-45.47,12.39,-136.17,1.39,144.09,24,778,39,0
0.60,1.51,-0.08,-39.67,14.53,-120.12,1.63,127.33,8,748,16,0
1.19,0.77,-0.57,1.95,9.46,-119.14,1.53,119.53,3,716,2,0
1.71,0.90,-0.92,-39.25,-57.92,-65.80,2.14,96.04,0,0,0,0
1.23,0.96,-0.56,-42.60,-133.73,-31.62,1.66,143.87,1,702,0,0
1.33,1.48,-0.27,-52.06,-142.52,-21.00,2.01,153.17,1,695,0,0
0.96,1.58,-0.06,-18.68,-133.79,-86.24,1.86,160.27,1,690,0,0
0.51,1.15,0.02,4.58,-90.58,-132.81,1.26,160.82,0,0,0,0
0.04,0.92,0.23,13.55,-43.64,-112.24,0.95,121.19,0,0,0,0
-0.05,0.70,0.17,33.33,-0.12,-82.82,0.72,89.28,0,0,0,3
-0.02,0.40,0.02,37.60,18.07,-55.42,0.40,69.36,1,686,0,1
-0.02,0.36,0.05,21.12,15.93,-25.94,0.37,37.05,1,678,0,2
-0.01,0.45,0.13,22.52,12.94,15.69,0.47,30.34,1,670,0,3
0.08,0.41,0.09,34.18,15.56,50.29,0.43,62.77,1,663,0,5
0.17,0.35,0.05,35.46,19.47,81.85,0.39,91.30,1,661,0,5
0.29,0.39,0.03,34.73,29.11,106.26,0.49,115.52,1,659,0,6
0.37,0.34,-0.06,31.19,31.25,117.13,0.51,125.17,1,651,0,6
0.41,0.48,-0.04,25.02,31.07,131.47,0.63,137.39,2,647,0,7
0.46,0.41,-0.11,28.93,37.60,129.03,0.63,137.47,2,642,0,9
0.49,0.45,-0.15,15.14,41.87,129.88,0.69,137.30,2,640,0,8
0.50,0.43,-0.10,11.72,42.18,119.75,0.67,127.50,2,638,0,8
0.51,0.50,-0.17,3.11,42.30,109.25,0.73,117.20,2,639,0,11
0.55,0.64,-0.14,-7.32,36.99,107.54,0.85,113.96,2,638,0,10
0.60,0.65,-0.09,-2.50,35.77,93.02,0.89,99.69,2,636,0,10
0.69,0.70,-0.14,-15.44,41.08,69.76,1.00,82.42,2,636,0,10
0.74,0.72,-0.18,-22.58,35.95,49.19,1.04,64.98,2,638,0,10
0.83,0.70,-0.17,-24.48,19.71,29.42,1.10,43.05,2,638,0,7
0.82,0.74,-0.07,-23.32,3.05,-0.37,1.11,23.52,2,642,0,8
1.27,1.02,0.05,39.55,-39.55,11.96,1.63,57.20,5,716,8,5
2.55,1.57,-0.27,-34.97,-58.23,107.97,3.01,127.56,8,736,20,3
0.20,0.93,-0.09,30.03,-47.85,51.76,0.96,76.62,24,734,48,0
0.02,2.26,0.51,-22.77,-19.17,6.84,2.32,30.53,56,757,80,0
0.22,1.52,0.03,6.65,-3.17,-37.29,1.53,38.01,69,769,91,1
0.29,0.62,0.01,4.76,-4.70,-35.58,0.68,36.21,81,778,103,0
0.33,0.50,-0.02,-4.39,-0.79,-10.19,0.60,11.13,115,786,116,0
0.31,0.97,-0.07,-4.76,-1.28,17.15,1.02,17.85,151,784,130,0
0.27,0.99,-0.00,12.21,-8.00,12.02,1.03,18.91,208,782,139,1
0.27,0.94,0.04,-0.79,-3.11,8.06,0.97,8.67,212,778,145,0
0.29,1.02,-0.06,-5.92,-1.95,5.80,1.07,8.51,222,773,149,0
0.27,0.95,0.01,-0.61,-4.21,3.78,0.99,5.69,234,769,150,0
0.26,0.98,-0.01,-6.84,-0.55,2.62,1.02,7.34,257,767,151,0
0.26,0.98,-0.02,-5.62,-1.04,1.65,1.01,5.94,271,763,151,0
0.26,0.99,-0.01,-6.84,0.49,0.31,1.02,6.86,258,761,152,0
0.27,0.97,-0.04,-7.08,1.40,-2.93,1.01,7.79,303,763,152,0
0.27,0.97,-0.02,-7.93,2.01,-3.23,1.01,8.80,271,767,150,0
0.27,0.95,-0.03,-7.57,1.95,-2.93,0.99,8.35,271,769,145,0
0.27,0.96,-0.04,-8.12,2.87,-3.05,1.00,9.13,233,772,146,0
0.27,0.94,-0.03,-6.53,2.14,-3.30,0.98,7.62,225,781,146,0
0.28,0.94,-0.07,-7.39,2.75,-3.60,0.99,8.66,268,783,143,0
0.29,0.90,-0.05,-0.12,-0.12,0.00,0.94,0.17,244,785,139,0
0.28,0.91,-0.06,0.67,-0.12,5.07,0.96,5.11,234,780,142,0
0.27,0.92,-0.05,5.62,-1.77,10.38,0.96,11.93,280,778,145,0
0.26,0.97,-0.04,5.55,-1.46,11.23,1.01,12.61,281,775,144,0
0.26,0.99,-0.04,5.31,-1.16,8.12,1.02,9.77,243,773,147,0
0.24,0.98,-0.02,5.25,-1.46,5.49,1.01,7.74,268,771,147,0
0.25,1.04,-0.03,4.21,-1.04,1.28,1.07,4.52,296,770,144,0
0.24,1.01,-0.02,6.04,-1.59,-5.19,1.04,8.12,243,773,147,0
0.25,0.95,-0.00,0.61,0.24,-10.31,0.98,10.34,256,780,147,0
0.27,0.95,-0.05,0.12,0.18,-10.74,0.99,10.74,256,785,148,0
0.27,0.96,-0.03,0.67,-0.18,-10.38,1.00,10.40,225,796,146,0
0.27,0.96,-0.02,1.65,-0.43,-11.72,1.00,11.84,234,800,152,0
0.28,0.95,-0.01,2.62,-0.92,-13.61,0.99,13.89,244,807,151,0
0.28,1.07,-0.03,-0.49,0.24,-17.33,1.10,17.34,181,819,149,0
0.28,1.11,-0.01,-1.95,-0.06,-28.81,1.15,28.87,170,825,154,0
0.29,1.16,-0.00,-5.49,1.16,-42.48,1.20,42.85,153,838,152,0
0.34,1.42,-0.12,-9.16,-1.04,-80.63,1.47,81.15,112,841,152,0
0.33,1.42,0.01,-2.99,-6.10,-117.86,1.46,118.05,72,835,142,0
0.38,1.43,0.12,-17.76,-0.98,-149.11,1.49,150.17,38,810,100,0
0.60,1.11,0.04,-36.07,10.44,-154.05,1.26,158.56,14,781,49,0
0.79,1.64,-0.04,-24.41,19.35,-137.45,1.82,140.94,5,766,18,0
0.92,0.14,-0.61,-5.86,14.77,-134.16,1.11,135.09,2,728,4,0
1.48,0.96,-0.57,-60.24,3.42,-66.89,1.86,90.09,0,0,0,0
1.32,1.11,-0.28,-43.27,-46.88,-64.70,1.75,90.86,1,717,0,0
1.34,1.26,-0.23,-8.91,-90.70,-52.73,1.85,105.29,0,0,0,1
0.97,1.11,-0.21,6.71,-124.02,-55.66,1.49,136.11,0,0,0,0
0.49,1.12,0.14,-2.26,-99.18,-51.33,1.23,111.70,0,0,0,1
0.24,1.14,0.30,19.47,-48.28,-53.89,1.20,74.93,0,0,0,2
0.06,0.80,0.19,44.13,3.11,-51.27,0.82,67.72,1,691,0,3
-0.00,0.51,0.02,42.60,30.88,-20.63,0.51,56.52,1,677,0,4
-0.06,0.56,0.07,26.86,33.51,10.01,0.57,44.09,1,667,0,4
-0.05,0.54,0.08,35.71,33.33,41.32,0.55,63.98,2,666,0,5
0.00,0.42,0.01,39.00,29.60,65.49,0.42,81.77,2,664,0,5
0.03,0.41,-0.01,33.20,24.35,100.71,0.41,108.80,2,657,0,5
0.14,0.35,-0.08,32.35,27.95,106.45,0.38,114.71,2,651,0,7
0.17,0.35,-0.10,19.78,35.28,114.26,0.41,121.20,2,648,0,9
0.20,0.30,-0.18,11.29,43.70,120.30,0.40,128.49,2,646,0,8
0.21,0.38,-0.20,0.18,49.80,131.96,0.48,141.04,2,646,0,11
0.35,0.37,-0.33,-9.16,52.43,126.40,0.60,137.15,2,644,0,11
0.44,0.60,-0.19,-26.31,37.60,123.23,0.76,131.50,2,643,0,10
0.52,0.59,-0.08,-9.22,24.72,122.68,0.79,125.49,3,643,0,10
0.74,0.72,-0.10,-17.40,36.13,98.69,1.03,106.53,2,641,0,9
1.00,0.83,-0.13,-25.33,43.82,68.73,1.31,85.35,2,642,0,9
1.24,1.00,-0.16,-23.13,36.32,31.01,1.60,53.06,2,644,0,7
1.22,0.86,-0.23,-4.03,5.31,-10.50,1.51,12.44,2,646,0,8
2.42,0.88,-0.17,-3.30,-30.70,-30.64,2.58,43.50,3,673,0,5
1.40,0.04,-0.47,55.66,-68.36,56.64,1.48,104.78,8,730,15,4
0.19,0.84,0.60,31.74,-81.54,61.52,1.05,106.97,17,740,42,3
-0.30,2.29,0.90,-14.71,-49.87,44.80,2.48,68.63,66,752,84,2
0.10,1.36,0.28,9.52,-9.58,2.93,1.39,13.82,112,754,100,2
0.22,0.97,0.05,-13.06,-0.61,-26.61,1.00,29.65,147,761,114,2
0.32,0.66,-0.12,-2.87,-1.71,-10.80,0.74,11.31,192,765,124,2
0.27,0.77,-0.01,9.09,-6.41,19.84,0.82,22.74,222,761,134,2
0.23,1.05,0.00,5.68,-4.15,32.65,1.07,33.40,305,749,139,4
0.19,1.18,0.02,7.63,-4.52,20.51,1.20,22.34,273,740,138,3
0.21,0.99,0.03,6.04,-3.05,4.94,1.01,8.38,350,735,144,3
0.23,0.91,-0.00,2.08,-2.38,6.84,0.93,7.53,293,732,144,4
0.22,0.94,0.00,2.69,-2.87,12.39,0.96,13.00,400,724,141,6
0.20,0.98,0.01,3.60,-3.36,16.60,1.00,17.32,350,719,141,5
0.17,1.03,0.06,0.98,-2.56,12.82,1.05,13.11,402,712,144,5
0.18,1.01,0.03,-2.87,-0.73,7.32,1.03,7.90,329,711,139,4
0.18,0.96,0.03,-4.39,-0.06,4.15,0.98,6.04,327,709,139,3
0.18,0.97,0.01,-6.16,0.73,5.37,0.99,8.21,430,705,139,1
0.18,0.97,0.01,-5.92,1.10,6.53,0.99,8.88,466,706,136,0
0.17,0.97,0.01,-6.47,1.59,8.24,0.99,10.60,327,707,137,0
0.17,0.99,-0.00,-5.00,1.34,8.91,1.01,10.31,373,707,136,0
0.16,1.00,-0.00,-1.28,0.49,5.13,1.02,5.31,430,707,135,0
0.16,1.04,0.00,-3.60,0.79,3.54,1.05,5.11,400,705,133,0
0.16,1.02,-0.00,-1.77,-0.31,-3.05,1.03,3.54,350,707,135,0
0.16,0.96,0.01,-1.77,-0.18,-5.74,0.97,6.01,325,708,137,0
0.16,0.98,0.01,-2.81,-0.12,-5.00,0.99,5.74,404,710,137,0
0.17,1.01,-0.01,-3.17,0.24,-6.10,1.02,6.88,400,707,138,0
0.17,0.96,0.00,-0.43,-0.31,-6.90,0.98,6.92,402,716,137,0
0.17,0.94,0.00,-1.83,0.67,-3.72,0.96,4.20,373,718,137,0
0.17,0.99,-0.00,-2.44,0.92,-1.83,1.00,3.19,311,720,143,0
0.17,0.97,0.01,-3.23,0.85,-2.93,0.99,4.45,402,718,136,0
0.18,0.96,0.00,-6.59,1.95,-1.83,0.98,7.11,293,720,142,0
0.18,0.98,-0.02,-6.65,2.01,-0.98,1.00,7.02,433,724,139,0
0.18,0.99,-0.02,-2.81,0.85,-3.42,1.00,4.51,293,727,143,0
0.18,0.97,-0.01,-3.05,0.43,-4.52,0.99,5.47,311,733,143,0
0.18,0.99,-0.02,-2.38,0.00,-5.00,1.01,5.54,375,733,140,0
0.18,1.00,-0.01,-0.92,-0.61,-8.00,1.02,8.07,294,739,143,0
0.18,1.02,-0.01,-2.56,-0.12,-12.02,1.03,12.29,312,750,144,0
0.19,1.03,0.00,-5.07,0.85,-19.78,1.05,20.43,312,762,141,0
0.19,1.16,-0.03,-13.18,4.21,-31.62,1.18,34.51,257,782,148,0
0.20,1.24,-0.02,-6.96,1.16,-54.38,1.25,54.84,184,804,149,0
0.22,1.37,-0.08,-10.74,1.95,-80.51,1.40,81.24,154,830,146,0
0.26,1.58,-0.15,-8.73,-1.40,-123.17,1.61,123.49,99,838,143,0
0.25,1.55,-0.06,-10.80,-6.47,-171.02,1.57,171.48,55,815,113,0
0.50,1.45,-0.06,-25.94,-0.67,-193.05,1.54,194.79,18,780,51,0
0.63,1.70,-0.11,-30.52,0.79,-169.25,1.82,171.98,5,739,13,0
1.00,0.40,-0.90,38.33,-25.88,-119.02,1.40,127.69,2,697,0,0
1.67,0.42,-0.42,-57.19,-110.41,-75.13,1.77,145.28,1,690,0,2
1.10,1.65,0.26,-99.67,-120.73,-20.94,2.00,157.95,1,684,0,0
0.89,1.63,0.38,11.47,-98.08,-56.46,1.89,113.75,1,680,0,0
0.75,0.84,0.03,52.37,-67.93,-87.28,1.13,122.37,1,683,0,1
0.84,1.53,0.30,10.62,-45.35,-84.66,1.77,96.62,0,0,0,4
0.42,0.26,0.20,45.10,-52.55,-200.20,0.53,211.84,0,0,0,5
-0.08,0.63,0.37,8.12,-3.42,-60.00,0.74,60.64,1,685,0,3
0.20,0.72,0.16,66.22,41.44,4.52,0.76,78.25,1,678,0,3
0.46,0.25,-0.12,38.70,48.46,-39.12,0.54,73.33,1,676,0,5
0.18,0.44,0.14,35.77,25.15,-60.85,0.50,74.93,1,676,0,3
0.14,0.25,0.04,59.88,19.53,-9.83,0.28,63.74,1,672,0,6
0.16,0.25,0.01,59.57,14.89,45.72,0.30,76.55,1,667,0,6
0.10,0.17,-0.06,52.37,21.48,68.73,0.21,89.03,1,667,0,7
0.07,0.21,-0.12,42.30,22.77,100.46,0.25,111.36,1,667,0,7
0.05,0.21,-0.16,33.87,30.21,122.50,0.27,130.64,1,662,0,8
0.17,0.26,-0.20,15.56,35.03,141.72,0.37,146.82,1,658,0,10
0.21,0.40,-0.14,3.54,37.23,133.97,0.47,139.09,1,653,0,7
0.14,0.40,-0.16,-8.79,36.50,139.71,0.45,144.67,2,646,0,8
0.29,0.56,-0.13,-14.28,34.30,146.91,0.65,151.54,2,647,0,9
0.42,0.66,-0.09,-21.61,27.71,133.36,0.78,137.91,2,644,0,10
0.51,0.75,0.00,-18.62,19.04,127.26,0.91,130.01,2,642,0,11
0.74,0.80,0.02,-23.99,27.22,108.40,1.09,114.31,2,642,0,10
0.90,0.89,0.06,-29.30,41.02,71.53,1.27,87.51,2,644,0,8
1.12,0.94,0.00,-21.42,48.95,38.94,1.46,66.12,2,643,0,6
1.34,0.91,-0.03,-8.54,33.94,-3.72,1.63,35.19,2,669,0,4
1.38,0.61,-0.18,2.62,-10.38,108.22,1.52,108.74,8,739,17,5
0.25,0.23,0.39,40.16,-22.16,61.71,0.51,76.89,20,756,48,4
0.04,2.38,0.11,-12.70,-17.76,68.36,2.38,71.76,77,777,96,0
0.12,1.46,0.11,42.11,-20.39,21.79,1.47,51.61,131,765,117,1
0.17,0.73,0.28,14.89,-9.22,5.07,0.80,18.23,165,762,122,3
0.26,1.00,-0.11,-22.58,4.70,20.20,1.04,30.66,235,758,135,3
0.25,0.98,-0.11,6.47,-4.09,27.65,1.02,28.69,262,750,142,5
0.17,1.05,0.09,16.30,-7.39,31.19,1.07,35.96,250,738,143,6
0.17,1.11,0.04,2.44,-1.34,13.12,1.12,13.42,311,727,142,7
0.17,0.96,0.04,0.92,-1.46,8.24,0.98,8.42,350,723,145,5
0.17,1.00,0.03,-5.43,0.43,9.46,1.01,10.92,329,720,141,6
0.16,1.05,0.01,-9.09,0.73,4.88,1.07,10.35,435,716,146,3
0.16,1.02,0.02,-11.72,0.55,-2.56,1.03,12.01,400,717,143,4
0.17,0.96,0.00,-14.22,0.92,-4.76,0.98,15.02,311,719,144,2
0.18,0.95,-0.02,-14.40,1.04,-3.66,0.97,14.90,375,721,142,0
0.18,0.97,-0.03,-10.93,0.18,-2.20,0.99,11.15,373,718,140,0
0.17,0.97,-0.03,-6.96,-1.10,-0.79,0.99,7.09,350,715,137,0
0.18,0.94,-0.04,1.16,-2.01,0.18,0.96,2.33,404,713,137,0
0.17,0.97,-0.01,4.15,-1.83,4.52,0.98,6.40,469,710,137,0
0.17,0.99,-0.02,8.79,-1.77,6.77,1.00,11.24,327,709,137,0
0.16,1.01,0.00,9.16,-1.40,6.16,1.02,11.13,352,706,144,0
0.15,1.01,0.02,5.80,-0.61,1.83,1.02,6.11,375,708,140,0
0.15,1.04,0.02,0.31,0.06,-3.11,1.05,3.13,404,710,142,0
0.15,1.04,0.02,-2.87,0.49,-10.44,1.05,10.84,354,721,147,0
0.17,1.02,0.01,-3.91,0.31,-20.57,1.03,20.94,333,734,143,0
0.18,1.01,-0.01,-8.42,1.22,-25.51,1.03,26.89,232,751,147,0
0.20,1.00,-0.02,-9.09,1.71,-28.63,1.02,30.08,314,767,147,0
0.21,0.95,-0.01,-6.53,1.16,-28.99,0.97,29.74,233,775,143,0
0.23,0.90,-0.00,-3.78,1.16,-26.92,0.93,27.21,234,784,144,0
0.25,0.94,-0.04,-4.58,1.71,-22.40,0.98,22.93,207,792,150,0
0.25,0.89,-0.01,-1.46,1.77,-17.70,0.92,17.85,246,797,145,0
0.27,0.89,-0.05,-0.98,2.69,-11.54,0.93,11.88,200,802,148,0
0.27,0.88,-0.04,2.32,0.55,-3.17,0.92,3.97,201,800,147,0
0.26,0.95,-0.02,1.71,-0.06,1.40,0.98,2.21,208,800,149,0
0.26,1.02,-0.03,-0.12,0.31,-0.79,1.05,0.86,201,804,147,0
0.25,1.08,0.00,-0.12,-0.49,-10.13,1.10,10.14,202,811,152,0
0.26,1.12,-0.01,-2.38,0.06,-23.56,1.15,23.68,181,818,153,0
0.25,1.22,-0.01,-5.00,-0.18,-42.85,1.24,43.14,195,826,156,0
0.24,1.22,0.06,-14.04,2.69,-72.45,1.24,73.85,144,841,149,0
0.30,1.34,-0.03,-28.63,7.69,-101.62,1.37,105.86,107,839,149,0
0.37,1.42,-0.12,-27.10,4.64,-135.56,1.48,138.32,70,823,118,0
0.46,1.37,0.07,-23.44,6.84,-160.22,1.44,162.07,29,793,66,0
0.55,1.51,0.36,-24.05,25.39,-147.16,1.65,151.25,10,769,28,0
1.19,0.85,-0.11,37.72,53.89,-137.63,1.47,152.55,5,738,10,0
1.32,0.14,-0.51,-8.91,33.33,-102.36,1.42,108.01,2,700,0,0
1.86,1.09,-0.43,-26.55,-13.49,-97.53,2.19,101.98,1,686,0,0
1.77,1.49,-0.24,1.89,-56.21,-107.06,2.32,120.93,1,683,0,0
1.30,1.27,-0.40,40.16,-116.52,-128.72,1.86,178.21,1,678,0,0
0.71,1.03,-0.20,28.38,-143.19,-132.32,1.26,197.02,1,681,0,0
0.25,1.18,0.18,23.19,-116.09,-128.97,1.22,175.06,1,697,0,0
-0.05,0.86,0.20,61.83,-38.45,-113.77,0.89,135.07,1,695,0,3
-0.17,0.45,0.03,62.93,-2.01,-70.19,0.48,94.29,1,691,0,4
-0.25,0.52,0.04,50.90,8.00,-29.54,0.58,59.39,1,684,0,3
-0.35,0.60,0.09,64.45,14.77,-2.26,0.71,66.16,1,680,0,3
-0.42,0.43,-0.03,86.85,29.11,24.84,0.60,94.91,1,674,0,5
-0.43,0.36,-0.12,87.10,39.92,62.13,0.57,114.19,1,675,0,5
-0.33,0.37,-0.22,85.39,49.19,100.16,0.54,140.51,1,679,0,5
-0.24,0.45,-0.30,78.19,55.85,131.90,0.59,163.18,1,672,0,6
-0.11,0.55,-0.40,71.35,64.58,172.61,0.69,197.62,1,668,0,5
0.02,0.65,-0.54,59.69,69.70,188.78,0.84,209.91,1,665,0,6
0.04,0.83,-0.53,41.32,77.58,195.74,0.99,214.57,1,665,0,5
0.11,0.98,-0.55,30.09,92.53,200.99,1.13,223.30,1,664,0,7
0.27,1.11,-0.59,17.46,106.45,204.83,1.28,231.50,1,661,0,7
0.50,1.31,-0.56,6.77,119.20,199.89,1.51,232.83,1,653,0,6
0.80,1.36,-0.62,2.38,129.03,184.81,1.69,225.41,1,655,0,3
1.01,1.48,-0.55,-10.13,129.88,154.91,1.87,202.41,1,656,0,2
1.27,1.41,-0.54,-8.12,134.77,99.61,1.97,167.78,1,651,0,3
1.65,1.30,-0.52,-15.01,122.38,55.24,2.16,135.10,1,654,0,0
1.70,1.06,-0.48,-3.85,100.34,8.85,2.06,100.80,1,652,0,0
1.84,0.76,-0.59,8.42,71.72,-17.21,2.08,74.23,1,655,0,0
1.92,-0.48,-0.43,128.42,-13.31,-6.10,2.03,129.25,7,714,4,0
0.36,1.26,0.32,-53.28,-96.19,49.62,1.35,120.64,25,732,37,0
-0.12,1.66,0.23,21.97,-24.54,55.73,1.68,64.73,108,730,71,0
0.19,1.07,0.02,-5.49,-1.59,15.44,1.08,16.47,237,728,96,0
0.15,1.30,-0.15,2.81,-5.68,-14.77,1.31,16.07,334,729,116,0
0.11,0.77,0.13,-0.55,-4.58,-24.17,0.79,24.61,302,732,127,0
0.19,1.00,-0.10,-18.74,3.23,-18.74,1.02,26.70,307,734,134,0
0.18,0.97,-0.03,-9.22,0.49,-18.74,0.99,20.89,352,735,139,0
0.19,1.05,-0.06,-10.56,1.22,-18.25,1.07,21.12,266,745,139,0
0.19,1.01,-0.03,-7.26,-0.85,-26.61,1.03,27.60,356,752,147,0
0.21,0.98,-0.05,-13.12,0.18,-31.43,1.00,34.06,286,765,147,0
0.22,0.97,-0.06,-16.24,0.12,-33.39,0.99,37.12,258,778,145,0
0.23,0.93,-0.06,-15.26,0.73,-34.00,0.96,37.27,238,790,146,0
0.26,0.94,-0.09,-17.64,2.87,-31.92,0.98,36.58,237,797,147,0
0.28,0.83,-0.08,-17.21,4.94,-24.41,0.88,30.28,210,804,148,0
0.31,0.89,-0.14,-18.86,6.96,-14.71,0.95,24.91,220,809,148,0
0.30,0.92,-0.15,-9.70,3.60,-8.97,0.98,13.70,219,808,144,0
0.30,0.93,-0.12,-2.14,0.49,-5.43,0.98,5.86,231,813,147,0
0.30,0.90,-0.11,0.49,-0.12,-4.03,0.95,4.06,221,812,151,0
0.30,0.96,-0.12,-1.83,-0.12,-3.54,1.01,3.99,264,811,151,0
0.30,1.01,-0.12,-2.26,-1.53,-8.91,1.06,9.32,231,816,153,0
0.28,1.03,-0.07,-7.39,15.08,-21.79,1.07,27.51,222,818,150,0
0.31,1.06,-0.12,-12.51,0.85,-37.72,1.11,39.75,230,827,151,0
0.33,1.17,-0.17,-19.96,0.00,-57.31,1.23,60.69,185,832,153,0
0.34,1.32,-0.15,-20.45,-9.77,-92.41,1.37,95.14,193,840,149,0
0.33,1.41,-0.10,-39.25,-12.70,-138.61,1.45,144.62,183,836,141,0
0.42,1.96,-0.04,-78.86,-5.55,-202.09,2.00,217.00,132,822,95,0
0.59,2.09,0.09,-112.55,28.81,-260.38,2.17,285.12,62,789,44,0
0.62,2.30,0.09,-91.98,50.84,-279.85,2.38,298.93,16,755,19,0
0.29,1.67,-0.29,-20.32,61.58,-278.63,1.72,286.07,4,720,6,0
-0.34,0.18,-0.55,32.84,23.56,-185.49,0.67,189.84,2,647,0,2
-0.39,0.53,-0.27,62.81,-119.87,-24.35,0.71,137.50,1,676,0,2
-0.15,0.71,-0.23,114.01,-166.38,88.07,0.76,220.09,1,684,0,2
-0.04,0.59,-0.20,166.56,-178.96,129.09,0.62,276.46,0,0,0,3
0.05,0.39,-0.31,198.55,-146.12,130.62,0.51,278.98,0,0,0,4
0.07,0.01,-0.47,161.07,-89.05,125.18,0.48,222.59,0,0,0,6
0.07,0.23,-0.41,76.54,-18.92,134.52,0.47,155.92,0,0,0,5
0.21,0.71,-0.33,41.56,56.34,145.20,0.81,161.20,0,0,0,5
0.42,0.84,-0.54,55.36,124.27,146.24,1.08,199.73,0,0,0,4
0.49,0.74,-0.76,50.42,136.23,153.26,1.16,211.16,1,684,0,5
0.42,0.92,-0.74,41.75,143.01,157.47,1.25,216.77,0,0,0,6
0.46,0.91,-0.85,35.58,154.36,156.80,1.33,222.89,1,680,0,7
0.54,1.02,-0.87,8.85,157.71,153.50,1.44,220.26,1,672,0,3
0.61,1.19,-0.62,-4.64,160.58,145.45,1.48,216.71,0,0,0,5
0.82,1.20,-0.43,-33.14,175.66,130.74,1.52,221.47,1,665,0,3
1.04,1.53,-0.16,-26.92,177.25,98.21,1.85,204.41,1,670,0,3
1.35,1.34,-0.37,18.80,153.81,47.00,1.94,161.92,1,663,0,0
1.59,0.91,-0.75,57.07,77.82,4.64,1.98,96.61,1,664,0,1
1.45,0.35,-0.96,44.07,19.35,-16.78,1.78,50.97,1,667,0,0
1.29,0.06,-1.01,-25.02,-13.85,-20.57,1.64,35.23,1,673,0,2
1.36,-0.81,-0.74,37.72,-83.19,44.68,1.74,101.68,7,714,9,1
-0.06,1.19,0.69,-59.57,-216.74,76.23,1.38,237.35,47,706,37,0
-0.49,2.09,1.14,42.66,-87.46,53.22,2.44,110.92,213,686,77,3
0.02,0.71,0.49,30.58,-8.67,16.48,0.86,35.80,330,675,106,7
0.12,1.37,-0.22,-25.45,5.25,15.87,1.40,30.45,379,664,125,5
0.09,0.97,0.03,3.97,-7.39,-17.70,0.98,19.59,456,664,131,7
0.10,1.03,-0.03,-23.56,0.18,-8.97,1.03,25.21,503,664,135,2
0.12,1.09,-0.09,-14.10,-1.34,-18.13,1.10,23.00,469,672,135,2
0.11,1.03,-0.01,-4.94,-3.54,-24.84,1.03,25.57,428,689,140,0
0.12,1.01,-0.01,-10.93,-2.32,-29.11,1.02,31.18,352,703,138,0
0.14,1.02,-0.04,-15.26,-2.14,-35.28,1.03,38.50,352,724,138,0
0.15,0.96,-0.04,-17.15,-2.62,-39.12,0.97,42.80,335,738,145,0
0.19,0.96,-0.07,-17.09,-2.38,-40.16,0.99,43.71,283,750,143,0
0.21,0.92,-0.08,-11.72,-1.95,-34.91,0.95,36.88,320,767,143,0
0.24,0.91,-0.08,-6.84,-1.95,-27.65,0.94,28.55,271,767,140,0
0.24,0.93,-0.08,-3.78,-1.71,-21.18,0.97,21.58,318,774,143,0
0.25,0.94,-0.08,-1.10,-1.22,-17.03,0.97,17.11,301,781,145,0
0.26,0.90,-0.06,-0.31,-0.73,-12.51,0.94,12.54,249,784,143,0
0.26,0.92,-0.08,-1.59,0.43,-7.02,0.96,7.21,308,784,148,0
0.26,0.95,-0.07,-1.22,0.49,-5.49,0.99,5.65,275,789,149,0
0.26,0.96,-0.09,-1.28,1.10,-4.58,1.00,4.88,238,795,150,0
0.26,0.99,-0.08,-1.22,0.85,-6.71,1.02,6.88,250,797,146,0
0.27,0.98,-0.07,-0.55,0.37,-9.64,1.02,9.67,264,801,150,0
0.28,1.04,-0.10,-1.10,1.10,-14.77,1.08,14.85,221,807,154,0
0.28,1.09,-0.09,2.50,-0.92,-28.26,1.13,28.38,229,815,153,0
0.28,1.16,-0.06,-0.98,-1.95,-47.85,1.20,47.90,188,825,157,0
0.32,1.21,-0.02,-13.92,-1.16,-75.32,1.25,76.60,180,832,157,0
0.29,1.29,-0.02,-28.26,-2.81,-111.27,1.32,114.83,172,839,155,0
0.33,1.55,-0.09,-52.98,-1.59,-159.06,1.59,167.66,164,839,147,0
0.45,1.93,-0.20,-68.30,-1.46,-217.90,2.00,228.35,103,820,105,0
0.71,1.79,-0.30,-79.35,8.48,-266.24,1.95,277.94,43,781,51,0
0.40,2.40,-0.04,-47.49,-2.69,-293.03,2.44,296.86,12,751,21,0
0.20,1.58,-0.38,1.53,4.64,-305.85,1.63,305.89,3,727,9,0
-0.47,0.23,-0.49,-11.72,-9.28,-264.16,0.72,264.58,1,668,0,2
-0.27,0.90,-0.17,-12.57,-100.34,-78.80,0.96,128.20,1,667,0,3
-0.27,0.90,-0.01,49.99,-128.91,78.37,0.94,158.93,1,674,0,2
-0.24,0.65,0.01,112.79,-123.11,143.43,0.69,220.12,0,0,0,4
-0.13,0.52,-0.10,137.45,-88.93,164.79,0.54,232.29,0,0,0,4
-0.02,0.19,-0.27,106.99,-28.20,169.86,0.34,202.72,1,683,0,5
0.08,0.53,-0.24,47.24,19.96,190.61,0.58,197.39,1,680,0,6
0.28,1.10,-0.17,30.58,69.82,211.98,1.15,225.26,1,680,0,5
0.58,1.13,-0.42,51.03,104.06,222.11,1.33,250.53,1,674,0,4
0.85,1.08,-0.68,31.07,100.10,220.58,1.53,244.21,1,671,0,6
0.93,1.36,-0.59,8.18,70.92,212.89,1.75,224.54,1,664,0,7
1.12,1.26,-0.74,16.72,42.66,199.65,1.84,204.84,1,659,0,8
1.10,1.24,-0.67,-8.48,2.08,187.07,1.78,187.28,1,655,0,7
0.93,1.40,-0.38,-23.62,-5.43,156.86,1.72,158.72,1,652,0,7
0.82,1.08,-0.35,-36.07,24.35,132.02,1.40,139.01,1,650,0,8
0.59,1.06,-0.19,-62.74,42.42,103.03,1.23,127.87,2,648,0,8
0.52,1.01,-0.05,-69.34,52.67,87.89,1.14,123.72,2,645,0,9
0.50,1.01,0.07,-63.17,54.44,72.20,1.13,110.31,2,644,0,7
0.49,0.93,0.16,-51.21,50.29,51.33,1.06,88.24,2,642,0,7
0.44,0.91,0.29,-37.41,48.28,25.70,1.05,66.26,2,644,0,9
0.47,0.99,0.31,-20.26,59.57,-0.12,1.14,62.92,2,644,0,6
0.63,0.98,0.30,4.33,68.24,-39.12,1.20,78.78,2,652,0,5
0.69,0.80,0.12,32.96,70.13,-97.78,1.07,124.76,1,658,0,4
0.94,0.76,-0.16,41.50,63.35,-142.70,1.22,161.55,1,662,0,6
2.99,2.48,-0.22,18.98,26.37,-175.05,3.89,178.04,3,695,0,4
2.92,-0.76,-1.51,113.04,35.83,107.91,3.37,160.33,8,632,4,9
-0.39,1.70,0.91,55.60,-51.03,79.96,1.97,109.95,28,579,13,13
-0.24,1.30,0.41,34.48,-13.31,26.37,1.39,45.40,54,547,22,17
-0.02,1.25,-0.03,-5.49,-6.10,-12.39,1.25,14.86,113,554,30,18
0.04,1.07,-0.10,14.95,-12.76,-27.59,1.08,33.87,169,565,52,20
0.08,0.88,-0.04,34.97,-23.80,-11.90,0.89,43.95,295,571,79,21
-0.01,1.09,0.16,25.94,-16.91,-11.60,1.10,33.06,297,575,100,23
0.03,1.11,0.01,12.70,-13.12,-32.41,1.11,37.20,344,586,115,21
0.07,0.87,0.19,9.40,-10.86,-34.55,0.89,37.41,331,602,123,17
0.09,0.92,0.07,-0.18,-1.04,-16.42,0.92,16.45,369,614,127,16
0.08,0.96,0.10,3.17,-0.12,-7.20,0.97,7.87,536,619,127,14
0.09,0.99,0.08,-3.30,1.71,-8.67,1.00,9.43,483,627,129,12
0.09,0.96,0.08,-5.80,2.50,-6.23,0.97,8.87,489,641,135,11
0.10,0.95,0.06,-6.35,2.56,-3.72,0.95,7.79,342,648,131,12
0.10,0.97,0.04,-6.96,1.22,-0.24,0.97,7.07,439,649,130,7
0.09,1.03,0.07,-10.07,0.98,-2.08,1.03,10.33,436,656,131,6
0.10,1.00,0.04,-11.54,1.16,-6.29,1.00,13.19,402,665,127,7
0.11,0.94,0.04,-8.24,-0.18,-5.31,0.95,9.80,264,669,130,5
0.10,0.97,0.04,-6.16,-1.10,-0.79,0.97,6.31,320,667,127,6
0.10,1.00,0.05,-5.37,-0.98,0.31,1.01,5.47,302,667,130,5
0.09,1.01,0.05,-5.80,-0.73,-0.49,1.01,5.86,402,664,127,5
0.10,1.01,0.03,-5.49,-0.37,-1.10,1.02,5.61,345,663,127,4
0.09,0.99,0.05,-3.23,0.00,-2.93,1.00,4.36,345,665,126,6
0.11,0.99,0.02,-0.37,-0.06,-2.20,0.99,2.23,284,669,130,5
0.10,0.97,0.04,0.98,-0.18,0.18,0.97,1.01,347,670,126,5
0.10,0.99,0.04,0.79,-0.06,2.26,0.99,2.39,347,669,125,4
0.10,1.01,0.04,-0.12,-0.24,1.59,1.01,1.61,402,669,129,3
0.10,1.00,0.04,-1.22,-0.49,-0.18,1.00,1.33,442,669,130,1
0.10,1.04,0.03,-3.54,-0.06,-2.38,1.04,4.27,302,673,131,1
0.10,1.08,0.02,-5.07,-0.31,-9.70,1.09,10.95,413,684,132,0
0.10,1.02,0.04,-4.64,-0.73,-19.17,1.03,19.73,347,693,132,0
0.11,1.00,0.04,-9.52,0.37,-19.65,1.00,21.84,328,701,132,0
0.14,1.02,-0.01,-9.64,0.98,-22.09,1.03,24.13,291,710,132,0
0.14,0.93,0.04,-6.04,-0.12,-21.73,0.94,22.55,243,711,133,0
0.16,0.94,0.01,-8.85,1.77,-14.71,0.95,17.26,306,712,133,0
0.17,0.98,-0.02,-4.39,0.61,-10.80,0.99,11.68,243,714,135,0
0.16,0.95,0.03,-1.04,-0.31,-9.28,0.97,9.34,273,716,135,0
0.17,0.93,0.02,-2.26,1.04,-7.32,0.95,7.73,244,715,133,0
0.17,0.99,0.01,-5.80,2.50,-4.09,1.00,7.52,289,721,134,0
0.17,1.00,0.02,-5.74,3.23,-7.14,1.02,9.71,291,728,133,0
0.17,1.09,-0.00,-6.04,3.42,-10.99,1.10,13.00,236,735,140,0
0.18,1.24,-0.05,-4.03,2.32,-23.01,1.25,23.48,248,749,138,0
0.18,1.27,-0.02,4.58,-2.08,-49.07,1.28,49.33,168,770,141,0
0.17,1.27,0.04,1.65,-1.71,-78.31,1.29,78.34,128,793,141,0
0.21,1.42,-0.00,-7.87,-0.31,-111.94,1.44,112.22,91,809,136,0
0.25,1.52,0.01,-13.67,0.31,-154.66,1.54,155.27,48,813,113,0
0.42,1.79,-0.04,-36.62,10.50,-170.78,1.84,174.97,17,776,46,0
0.77,1.58,-0.24,-18.92,2.44,-137.02,1.77,138.35,5,732,8,0
0.83,0.82,-0.51,44.37,3.42,-112.49,1.27,120.97,2,679,0,0
0.84,0.53,-0.63,18.80,-35.34,-67.99,1.18,78.90,1,671,0,2
0.79,1.14,-0.16,-41.02,-70.98,4.76,1.40,82.12,1,662,0,2
0.58,1.57,0.23,-17.82,-70.98,-14.59,1.69,74.63,1,664,0,0
0.42,1.19,0.14,44.68,-42.30,-60.30,1.27,86.15,1,663,0,2
0.38,0.86,0.04,39.55,-24.29,-59.27,0.94,75.28,1,663,0,4
0.31,0.87,0.19,24.60,-14.95,-37.78,0.94,47.50,1,662,0,3
0.30,0.78,0.20,30.33,-4.52,-12.82,0.86,33.24,1,659,0,5
0.33,0.71,0.16,31.80,2.01,-1.71,0.80,31.91,1,657,0,5
0.28,0.65,0.15,29.42,6.53,5.25,0.72,30.59,1,656,0,5
0.20,0.52,0.12,27.34,13.12,11.54,0.57,32.45,2,654,0,5
0.14,0.41,0.10,16.66,21.61,22.40,0.44,35.30,2,652,0,8
0.10,0.35,0.07,13.85,32.65,29.79,0.37,46.32,2,651,0,8
0.08,0.23,-0.02,0.00,36.50,48.71,0.25,60.86,2,643,0,10
0.13,0.40,0.02,-6.53,34.18,67.32,0.42,75.78,2,641,0,12
0.16,0.38,-0.03,-5.25,34.79,71.66,0.42,79.83,2,641,0,9
0.21,0.39,-0.08,-17.88,41.26,84.59,0.45,95.80,2,640,0,11
0.33,0.56,-0.03,-21.18,43.03,87.16,0.65,99.48,2,637,0,12
0.48,0.58,-0.07,-20.63,43.58,88.32,0.75,100.62,2,637,0,10
0.66,0.55,-0.04,-12.21,31.80,86.12,0.86,92.61,3,633,0,11
0.64,0.76,-0.06,-13.06,20.69,79.16,1.00,82.86,2,630,0,11
0.82,0.85,-0.03,-14.71,6.10,70.37,1.18,72.15,2,635,0,10
0.76,0.79,0.03,4.82,-0.61,57.37,1.10,57.58,2,633,0,9
0.85,0.68,-0.06,-0.49,7.51,35.34,1.09,36.13,2,637,0,9
0.79,0.68,-0.05,-13.67,16.85,-9.58,1.04,23.72,2,646,0,9
0.98,0.85,-0.02,8.30,-12.70,20.39,1.29,25.41,4,699,1,3
1.78,1.06,-0.13,-1.46,-33.94,77.70,2.07,84.80,4,714,4,3
0.23,0.94,0.41,5.43,-49.44,26.25,1.06,56.24,10,730,24,0
-0.12,1.43,0.59,-6.65,-36.87,13.55,1.55,39.84,21,739,50,0
0.30,0.92,-0.05,16.54,-1.16,-7.14,0.97,18.05,32,747,65,0
0.29,1.04,-0.05,-1.95,-1.10,-21.61,1.08,21.72,46,761,79,0
0.31,0.84,-0.08,6.23,-4.15,-27.95,0.90,28.94,58,772,94,0
0.32,0.59,-0.00,14.71,-8.42,0.24,0.67,16.95,78,769,109,0
0.30,0.71,0.03,5.00,-4.33,30.82,0.77,31.53,138,764,126,3
0.27,1.15,-0.04,4.70,-5.31,47.24,1.18,47.77,190,752,132,4
0.20,1.13,0.11,15.50,-10.80,28.38,1.15,34.10,267,740,136,6
0.21,1.02,0.08,-3.54,-3.91,13.61,1.05,14.60,270,730,142,8
0.23,1.00,0.04,-7.63,-2.38,7.08,1.02,10.68,320,726,146,7
0.21,0.99,0.06,-11.72,-0.18,6.47,1.02,13.39,428,722,144,4
0.21,1.07,0.00,-18.37,3.78,0.85,1.09,18.78,305,725,139,4
0.23,0.96,0.01,-14.40,2.93,-6.04,0.98,15.89,289,729,140,3
0.23,0.94,0.02,-19.59,5.25,-2.75,0.97,20.47,291,736,142,1
0.24,0.96,-0.06,-14.40,3.48,-2.93,0.99,15.11,375,738,135,0
0.23,0.98,-0.02,-9.77,0.98,-2.20,1.01,10.06,289,743,138,0
0.23,1.02,-0.04,-11.23,0.73,-5.43,1.05,12.50,273,746,133,0
0.25,0.94,-0.06,-6.59,-0.37,-7.81,0.97,10.23,321,748,134,0
0.24,0.86,-0.05,-0.61,-1.65,-0.85,0.89,1.95,289,745,130,0
0.24,0.92,-0.03,4.94,-1.89,9.95,0.95,11.27,307,738,131,0
0.22,0.94,-0.03,10.93,-2.50,15.62,0.97,19.23,288,731,137,0
0.22,0.97,-0.01,10.44,-2.20,16.72,1.00,19.84,366,726,137,0
0.20,1.00,0.01,5.55,-1.95,10.86,1.02,12.36,307,722,139,0
0.19,1.05,0.01,0.49,-1.28,4.82,1.07,5.01,323,720,134,0
0.20,1.07,-0.02,-1.77,-0.67,-5.62,1.09,5.93,373,722,139,0
0.20,1.04,-0.01,-4.03,-0.24,-15.62,1.06,16.14,307,724,137,0
0.21,0.95,0.00,-4.58,0.18,-20.26,0.98,20.78,327,734,140,0
0.23,0.94,-0.03,-7.81,1.46,-19.65,0.96,21.20,291,745,138,0
0.24,0.92,-0.02,-5.00,0.31,-16.60,0.95,17.34,293,753,144,0
0.25,0.89,-0.01,-4.33,0.31,-7.93,0.92,9.05,291,758,142,0
0.26,0.93,-0.05,-2.01,0.73,-1.53,0.96,2.63,278,755,142,0
0.25,0.93,-0.02,2.87,-0.79,3.17,0.96,4.35,278,756,140,0
0.24,0.99,-0.02,2.62,-0.55,3.72,1.02,4.59,350,747,144,0
0.23,0.99,-0.00,1.10,-0.06,0.43,1.02,1.18,280,751,144,0
0.23,1.04,0.00,-2.56,0.49,-5.37,1.06,5.97,280,761,148,0
0.23,1.10,-0.02,-5.68,1.77,-17.58,1.12,18.56,294,771,147,0
0.24,1.09,-0.02,-10.38,2.93,-32.84,1.12,34.56,268,788,149,0
0.25,1.10,-0.03,-12.02,4.03,-45.04,1.13,46.79,187,809,149,0
0.29,1.17,-0.07,-6.41,1.40,-66.35,1.20,66.67,173,828,149,0
0.30,1.21,-0.04,-2.50,-0.98,-93.57,1.25,93.61,114,837,146,0
0.34,1.17,0.01,-15.50,-0.18,-121.89,1.22,122.87,77,829,135,0
0.39,1.24,0.06,-35.16,6.10,-142.70,1.30,147.09,48,812,103,0
0.59,1.29,0.03,-43.15,17.64,-149.29,1.42,156.40,25,787,61,0
0.73,1.51,-0.05,-13.12,22.09,-142.76,1.68,145.06,10,769,30,0
0.72,1.04,-0.42,43.09,18.07,-134.95,1.33,142.81,4,752,12,0
0.96,0.21,-0.64,11.35,-10.99,-127.14,1.17,128.11,2,729,3,4
1.54,0.84,-0.70,-35.58,-84.47,-43.33,1.89,101.39,0,0,0,1
1.04,1.08,-0.15,-27.77,-100.04,33.87,1.51,109.21,1,714,0,0
1.20,1.63,0.02,5.68,-69.64,21.36,2.03,73.06,1,702,0,0
1.02,0.92,-0.18,32.35,-50.90,-52.49,1.39,79.96,1,695,0,2
0.77,0.97,0.03,0.24,-50.54,-59.51,1.24,78.07,1,683,0,3
0.60,0.98,0.14,11.84,-46.20,-42.54,1.16,63.91,1,679,0,4
0.46,0.76,0.09,23.01,-42.54,-41.63,0.89,63.81,1,675,0,4
0.21,0.73,0.16,22.89,-42.60,-40.47,0.77,63.06,1,672,0,3
0.00,0.50,0.15,34.36,-36.07,-25.57,0.52,56.00,2,669,0,6
-0.13,0.32,0.18,20.45,-18.68,3.66,0.39,27.93,2,665,0,6
-0.09,0.33,0.18,17.15,-0.18,31.19,0.39,35.59,2,667,0,5
-0.06,0.18,0.08,7.51,15.14,45.72,0.21,48.74,2,664,0,6
-0.12,0.27,0.12,-10.13,25.02,89.36,0.32,93.34,2,653,0,8
0.03,0.46,0.12,-9.40,46.02,125.85,0.48,134.33,2,647,0,9
0.22,0.43,-0.01,-3.66,67.69,121.77,0.48,139.36,2,640,0,13
0.32,0.49,-0.10,-4.46,75.01,118.71,0.59,140.50,3,632,0,12
0.37,0.51,-0.13,-2.62,71.78,118.84,0.64,138.86,3,628,0,12
0.42,0.54,-0.17,-2.26,60.97,115.60,0.70,130.72,3,627,0,14
0.46,0.50,-0.16,2.38,52.43,113.71,0.70,125.24,3,625,0,13
0.58,0.61,-0.14,-4.09,52.06,103.64,0.85,116.05,3,622,0,13
0.70,0.69,-0.17,-6.77,44.74,88.01,1.00,98.96,3,625,0,14
0.83,0.85,-0.14,-10.99,29.11,70.80,1.19,77.34,3,628,0,10
0.86,0.91,-0.11,-6.47,10.93,45.23,1.25,46.98,3,637,0,9
0.78,0.73,-0.10,-5.68,4.58,20.94,1.08,22.17,2,637,0,7
0.82,0.73,-0.03,-28.08,12.94,0.18,1.10,30.91,2,638,0,8
1.27,1.16,0.14,23.19,-25.57,61.34,1.73,70.39,6,721,9,6
1.18,1.28,0.20,-17.46,-58.29,45.78,1.75,76.14,8,732,18,7
0.20,1.07,-0.23,-12.88,-32.96,21.30,1.11,41.30,24,727,39,1
0.32,1.18,-0.16,-0.06,-2.93,-11.72,1.24,12.08,55,741,61,0
0.26,1.05,-0.09,-9.16,1.04,-28.50,1.09,29.96,66,755,79,0
0.29,0.82,-0.14,1.22,-6.84,-39.31,0.88,39.92,92,770,93,1
0.32,0.47,-0.02,16.05,-13.73,-18.74,0.57,28.24,142,776,116,2
0.27,0.63,0.06,4.33,-9.22,21.85,0.69,24.11,189,769,131,0
0.25,1.09,0.01,-5.80,-2.75,35.89,1.12,36.46,251,763,139,2
0.23,1.16,-0.01,-9.28,0.85,15.38,1.19,17.98,314,755,142,1
0.26,0.99,-0.07,-9.03,2.08,3.97,1.03,10.08,333,752,146,2
0.27,0.94,-0.05,-3.78,1.46,5.98,0.98,7.23,333,753,149,0
0.24,0.94,-0.04,-0.31,0.18,11.54,0.97,11.54,358,750,147,0
0.23,0.93,-0.03,0.37,1.89,13.31,0.96,13.44,381,750,147,0
0.22,0.95,-0.01,-2.38,3.54,16.36,0.98,16.90,314,755,142,0
0.22,1.03,-0.06,-6.84,5.31,14.95,1.05,17.28,358,755,144,0
0.20,1.06,-0.03,-7.39,4.33,7.69,1.08,11.51,280,763,141,0
0.20,1.05,-0.05,-14.53,5.49,-5.68,1.07,16.54,253,768,138,0
0.22,0.98,-0.09,-15.75,5.37,-13.43,1.01,21.38,222,780,134,0
0.23,0.93,-0.10,-12.51,3.05,-12.51,0.96,17.96,212,786,133,0
0.24,0.90,-0.11,-4.82,0.24,-8.61,0.94,9.87,206,790,132,0
0.23,0.92,-0.08,2.50,-1.71,-2.38,0.95,3.85,221,789,131,0
0.23,0.93,-0.07,5.43,-1.83,3.17,0.96,6.55,243,786,136,0
0.23,0.95,-0.07,6.23,-1.34,5.68,0.98,8.53,212,784,138,0
0.22,0.96,-0.06,4.39,-0.98,5.37,0.99,7.01,243,780,139,0
0.22,0.98,-0.06,1.53,-0.73,2.93,1.01,3.38,268,773,139,0
0.25,1.01,-0.08,-0.49,-0.43,-0.06,1.04,0.65,253,773,141,0
0.22,1.02,-0.06,0.43,-1.28,-4.09,1.04,4.31,257,775,142,0
0.21,1.00,-0.04,-0.98,-1.22,-9.70,1.02,9.83,268,775,145,0
0.23,0.94,-0.06,-4.82,0.00,-13.06,0.97,13.92,257,779,142,0
0.23,0.94,-0.07,-7.20,0.18,-11.47,0.97,13.55,258,787,139,0
0.24,0.98,-0.08,-6.65,-0.06,-10.86,1.01,12.74,225,792,143,0
0.25,0.96,-0.09,-2.14,-1.16,-11.84,1.00,12.09,244,798,141,0
0.25,1.00,-0.07,-0.98,-1.89,-12.82,1.04,12.99,226,799,148,0
0.25,1.03,-0.09,-2.69,-0.06,-19.96,1.06,20.14,187,810,144,0
0.27,1.13,-0.11,1.16,-2.75,-31.56,1.17,31.70,201,819,149,0
0.25,1.08,-0.01,4.27,-3.78,-45.96,1.11,46.31,171,828,147,0
0.31,1.33,-0.14,-6.84,0.18,-68.18,1.37,68.52,135,837,147,0
0.32,1.51,-0.16,-3.23,-4.39,-104.86,1.55,105.00,94,838,139,0
0.31,1.52,-0.05,-2.62,-8.42,-146.30,1.56,146.57,53,813,102,0
0.57,1.39,0.03,-12.45,-0.67,-169.37,1.50,169.83,17,782,47,0
0.60,1.65,-0.02,-23.93,9.89,-141.78,1.76,144.13,5,749,12,0
1.00,0.65,-0.48,5.25,-7.32,-101.26,1.28,101.66,1,701,0,0
0.91,0.52,-0.35,-6.53,-77.94,-20.39,1.11,80.83,0,0,0,2
1.08,0.99,-0.30,-35.77,-78.67,65.67,1.49,108.54,1,700,0,0
1.03,1.41,-0.05,-39.92,-67.32,-4.82,1.75,78.41,1,685,0,0
0.81,0.87,-0.15,-0.31,-59.02,-65.55,1.20,88.21,1,673,0,2
1.44,1.65,-0.09,-22.77,-67.93,-63.29,2.19,95.60,0,0,0,5
0.51,0.58,0.05,16.97,-102.48,-137.02,0.77,171.95,1,658,0,5
-0.00,0.23,0.14,20.57,-97.29,-60.67,0.27,116.49,1,668,0,3
0.28,1.05,0.36,1.46,-46.94,-21.73,1.14,51.74,1,669,0,3
0.28,0.68,0.13,38.09,-20.02,-69.70,0.75,81.91,1,668,0,3
0.15,0.68,0.15,35.28,-15.44,-70.43,0.71,80.27,1,673,0,3
0.16,0.66,0.17,48.03,-5.07,-39.73,0.70,62.54,1,670,0,5
0.16,0.62,0.17,48.28,13.92,-21.00,0.66,54.45,1,672,0,5
0.18,0.52,0.06,51.15,40.28,-9.58,0.55,65.81,1,669,0,6
0.24,0.34,-0.12,43.58,51.88,16.24,0.43,69.67,1,664,0,7
0.26,0.46,-0.08,31.43,47.79,46.81,0.54,73.92,1,663,0,7
0.27,0.28,-0.21,35.46,44.62,62.01,0.44,84.22,2,658,0,10
0.22,0.37,-0.18,18.68,33.63,95.95,0.46,103.37,2,658,0,7
0.30,0.37,-0.22,16.05,40.83,107.24,0.52,115.87,2,653,0,9
0.34,0.46,-0.22,-1.71,37.23,114.44,0.61,120.36,2,648,0,10
0.38,0.58,-0.15,-8.24,31.37,125.31,0.70,129.44,2,650,0,10
0.42,0.52,-0.16,-10.80,31.68,121.70,0.69,126.22,2,645,0,9
0.51,0.65,-0.09,-21.00,29.66,119.75,0.83,125.14,2,647,0,9
0.58,0.70,0.02,-22.71,35.34,111.21,0.91,118.87,2,647,0,10
0.72,0.73,0.10,-27.71,36.38,96.68,1.04,106.95,2,644,0,9
0.75,0.89,0.23,-12.63,34.24,78.67,1.19,86.73,2,646,0,7
0.91,0.80,0.09,-3.42,28.44,64.09,1.22,70.20,2,646,0,8
0.95,0.82,0.05,0.61,17.21,34.00,1.25,38.11,2,643,0,7
1.07,0.54,-0.16,11.35,2.69,0.79,1.21,11.69,3,674,0,4
1.39,1.19,0.12,-10.44,-10.44,101.50,1.84,102.57,5,717,8,4
1.95,1.01,0.04,10.74,-25.39,48.65,2.20,55.91,8,743,23,3
0.32,1.13,-0.29,-16.91,-20.20,43.46,1.21,50.82,15,737,39,0
0.22,1.43,0.07,-2.56,-6.77,11.35,1.45,13.47,23,742,56,0
0.18,1.21,0.13,-2.87,-4.15,-5.92,1.23,7.78,30,749,67,0
0.26,0.92,-0.06,1.10,-2.32,-16.97,0.96,17.16,41,766,80,1
0.27,0.69,0.03,5.49,-10.44,-12.51,0.74,17.19,61,776,99,2
0.27,0.63,0.10,-4.21,-7.69,17.76,0.69,19.81,119,780,119,3
0.27,1.17,-0.12,-23.01,0.24,40.95,1.20,46.98,177,772,133,1
0.23,1.35,-0.03,0.37,-6.41,22.77,1.37,23.65,250,761,140,1
0.21,1.08,0.06,-1.83,-3.60,-1.10,1.10,4.19,309,756,143,1
0.24,0.98,-0.02,-7.20,-1.65,-8.79,1.01,11.48,280,755,147,1
0.24,0.93,-0.00,-6.53,-2.01,-9.16,0.96,11.42,254,753,147,0
0.24,0.95,-0.01,-5.80,-1.53,-3.48,0.98,6.93,256,754,143,0
0.24,0.92,0.00,-4.70,-1.28,-0.55,0.95,4.90,284,751,147,0
0.24,0.94,-0.01,-7.39,0.37,3.54,0.97,8.20,298,749,150,0
0.24,0.97,-0.02,-6.65,0.92,6.29,1.00,9.20,356,746,150,0
0.23,0.99,-0.01,-5.43,1.04,5.62,1.01,7.88,356,746,147,0
0.23,1.01,-0.03,-7.75,2.62,2.38,1.04,8.52,316,750,148,0
0.23,0.98,-0.02,-7.02,2.50,-0.98,1.01,7.52,268,756,144,0
0.23,0.97,-0.03,-9.58,3.48,-2.32,1.00,10.46,283,759,145,0
0.24,0.95,-0.05,-6.16,2.26,-2.69,0.98,7.09,224,767,144,0
0.24,0.94,-0.05,-6.04,2.32,-0.98,0.97,6.55,268,769,144,0
0.24,0.92,-0.06,-3.48,1.83,2.20,0.95,4.50,232,770,142,0
0.23,0.95,-0.05,0.49,0.24,7.20,0.97,7.22,256,767,144,0
0.23,0.96,-0.06,2.99,-0.31,9.70,0.99,10.16,281,764,145,0
0.22,0.96,-0.04,6.16,-1.40,10.74,0.99,12.46,268,760,143,0
0.21,0.98,-0.04,6.04,-1.46,10.19,1.01,11.94,333,759,143,0
0.20,0.99,-0.02,4.15,-1.71,7.57,1.02,8.80,281,756,143,0
0.19,1.00,-0.01,0.67,-0.61,2.87,1.02,3.01,333,757,140,0
0.20,1.04,-0.05,-1.65,-0.06,-2.93,1.06,3.36,281,756,146,0
0.21,0.99,-0.03,-0.31,-1.40,-8.42,1.01,8.54,298,754,142,0
0.20,0.97,-0.01,-1.95,-0.67,-10.86,1.00,11.06,312,759,145,0
0.19,0.97,-0.05,-2.56,-1.89,-14.28,0.99,14.63,256,762,144,0
0.23,0.89,-0.03,-2.69,0.67,-13.12,0.92,13.41,268,772,143,0
0.23,0.92,-0.04,-5.92,1.71,-5.80,0.94,8.46,271,775,148,0
0.24,0.93,-0.05,-2.56,0.12,-2.38,0.96,3.50,257,774,148,0
0.23,0.99,-0.03,-5.13,0.73,0.49,1.02,5.20,272,772,151,0
0.23,1.06,-0.04,-7.08,0.37,-6.41,1.08,9.56,258,774,152,0
0.21,1.16,-0.03,-8.24,0.24,-19.78,1.18,21.42,288,786,152,0
0.21,1.17,-0.04,-10.80,1.04,-41.02,1.19,42.43,274,800,149,0
0.25,1.36,-0.10,-17.76,2.62,-69.27,1.38,71.56,204,824,151,0
0.27,1.37,-0.05,-20.57,0.37,-106.69,1.40,108.65,168,833,139,0
0.31,1.35,0.04,-50.84,3.72,-146.55,1.38,155.16,96,821,106,0
0.45,1.49,0.18,-90.09,17.64,-166.50,1.56,190.13,47,788,46,0
1.16,1.15,-0.37,-54.99,35.77,-177.80,1.67,189.51,15,755,19,0
1.34,0.72,-0.89,-68.85,-8.85,-131.23,1.77,148.45,5,718,3,0
1.36,0.44,-0.95,-95.64,-50.35,-90.70,1.72,141.10,1,666,0,0
0.88,0.92,-0.41,-83.98,-90.58,-33.69,1.34,128.03,1,679,0,0
0.93,1.17,-0.23,-35.77,-107.30,16.85,1.51,114.35,1,684,0,0
0.83,1.24,-0.16,8.42,-128.72,5.68,1.49,129.12,1,675,0,0
0.65,1.25,-0.07,42.48,-133.97,-45.47,1.41,147.72,1,671,0,0
0.43,1.03,-0.01,62.50,-112.61,-86.49,1.12,155.14,0,0,0,0
0.23,0.77,0.10,65.19,-70.07,-92.77,0.81,133.29,0,0,0,1
0.20,0.68,0.14,59.69,-22.22,-73.00,0.72,96.88,1,683,0,2
0.27,0.61,0.05,58.29,23.32,-61.16,0.67,87.64,1,684,0,3
0.39,0.51,-0.04,48.22,30.88,-57.43,0.64,81.10,1,674,0,2
0.33,0.52,0.02,39.43,22.22,-42.36,0.62,61.99,1,667,0,3
0.33,0.53,0.02,47.73,16.97,-12.82,0.63,52.25,1,664,0,5
0.35,0.45,-0.01,54.63,13.49,14.16,0.57,58.02,1,663,0,5
0.37,0.42,-0.01,57.86,12.70,39.37,0.56,71.13,1,665,0,4
0.38,0.36,-0.04,53.83,15.99,57.86,0.53,80.63,1,662,0,7
0.38,0.40,-0.06,40.41,15.56,90.70,0.55,100.50,1,657,0,8
0.50,0.48,-0.09,42.36,12.70,103.76,0.70,112.79,2,654,0,8
0.44,0.33,-0.14,25.70,7.81,111.51,0.56,114.70,2,649,0,8
0.41,0.47,-0.10,12.57,16.36,119.57,0.64,121.33,2,651,0,8
0.37,0.36,-0.19,-2.20,24.41,108.52,0.55,111.25,2,646,0,11
0.28,0.50,-0.12,-18.13,24.72,115.17,0.58,119.18,2,644,0,11
0.36,0.46,-0.14,-29.05,30.15,114.01,0.60,121.46,2,644,0,11
0.37,0.53,-0.05,-36.13,34.48,111.21,0.65,121.91,2,643,0,11
0.55,0.62,-0.07,-39.12,27.59,109.68,0.83,119.67,2,644,0,8
0.66,0.73,0.01,-16.85,16.48,91.67,0.98,94.66,2,644,0,11
0.88,0.78,0.04,-31.62,13.98,75.20,1.17,82.76,2,642,0,10
1.82,0.72,-0.00,-22.28,12.63,42.24,1.95,49.39,2,659,0,7
1.00,0.81,-0.19,11.11,-26.73,90.88,1.30,95.38,7,734,15,8
2.51,1.58,0.18,-11.41,-41.56,104.68,2.97,113.20,13,748,35,5
0.36,0.49,-0.18,39.37,-21.00,70.56,0.63,83.48,27,729,49,0
0.19,1.87,-0.05,-25.39,-3.85,31.74,1.88,40.83,58,740,70,0
0.23,1.32,-0.09,-6.90,0.55,4.03,1.34,8.01,77,748,85,0
0.24,0.87,-0.07,8.06,-7.51,-13.00,0.91,17.04,105,755,101,4
0.28,0.60,-0.15,27.95,-14.22,20.39,0.68,37.41,173,752,121,6
0.12,1.59,0.18,20.69,-15.62,69.89,1.60,74.54,281,726,133,8
0.07,1.47,0.12,25.82,-10.07,60.97,1.48,66.98,362,669,138,17
0.12,1.10,0.09,6.29,-4.46,18.55,1.11,20.09,420,656,140,20
0.13,0.94,0.04,1.46,-2.08,9.64,0.95,9.97,553,648,140,19
0.12,1.06,0.08,-3.78,-1.53,6.65,1.07,7.80,506,647,140,20
0.13,1.03,0.03,-10.07,-0.18,-7.32,1.04,12.45,425,653,140,17
0.15,0.91,0.06,-10.07,-0.12,-7.93,0.93,12.82,503,657,140,13
0.14,1.03,0.05,-17.58,1.89,-6.04,1.04,18.68,369,670,139,10
0.15,0.98,0.03,-16.85,2.50,-13.00,0.99,21.43,371,691,137,8
0.14,1.02,0.05,-22.52,5.25,-14.28,1.03,27.18,348,711,136,5
0.17,1.02,-0.04,-25.94,6.84,-22.22,1.03,34.83,307,732,134,2
0.19,0.97,-0.02,-18.31,4.52,-24.66,0.98,31.04,291,751,133,0
0.20,0.93,-0.02,-13.98,4.33,-20.08,0.95,24.85,250,764,131,0
0.23,0.87,-0.08,-10.01,4.15,-13.43,0.90,17.25,236,767,130,0
0.22,0.91,-0.05,-0.79,0.49,-0.43,0.94,1.02,229,768,130,0
0.21,0.99,-0.05,2.14,-0.67,5.13,1.01,5.59,239,764,127,1
0.20,0.95,-0.04,6.84,-1.53,7.81,0.97,10.49,251,761,133,1
0.20,1.02,-0.05,1.46,0.12,7.57,1.04,7.71,239,751,134,1
