-,-,-
0.03,0.99,-0.02,-1.10,-0.12,-0.43,0.99,1.19,155,574,68,101
0.03,0.99,-0.02,-1.16,-0.12,-0.49,0.99,1.26,154,570,67,103
0.03,0.99,-0.02,-1.22,0.00,-0.43,1.00,1.29,147,570,66,103
0.03,0.99,-0.02,-1.10,-0.06,-0.49,0.99,1.20,140,568,67,102
0.03,0.99,-0.02,-0.92,-0.12,-0.43,0.99,1.02,144,568,66,102
0.03,0.99,-0.02,-0.98,0.00,-0.24,0.99,1.01,124,569,62,106
0.03,0.99,-0.02,-0.92,-0.18,-0.37,0.99,1.00,117,570,58,105
0.03,1.00,-0.02,-0.92,-0.06,-0.31,1.00,0.97,117,571,60,103
0.03,0.99,-0.02,-0.31,-0.24,-0.24,0.99,0.46,103,574,58,99
0.03,1.00,-0.02,0.24,-0.43,-0.31,1.00,0.58,77,580,54,104
0.03,1.00,-0.02,0.43,-1.22,-0.67,1.00,1.46,57,581,44,98
0.03,1.02,-0.02,3.05,-2.93,-1.95,1.02,4.66,29,609,33,87
0.02,1.13,-0.06,13.43,-7.39,-8.61,1.13,17.58,9,640,19,47
0.00,1.26,-0.09,59.69,-14.10,-42.30,1.26,74.51,5,650,12,19
0.17,1.22,-0.39,54.44,-25.51,-60.30,1.29,85.16,2,639,3,18
-0.14,1.28,-0.13,27.83,-39.00,-56.70,1.30,74.23,2,631,0,18
-0.42,0.89,-0.27,50.96,-2.56,-19.35,1.02,54.57,2,617,0,19
-0.45,0.65,-0.43,-9.09,34.24,-8.67,0.90,36.47,2,616,0,21
-0.37,0.66,-0.30,-22.64,54.75,10.31,0.82,60.14,2,618,0,21
-0.32,0.73,-0.22,-34.97,63.48,19.41,0.83,75.03,2,619,0,19
-0.24,0.82,-0.16,-35.22,70.01,27.77,0.87,83.14,2,622,0,18
-0.12,0.92,-0.14,-39.00,75.56,30.76,0.94,90.43,2,631,0,17
-0.05,0.98,-0.05,-38.57,84.11,18.43,0.98,94.35,2,638,0,16
0.05,1.05,0.06,-39.79,92.29,-1.89,1.05,100.52,2,652,0,10
0.23,1.24,0.09,-49.01,98.02,-28.14,1.26,113.15,2,655,0,12
0.49,2.27,0.15,-55.60,122.56,-41.87,2.32,140.94,1,654,0,14
0.41,0.02,0.02,28.75,113.95,-44.74,0.41,125.75,1,656,0,13
0.57,0.96,-0.08,-21.48,96.74,-20.26,1.12,101.15,1,658,0,11
0.69,0.91,-0.15,-19.10,72.27,-7.63,1.15,75.14,1,657,0,14
0.71,0.72,-0.02,-6.65,36.74,-10.68,1.01,38.84,1,660,0,17
0.58,0.87,-0.08,-24.84,9.28,-1.34,1.04,26.55,1,657,0,15
0.51,0.94,-0.08,-12.08,-8.00,6.29,1.08,15.80,1,661,0,17
0.44,0.99,-0.06,-0.18,-22.58,-0.12,1.09,22.58,1,666,0,18
0.27,0.48,-0.14,11.23,-30.15,4.88,0.57,32.54,0,0,0,12
0.37,1.56,0.14,29.11,-28.38,7.39,1.61,41.32,0,0,0,11
0.17,0.71,-0.28,78.31,-39.12,-37.66,0.78,95.29,0,0,0,12
-0.04,0.56,-0.42,5.37,-46.02,-46.57,0.70,65.69,0,0,0,16
-0.04,0.89,-0.29,-36.74,-51.09,-40.16,0.94,74.65,0,0,0,17
-0.02,0.86,-0.13,-50.66,-58.59,-23.86,0.87,81.05,0,0,0,16
-0.01,0.95,0.10,-43.95,-58.41,-3.60,0.96,73.18,0,0,0,14
0.05,0.87,0.18,-32.29,-42.30,-1.16,0.89,53.22,0,0,0,13
0.17,0.99,0.24,-24.90,-13.61,-31.13,1.03,42.12,0,0,0,12
0.34,0.98,0.15,10.31,24.11,-29.05,1.05,39.14,0,0,0,11
0.59,1.03,0.05,24.66,40.71,-40.10,1.19,62.24,0,0,0,8
0.71,0.77,-0.22,52.80,38.02,-58.78,1.07,87.68,0,0,0,11
0.40,1.13,-0.19,38.82,17.58,-73.36,1.22,84.84,1,742,0,9
1.00,-0.14,-0.89,146.79,66.41,107.73,1.35,193.81,8,771,37,7
0.03,1.98,-0.01,-3.42,-2.38,162.23,1.98,162.28,22,789,67,3
-0.12,1.58,0.22,-10.01,-8.73,131.65,1.60,132.32,73,766,81,1
-0.14,2.38,-0.10,-3.72,6.90,120.85,2.39,121.10,167,719,93,9
0.08,1.70,0.07,-18.80,15.81,22.64,1.70,33.41,354,638,104,68
0.03,0.89,0.03,6.59,3.36,3.97,0.89,8.39,330,619,103,96
0.04,1.04,-0.03,-5.13,2.38,2.38,1.05,6.13,450,608,93,105
0.04,0.99,-0.02,-0.31,-0.37,-0.43,0.99,0.64,410,607,91,106
0.04,0.99,-0.02,2.44,0.31,-0.24,0.99,2.47,450,604,86,114
0.04,0.99,-0.01,1.59,1.40,1.28,0.99,2.48,374,599,86,120
0.04,0.99,-0.01,-0.06,0.67,0.31,0.99,0.74,322,597,82,125
0.04,1.00,-0.02,-1.77,0.00,-0.12,1.00,1.77,315,591,79,124
0.04,1.00,-0.02,-1.59,-0.12,0.00,1.00,1.59,311,591,78,124
0.04,0.99,-0.02,-1.04,-0.06,-0.24,0.99,1.07,305,589,78,123
0.04,0.99,-0.02,-0.73,-0.55,-0.55,0.99,1.07,305,588,77,119
0.03,1.00,-0.02,-0.43,-0.73,-0.67,1.00,1.08,322,587,79,113
0.04,0.99,-0.01,0.98,-1.34,-0.85,0.99,1.87,300,590,78,115
0.04,1.00,-0.02,1.83,-1.40,-1.10,1.00,2.56,263,595,79,113
0.04,1.00,0.00,2.93,-1.28,-1.34,1.00,3.47,294,596,82,109
0.03,1.01,-0.01,2.87,-1.34,-0.79,1.01,3.27,268,597,81,108
0.04,1.00,-0.01,5.74,-3.54,-3.97,1.00,7.82,290,611,84,102
0.04,0.99,0.00,6.77,-2.56,-3.17,0.99,7.91,217,614,85,93
0.04,1.01,-0.01,6.84,-2.69,-3.78,1.01,8.26,248,611,87,95
0.04,0.98,0.01,8.06,-2.62,-3.36,0.98,9.11,250,612,91,93
0.04,1.01,0.01,7.57,-2.62,-4.09,1.01,8.99,331,613,99,90
0.05,0.98,0.02,9.09,-3.30,-5.37,0.98,11.06,340,611,102,86
0.05,1.01,0.02,8.24,-3.23,-4.82,1.01,10.08,342,611,106,81
0.04,1.01,0.02,11.35,-5.37,-8.73,1.01,15.29,379,616,107,71
0.06,1.04,0.01,14.83,-6.90,-15.81,1.04,22.75,310,633,112,53
0.08,1.34,-0.02,42.11,-10.31,-43.46,1.35,61.39,361,676,116,30
0.27,1.16,0.06,68.97,-3.60,-91.13,1.20,114.34,177,739,114,13
-0.10,2.07,0.25,17.94,12.63,-152.22,2.09,153.80,88,751,106,10
-0.12,1.82,0.02,16.85,23.74,-238.77,1.82,240.54,22,742,73,9
0.05,1.32,-0.21,53.53,18.80,-282.04,1.34,287.69,8,731,44,7
-0.06,0.92,-0.17,85.75,2.38,-244.32,0.93,258.95,4,707,15,14
-1.40,-0.32,-0.42,44.07,-5.98,-107.60,1.49,116.43,3,633,0,20
-1.21,-0.86,-0.43,21.36,16.78,-26.86,1.55,38.20,2,591,0,22
-0.66,0.16,-0.20,-27.83,21.73,91.61,0.70,98.18,3,594,0,18
-0.39,0.51,-0.06,-36.87,2.38,110.78,0.65,116.78,3,594,0,19
-0.17,0.78,0.07,-28.75,8.97,123.23,0.80,126.86,2,607,0,16
-0.12,0.77,0.04,-27.10,49.74,101.14,0.78,115.92,2,617,0,13
0.23,0.86,-0.12,-56.88,91.19,72.51,0.90,129.65,2,625,0,13
0.44,1.14,-0.09,-70.86,95.46,37.48,1.23,124.65,1,639,0,7
0.59,1.17,-0.16,-50.23,93.51,11.72,1.33,106.79,1,645,0,7
1.00,1.06,-0.35,-39.12,83.62,27.16,1.50,96.23,1,655,0,4
1.35,1.19,-0.46,-47.73,44.19,42.24,1.86,77.55,1,659,0,2
1.05,1.24,-0.11,-13.98,4.82,29.79,1.63,33.25,1,661,0,0
0.86,1.01,-0.07,10.13,35.16,34.12,1.33,50.03,0,0,0,1
1.04,0.84,-0.13,2.87,70.31,26.55,1.34,75.21,1,672,0,1
1.31,0.85,-0.35,-18.43,65.43,-9.40,1.60,68.62,1,675,0,1
1.11,0.76,-0.24,-29.17,6.23,-26.86,1.36,40.14,1,677,0,2
0.91,0.72,-0.08,-23.99,-33.26,14.65,1.16,43.55,1,687,0,1
1.04,0.84,-0.17,-5.43,-69.70,19.65,1.34,72.62,1,689,0,2
0.89,0.55,-0.26,-16.36,-107.73,-8.36,1.08,109.28,0,0,0,3
0.71,0.87,-0.11,-41.69,-113.83,-31.98,1.13,125.37,0,0,0,6
0.42,1.04,0.11,-26.18,-77.64,-53.16,1.13,97.67,0,0,0,9
0.25,1.68,0.47,172.06,-6.65,53.10,1.77,180.19,3,752,7,4
0.26,0.67,-0.01,33.45,-34.61,143.68,0.72,151.52,14,780,47,3
-0.04,1.21,0.14,58.47,-17.82,159.24,1.22,170.57,89,759,86,0
0.03,0.90,0.05,13.79,0.85,136.17,0.90,136.87,225,748,109,0
-0.03,2.70,-0.56,11.11,23.19,133.48,2.75,135.94,336,668,116,18
-0.11,1.45,-0.10,-17.15,10.99,15.81,1.46,25.78,550,612,127,62
0.07,0.98,-0.02,1.83,-5.55,-7.45,0.98,9.47,458,625,123,52
0.09,0.96,-0.04,-2.20,-0.49,0.79,0.97,2.39,544,637,126,50
0.04,1.03,-0.02,-4.88,4.52,9.64,1.03,11.71,411,629,116,72
0.05,1.00,-0.02,1.77,-1.77,-0.85,1.00,2.65,408,624,111,72
0.05,0.97,-0.02,-0.61,-0.12,1.34,0.97,1.48,521,621,107,69
0.04,0.99,-0.03,-3.23,1.89,4.21,0.99,5.64,349,618,98,73
0.04,1.01,-0.03,-2.93,1.34,2.14,1.02,3.87,320,616,97,79
0.04,1.00,-0.03,-0.12,-0.67,-0.73,1.00,1.00,369,620,93,78
0.04,0.99,-0.03,1.40,-1.16,-1.10,0.99,2.13,276,622,89,78
0.04,0.98,-0.02,1.04,-0.06,0.31,0.98,1.08,284,623,90,78
0.04,1.03,-0.03,3.11,-1.71,-1.89,1.03,4.02,267,624,91,78
0.04,1.02,-0.03,9.09,-5.80,-8.36,1.02,13.65,272,648,99,55
0.06,0.97,-0.01,12.82,-5.80,-10.99,0.97,17.85,280,671,102,43
0.07,0.99,0.00,6.77,-2.99,-5.92,0.99,9.48,205,681,101,44
0.06,1.03,-0.02,11.05,-4.46,-10.25,1.03,15.72,205,690,105,38
0.06,0.97,0.01,16.54,-4.46,-13.31,0.97,21.69,231,694,111,35
0.07,0.95,0.03,12.33,-3.23,-9.89,0.95,16.13,224,697,118,33
0.08,0.76,0.08,-3.48,0.31,7.81,0.77,8.56,248,685,116,43
0.05,1.01,0.01,0.61,1.34,9.77,1.02,9.88,256,657,107,62
0.07,1.07,-0.00,7.14,-3.17,-6.29,1.07,10.03,386,648,101,58
0.05,1.27,-0.02,12.39,-6.16,-15.69,1.27,20.92,277,657,105,44
0.03,1.43,0.13,29.85,-7.57,-34.61,1.44,46.32,299,697,107,25
0.10,1.43,0.20,38.27,-1.46,-70.56,1.45,80.28,219,739,106,11
-0.13,1.99,0.27,-6.77,17.40,-141.17,2.01,142.40,93,759,100,7
-0.06,1.81,0.11,-28.99,35.22,-220.76,1.82,225.43,28,759,71,2
-0.01,1.51,-0.12,-3.42,28.02,-271.48,1.51,272.95,9,746,39,0
-0.12,1.34,-0.10,81.67,13.73,-255.68,1.35,268.75,4,731,24,1
-0.41,-0.57,-0.69,107.85,11.41,-208.25,0.99,234.80,3,697,8,11
-0.93,0.12,-0.14,-0.61,-29.05,-94.54,0.95,98.91,2,637,0,13
-1.04,-0.28,-0.11,30.76,-25.21,-11.90,1.08,41.51,1,640,0,14
-0.49,0.19,-0.06,-0.24,1.40,78.74,0.53,78.75,1,644,0,13
-0.23,0.34,-0.07,-3.91,18.68,91.98,0.41,93.94,1,645,0,11
-0.04,0.60,-0.04,-15.38,35.52,94.36,0.60,101.99,1,649,0,11
0.11,0.83,0.02,-15.75,57.62,96.80,0.84,113.75,1,654,0,8
0.30,0.87,-0.08,-16.97,87.95,92.77,0.93,128.96,1,660,0,5
0.45,0.96,-0.27,-27.59,85.21,83.86,1.09,122.69,1,662,0,8
0.53,1.13,-0.25,-32.04,76.05,84.96,1.27,118.44,0,0,0,6
0.81,1.29,-0.25,-22.77,78.25,96.92,1.54,126.63,0,0,0,4
1.14,1.28,-0.37,-11.41,80.44,85.39,1.75,117.87,1,672,0,1
1.21,1.12,-0.41,-25.82,70.50,48.65,1.70,89.46,1,672,0,0
1.20,1.15,-0.26,-48.83,58.90,29.91,1.68,82.14,1,668,0,0
1.14,1.11,-0.30,-33.87,49.74,42.54,1.62,73.70,1,668,0,0
1.14,0.87,-0.47,-32.17,-3.05,59.51,1.51,67.71,1,665,0,0
1.00,0.95,-0.26,-41.14,-54.99,57.43,1.40,89.53,1,667,0,0
0.78,0.74,-0.12,-35.34,-83.01,45.35,1.08,100.97,1,665,0,0
0.69,0.85,-0.02,-37.66,-81.36,29.72,1.10,94.45,1,666,0,0
0.59,1.01,-0.00,-26.49,-70.25,-0.18,1.17,75.08,1,677,0,0
0.35,0.81,-0.08,-8.00,-62.81,-29.30,0.89,69.76,1,686,0,0
0.16,0.84,-0.08,-13.92,-59.63,-35.95,0.86,71.01,1,696,0,0
0.12,0.81,-0.08,-8.67,-53.59,-27.95,0.83,61.06,1,701,0,2
0.34,0.88,-0.14,-2.87,-50.84,-23.80,0.95,56.21,1,703,0,3
0.48,0.75,-0.28,-16.60,-54.81,-24.23,0.93,62.18,1,700,0,3
0.50,0.89,-0.27,-43.33,-34.48,-40.89,1.06,68.84,1,696,0,3
0.09,2.12,0.68,79.22,-3.17,28.26,2.23,84.17,4,732,1,0
0.41,0.05,-0.66,156.13,18.92,66.77,0.78,170.86,23,755,25,0
0.00,1.58,0.25,45.47,-14.34,140.26,1.60,148.14,76,767,51,0
-0.09,1.57,0.17,49.01,-15.69,116.94,1.58,127.77,156,752,71,0
-0.04,1.37,0.07,28.93,-4.03,94.30,1.38,98.72,203,728,85,0
0.07,1.27,-0.06,39.79,2.08,90.76,1.28,99.12,345,679,82,7
-0.02,1.04,0.01,-9.70,13.79,23.68,1.04,29.07,424,614,80,78
0.03,1.06,-0.04,11.17,-2.20,-2.99,1.06,11.77,474,607,95,95
0.04,1.01,-0.04,2.62,-1.46,-2.50,1.01,3.91,401,623,105,94
0.03,0.98,-0.02,2.93,-1.22,-2.75,0.98,4.20,482,627,115,89
0.04,0.97,-0.02,-0.06,0.24,0.12,0.97,0.28,324,627,115,93
0.03,0.99,-0.03,-3.66,2.44,3.85,0.99,5.84,339,627,108,102
0.01,1.01,-0.02,-4.09,3.17,5.31,1.01,7.42,397,610,88,109
0.02,1.00,-0.03,-2.62,1.89,2.62,1.00,4.17,354,601,76,117
0.02,1.00,-0.04,-2.32,1.10,1.59,1.00,3.02,274,580,65,126
0.02,0.99,-0.03,-0.49,0.79,1.16,1.00,1.49,262,580,59,132
0.02,1.00,-0.04,0.37,0.12,-0.37,1.00,0.53,324,574,58,131
0.01,1.00,-0.03,1.34,-0.37,-0.67,1.00,1.55,299,576,58,131
0.02,0.99,-0.03,2.20,-0.18,-0.37,0.99,2.24,260,572,55,134
0.02,1.00,-0.03,0.73,-0.55,-0.73,1.00,1.17,225,573,55,136
0.02,0.99,-0.03,0.18,-1.83,-1.71,0.99,2.51,260,573,59,134
0.02,1.00,-0.03,1.16,-2.75,-3.17,1.00,4.35,395,580,65,129
0.02,0.99,-0.03,2.62,-3.05,-3.17,0.99,5.13,344,585,75,118
0.03,0.99,-0.01,1.46,-3.48,-3.05,0.99,4.85,416,585,76,115
0.04,1.00,-0.03,0.85,-3.66,-4.21,1.00,5.65,392,588,80,104
0.03,0.99,-0.02,1.34,-1.65,-2.44,0.99,3.24,473,586,82,100
0.03,1.00,-0.02,3.17,-0.73,-1.04,1.00,3.42,540,581,85,106
0.03,1.00,-0.03,2.56,-1.59,-1.77,1.00,3.50,489,579,91,106
0.03,0.99,-0.01,5.49,-2.20,-2.75,0.99,6.52,496,574,93,106
0.04,1.01,-0.02,5.49,-3.60,-4.70,1.01,8.08,505,579,99,104
0.04,0.99,0.00,7.20,-4.27,-5.31,0.99,9.92,391,579,104,101
0.04,0.99,0.00,7.75,-4.70,-6.16,0.99,10.96,429,577,106,93
0.04,1.01,0.00,5.07,-3.17,-4.70,1.01,7.60,432,577,107,87
0.05,1.03,-0.01,9.16,-6.16,-10.56,1.04,15.27,398,585,112,75
0.05,1.00,0.01,13.06,-7.75,-14.71,1.00,21.14,583,595,110,68
0.03,1.20,-0.02,13.55,-7.20,-18.37,1.20,23.94,480,616,117,50
0.07,1.00,0.03,24.72,-5.92,-23.56,1.00,34.66,531,638,121,39
0.06,1.17,0.11,18.13,-2.87,-26.55,1.18,32.28,332,669,124,26
0.18,0.87,0.07,20.94,8.18,-52.98,0.89,57.55,279,715,127,15
0.05,1.35,0.19,-36.38,16.78,-87.40,1.36,96.15,241,748,123,11
0.09,1.50,0.08,-42.79,21.79,-129.15,1.50,137.79,136,771,118,6
0.13,1.36,-0.05,-51.21,21.42,-169.80,1.36,178.64,75,780,96,2
0.25,1.23,-0.10,-37.60,11.35,-189.64,1.26,193.66,32,770,75,0
0.31,0.87,-0.14,-16.91,4.15,-186.52,0.94,187.33,15,763,49,0
0.33,1.07,0.09,3.42,0.43,-178.04,1.12,178.07,9,755,33,0
0.37,0.89,-0.11,27.34,5.00,-164.06,0.96,166.40,6,741,22,0
0.01,0.42,-0.20,18.01,-4.64,-133.00,0.47,134.29,4,701,4,7
-0.50,0.33,-0.04,29.85,-36.74,-45.59,0.60,65.72,2,643,0,12
-0.46,0.28,0.26,21.67,-77.03,29.97,0.60,85.44,1,638,0,14
-0.52,0.23,0.02,55.30,-36.93,95.64,0.57,116.49,2,648,0,13
-0.37,0.46,0.01,13.61,-4.27,104.06,0.59,105.04,1,645,0,12
-0.16,0.65,-0.02,4.64,27.77,107.18,0.67,110.81,1,657,0,10
0.01,0.82,0.00,-5.55,43.33,101.20,0.82,110.22,1,646,0,8
0.11,0.95,-0.02,2.32,65.73,88.68,0.96,110.41,1,645,0,7
0.24,0.85,-0.27,-0.37,75.44,78.37,0.92,108.78,1,647,0,7
0.48,1.06,-0.26,-22.64,62.56,63.54,1.19,92.00,1,660,0,7
0.62,1.18,-0.22,-18.43,62.32,50.60,1.35,82.36,1,661,0,6
0.93,1.19,-0.34,-19.84,78.00,39.73,1.55,89.76,1,668,0,2
1.07,1.15,-0.36,-16.66,86.61,28.69,1.62,92.75,1,670,0,0
1.20,0.97,-0.41,-19.23,86.36,26.73,1.60,92.43,1,670,0,0
1.28,1.01,-0.53,-27.22,66.35,24.35,1.72,75.73,1,668,0,0
1.21,0.76,-0.57,-31.19,12.45,27.34,1.54,43.31,1,667,0,0
1.05,0.86,-0.38,-47.06,-42.79,53.77,1.41,83.29,1,673,0,0
0.89,0.79,-0.23,-43.95,-76.66,55.79,1.21,104.50,1,675,0,0
0.74,0.73,-0.10,-52.80,-82.46,39.37,1.04,105.53,1,680,0,0
0.70,0.75,-0.05,-44.13,-74.71,27.65,1.02,91.07,1,688,0,0
0.68,0.91,-0.09,-42.85,-83.50,10.93,1.14,94.48,1,694,0,0
0.57,1.01,-0.13,-27.95,-102.91,-7.75,1.17,106.92,1,697,0,1
0.42,0.98,-0.22,-19.35,-106.69,-16.66,1.09,109.70,1,698,0,1
0.33,0.84,-0.33,-17.27,-82.70,-29.11,0.96,89.36,1,693,0,6
0.38,0.84,-0.30,-40.22,-28.50,-65.25,0.97,81.78,2,727,0,1
0.40,0.52,-0.23,261.90,10.31,55.30,0.69,267.87,11,761,16,2
-0.10,1.77,0.76,-10.38,-25.88,152.04,1.93,154.57,55,789,64,0
-0.13,1.67,0.09,-12.45,0.98,155.09,1.68,155.59,122,780,95,0
0.18,1.72,-0.27,31.43,6.35,106.57,1.75,111.29,180,755,119,4
-0.04,1.47,0.76,81.30,-7.81,93.08,1.66,123.83,274,693,125,22
0.34,2.22,-0.25,-92.83,28.26,67.20,2.26,118.04,459,621,117,94
0.02,0.93,0.04,9.89,-3.78,-3.78,0.94,11.24,312,628,119,100
0.03,0.95,0.01,12.39,-8.61,-10.74,0.95,18.52,280,663,120,88
0.06,0.94,-0.01,8.36,-4.82,-7.14,0.95,12.01,226,690,122,82
0.05,0.99,0.00,-0.98,1.71,6.23,0.99,6.53,188,682,115,91
0.04,1.01,0.00,0.49,0.37,1.16,1.01,1.31,184,679,110,93
0.04,0.98,0.01,-1.04,-0.06,-0.06,0.98,1.04,162,683,108,89
0.06,0.99,0.00,-3.78,0.06,0.24,0.99,3.79,155,688,108,85
0.05,0.98,-0.00,-3.36,1.10,1.46,0.98,3.82,146,687,99,86
0.04,0.99,-0.01,-5.37,2.26,4.09,1.00,7.12,127,674,90,95
0.03,1.00,-0.01,-6.10,3.05,4.94,1.00,8.43,119,665,87,97
0.03,1.00,-0.01,-5.13,2.38,2.81,1.01,6.31,111,651,83,101
0.03,0.99,-0.01,-3.23,1.53,0.92,0.99,3.69,119,642,81,104
0.03,1.00,-0.02,-2.56,1.28,0.43,1.00,2.90,166,636,75,109
0.06,1.00,-0.01,0.00,0.98,0.31,1.00,1.02,141,625,75,110
0.03,1.01,-0.02,1.04,-0.79,-1.22,1.01,1.79,135,618,72,109
0.04,1.02,-0.01,2.14,-3.11,-4.39,1.02,5.79,156,624,78,91
0.04,1.00,-0.01,5.86,-5.37,-7.81,1.00,11.15,177,634,82,77
0.04,0.97,0.00,5.62,-2.81,-3.05,0.97,6.98,199,636,83,77
0.04,1.02,-0.01,4.21,-2.08,-2.62,1.02,5.38,210,629,85,80
0.04,1.00,-0.00,7.87,-2.56,-2.69,1.00,8.70,300,627,91,79
0.04,1.01,0.01,10.93,-4.03,-5.74,1.01,12.98,240,629,96,76
0.04,0.98,0.02,10.25,-5.00,-8.67,0.98,14.33,278,627,98,69
0.05,0.98,0.04,13.67,-5.43,-9.95,0.98,17.76,349,625,102,66
0.06,1.05,0.01,11.84,-7.20,-14.65,1.05,20.17,413,627,104,53
0.08,1.13,0.01,24.60,-7.32,-25.88,1.13,36.45,363,639,105,39
0.05,1.28,0.09,40.95,-10.68,-41.81,1.29,59.49,322,674,108,21
0.27,1.03,-0.02,52.25,-2.38,-85.82,1.06,100.50,235,742,111,10
-0.11,1.70,0.36,6.41,19.65,-146.79,1.74,148.24,111,757,106,5
-0.14,1.63,0.15,-31.74,43.03,-226.75,1.64,232.96,33,757,79,0
-0.03,1.55,0.03,-0.12,35.10,-273.99,1.55,276.23,10,755,48,0
0.09,1.06,-0.02,82.82,24.35,-264.95,1.07,278.66,5,744,27,0
-0.14,0.03,-0.34,100.59,30.94,-210.51,0.37,235.35,3,723,19,6
-0.87,0.07,-0.12,-0.85,14.59,-86.67,0.88,87.89,2,674,2,11
-0.79,-0.08,-0.13,28.44,7.63,-39.06,0.81,48.92,1,622,0,14
-0.77,0.13,-0.23,-6.23,-2.75,31.01,0.82,31.74,1,641,0,14
-0.45,0.20,-0.19,2.75,-1.04,81.60,0.53,81.66,2,644,0,11
-0.28,0.44,-0.15,-20.08,5.43,99.30,0.55,101.46,1,642,0,11
-0.12,0.75,-0.10,-29.05,22.52,107.42,0.76,113.54,1,642,0,7
0.10,0.96,-0.08,-39.73,42.85,106.38,0.97,121.38,1,647,0,9
0.25,1.05,0.00,-45.78,80.69,102.54,1.08,138.28,1,658,0,7
0.58,1.23,-0.03,-49.13,107.79,93.44,1.36,150.88,1,674,0,6
0.85,1.44,-0.12,-33.87,100.95,81.30,1.68,133.97,0,0,0,4
1.07,1.45,-0.21,-8.06,80.51,70.56,1.82,107.35,1,678,0,2
1.25,1.44,-0.28,2.14,65.00,56.21,1.93,85.96,1,680,0,1
1.18,1.28,-0.32,18.62,48.34,37.23,1.77,63.79,1,681,0,0
1.07,0.74,-0.52,21.36,33.87,35.16,1.40,53.29,1,682,0,0
1.10,0.71,-0.49,-34.42,-8.24,59.08,1.40,68.87,1,687,0,0
1.00,0.85,-0.21,-41.02,-53.41,54.14,1.33,86.40,1,684,0,0
0.84,0.70,-0.11,-30.33,-69.03,46.81,1.10,88.75,1,688,0,0
0.93,0.66,-0.17,-25.21,-66.04,35.64,1.15,79.17,1,691,0,0
0.99,0.70,-0.21,-33.81,-79.71,5.19,1.23,86.74,1,697,0,1
0.84,0.70,-0.16,-41.02,-106.99,-24.78,1.11,117.24,0,0,0,6
0.72,0.93,-0.11,-39.18,-123.78,-37.17,1.18,135.05,0,0,0,8
0.61,0.80,-0.20,-26.18,-125.00,-57.80,1.03,140.18,0,0,0,8
-0.04,2.17,1.13,179.93,0.73,72.81,2.45,194.11,6,773,14,9
-0.37,1.52,0.73,13.43,-17.58,212.28,1.72,213.43,24,782,47,3
-0.07,3.19,-0.50,5.74,20.20,181.21,3.23,182.43,168,738,80,4
-0.53,1.41,1.26,101.50,-5.07,121.70,1.97,158.56,354,646,99,31
-0.03,0.88,0.09,11.17,7.45,19.17,0.88,23.40,424,596,115,85
0.05,1.02,-0.01,9.58,-7.75,-7.02,1.02,14.18,590,595,120,76
0.07,0.90,-0.02,1.04,-4.82,-3.11,0.90,5.83,406,605,120,79
0.04,1.07,-0.04,0.73,-1.10,1.71,1.08,2.16,480,597,120,81
0.06,0.98,-0.02,2.32,-2.62,-1.71,0.99,3.90,374,605,120,76
0.05,0.98,-0.01,0.18,-0.37,0.49,0.98,0.64,398,612,119,76
0.05,0.98,-0.01,-4.27,0.67,1.65,0.99,4.63,468,623,109,74
0.05,0.99,-0.02,-5.86,1.40,2.69,0.99,6.60,388,627,103,73
0.05,1.00,-0.03,-6.41,2.62,4.09,1.00,8.04,376,623,90,77
0.05,1.00,-0.03,-3.78,2.08,2.93,1.00,5.22,256,606,91,81
0.04,0.99,-0.02,-2.99,1.71,2.26,0.99,4.12,349,599,83,85
0.04,0.99,-0.03,-3.17,1.65,1.89,0.99,4.05,302,592,77,90
0.04,0.99,-0.03,-2.50,1.65,1.65,0.99,3.42,349,582,76,94
0.04,1.00,-0.03,-0.85,0.31,-0.37,1.00,0.98,519,579,78,100
0.04,1.00,-0.03,0.12,-1.04,-2.38,1.00,2.60,480,579,82,98
0.04,1.00,-0.03,2.08,-2.50,-3.54,1.00,4.81,544,581,94,86
0.04,1.01,-0.02,4.52,-4.09,-5.49,1.01,8.20,421,588,100,72
0.05,1.04,-0.02,8.48,-6.71,-10.56,1.04,15.12,396,604,107,45
0.03,1.12,-0.04,13.37,-9.28,-17.94,1.12,24.22,403,636,114,19
0.09,1.05,-0.13,28.87,-8.61,-36.56,1.07,47.37,334,674,120,7
0.08,1.22,-0.02,-0.12,-6.47,-55.18,1.22,55.55,282,718,122,3
0.08,1.21,0.03,-7.57,-8.91,-83.50,1.21,84.31,245,748,128,0
0.15,1.21,-0.03,-8.06,-10.80,-105.83,1.22,106.69,275,770,125,0
0.21,1.21,-0.00,-17.33,-8.97,-126.83,1.23,128.32,209,791,127,0
0.41,1.37,-0.41,-47.85,-11.60,-159.36,1.49,166.80,150,813,120,0
0.62,1.56,-0.88,-86.24,-48.52,-210.88,1.89,232.94,102,811,95,0
0.41,2.46,-0.40,-164.55,-102.17,-255.07,2.53,320.27,39,768,55,0
0.26,2.53,-0.03,-123.17,-112.00,-271.18,2.54,318.20,11,749,23,0
0.23,1.56,-0.53,-20.45,-117.98,-268.68,1.66,294.15,3,720,6,0
0.13,1.03,-0.79,-39.92,-131.16,-260.74,1.31,294.59,1,699,0,0
-0.95,-0.01,-0.25,-83.80,-159.12,-131.10,0.99,222.55,0,0,0,9
-1.11,0.31,0.25,-72.45,-89.60,23.32,1.18,117.56,0,0,0,8
-0.66,0.74,0.36,-40.04,5.43,98.02,1.05,106.02,1,683,0,7
-0.32,0.30,0.03,-11.05,56.76,106.20,0.44,120.92,1,677,0,9
-0.17,0.44,0.04,-69.09,39.18,133.67,0.48,155.49,1,661,0,11
-0.21,0.97,0.44,-56.95,4.52,186.04,1.09,194.61,1,655,0,9
-0.10,0.93,0.41,-20.14,-11.60,228.64,1.02,229.82,2,650,0,11
-0.06,1.11,0.37,-18.49,-17.03,239.38,1.18,240.70,2,644,0,10
0.03,1.32,0.24,-13.79,-8.18,229.37,1.34,229.93,2,645,0,10
0.15,1.33,-0.08,-15.62,-4.70,224.79,1.34,225.38,2,641,0,11
0.38,1.56,-0.11,-23.07,-2.62,222.17,1.61,223.38,2,645,0,11
0.61,1.52,-0.25,-31.25,-1.83,197.33,1.65,199.79,2,648,0,9
0.83,1.61,-0.23,-58.04,-10.38,155.88,1.83,166.66,1,656,0,9
1.01,1.64,-0.15,-82.40,-33.14,113.65,1.93,144.23,1,662,0,7
1.11,1.64,0.16,-80.57,-73.43,103.94,1.98,150.62,2,659,0,5
1.02,1.43,0.47,-58.65,-109.74,130.43,1.82,180.27,2,654,0,5
1.11,1.25,0.59,-11.54,-105.71,117.25,1.77,158.29,2,651,0,6
2.04,3.10,0.75,-10.74,-91.74,75.93,3.79,119.57,2,652,0,9
0.65,1.63,0.58,148.38,-60.61,-84.84,1.85,181.35,3,641,0,23
-0.32,1.16,-0.11,147.46,-27.28,-137.15,1.21,203.22,5,534,0,55
-0.57,0.01,0.43,150.45,-24.29,-134.28,0.71,203.12,6,488,0,88
0.24,1.02,0.02,-0.31,33.02,-26.73,1.05,42.49,42,480,0,113
0.05,1.06,-0.04,8.00,2.26,-5.68,1.06,10.06,107,509,2,118
0.04,0.97,-0.02,-4.76,2.01,-2.26,0.97,5.64,160,505,17,118
0.02,1.00,-0.05,-3.54,0.67,-1.10,1.01,3.77,168,508,23,114
0.02,1.02,-0.05,5.86,0.31,-2.38,1.02,6.33,242,512,36,122
0.03,0.99,-0.02,9.58,-0.73,-2.38,0.99,9.90,256,519,44,129
0.02,0.98,-0.01,5.31,-0.73,-1.83,0.98,5.66,290,518,56,133
0.02,0.99,-0.02,0.43,-0.43,-1.22,0.99,1.36,278,520,64,136
0.02,1.00,-0.03,0.85,-1.04,-1.59,1.00,2.08,330,523,68,132
0.02,1.00,-0.02,2.93,-1.46,-1.71,1.00,3.69,598,527,78,131
0.02,1.00,-0.02,3.36,-1.95,-1.65,1.00,4.22,425,529,83,123
0.03,1.02,-0.02,2.20,-2.32,-2.93,1.02,4.33,621,534,88,117
0.03,1.00,-0.02,4.58,-3.11,-3.48,1.00,6.54,401,550,91,111
0.03,1.00,-0.02,6.47,-4.52,-5.19,1.00,9.44,407,560,99,101
0.03,1.00,-0.01,7.02,-5.25,-5.07,1.00,10.12,662,571,99,84
0.03,0.99,-0.00,7.57,-5.37,-6.04,0.99,11.07,424,584,104,75
0.04,1.00,0.00,6.53,-5.19,-7.20,1.00,11.02,529,595,111,59
0.03,1.08,-0.01,6.96,-5.49,-9.64,1.08,13.10,402,610,117,49
0.04,0.99,0.02,16.17,-5.31,-14.47,0.99,22.34,347,623,122,37
0.05,0.98,0.02,11.66,-4.27,-12.21,0.99,17.41,450,637,125,25
0.08,1.02,-0.04,10.93,-4.64,-16.60,1.02,20.41,334,662,125,18
0.08,1.01,0.03,16.60,-5.86,-27.77,1.01,32.88,320,691,128,11
0.07,0.99,0.09,-0.61,-5.86,-35.40,1.00,35.89,304,714,136,8
0.10,1.14,0.01,-6.53,-3.85,-40.95,1.15,41.65,326,730,140,3
0.11,1.15,0.04,-0.31,-6.10,-57.01,1.15,57.33,354,747,143,0
0.14,1.15,0.04,0.61,-5.80,-71.66,1.15,71.89,220,768,139,0
0.19,1.17,0.00,-2.81,-4.52,-86.24,1.18,86.41,186,788,145,0
0.24,1.15,-0.02,-4.27,-7.51,-105.53,1.17,105.88,134,799,145,0
0.29,1.27,-0.06,-12.45,-9.83,-127.14,1.30,128.12,109,810,141,0
0.45,1.48,-0.54,-31.56,-26.25,-179.44,1.64,184.08,74,809,128,0
0.76,1.82,-0.72,-75.26,-76.42,-237.06,2.10,260.19,43,783,98,0
0.47,2.07,-0.35,-86.06,-111.21,-279.30,2.15,312.70,17,765,50,0
0.22,1.38,-0.30,-44.62,-121.70,-272.52,1.43,301.78,6,746,23,0
0.16,1.49,-0.53,-84.72,-139.95,-254.52,1.59,302.56,2,732,7,0
-0.35,0.21,-0.54,-95.40,-165.53,-202.70,0.68,278.54,1,710,0,10
-0.57,0.78,0.18,-89.05,-159.61,-32.41,0.98,185.62,0,0,0,12
-0.90,0.70,0.42,-15.44,-71.59,78.19,1.22,107.13,1,698,0,11
-0.67,0.17,0.13,-27.71,38.88,103.64,0.70,114.11,1,687,0,16
-0.21,0.55,0.22,-60.79,68.36,135.68,0.63,163.64,1,675,0,15
0.10,0.72,0.30,-57.07,5.92,185.36,0.79,194.04,1,664,0,18
0.14,0.97,0.55,-15.81,-85.27,233.95,1.12,249.50,1,655,0,21
-0.24,0.76,0.61,-18.86,-126.59,226.93,1.00,260.53,0,0,0,23
-0.42,1.19,0.65,-34.30,-80.87,224.30,1.42,240.89,0,0,0,23
-0.14,1.25,0.26,-35.89,-18.19,229.31,1.28,232.81,0,0,0,26
0.13,1.52,0.16,-53.22,33.33,214.72,1.53,223.72,0,0,0,27
0.44,1.53,0.07,-66.04,57.25,188.23,1.59,207.53,0,0,0,28
0.69,1.60,-0.02,-71.47,14.59,173.40,1.74,188.12,0,0,0,32
0.83,1.58,0.09,-62.38,-69.27,158.87,1.79,184.20,0,0,0,32
0.57,1.54,0.27,-61.34,-138.43,133.61,1.66,201.93,0,0,0,35
0.53,1.45,0.44,-64.15,-162.35,108.22,1.61,205.39,1,889,0,33
0.42,1.35,0.57,-58.72,-161.38,77.33,1.52,188.34,1,892,0,34
0.36,1.18,0.73,-34.00,-132.87,52.98,1.44,147.03,1,897,0,30
0.54,1.26,0.76,-22.83,-80.99,40.10,1.57,93.22,0,0,0,27
0.82,0.98,0.53,16.24,-31.19,14.10,1.38,37.88,0,0,0,25
1.83,3.75,0.52,47.12,-20.32,-70.07,4.20,86.85,0,0,0,36
-0.81,0.75,-0.18,144.78,-28.81,-97.66,1.12,176.99,1,616,0,58
-0.34,0.64,0.03,76.78,19.71,-109.13,0.72,134.88,2,556,0,83
0.09,1.01,0.15,15.81,36.56,-125.18,1.03,131.37,2,540,0,105
0.08,1.03,0.04,7.08,3.85,-115.66,1.03,115.94,4,522,0,115
0.01,0.95,-0.01,-20.87,14.28,-61.71,0.95,66.69,8,478,0,126
0.09,1.01,-0.04,-14.59,17.82,-11.05,1.02,25.54,30,451,0,129
0.03,0.96,-0.03,3.97,2.81,-4.82,0.96,6.85,59,467,0,124
0.03,1.02,-0.06,10.56,-0.55,-5.25,1.02,11.80,111,490,2,131
0.03,0.99,-0.04,12.02,-1.46,-4.09,0.99,12.78,165,514,20,133
0.03,0.98,-0.02,7.63,-1.10,-2.50,0.98,8.10,285,529,33,139
0.03,0.98,-0.03,2.08,-0.37,-1.34,0.98,2.50,296,531,41,142
0.03,0.99,-0.03,-1.04,-0.06,-0.55,1.00,1.18,301,534,45,144
0.03,1.00,-0.04,-0.43,-0.18,-0.79,1.00,0.92,256,534,47,144
0.03,0.99,-0.03,0.79,-0.61,-0.67,0.99,1.21,280,534,49,145
0.03,0.99,-0.03,0.73,-0.85,-0.67,0.99,1.31,334,526,49,147
0.02,0.99,-0.03,1.28,-1.34,-0.92,1.00,2.07,258,535,51,144
0.03,0.99,-0.03,1.65,-1.83,-1.10,0.99,2.70,236,535,49,145
0.03,0.99,-0.03,2.81,-2.20,-1.89,1.00,4.04,243,542,51,142
0.03,0.99,-0.02,3.23,-2.14,-1.71,0.99,4.24,309,544,55,136
0.03,1.00,-0.02,3.48,-2.26,-1.89,1.00,4.56,251,552,63,134
0.03,1.00,-0.02,3.85,-2.38,-2.14,1.00,5.00,260,563,62,127
0.03,0.99,-0.02,4.76,-2.75,-2.32,0.99,5.97,310,575,69,123
0.03,0.99,-0.02,3.85,-2.56,-2.56,0.99,5.28,375,579,76,113
0.04,0.99,-0.01,4.21,-2.69,-2.69,0.99,5.67,381,588,83,106
0.03,0.99,-0.01,3.11,-1.95,-2.26,0.99,4.31,304,595,83,105
0.04,1.01,-0.01,5.37,-3.05,-4.03,1.01,7.37,290,601,93,102
0.04,1.00,-0.00,7.14,-5.31,-7.20,1.00,11.45,347,605,102,87
0.05,1.03,-0.01,9.22,-7.75,-12.82,1.03,17.59,361,617,108,68
0.04,1.06,-0.00,23.62,-7.26,-22.58,1.07,33.48,342,630,116,46
0.07,1.04,-0.00,32.65,-9.16,-29.17,1.05,44.74,324,648,117,27
0.04,1.24,0.02,27.47,-13.61,-36.38,1.24,47.57,310,680,126,14
0.06,1.43,0.11,19.35,-23.32,-52.12,1.44,60.29,293,719,130,7
0.12,1.22,0.05,-4.03,-24.17,-87.83,1.22,91.18,206,743,125,2
0.15,1.30,0.03,-18.74,-20.69,-112.61,1.31,116.02,141,765,130,0
0.29,1.35,-0.19,-26.61,-26.73,-143.55,1.39,148.43,101,786,126,0
0.45,1.57,-0.39,-41.56,-46.63,-185.18,1.68,195.43,60,791,108,0
0.25,2.15,-0.19,-63.54,-74.52,-247.38,2.18,266.06,29,771,81,0
0.25,1.80,0.06,-54.26,-74.95,-288.39,1.82,302.87,12,752,37,0
0.15,1.90,0.01,-17.40,-66.53,-276.12,1.91,284.56,4,732,14,0
0.12,1.37,-0.52,1.28,-75.81,-268.07,1.47,278.58,1,738,3,0
-0.35,0.36,-0.57,-33.87,-97.66,-203.12,0.76,227.91,0,0,0,10
-0.73,0.53,0.16,-17.58,-62.87,-20.94,0.92,68.55,0,0,0,11
-0.79,0.50,0.12,12.33,24.17,115.23,0.94,118.39,0,0,0,11
-0.33,0.06,-0.09,16.48,71.96,152.83,0.35,169.73,1,678,0,10
-0.06,0.32,-0.12,-47.85,50.60,171.81,0.35,185.39,1,656,0,10
0.00,0.94,0.25,-43.09,19.17,213.13,0.97,218.29,2,651,0,10
0.27,0.57,-0.06,-5.19,-4.09,228.39,0.64,228.49,2,649,0,13
0.25,0.72,-0.00,-48.58,-43.46,224.00,0.77,233.29,2,643,0,13
0.27,1.29,0.38,-54.57,-54.38,218.38,1.38,231.57,2,644,0,12
0.43,1.35,0.45,-25.82,11.11,196.23,1.49,198.23,2,641,0,14
0.85,1.31,0.35,-38.15,85.82,152.89,1.60,179.43,2,642,0,13
1.23,1.33,0.10,-45.53,126.04,88.01,1.82,160.33,1,654,0,9
1.41,1.35,0.01,-47.49,113.10,14.95,1.95,123.57,1,659,0,6
1.21,1.18,-0.14,-30.76,73.97,-29.24,1.70,85.28,1,662,0,6
0.96,1.00,-0.26,-19.04,35.28,-28.69,1.41,49.30,1,675,0,3
0.79,0.81,-0.26,-14.83,6.47,4.39,1.16,16.77,1,680,0,2
0.75,0.84,-0.15,-15.81,-13.24,38.45,1.14,43.63,1,681,0,2
0.74,0.84,-0.06,-7.75,-28.02,29.85,1.12,41.66,1,677,0,0
0.64,0.70,-0.02,-13.12,-27.10,6.35,0.95,30.77,1,678,0,1
0.60,0.80,0.07,-19.65,-19.90,-7.57,1.00,28.97,1,683,0,0
0.60,0.98,0.09,-5.19,-17.03,-27.16,1.16,32.47,1,691,0,2
0.38,0.86,-0.03,8.67,-22.64,-51.94,0.94,57.32,1,696,0,2
0.21,0.85,-0.11,5.80,-23.62,-48.10,0.88,53.90,1,701,0,3
0.24,0.92,-0.21,4.88,-26.06,-33.20,0.97,42.49,1,703,0,2
0.26,0.97,-0.23,1.40,-38.51,-29.97,1.03,48.82,1,703,0,5
0.20,1.05,-0.17,-3.42,-47.30,-23.50,1.08,52.93,1,711,0,5
0.13,1.11,-0.15,3.36,-38.64,-16.48,1.12,42.14,0,0,0,7
0.15,1.16,-0.15,10.25,-21.42,-11.41,1.18,26.35,0,0,0,7
0.22,1.00,-0.21,13.73,-13.24,-15.93,1.05,24.86,1,722,0,5
0.28,0.94,-0.18,-2.50,-15.32,-21.42,1.00,26.46,0,0,0,8
0.31,0.94,-0.09,-16.36,-20.02,-29.60,0.99,39.30,0,0,0,8
0.35,0.88,-0.05,-22.83,-23.19,-43.03,0.95,53.95,0,0,0,9
-0.15,0.76,0.47,82.95,-8.06,9.28,0.91,83.85,4,748,0,9
0.53,0.09,-0.52,47.79,10.50,67.93,0.75,83.72,13,777,23,8
0.20,1.15,-0.21,31.31,-3.54,114.32,1.19,118.58,33,780,48,3
0.25,0.82,-0.24,40.04,-10.38,77.51,0.89,87.86,77,748,71,7
0.02,1.09,0.20,18.74,-10.68,94.97,1.11,97.39,122,722,69,8
-0.22,1.29,0.69,17.46,11.66,104.49,1.48,106.58,248,655,58,26
0.03,0.88,0.03,22.46,-1.65,4.58,0.88,22.98,315,613,76,64
0.07,1.12,-0.04,-0.85,-1.28,-3.30,1.13,3.64,352,617,86,68
0.05,0.94,0.01,-2.87,0.12,-0.79,0.94,2.98,561,610,93,69
0.06,1.01,-0.03,1.53,-0.18,-0.92,1.01,1.79,363,618,96,79
0.06,0.97,-0.00,-13.92,3.85,6.16,0.97,15.70,356,616,95,95
0.03,1.01,-0.00,-1.77,2.50,2.99,1.01,4.28,347,614,87,104
0.04,0.99,-0.01,-2.81,0.12,-0.12,0.99,2.81,347,606,91,102
0.04,0.99,-0.01,-2.81,0.79,0.49,0.99,2.96,324,603,83,107
0.05,0.99,-0.02,-2.20,1.46,1.34,0.99,2.96,405,595,77,108
0.03,1.01,-0.01,-1.22,0.98,1.22,1.01,1.98,433,585,74,115
0.04,0.98,-0.01,-0.18,-0.55,-1.40,0.99,1.52,371,585,77,119
0.04,0.99,-0.01,-0.67,-0.61,-1.22,1.00,1.52,442,584,77,118
0.04,0.99,-0.01,-0.85,-0.73,-1.10,0.99,1.57,402,585,77,117
0.04,0.99,-0.01,-0.24,-0.49,-0.79,0.99,0.96,405,583,82,115
0.04,1.00,-0.01,0.37,-1.22,-1.59,1.00,2.04,376,584,79,116
0.04,1.00,-0.01,1.95,-1.89,-1.89,1.00,3.31,374,584,86,105
0.05,1.00,-0.01,2.56,-2.20,-2.32,1.00,4.10,349,588,85,102
0.04,1.00,-0.01,4.09,-3.23,-3.78,1.00,6.44,352,594,94,92
0.05,0.99,-0.01,6.10,-3.60,-4.58,0.99,8.44,499,601,99,83
0.05,0.99,0.00,5.19,-2.56,-3.11,1.00,6.57,356,604,101,77
0.05,0.99,0.00,5.92,-2.87,-3.42,1.00,7.41,386,608,97,77
0.05,0.99,0.01,3.91,-1.46,-1.34,0.99,4.38,358,604,105,77
0.05,1.00,0.01,3.78,-2.32,-2.87,1.01,5.28,361,605,106,81
0.06,0.97,0.02,5.55,-3.11,-3.54,0.98,7.28,459,603,106,82
0.05,0.99,0.01,3.78,-2.20,-0.67,0.99,4.43,512,601,106,86
0.05,0.98,0.03,4.88,-2.38,-0.43,0.98,5.45,515,598,102,94
0.06,1.02,0.01,3.97,-3.48,-2.69,1.02,5.92,459,595,106,93
0.06,1.01,0.02,6.65,-4.27,-5.37,1.01,9.56,424,596,104,88
0.06,1.00,0.03,6.35,-3.54,-4.33,1.00,8.46,471,594,111,85
0.06,0.99,0.04,7.57,-3.11,-4.70,0.99,9.44,396,595,109,79
0.07,0.99,0.04,7.26,-3.11,-4.64,1.00,9.16,468,595,113,74
0.07,1.02,0.04,7.75,-3.11,-5.31,1.02,9.90,432,596,117,72
0.07,1.04,0.05,9.89,-4.82,-11.29,1.05,15.76,398,608,117,60
0.07,1.03,0.06,19.96,-4.64,-20.87,1.04,29.25,477,627,122,43
0.06,1.00,-0.03,20.94,-3.05,-27.77,1.00,34.91,406,646,125,30
0.11,1.06,0.08,19.41,6.16,-46.33,1.07,50.60,293,693,129,16
0.02,1.34,0.25,-24.29,9.77,-73.00,1.36,77.55,228,736,126,10
0.06,1.47,0.13,-43.21,26.00,-110.23,1.47,121.22,140,763,121,8
0.14,1.39,-0.02,-50.05,24.23,-164.73,1.40,173.87,58,774,106,2
0.21,1.18,-0.03,-33.08,13.55,-179.93,1.20,183.45,28,765,81,0
0.28,0.98,-0.05,-11.66,7.32,-180.11,1.02,180.64,14,759,56,0
0.28,1.05,0.07,7.63,6.90,-173.22,1.09,173.52,9,756,41,0
0.16,0.91,0.03,44.62,14.59,-154.91,0.92,161.86,6,745,26,0
0.02,0.30,-0.35,44.86,3.60,-112.79,0.46,121.44,5,716,13,2
-0.24,0.13,-0.13,30.70,-34.73,-59.63,0.30,75.53,3,679,0,8
-0.23,0.13,-0.08,33.14,-60.61,0.31,0.27,69.08,2,644,0,9
-0.48,0.39,0.03,11.54,-56.52,46.94,0.62,74.37,1,643,0,10
-0.45,0.47,0.02,17.21,-7.39,93.38,0.65,95.24,1,649,0,8
-0.16,0.69,-0.08,-9.52,25.09,109.01,0.71,112.26,1,649,0,10
-0.00,1.04,-0.02,-17.52,41.75,111.02,1.04,119.90,1,651,0,9
0.09,1.02,-0.09,-8.67,54.99,108.70,1.03,122.13,1,654,0,7
0.25,1.08,-0.17,-14.40,57.86,112.24,1.12,127.10,1,658,0,7
0.43,1.17,-0.09,-36.19,47.00,108.28,1.25,123.46,1,661,0,6
0.70,1.43,0.03,-39.25,57.74,89.05,1.59,113.15,1,682,0,4
1.02,1.29,-0.18,-20.87,72.02,44.31,1.65,87.10,1,687,0,4
1.03,1.10,-0.28,-38.33,55.48,16.72,1.53,69.48,1,697,0,4
0.98,0.98,-0.23,-51.09,39.43,19.53,1.41,67.42,0,0,0,3
1.00,1.15,-0.16,-55.97,21.97,33.57,1.53,68.86,1,697,0,0
0.89,0.94,-0.23,-28.63,-5.43,39.79,1.32,49.32,1,696,0,1
0.86,0.79,-0.31,-32.17,-33.94,56.95,1.20,73.68,1,694,0,0
0.79,0.90,-0.20,-41.93,-59.94,61.58,1.22,95.62,1,692,0,0
0.69,0.85,-0.05,-41.81,-66.77,48.10,1.10,92.30,1,691,0,0
0.61,0.92,0.10,-30.52,-54.93,28.02,1.11,68.80,1,690,0,0
0.58,0.87,0.10,-2.38,-29.72,2.08,1.05,29.89,1,693,0,0
0.54,1.00,0.05,14.40,-11.47,-17.46,1.14,25.37,1,697,0,0
0.40,0.83,-0.15,34.91,0.12,-37.11,0.93,50.95,1,705,0,0
0.35,0.68,-0.34,21.97,-4.09,-45.29,0.84,50.50,1,704,0,3
0.28,0.90,-0.29,-6.10,-26.18,-47.91,0.98,54.94,1,713,0,3
0.19,0.94,-0.25,-9.46,-46.33,-38.94,0.99,61.25,1,712,0,5
0.13,1.08,-0.22,-11.78,-44.56,-28.26,1.11,54.06,0,0,0,5
0.15,0.92,-0.30,-5.00,-17.76,-34.85,0.98,39.43,1,721,0,4
0.20,0.93,-0.32,-29.36,14.28,-35.22,1.00,48.02,0,0,0,6
0.52,0.00,0.07,190.80,-9.64,39.67,0.53,195.12,4,757,0,9
0.24,0.58,0.15,54.08,-20.08,108.95,0.65,123.28,12,775,30,2
0.10,1.18,-0.18,57.86,-14.53,118.53,1.20,132.70,31,776,56,1
0.08,1.06,0.16,36.80,-13.85,83.86,1.08,92.63,76,758,82,3
0.04,0.89,0.11,11.11,-0.67,88.50,0.89,89.20,118,750,91,2
0.12,1.13,-0.18,32.17,10.19,102.42,1.15,107.83,171,694,81,14
0.09,1.57,-0.33,-94.60,38.21,41.75,1.60,110.24,305,597,76,95
0.00,0.77,0.08,24.60,-0.31,-4.46,0.78,25.00,290,606,92,111
0.03,1.01,-0.02,-1.46,-1.89,-3.78,1.01,4.48,300,616,106,108
0.03,0.99,-0.02,4.03,-3.91,-5.49,0.99,7.85,308,629,105,98
0.04,0.97,-0.00,2.01,-1.71,-2.14,0.97,3.40,273,639,111,98
0.03,0.98,-0.01,-2.44,0.98,3.05,0.98,4.03,254,633,104,102
0.03,1.00,-0.02,-3.66,2.14,3.23,1.00,5.33,263,634,94,107
0.03,0.99,-0.02,-1.89,0.61,0.73,0.99,2.12,267,629,90,109
0.03,0.99,-0.02,-2.26,0.43,0.61,0.99,2.38,184,618,87,105
0.03,1.00,-0.02,-1.65,1.04,1.10,1.00,2.24,254,608,80,115
0.02,1.00,-0.02,-0.24,0.31,-0.61,1.00,0.72,238,606,81,118
0.05,1.01,-0.01,0.00,-0.55,-1.65,1.01,1.74,241,604,82,112
0.01,0.99,-0.02,1.59,-1.16,-1.53,0.99,2.49,219,608,86,113
0.03,1.00,-0.02,0.12,-0.92,-1.71,1.00,1.94,280,608,87,113
0.03,1.02,-0.02,2.38,-2.75,-3.36,1.02,4.95,267,610,94,104
0.03,1.02,-0.02,7.81,-6.96,-8.97,1.03,13.78,369,626,101,80
0.05,1.04,-0.03,13.31,-9.16,-14.95,1.05,22.01,252,648,107,49
0.07,0.96,0.01,20.94,-8.97,-18.98,0.96,29.65,261,659,111,44
0.04,1.03,0.02,5.86,-4.39,-9.64,1.03,12.11,312,653,114,39
0.07,0.94,0.03,29.36,-8.36,-26.25,0.94,40.26,267,665,120,26
0.08,0.79,0.09,13.61,-4.52,-12.88,0.80,19.27,324,664,119,27
0.09,0.78,0.09,0.24,-1.28,7.20,0.79,7.32,372,645,122,38
0.05,1.11,0.01,-21.48,1.65,22.58,1.12,31.21,368,620,120,55
0.05,1.09,-0.00,8.61,-3.23,-2.69,1.09,9.58,434,611,115,60
0.07,0.99,0.04,17.40,-5.55,-14.40,1.00,23.26,480,613,121,61
0.06,1.07,0.03,13.31,-4.82,-13.24,1.07,19.38,440,614,124,50
0.08,1.14,0.02,25.45,-6.59,-29.36,1.15,39.41,377,638,123,37
0.07,1.24,0.13,38.76,-7.87,-49.44,1.25,63.31,379,692,124,19
-0.00,1.60,0.37,5.62,1.95,-69.64,1.64,69.89,217,743,123,15
0.03,1.74,0.21,-19.04,25.27,-112.49,1.75,116.85,91,763,120,9
0.06,1.70,0.02,-31.01,32.59,-177.25,1.70,182.87,36,767,97,4
0.11,1.40,-0.01,-15.44,24.84,-219.48,1.40,221.42,12,761,60,1
0.20,1.17,-0.00,7.63,16.78,-227.97,1.18,228.71,5,747,30,0
0.03,1.06,0.15,58.96,18.19,-205.75,1.07,214.80,3,731,19,3
-0.37,-0.35,-0.29,83.19,29.42,-155.70,0.59,178.97,2,690,2,12
-0.95,-0.16,-0.09,6.65,19.71,-54.32,0.96,58.17,2,646,0,13
-0.79,0.22,-0.03,-28.44,29.91,16.91,0.82,44.60,1,632,0,17
-0.50,0.36,-0.03,-6.10,36.44,78.49,0.61,86.75,2,638,0,15
-0.20,0.58,-0.10,-10.19,27.47,93.20,0.62,97.70,1,638,0,13
-0.10,0.73,-0.12,-4.33,15.38,86.30,0.75,87.77,1,648,0,10
-0.01,0.82,-0.13,-6.29,17.03,79.22,0.83,81.28,1,652,0,7
0.10,0.98,-0.13,-21.55,37.60,76.72,1.00,88.11,1,663,0,7
0.29,1.14,-0.12,-29.42,64.39,84.96,1.18,110.59,0,0,0,7
0.73,1.34,-0.15,-21.73,96.62,98.51,1.53,139.68,0,0,0,7
1.25,1.15,-0.34,-14.16,88.32,75.93,1.73,117.33,0,0,0,3
1.19,1.17,-0.26,-36.93,60.42,36.93,1.69,79.86,1,696,0,3
1.09,1.31,-0.12,-49.68,44.25,22.71,1.71,70.30,1,699,0,0
1.06,1.34,-0.14,-18.92,29.48,31.37,1.71,47.02,1,694,0,0
1.03,0.94,-0.35,21.00,6.16,64.27,1.44,67.89,1,692,0,0
1.12,0.88,-0.48,19.23,-27.77,83.80,1.50,90.35,1,692,0,0
1.09,0.38,-0.58,2.32,-60.36,51.64,1.29,79.47,1,689,0,0
0.98,0.39,-0.40,-59.57,-71.35,23.13,1.13,95.78,1,690,0,0
0.92,0.79,0.16,-66.16,-58.78,-0.61,1.22,88.50,1,693,0,0
0.85,0.82,0.02,-34.00,-60.00,-29.24,1.18,74.90,1,704,0,0
0.68,0.81,-0.17,-20.81,-85.39,-36.01,1.07,94.98,1,709,0,1
0.49,0.91,-0.28,-19.65,-109.31,-23.74,1.07,113.58,1,716,0,3
0.31,0.96,-0.32,-25.39,-110.60,-23.74,1.06,115.93,0,0,0,5
0.23,1.05,-0.25,-34.48,-79.47,-43.70,1.11,97.03,0,0,0,6
-0.97,2.19,1.02,42.91,-37.72,5.13,2.60,57.36,3,750,0,3
0.78,-0.88,-0.70,171.81,17.64,52.98,1.37,180.66,15,775,31,3
0.03,0.86,0.22,44.74,11.60,166.32,0.89,172.62,53,775,59,0
0.00,2.44,-0.56,-38.64,33.75,159.79,2.50,167.82,175,745,81,0
0.08,1.51,-0.24,58.11,12.82,117.86,1.53,132.03,277,692,97,6
-0.22,-0.69,-0.12,150.82,-2.26,33.81,0.74,154.58,474,599,103,65
-0.05,0.97,0.01,35.46,1.04,4.70,0.97,35.79,424,582,111,108
0.05,1.07,-0.03,2.81,-3.54,-3.72,1.07,5.85,515,604,119,104
0.03,0.96,-0.01,6.71,-6.10,-6.41,0.96,11.11,345,614,124,89
0.04,0.95,0.00,5.74,-3.60,-2.81,0.95,7.33,343,625,119,92
0.03,1.02,-0.02,-2.44,-0.24,1.40,1.02,2.83,393,625,121,93
0.03,0.99,-0.01,-0.31,-1.22,-0.67,0.99,1.43,386,624,119,89
0.06,0.98,-0.00,-1.22,-0.92,-0.55,0.99,1.62,352,627,116,88
0.03,0.99,-0.01,-1.89,-0.55,-0.37,0.99,2.00,306,625,109,87
0.04,1.00,-0.01,-1.59,-0.12,0.24,1.00,1.61,306,623,105,87
0.03,1.00,-0.02,0.49,-0.92,-1.40,1.00,1.75,288,623,111,86
0.03,0.99,-0.01,1.77,-1.28,-2.01,0.99,2.97,384,624,111,83
0.04,0.99,-0.01,1.34,-1.22,-1.53,0.99,2.37,312,625,109,84
0.07,1.02,-0.01,1.16,-1.34,-1.65,1.02,2.42,312,628,111,83
0.05,1.00,-0.01,8.24,-6.16,-9.70,1.00,14.14,356,635,115,63
0.04,0.99,0.00,8.30,-6.71,-10.56,0.99,15.02,332,650,114,53
0.01,0.99,0.01,7.63,-3.60,-5.00,0.99,9.81,291,645,115,52
0.04,1.09,-0.01,6.53,-3.36,-7.26,1.09,10.33,572,644,113,49
0.05,0.99,0.02,16.11,-5.13,-13.61,0.99,21.71,341,647,119,44
0.07,0.86,0.05,13.37,-3.60,-10.50,0.87,17.37,284,645,122,44
0.08,0.75,0.08,-1.83,-0.18,7.87,0.76,8.09,471,633,123,56
0.04,1.00,0.01,-13.79,6.35,17.03,1.00,22.82,426,612,110,78
0.05,1.03,0.00,7.75,-3.30,-6.04,1.03,10.37,429,609,114,79
0.06,1.00,0.02,9.28,-3.11,-4.58,1.00,10.80,579,608,112,79
0.06,1.05,0.02,8.48,-3.60,-6.71,1.05,11.40,576,611,114,77
0.07,1.16,0.01,20.14,-5.55,-18.49,1.16,27.90,368,625,121,64
0.08,1.03,0.03,37.29,-8.85,-34.36,1.04,51.48,304,653,124,50
0.12,1.08,0.02,34.79,-10.25,-38.70,1.09,53.04,303,689,125,32
0.07,1.39,0.27,28.93,-12.51,-52.67,1.42,61.38,184,729,124,14
-0.10,1.57,0.51,1.59,11.23,-99.79,1.65,100.43,106,754,119,10
0.03,1.57,0.16,-49.44,38.70,-177.92,1.58,188.67,41,767,102,4
0.18,1.32,-0.17,-29.05,28.56,-214.48,1.34,218.31,17,766,74,1
0.24,0.92,-0.08,3.05,10.19,-213.01,0.95,213.28,8,756,45,0
0.24,0.99,0.10,25.82,3.48,-189.03,1.02,190.81,4,755,32,0
0.17,0.60,0.03,71.59,14.77,-157.10,0.63,173.28,3,744,21,2
-0.11,0.14,-0.17,38.70,10.68,-116.94,0.24,123.64,3,710,11,6
-0.25,0.42,0.05,13.00,1.89,-52.19,0.49,53.81,2,675,0,11
-0.53,0.22,0.08,16.17,-0.12,1.95,0.58,16.29,1,640,0,12
-0.49,0.56,0.13,-2.99,11.35,36.93,0.76,38.75,1,638,0,13
-0.29,0.48,-0.01,16.66,47.85,93.93,0.56,106.73,1,639,0,9
0.03,0.74,-0.11,3.17,54.81,105.22,0.75,118.69,1,641,0,11
0.10,0.87,-0.08,4.15,51.03,108.09,0.88,119.60,1,643,0,10
0.30,0.91,-0.21,6.59,43.95,102.66,0.98,111.87,1,646,0,8
0.39,0.96,-0.31,-1.16,11.17,91.19,1.08,91.88,1,652,0,6
0.31,1.04,-0.24,-16.66,-16.85,68.66,1.11,72.64,1,663,0,6
0.33,1.11,-0.16,-31.01,-3.97,57.50,1.17,65.44,0,0,0,6
0.59,1.24,-0.11,-42.30,35.64,53.77,1.38,77.14,0,0,0,4
0.95,1.35,-0.11,-50.60,93.69,33.81,1.65,111.72,0,0,0,2
1.22,1.26,-0.13,-33.39,123.41,19.23,1.76,129.29,1,698,0,0
1.43,0.93,-0.52,-20.87,104.37,12.33,1.78,107.15,1,695,0,0
1.16,0.90,-0.51,-20.94,29.36,36.93,1.55,51.61,1,693,0,0
0.99,0.48,-0.54,-14.77,-28.32,79.10,1.23,85.31,1,691,0,0
0.84,0.76,-0.26,-45.59,-63.48,80.14,1.16,111.94,1,694,0,0
0.73,0.79,-0.10,-59.81,-71.84,43.09,1.08,102.93,1,696,0,0
0.70,0.87,-0.02,-54.87,-71.47,20.87,1.12,92.49,1,697,0,0
0.65,0.78,0.03,-41.08,-71.35,11.23,1.01,83.09,1,703,0,0
0.62,0.97,0.12,-18.49,-54.38,-4.58,1.16,57.62,1,713,0,1
0.57,0.85,-0.04,0.12,-39.61,-27.04,1.03,47.96,1,718,0,1
0.55,0.88,-0.20,-5.13,-39.61,-46.69,1.05,61.45,0,0,0,6
0.38,0.85,-0.18,-11.47,-49.56,-60.36,0.95,78.94,0,0,0,6
0.52,0.74,-0.10,-24.11,-35.40,-58.47,0.91,72.48,1,759,0,6
0.36,0.89,-0.27,185.24,53.28,61.95,1.00,202.46,7,765,8,4
0.43,0.95,-0.67,21.61,30.03,143.74,1.24,148.42,32,781,41,0
0.16,1.71,-0.56,24.66,18.43,155.46,1.80,158.48,96,757,60,0
0.19,1.59,-0.42,78.43,-20.45,66.35,1.65,104.74,179,740,91,2
0.06,0.73,0.26,62.19,-21.12,58.96,0.78,88.26,226,727,105,7
-0.18,1.09,0.65,18.25,5.74,100.40,1.28,102.21,330,661,105,24
-0.06,1.18,-0.17,-36.25,20.20,27.65,1.19,49.87,482,608,106,76
0.01,0.73,0.11,32.84,-13.06,-13.00,0.73,37.65,600,609,119,74
0.06,1.06,-0.04,7.75,-6.47,-8.12,1.07,12.96,336,625,123,63
0.07,1.02,-0.01,12.57,-5.62,-11.47,1.03,17.92,453,637,123,55
0.06,0.82,0.06,9.03,-3.72,-5.74,0.82,11.33,358,645,125,52
0.06,0.92,0.02,-16.42,2.32,14.28,0.92,21.88,411,640,120,58
0.06,1.07,-0.03,-5.98,2.08,4.88,1.07,8.00,482,638,114,66
0.04,0.97,0.00,-2.81,0.92,2.69,0.97,3.99,345,635,109,65
0.04,0.99,-0.01,-3.91,1.53,4.03,0.99,5.82,361,632,102,70
0.04,1.00,-0.01,-5.62,2.93,5.62,1.00,8.46,376,622,93,80
0.03,1.03,-0.02,-3.97,2.69,3.78,1.03,6.11,317,618,90,90
0.03,0.99,-0.01,0.55,-0.55,-1.40,0.99,1.60,300,618,91,88
0.04,0.99,-0.01,0.00,-0.43,-1.22,0.99,1.29,448,617,96,84
0.03,0.99,-0.01,-0.24,-0.18,-0.37,0.99,0.48,349,619,97,87
0.04,0.99,-0.00,-0.06,-0.43,1.89,0.99,1.94,280,612,86,91
0.03,1.03,-0.01,1.83,-0.85,0.43,1.03,2.07,333,606,81,93
0.04,0.99,-0.01,6.23,-4.58,-5.43,0.99,9.45,340,613,84,89
0.04,0.96,0.01,5.80,-2.20,-1.95,0.96,6.50,345,615,80,90
0.03,1.03,-0.01,5.74,-2.75,-3.42,1.03,7.22,324,613,88,91
0.04,0.98,0.00,9.03,-3.85,-6.65,0.98,11.86,356,614,94,87
0.04,0.99,0.01,9.46,-3.48,-5.49,0.99,11.48,459,615,99,85
0.04,0.99,0.02,6.77,-2.87,-3.85,0.99,8.30,391,607,103,81
0.05,1.00,0.02,8.00,-4.27,-6.10,1.00,10.93,515,607,103,83
0.05,1.00,0.04,9.16,-6.65,-10.25,1.00,15.27,524,601,100,72
0.06,1.12,0.01,10.86,-7.63,-14.89,1.12,19.95,442,601,105,62
0.07,1.09,0.02,19.96,-6.90,-21.36,1.09,30.04,445,611,104,54
0.07,1.11,0.02,31.92,-8.42,-31.86,1.11,45.88,488,626,113,31
0.05,1.25,0.05,33.14,-4.88,-52.61,1.26,62.37,450,672,117,16
-0.07,1.69,0.47,-0.24,4.33,-81.05,1.75,81.17,314,718,118,10
0.03,1.70,0.24,-39.73,33.45,-125.79,1.72,136.09,211,754,117,1
0.13,1.62,0.04,-63.05,36.74,-197.20,1.62,210.27,89,768,100,0
0.18,1.46,-0.11,-54.69,25.70,-228.27,1.48,236.13,35,765,77,0
0.07,1.24,0.02,-5.00,11.90,-230.04,1.25,230.40,14,760,55,0
-0.14,1.09,0.15,63.11,22.16,-221.37,1.11,231.26,9,755,34,0
-0.65,-0.26,0.03,59.51,38.45,-189.70,0.70,202.50,6,714,11,9
-1.10,-0.16,0.29,-6.59,27.95,-96.19,1.15,100.39,3,645,0,12
-0.73,0.27,0.04,-39.73,56.21,-4.64,0.78,68.99,2,634,0,13
-0.50,0.29,-0.16,16.42,50.05,78.86,0.60,94.83,2,635,0,11
-0.16,0.52,-0.23,12.02,12.45,134.28,0.59,135.39,2,639,0,10
-0.07,0.86,-0.19,25.09,-4.64,149.78,0.88,151.94,1,642,0,9
0.09,0.99,-0.27,18.62,0.92,156.19,1.03,157.30,1,645,0,8
0.27,1.06,-0.30,10.07,4.21,143.86,1.13,144.27,1,647,0,9
0.45,1.17,-0.36,0.49,7.14,115.05,1.30,115.27,1,653,0,6
0.61,1.34,-0.32,-9.83,6.90,97.90,1.50,98.63,1,654,0,3
0.86,1.35,-0.27,-25.51,34.73,89.54,1.63,99.37,1,652,0,3
1.17,1.34,-0.32,-63.23,76.60,71.66,1.81,122.48,1,658,0,0
1.30,1.52,-0.31,-88.44,97.23,52.67,2.03,141.60,1,660,0,0
1.30,1.47,-0.38,-44.37,83.31,46.39,2.00,105.17,1,661,0,0
1.30,0.92,-0.49,-30.52,35.83,57.07,1.67,73.97,1,663,0,0
1.15,0.76,-0.46,-21.91,-16.54,62.44,1.45,68.21,1,666,0,0
1.18,0.26,-0.59,-28.50,-57.80,58.96,1.34,87.35,1,669,0,0
1.03,0.73,-0.21,-78.00,-92.41,47.42,1.28,129.89,1,671,0,0
0.79,1.04,0.07,-54.81,-103.64,12.63,1.31,117.92,1,675,0,0
0.52,1.02,0.09,-18.62,-94.06,-19.90,1.15,97.92,1,693,0,3
0.21,0.97,0.00,7.57,-78.00,-48.89,0.99,92.37,1,703,0,0
-0.09,0.89,-0.15,8.91,-53.22,-66.59,0.91,85.71,1,707,0,4
-0.20,0.83,-0.22,-3.17,-39.92,-53.41,0.88,66.75,0,0,0,3
-0.08,0.84,-0.20,5.74,-32.10,-31.25,0.87,45.17,1,715,0,6
0.14,0.81,-0.22,8.67,-30.21,-18.62,0.85,36.53,1,719,0,6
0.33,0.86,-0.17,3.54,-32.96,-22.89,0.94,40.28,0,0,0,7
0.48,0.81,-0.14,2.56,-37.05,-34.30,0.96,50.55,0,0,0,6
-0.28,1.07,0.74,170.35,32.53,41.75,1.33,178.38,8,771,9,4
0.98,-1.51,-1.77,238.53,60.85,140.20,2.52,283.29,47,776,51,1
0.04,1.97,-0.54,66.71,15.20,153.20,2.04,167.78,138,746,71,2
0.19,1.76,0.10,125.61,-23.56,100.59,1.78,162.64,222,703,87,10
-0.34,1.42,0.16,-46.51,7.02,36.93,1.47,59.80,358,619,85,64
0.05,1.36,-0.13,0.79,-2.38,-2.26,1.36,3.38,586,599,101,79
0.05,1.05,-0.05,4.39,-8.61,-14.71,1.05,17.60,453,608,113,49
0.01,1.20,-0.06,11.23,-8.85,-15.93,1.20,21.41,553,622,119,36
0.07,0.72,0.14,24.66,-9.89,-17.09,0.74,31.59,397,632,124,37
0.06,0.80,0.04,-19.90,4.33,22.46,0.81,30.32,423,635,115,54
0.02,1.02,-0.01,-12.45,8.42,21.85,1.03,26.52,411,616,98,81
0.04,1.04,-0.02,-6.41,1.65,2.75,1.04,7.16,442,610,98,84
0.03,1.01,-0.05,-6.90,2.44,2.62,1.01,7.77,403,609,90,83
0.03,0.99,-0.03,-2.20,2.32,2.44,0.99,4.02,432,604,84,94
0.02,0.99,-0.03,-2.26,2.93,2.75,0.99,4.61,465,596,79,102
0.05,1.00,-0.03,-2.93,2.87,2.50,1.00,4.80,450,585,75,107
0.01,1.00,-0.03,-2.38,2.69,2.69,1.00,4.48,407,565,61,118
0.02,0.99,-0.03,-1.16,1.28,1.77,0.99,2.47,395,553,49,124
0.02,1.00,-0.04,-1.22,0.67,1.04,1.00,1.74,273,545,46,125
0.02,1.00,-0.04,1.71,0.06,0.61,1.00,1.82,322,543,43,125
0.02,0.99,-0.02,4.39,-0.67,-0.12,0.99,4.45,317,543,44,127
0.01,1.00,-0.03,1.10,-1.89,-1.59,1.00,2.70,238,546,38,130
0.02,1.00,-0.03,3.36,-3.23,-3.30,1.00,5.71,336,547,47,120
0.02,1.00,-0.02,6.16,-5.74,-4.88,1.00,9.73,360,561,50,115
0.03,0.99,-0.02,8.18,-6.29,-6.10,0.99,11.99,220,564,61,105
0.02,0.99,-0.01,6.10,-4.76,-4.82,0.99,9.12,604,564,69,96
0.03,1.01,-0.01,11.66,-8.06,-9.89,1.01,17.28,418,568,80,85
0.03,1.02,-0.01,9.89,-7.87,-11.78,1.02,17.28,468,571,83,71
0.04,1.00,0.01,14.28,-10.01,-17.52,1.01,24.72,531,580,89,55
0.04,1.12,-0.01,14.34,-8.73,-20.02,1.12,26.13,445,590,100,41
0.06,1.03,0.02,19.78,-6.23,-19.71,1.04,28.61,453,599,107,34
0.05,1.19,0.01,18.98,-4.94,-26.49,1.19,32.96,547,615,111,21
0.14,1.04,0.06,25.21,-0.73,-54.38,1.05,59.94,318,660,110,15
0.01,1.37,0.23,-12.82,6.71,-85.88,1.39,87.09,366,708,116,6
0.01,1.94,0.12,-46.20,21.67,-137.57,1.95,146.73,288,754,120,0
0.03,1.84,0.02,-56.09,20.57,-217.47,1.84,225.53,134,782,108,0
0.12,1.53,-0.10,-55.24,13.31,-274.96,1.54,280.77,52,772,82,0
0.04,1.13,-0.19,-12.39,-5.55,-265.81,1.15,266.15,19,762,47,0
-0.67,-0.14,-0.41,100.04,-15.20,-207.95,0.80,231.26,9,716,10,9
-0.86,-0.30,-0.35,29.54,-73.67,-58.23,0.98,98.44,3,639,0,14
-1.28,0.51,0.22,9.89,-101.38,31.98,1.39,106.76,2,630,0,15
-0.78,-0.05,-0.15,59.45,-35.71,110.96,0.80,130.85,2,642,0,13
-0.42,0.33,-0.19,-6.41,10.19,121.22,0.56,121.81,2,649,0,13
-0.18,0.72,-0.16,-27.04,52.25,109.31,0.76,124.14,1,652,0,9
0.08,0.87,-0.23,-30.64,71.66,103.70,0.91,129.72,1,656,0,8
0.29,1.04,-0.21,-42.11,77.82,109.86,1.10,141.07,1,649,0,6
0.58,1.28,-0.20,-63.78,84.84,106.45,1.42,150.32,1,655,0,5
0.96,1.58,-0.16,-57.13,88.26,85.14,1.86,135.29,1,657,0,3
1.30,1.36,-0.44,-25.76,82.58,59.14,1.93,104.79,1,660,0,1
1.32,1.11,-0.55,-39.31,50.35,45.29,1.81,78.30,1,666,0,0
1.12,1.18,-0.38,-56.76,19.96,54.14,1.67,80.94,1,669,0,0
1.12,1.10,-0.42,-37.66,2.87,69.64,1.63,79.22,1,668,0,0
1.07,0.89,-0.44,-43.58,-23.44,70.31,1.46,85.98,1,667,0,0
0.95,0.80,-0.26,-51.76,-53.83,59.57,1.26,95.53,1,674,0,0
0.84,0.59,-0.23,-46.63,-57.80,49.87,1.05,89.45,1,676,0,0
0.88,0.67,-0.16,-58.23,-59.02,39.18,1.12,91.70,2,674,0,0
0.88,0.99,0.00,-44.68,-66.71,21.91,1.33,83.23,1,678,0,0
0.71,1.01,-0.03,-3.30,-75.93,-14.65,1.24,77.40,1,683,0,0
0.41,0.94,-0.09,16.30,-71.96,-39.86,1.03,83.86,1,695,0,0
0.31,1.00,-0.16,21.91,-55.66,-48.58,1.06,77.06,1,710,0,4
0.25,1.04,-0.26,23.01,-46.81,-58.23,1.10,78.18,1,717,0,4
0.20,0.96,-0.29,13.98,-57.68,-57.13,1.03,82.38,1,747,0,3
0.73,0.68,-1.19,175.29,69.34,97.53,1.55,212.25,7,755,1,6
0.33,1.09,-0.72,59.75,6.84,142.03,1.34,154.24,45,747,31,2
-0.03,1.81,-0.11,47.24,6.84,152.53,1.82,159.82,150,714,51,3
0.07,1.48,-0.21,39.43,-0.79,104.00,1.50,111.23,243,679,65,12
-0.06,1.57,0.00,-49.13,20.02,31.43,1.57,61.67,416,599,72,72
0.03,0.87,0.05,16.48,0.06,0.12,0.88,16.48,508,580,82,106
0.04,1.00,-0.02,4.88,-3.11,-2.14,1.00,6.17,869,586,84,108
0.03,0.99,-0.03,1.89,-1.04,0.98,0.99,2.37,508,583,77,116
0.02,1.00,-0.03,0.31,-0.55,0.92,1.00,1.11,388,581,73,119
0.03,0.99,-0.02,-0.24,-1.04,-0.24,0.99,1.09,284,581,72,111
0.02,0.99,-0.02,-1.04,-0.49,0.24,0.99,1.17,410,584,64,116
0.02,1.00,-0.03,-1.53,-0.24,-0.24,1.00,1.56,376,582,67,110
0.02,0.99,-0.03,0.18,-1.10,-1.28,1.00,1.70,445,583,64,109
0.03,0.99,-0.02,1.71,-1.89,-1.22,0.99,2.83,492,585,66,106
0.05,0.99,-0.02,1.04,-1.59,-1.71,1.00,2.55,32736,587,73,100
0.03,1.00,-0.02,1.28,-2.08,-2.26,1.00,3.32,489,590,75,96
0.03,1.01,-0.02,2.56,-3.17,-4.33,1.01,5.95,381,597,81,85
0.03,1.01,-0.02,6.41,-5.00,-6.71,1.01,10.54,424,604,84,72
0.04,1.02,-0.02,8.30,-6.10,-9.22,1.03,13.82,426,615,92,53
0.03,1.04,-0.02,10.07,-7.32,-11.54,1.04,16.97,341,628,91,36
0.03,1.11,-0.05,34.48,-9.70,-28.44,1.11,45.74,347,644,102,21
0.03,1.09,0.09,34.12,-14.59,-36.87,1.10,52.31,354,660,106,14
0.08,0.78,0.16,27.53,-9.70,-31.37,0.81,42.85,386,667,115,14
0.12,0.76,0.05,10.01,0.06,-4.39,0.77,10.93,684,664,117,16
0.07,0.97,0.12,-9.77,0.24,16.60,0.98,19.26,418,655,113,25
0.09,1.37,-0.07,8.00,-0.98,-10.50,1.38,13.23,500,654,123,20
0.08,0.97,0.13,37.90,-7.39,-31.62,0.98,49.91,458,664,127,17
0.15,0.82,0.01,34.61,-3.48,-34.61,0.84,49.07,320,674,133,16
0.12,0.97,0.14,26.73,-6.41,-26.73,0.99,38.35,366,685,127,18
0.08,1.42,0.17,12.02,-3.23,-36.68,1.43,38.74,344,706,134,15
-0.01,1.91,0.34,-9.16,8.06,-95.46,1.94,96.23,272,747,135,5
-0.03,1.89,0.16,-36.25,27.40,-178.71,1.90,184.40,118,769,121,1
-0.00,1.80,-0.10,-45.41,28.14,-254.03,1.80,259.58,41,780,95,0
-0.12,1.49,0.04,43.21,2.38,-261.84,1.50,265.39,18,774,61,0
-0.68,-0.40,-0.43,122.13,6.35,-253.85,0.90,281.77,8,742,22,5
-1.78,-0.76,-0.03,44.49,-1.83,-158.08,1.94,164.23,2,660,0,13
-1.44,0.40,0.23,-62.13,29.48,8.79,1.52,69.33,1,651,0,12
-0.41,0.34,-0.12,19.29,54.75,141.72,0.54,153.15,2,652,0,10
-0.22,0.57,0.03,-6.59,26.00,143.68,0.61,146.16,1,652,0,12
-0.19,0.76,0.07,9.95,24.29,162.48,0.79,164.58,2,658,0,9
0.01,0.87,-0.06,6.10,36.99,169.56,0.87,173.65,1,660,0,9
0.27,1.25,-0.08,-14.77,61.10,139.28,1.28,152.81,2,659,0,9
0.69,1.37,-0.23,-4.39,72.69,94.36,1.55,119.19,1,655,0,6
0.91,1.46,-0.22,-26.00,95.28,46.33,1.73,109.09,1,657,0,5
1.16,1.33,-0.32,-25.88,130.86,22.77,1.79,135.32,1,665,0,3
1.50,1.06,-0.56,-24.17,141.17,18.49,1.92,144.42,1,665,0,0
1.71,0.92,-0.69,-42.42,96.37,12.45,2.06,106.03,1,665,0,0
1.47,0.77,-0.49,-48.95,19.96,19.10,1.73,56.21,1,671,0,0
1.22,0.57,-0.43,-36.87,-43.52,42.60,1.41,71.19,1,679,0,0
1.04,0.45,-0.44,-60.73,-105.10,36.80,1.22,126.84,1,686,0,0
0.70,0.78,-0.14,-80.87,-116.09,26.49,1.06,143.94,1,688,0,0
0.60,0.93,-0.02,-61.10,-108.28,16.42,1.11,125.40,1,689,0,0
0.57,1.07,-0.05,-38.70,-103.21,1.16,1.21,110.23,1,700,0,0
0.36,0.99,-0.04,-13.31,-100.83,-28.08,1.05,105.51,1,708,0,1
0.19,0.88,-0.08,-9.28,-76.29,-40.34,0.91,86.80,1,712,0,1
0.31,0.93,-0.12,-7.51,-44.86,-40.10,0.99,60.64,1,716,0,3
-1.31,2.43,0.88,-1.89,-37.78,-40.53,2.90,55.44,3,751,0,1
0.63,-0.13,-0.80,180.91,44.74,95.03,1.03,209.19,15,775,21,0
-0.07,1.45,0.18,40.10,3.05,205.69,1.46,209.58,57,738,42,0
0.06,1.76,-0.50,4.70,16.36,166.38,1.84,167.25,158,715,58,0
-0.24,0.14,0.01,60.18,26.43,60.79,0.28,89.53,302,586,61,80
-0.02,0.66,0.12,41.81,-4.64,-5.62,0.67,42.44,547,576,82,124
0.05,1.11,-0.07,-3.60,-3.30,-5.00,1.12,6.99,363,591,97,112
0.03,0.97,-0.03,8.91,-7.02,-10.38,0.98,15.37,434,606,105,98
0.03,0.91,0.01,10.44,-5.43,-7.69,0.91,14.06,349,615,112,95
0.03,1.02,-0.03,-5.74,3.23,5.74,1.02,8.73,437,610,112,104
0.03,1.01,-0.03,2.20,-0.79,-0.55,1.02,2.40,518,614,109,107
0.03,0.98,-0.01,-0.18,-0.79,-0.12,0.98,0.82,341,617,106,103
0.03,0.98,-0.02,-3.11,-0.12,0.73,0.98,3.20,515,621,102,106
0.03,1.00,-0.02,-4.39,0.49,1.89,1.00,4.81,568,619,93,105
0.02,1.00,-0.03,-3.05,-0.06,0.79,1.00,3.15,453,618,90,108
0.03,1.00,-0.03,-1.77,-0.37,-0.12,1.00,1.81,332,614,89,107
0.03,0.99,-0.03,-0.92,-0.55,-0.31,0.99,1.11,381,613,88,106
0.03,0.99,-0.02,-0.67,-0.18,-0.61,0.99,0.93,558,613,87,104
0.03,0.99,-0.02,-0.12,0.12,-0.49,0.99,0.52,416,606,82,105
0.02,1.01,-0.03,0.61,-0.79,-1.77,1.01,2.03,453,600,79,104
0.03,1.01,-0.02,5.43,-3.91,-6.10,1.01,9.06,421,598,84,95
0.04,1.00,-0.02,8.54,-6.65,-9.89,1.01,14.66,468,600,88,70
0.04,1.02,-0.04,12.76,-9.03,-16.48,1.02,22.71,396,620,87,46
0.05,1.01,0.00,14.47,-7.75,-16.85,1.01,23.52,277,625,99,38
0.05,0.97,0.01,16.48,-5.49,-16.42,0.98,23.90,448,626,111,29
0.07,0.91,0.03,11.78,-4.70,-12.51,0.91,17.82,358,623,114,31
0.07,1.01,0.02,4.39,-2.44,-3.66,1.01,6.22,388,617,116,39
0.07,1.17,-0.03,13.31,-4.52,-15.87,1.18,21.20,611,619,122,31
0.09,1.07,-0.01,26.49,-10.01,-34.79,1.07,44.86,506,643,120,22
0.04,1.20,0.14,20.26,-13.00,-45.23,1.21,51.24,369,676,127,16
0.01,1.70,0.23,-7.69,-5.37,-79.83,1.72,80.38,373,717,123,10
-0.06,1.90,0.23,-26.49,10.25,-151.73,1.92,154.37,233,758,127,1
0.03,1.70,0.05,-52.49,26.25,-231.57,1.71,238.89,104,778,104,0
0.22,1.40,-0.21,-54.38,20.94,-267.58,1.43,273.85,38,767,79,0
0.08,1.48,-0.19,-15.69,-4.94,-257.69,1.49,258.21,14,762,49,0
-0.27,0.70,-0.51,113.22,-17.03,-224.18,0.91,251.73,7,729,18,4
-0.91,-0.39,-0.21,6.59,-70.62,-116.33,1.01,136.25,3,667,0,11
-1.01,0.23,0.27,-8.48,-63.17,-2.50,1.07,63.79,1,641,0,13
-0.84,0.03,-0.01,24.05,-8.12,90.39,0.84,93.89,1,656,0,11
-0.38,0.34,-0.08,-16.54,25.27,119.69,0.52,123.44,2,654,0,11
-0.16,0.68,-0.04,-22.95,39.49,124.88,0.70,132.97,1,658,0,7
0.05,0.85,-0.13,-23.32,44.86,125.67,0.86,135.46,1,661,0,6
0.15,0.97,-0.18,-21.61,40.22,121.52,0.99,129.82,1,659,0,7
0.31,1.15,-0.18,-35.16,36.80,106.20,1.20,117.77,1,661,0,6
0.67,1.48,-0.10,-38.15,62.19,82.52,1.63,110.15,1,663,0,4
1.14,1.42,-0.31,-40.34,95.76,57.13,1.85,118.58,1,668,0,0
1.44,1.17,-0.44,-39.92,104.49,41.14,1.91,119.18,1,675,0,0
1.54,0.95,-0.49,-53.77,79.90,33.57,1.87,101.99,1,670,0,0
1.45,1.02,-0.39,-64.45,28.20,42.36,1.82,82.12,1,675,0,0
1.27,0.86,-0.24,-31.98,-26.18,58.41,1.56,71.56,1,675,0,0
1.12,0.56,-0.23,-15.50,-63.11,67.50,1.27,93.70,1,683,0,0
1.01,0.70,-0.09,-25.76,-70.50,34.97,1.23,82.80,2,683,0,0
0.86,0.50,-0.04,-25.15,-47.97,-12.70,1.00,55.63,1,688,0,0
0.95,0.92,-0.04,-18.68,-43.76,-23.01,1.32,52.85,1,707,0,0
0.83,0.78,-0.16,8.30,-59.63,-37.84,1.15,71.11,1,711,0,0
0.73,0.93,-0.24,-0.18,-65.19,-52.19,1.20,83.50,1,714,0,2
-0.81,2.42,0.68,2.01,-53.04,-92.65,2.64,106.78,3,760,0,4
1.20,-1.06,-2.98,283.02,89.78,113.10,3.38,317.73,15,753,25,3
-0.19,3.69,0.57,-56.70,-22.64,156.74,3.73,168.21,52,764,63,1
-0.22,2.11,0.49,0.85,-14.16,145.63,2.18,146.32,110,740,83,0
0.04,1.35,0.09,16.72,-0.67,100.34,1.35,101.73,192,725,99,6
0.28,1.19,0.21,5.55,2.44,106.63,1.25,106.80,271,692,95,13
-0.05,0.49,0.19,42.79,5.74,21.06,0.52,48.03,471,607,101,76
0.04,1.06,-0.02,22.03,-7.93,-10.68,1.06,25.74,434,613,111,80
0.04,1.05,-0.04,4.09,-4.52,-8.48,1.05,10.45,442,631,117,62
0.04,0.94,-0.00,10.86,-5.43,-9.46,0.94,15.40,354,653,124,52
0.05,0.89,0.01,-2.44,1.71,5.43,0.90,6.20,917,657,117,60
0.03,1.07,-0.04,-16.17,8.36,15.14,1.07,23.68,318,642,104,75
0.03,1.00,-0.02,-4.15,1.77,2.56,1.00,5.19,314,634,100,78
0.03,1.00,-0.03,-5.07,1.22,2.62,1.00,5.83,347,625,94,79
0.03,0.99,-0.03,-3.97,1.77,3.60,0.99,5.64,288,616,81,87
0.02,1.00,-0.03,-3.54,3.17,4.94,1.00,6.86,257,603,75,99
0.02,1.01,-0.03,-0.98,0.43,0.67,1.01,1.26,294,596,72,98
0.02,0.99,-0.03,0.85,-1.16,-1.04,0.99,1.78,274,598,70,103
0.02,0.99,-0.03,1.71,-0.55,-0.55,0.99,1.88,313,596,67,103
0.02,1.00,-0.03,2.26,-1.04,-0.98,1.00,2.67,398,595,66,105
0.03,1.02,-0.03,5.98,-4.58,-6.23,1.02,9.77,305,607,77,92
0.03,1.01,-0.02,11.84,-7.14,-11.29,1.01,17.85,369,623,85,67
0.03,0.96,0.00,12.70,-5.49,-9.64,0.96,16.86,296,638,86,61
0.04,0.98,0.00,9.03,-2.87,-4.09,0.98,10.32,369,636,94,64
0.04,1.01,-0.00,7.81,-2.14,-2.01,1.01,8.35,317,635,93,66
0.04,0.99,0.01,12.33,-3.66,-7.20,1.00,14.74,263,636,96,64
0.04,0.99,0.02,11.11,-2.93,-4.70,0.99,12.41,322,640,95,67
0.04,1.02,0.02,10.86,-2.81,-4.94,1.02,12.26,324,641,96,64
0.04,1.33,-0.03,17.15,-6.29,-17.27,1.33,25.14,349,661,99,53
0.06,1.32,-0.08,53.96,-12.27,-52.67,1.32,76.39,248,692,108,31
0.29,1.30,-0.10,82.15,-16.66,-90.39,1.34,123.28,177,724,109,11
-0.25,2.11,0.53,19.96,-22.64,-164.12,2.19,166.88,90,747,106,8
-0.33,2.04,0.36,3.48,15.26,-242.55,2.10,243.06,29,733,79,3
-0.12,1.56,-0.15,19.35,20.32,-277.22,1.57,278.64,11,737,45,2
-0.47,0.91,-0.48,76.66,4.58,-277.77,1.12,288.19,5,736,23,6
-0.96,-0.22,-0.51,76.29,-23.38,-237.79,1.11,250.82,2,697,4,14
-1.96,-0.50,-0.14,46.88,-15.38,-126.65,2.02,135.92,1,640,0,17
-1.50,-0.36,-0.34,-47.67,52.86,91.13,1.57,115.63,1,652,0,13
-0.44,0.43,-0.26,-42.66,68.30,159.30,0.67,178.50,2,656,0,12
-0.09,0.79,-0.07,-57.92,35.16,162.72,0.80,176.26,2,656,0,10
0.04,1.05,-0.00,-42.18,25.27,168.09,1.05,175.13,1,654,0,6
0.31,1.25,0.01,-45.84,32.59,145.63,1.29,156.11,2,656,0,7
0.67,1.58,0.10,-49.01,46.02,91.74,1.72,113.73,1,655,0,5
0.98,1.56,0.11,-43.70,80.75,44.62,1.84,102.08,1,651,0,3
1.32,1.38,-0.10,-35.34,126.46,28.32,1.91,134.33,1,661,0,3
1.66,1.06,-0.49,-28.50,131.84,23.19,2.03,136.86,1,664,0,0
1.83,0.99,-0.56,-56.09,36.44,17.21,2.16,69.07,1,669,0,1
1.33,0.74,-0.26,-55.79,-38.45,42.30,1.54,79.87,1,671,0,0
1.09,0.65,-0.16,-39.67,-87.77,60.55,1.28,113.77,1,674,0,0
0.90,0.66,-0.03,-31.56,-105.59,39.86,1.12,117.19,1,681,0,0
0.79,0.59,-0.01,-27.53,-92.53,3.91,0.98,96.62,1,694,0,0
0.77,0.83,0.07,-26.12,-69.27,-27.47,1.13,78.97,1,703,0,3
0.71,0.70,0.01,-0.61,-52.49,-54.63,1.00,75.76,0,0,0,8
0.60,0.75,-0.02,1.89,-29.36,-69.40,0.96,75.38,0,0,0,8
-0.77,2.78,1.05,202.76,18.07,39.79,3.07,207.42,5,764,9,5
-0.00,1.70,0.36,-0.98,-16.05,176.88,1.74,177.61,24,791,55,0
-0.26,1.48,0.39,73.97,-15.81,198.91,1.55,212.81,88,765,87,0
0.12,0.70,0.14,87.89,-11.66,122.01,0.72,150.82,186,733,99,1
0.01,1.32,0.16,39.00,-6.59,112.55,1.33,119.30,272,691,104,9
-0.22,1.71,-0.30,-48.40,11.66,44.13,1.76,66.53,408,625,116,55
0.04,1.14,-0.04,7.02,-3.42,-7.08,1.14,10.54,418,618,119,62
0.04,0.99,-0.00,4.46,-3.72,-8.24,0.99,10.08,360,625,129,49
0.05,1.03,-0.03,16.66,-4.88,-18.07,1.03,25.06,356,643,131,34
0.06,0.92,0.04,7.32,-2.44,-5.19,0.92,9.30,453,659,122,29
0.06,1.01,-0.00,3.85,-1.40,-1.95,1.01,4.54,418,665,126,29
0.06,0.88,0.04,0.24,-0.24,2.62,0.88,2.65,488,670,126,30
0.05,0.94,0.02,-13.12,2.14,12.57,0.95,18.30,453,667,117,38
-0.03,1.21,-0.04,-24.35,4.15,20.63,1.22,32.19,343,655,104,52
0.04,1.10,-0.05,-13.85,6.53,11.41,1.10,19.10,326,631,95,67
0.03,0.98,-0.01,-1.16,1.34,3.23,0.98,3.69,345,623,94,74
0.02,0.99,-0.02,-1.16,1.46,2.81,0.99,3.37,394,619,91,84
0.01,1.01,-0.02,0.06,0.98,1.28,1.01,1.61,292,615,84,92
0.03,1.01,-0.01,3.36,-1.77,-2.50,1.01,4.55,313,613,85,95
0.03,0.99,-0.01,5.74,-3.11,-4.82,0.99,8.12,352,617,89,89
0.03,1.00,-0.01,6.04,-3.05,-5.37,1.00,8.64,381,617,97,78
0.03,0.99,0.00,5.55,-2.44,-3.23,0.99,6.88,308,616,93,81
0.04,1.04,-0.02,9.70,-5.31,-10.56,1.04,15.29,391,609,95,72
0.04,0.98,0.02,15.32,-8.24,-15.26,0.98,23.14,363,619,94,64
0.04,0.97,0.04,8.24,-3.66,-5.80,0.97,10.72,518,611,91,69
0.05,1.07,-0.01,9.95,-4.76,-11.60,1.07,16.00,403,609,89,66
0.06,1.11,-0.00,20.94,-5.43,-17.40,1.12,27.76,480,614,94,58
0.09,1.13,-0.00,38.21,-9.46,-31.37,1.13,50.33,442,628,99,46
0.10,1.41,-0.12,41.26,-15.08,-47.06,1.42,64.37,384,668,105,22
-0.10,2.37,0.30,29.85,-30.58,-84.35,2.39,94.56,312,717,108,11
-0.32,2.27,0.73,-15.20,1.10,-177.67,2.41,178.33,162,751,108,2
-0.23,1.89,0.27,-51.15,44.62,-263.06,1.92,271.68,43,754,79,0
-0.18,1.80,0.05,-47.97,47.67,-309.63,1.81,316.93,15,758,53,0
-0.55,1.33,-0.05,70.68,48.03,-306.95,1.45,318.62,8,750,31,0
-0.89,-1.01,-0.63,69.27,25.94,-209.90,1.49,222.55,4,681,3,15
-1.32,-0.17,0.10,14.71,-6.47,-60.00,1.33,62.11,1,623,0,16
-1.19,-0.14,-0.12,50.42,24.66,105.53,1.21,119.53,1,642,0,15
-0.34,0.21,-0.24,12.27,46.26,156.62,0.47,163.77,2,646,0,13
-0.29,0.69,-0.12,6.04,53.65,159.97,0.76,168.84,1,647,0,12
-0.04,0.92,-0.15,5.49,67.08,174.38,0.93,186.91,1,649,0,9
0.11,1.15,-0.27,2.38,86.49,172.06,1.19,192.59,1,648,0,9
0.44,1.50,-0.21,-8.06,94.67,145.75,1.58,173.98,1,655,0,6
0.68,1.76,-0.20,-5.31,101.07,75.68,1.90,126.38,1,656,0,5
0.95,1.75,-0.33,-0.31,125.92,43.40,2.02,133.18,1,655,0,2
1.16,1.55,-0.57,7.26,138.06,45.90,2.02,145.67,1,666,0,3
1.31,1.18,-0.86,24.35,113.71,54.38,1.96,128.37,1,663,0,2
1.31,0.72,-0.94,-17.09,51.03,56.64,1.77,78.13,1,672,0,1
1.11,0.86,-0.58,-82.15,-18.01,65.73,1.52,106.74,1,676,0,0
1.10,0.53,-0.48,-76.35,-73.67,71.29,1.31,127.83,1,672,0,0
0.96,0.58,-0.21,-102.72,-115.42,76.29,1.14,172.32,1,675,0,0
0.83,1.02,0.24,-95.34,-121.28,31.74,1.34,157.49,1,678,0,0
0.54,0.94,0.24,-25.15,-93.02,-4.46,1.11,96.46,1,684,0,0
0.30,1.11,0.04,20.81,-54.50,-29.66,1.15,65.45,1,703,0,0
0.10,0.87,-0.28,36.80,-21.24,-67.14,0.92,79.46,1,711,0,5
0.14,0.72,-0.46,18.92,0.31,-106.20,0.86,107.87,1,719,0,6
0.33,0.70,-0.24,-17.64,3.85,-90.94,0.81,92.72,1,723,0,8
1.86,2.45,0.16,4.64,-29.97,-60.24,3.08,67.44,5,770,4,8
0.83,-1.83,-0.67,229.80,-26.49,74.40,2.12,242.99,33,828,72,11
-0.23,3.57,-0.40,34.18,22.83,272.46,3.60,275.54,110,769,94,2
0.39,1.30,1.77,123.60,-17.03,113.40,2.23,168.60,239,691,111,20
0.28,2.81,-0.62,-107.30,25.82,74.95,2.89,133.41,293,617,118,79
0.06,0.90,0.03,-1.83,-4.27,-6.29,0.91,7.82,370,611,121,83
0.08,1.15,-0.02,17.15,-12.45,-25.09,1.15,32.84,485,620,129,41
0.12,0.86,-0.04,46.08,-12.88,-44.92,0.86,65.63,386,646,136,14
0.07,0.96,0.19,7.02,-10.99,-46.02,0.98,47.83,418,687,139,7
0.14,0.96,0.00,-12.08,-2.01,-39.86,0.97,41.70,342,716,140,5
0.16,0.98,0.01,-8.42,-0.98,-33.81,1.00,34.86,289,738,140,0
0.16,0.96,0.04,-10.25,0.31,-31.92,0.98,33.53,305,750,143,0
0.20,0.97,-0.03,-13.43,1.34,-28.99,0.99,31.98,248,761,143,0
0.21,0.92,-0.02,-7.93,1.28,-24.48,0.95,25.76,218,766,142,0
0.23,0.91,-0.03,-3.97,1.34,-17.40,0.94,17.89,237,774,136,0
0.22,0.90,-0.00,-1.59,1.04,-10.01,0.92,10.19,201,778,141,0
0.23,0.92,-0.01,-2.44,1.22,-4.94,0.94,5.65,201,778,136,0
0.23,0.93,-0.01,-3.11,0.73,-2.01,0.95,3.78,192,777,144,0
0.22,0.92,0.02,-7.63,1.46,-0.31,0.95,7.77,200,774,142,0
0.23,0.92,-0.03,-11.72,3.36,2.38,0.95,12.42,216,772,142,0
0.22,1.02,-0.05,-11.60,3.36,3.11,1.04,12.47,209,769,143,0
0.22,1.14,-0.07,-6.10,1.04,-6.16,1.16,8.74,229,775,139,0
0.22,1.07,-0.02,0.67,-1.83,-22.83,1.10,22.91,211,779,149,0
0.24,1.09,-0.04,-0.73,-2.26,-38.51,1.11,38.59,232,792,149,0
0.24,1.22,-0.03,-4.21,-2.62,-58.65,1.24,58.86,179,811,152,0
0.26,1.22,-0.01,-7.81,-2.99,-88.50,1.25,88.90,180,824,150,0
0.26,1.18,0.02,-19.53,-0.06,-115.42,1.20,117.06,160,834,153,0
0.32,1.32,-0.09,-35.58,4.39,-147.52,1.36,151.82,127,835,148,0
0.39,1.55,-0.12,-45.35,2.87,-203.74,1.60,208.74,106,823,123,0
0.61,2.39,-0.27,-44.56,0.12,-252.69,2.48,256.58,62,791,77,0
0.75,2.25,-0.26,-59.94,-3.54,-285.58,2.39,291.83,20,754,41,0
0.41,1.90,-0.41,-10.25,-19.23,-293.70,1.99,294.51,6,733,19,0
0.24,1.26,-0.46,4.09,-33.02,-329.16,1.36,330.84,2,719,5,0
-0.04,0.58,-0.64,-38.45,-44.86,-250.49,0.87,257.36,1,696,0,8
-1.06,0.58,0.18,-29.17,-42.60,-104.92,1.22,116.94,1,689,0,9
-0.49,0.72,0.04,56.09,20.75,105.10,0.87,120.93,0,0,0,6
-0.03,0.55,-0.23,113.10,8.91,192.69,0.60,223.61,1,679,0,6
-0.02,0.46,-0.09,90.03,-16.36,213.68,0.47,232.45,1,671,0,6
-0.06,0.67,-0.02,98.21,-20.57,225.22,0.67,246.56,1,660,0,9
0.08,0.67,-0.27,110.11,-5.37,250.24,0.73,273.45,1,649,0,10
0.09,0.81,-0.37,78.98,7.51,259.28,0.89,271.14,1,644,0,11
0.14,1.16,-0.40,52.19,30.46,269.59,1.23,276.28,1,646,0,12
0.22,1.25,-0.51,46.26,61.28,256.16,1.37,267.42,1,643,0,12
0.16,1.33,-0.56,24.05,109.50,244.69,1.46,269.15,1,643,0,16
0.43,1.52,-0.73,2.08,183.59,230.16,1.74,294.43,1,645,0,15
0.83,1.67,-0.91,-21.42,191.96,184.33,2.07,266.99,1,648,0,10
1.11,1.65,-0.97,-22.34,161.93,122.62,2.21,204.34,1,655,0,9
1.26,1.46,-0.90,-36.80,108.15,70.25,2.13,134.12,1,662,0,6
1.33,1.33,-0.65,-67.08,46.14,51.39,1.98,96.28,1,669,0,5
1.44,1.05,-0.71,-57.68,-21.97,72.69,1.92,95.36,1,667,0,4
1.54,0.61,-0.58,-76.72,-108.58,129.88,1.75,185.86,1,659,0,2
1.64,0.99,0.15,-105.41,-170.41,132.32,1.92,240.13,2,657,0,2
1.54,1.73,2.09,133.54,-125.55,-30.64,3.12,185.84,2,637,0,15
0.62,1.03,-0.10,180.42,-26.55,-136.41,1.21,227.74,3,546,0,40
0.02,0.80,0.25,24.96,21.79,-140.50,0.84,144.36,4,513,0,71
0.13,1.07,0.12,-35.83,19.78,-65.98,1.09,77.64,11,517,0,83
0.00,1.04,-0.05,5.25,-2.14,-6.47,1.04,8.60,45,567,0,101
0.03,0.93,-0.00,6.96,0.43,-2.20,0.93,7.31,54,576,16,105
0.02,1.00,-0.04,-1.34,0.37,-1.04,1.00,1.74,87,574,19,105
0.02,1.00,-0.05,0.98,0.37,-1.22,1.00,1.61,110,578,27,109
0.02,1.00,-0.04,4.39,0.37,-1.83,1.00,4.77,161,581,37,121
0.03,0.99,-0.02,4.15,0.43,-1.59,0.99,4.46,253,581,44,128
0.02,1.00,-0.02,0.00,0.00,-1.34,1.00,1.34,218,578,50,134
0.02,1.00,-0.03,-1.83,0.00,-1.34,1.00,2.27,250,575,56,134
0.02,1.00,-0.04,-1.16,-0.61,-1.89,1.00,2.30,258,574,61,130
0.02,0.99,-0.03,1.53,-1.46,-2.38,0.99,3.18,306,582,68,127
0.03,1.00,-0.03,1.77,-2.44,-3.66,1.00,4.74,344,586,81,117
0.03,0.99,-0.03,2.50,-3.23,-4.39,0.99,6.00,389,600,92,102
0.03,1.00,-0.03,2.32,-3.60,-4.46,1.00,6.18,336,612,101,91
