-,-,-
3.82,-0.54,-0.95,9.46,-84.11,31.43,3.97,90.29,3,661,0,0
3.85,-0.21,-0.36,-203.25,-145.57,-53.71,3.87,255.70,8,727,0,0
0.92,-1.49,-2.27,284.30,120.12,149.96,2.87,343.14,109,717,34,0
0.21,1.27,-1.03,199.46,50.17,0.37,1.65,205.68,289,663,73,5
0.08,0.42,0.23,73.61,-9.77,-18.62,0.48,76.55,386,656,113,9
0.10,0.90,-0.04,14.71,-5.43,-17.03,0.91,23.15,509,655,131,6
0.09,1.06,0.03,-5.43,-10.19,-34.18,1.07,36.08,404,661,137,3
0.12,0.98,0.01,-22.58,-8.00,-40.59,0.99,47.13,411,686,143,0
0.18,1.15,0.05,-34.55,3.42,-43.09,1.17,55.33,488,713,143,0
0.16,1.05,-0.04,-22.22,-11.05,-56.58,1.06,61.78,306,740,147,0
0.21,0.98,-0.09,-11.05,-6.65,-59.69,1.00,61.07,308,765,142,0
0.22,0.89,-0.06,-5.07,-4.58,-55.48,0.92,55.90,251,782,148,0
0.27,0.95,-0.09,-3.85,-2.14,-48.95,0.99,49.15,240,801,144,0
0.30,0.87,-0.08,6.35,-2.20,-42.60,0.92,43.13,196,815,145,0
0.31,0.97,-0.08,10.99,-2.14,-35.52,1.02,37.24,194,826,152,0
0.33,0.92,-0.06,15.56,-3.05,-34.00,0.97,37.51,181,831,154,0
0.39,0.89,0.07,18.19,-7.26,-34.06,0.98,39.29,155,836,152,0
0.33,0.97,-0.02,18.62,-7.63,-33.14,1.03,38.77,124,844,158,0
0.37,1.19,-0.11,21.73,-2.01,-47.12,1.26,51.93,123,842,160,0
0.38,1.32,-0.01,22.09,-8.36,-82.21,1.37,85.54,95,841,157,0
0.37,1.57,-0.03,5.43,-11.17,-128.05,1.61,128.65,72,832,157,0
0.43,1.93,-0.31,-6.04,-18.98,-196.35,2.00,197.36,50,814,146,0
0.65,1.97,-0.12,-21.48,-41.20,-275.94,2.08,279.82,31,781,97,0
0.49,2.46,-0.09,-43.03,-20.08,-316.28,2.51,319.83,11,765,36,0
0.57,1.76,-0.78,-7.08,-25.94,-341.80,2.00,342.85,5,752,12,0
-1.49,1.35,-0.25,-55.30,-88.50,-74.83,2.03,128.41,2,718,0,2
-1.48,1.46,0.16,78.98,-24.90,142.58,2.08,164.88,2,727,0,3
-1.06,0.42,-0.13,57.25,2.87,165.04,1.15,174.71,2,728,0,5
-1.04,0.44,-0.05,18.13,27.83,218.38,1.13,220.90,2,725,0,7
-0.73,0.76,0.04,4.03,49.62,257.81,1.06,262.58,2,720,0,8
-0.54,0.99,0.04,-2.81,71.04,259.03,1.13,268.61,2,716,0,9
-0.07,1.24,-0.01,-13.06,100.34,252.69,1.24,272.19,3,706,0,7
0.79,1.85,0.03,-43.40,125.12,233.09,2.01,268.09,3,700,0,4
1.95,1.63,-0.39,4.94,149.84,177.86,2.57,232.62,3,694,0,3
3.45,0.98,-1.24,6.29,78.55,68.91,3.80,104.68,3,686,0,0
3.44,0.48,-0.79,-73.18,-18.13,0.18,3.57,75.39,2,668,0,0
2.96,0.35,-0.62,-86.91,-53.53,-59.69,3.04,118.25,2,669,0,0
0.57,-0.24,0.34,125.92,-163.39,-118.29,0.71,237.79,27,749,27,0
0.19,1.90,-0.17,-97.17,-13.73,87.95,1.92,131.78,134,762,75,0
0.49,0.43,-0.45,60.55,30.88,15.50,0.80,69.71,325,760,118,0
0.27,1.84,-0.34,-1.59,5.43,5.86,1.89,8.15,320,754,143,0
0.17,1.39,0.20,8.12,-15.08,-36.44,1.41,40.26,342,755,152,0
0.21,1.04,0.06,-25.63,-1.59,-51.03,1.06,57.12,325,771,160,0
0.34,0.92,0.02,16.78,-0.79,-61.28,0.99,63.54,280,791,167,0
0.33,0.82,0.02,-3.17,-0.73,-40.04,0.88,40.17,244,799,170,0
0.32,1.07,-0.03,-1.22,-6.29,-39.06,1.12,39.58,235,809,172,3
0.31,1.14,0.07,-7.32,-4.88,-51.27,1.18,52.02,201,824,165,0
0.33,1.32,-0.02,-27.65,2.56,-73.55,1.36,78.61,182,837,168,0
0.36,1.34,-0.06,-29.97,1.04,-112.18,1.39,116.12,144,845,162,0
0.40,1.42,-0.08,-40.53,-2.44,-153.38,1.47,158.66,105,832,142,0
0.49,1.41,-0.08,-37.90,-3.11,-189.88,1.49,193.65,60,801,103,0
0.59,0.97,0.07,-32.47,19.71,-199.58,1.14,203.17,31,777,57,0
0.64,1.51,-0.01,-57.56,46.45,-186.89,1.64,200.99,15,757,25,0
0.59,0.90,0.02,-45.90,60.18,-207.70,1.08,221.06,6,733,13,4
-0.53,2.43,-0.08,-69.52,55.79,-14.77,2.49,90.35,4,683,0,3
-0.70,2.43,-0.01,42.24,-29.17,71.41,2.53,87.95,4,669,0,2
-0.75,2.10,-0.07,128.78,-138.24,118.29,2.23,222.91,3,671,0,7
-1.15,1.17,0.01,191.77,-182.80,128.66,1.64,294.53,2,673,0,12
-1.57,0.08,-0.18,179.02,-97.05,136.47,1.58,245.13,1,675,0,16
-1.21,0.36,-0.37,51.15,96.62,203.61,1.32,231.11,1,677,0,16
-0.12,0.86,-0.98,-8.97,143.31,221.68,1.31,264.12,2,674,0,18
0.26,1.39,-0.86,-20.57,84.96,237.85,1.66,253.41,2,669,0,16
0.89,1.57,-0.73,-18.55,21.36,231.02,1.95,232.74,2,668,0,14
1.73,1.65,-0.59,-40.89,-7.45,149.90,2.47,155.56,2,659,0,9
2.19,1.28,-0.44,-82.34,-0.61,37.17,2.57,90.34,2,651,0,9
2.84,0.91,-0.30,-144.35,25.09,4.70,2.99,146.59,1,651,0,3
3.72,0.79,-0.24,-128.05,14.04,-65.43,3.81,144.48,4,693,0,2
4.00,-1.38,-0.48,219.30,-134.77,-108.95,4.26,279.51,37,784,49,8
-0.40,-0.61,-1.49,134.03,80.87,120.06,1.65,197.28,171,785,116,0
0.58,0.25,-0.96,165.77,55.97,38.64,1.14,179.18,257,769,144,0
0.25,1.36,-0.10,53.16,-3.05,-10.56,1.38,54.29,289,760,157,0
0.20,1.56,0.02,-50.66,1.40,-29.36,1.57,58.57,306,767,164,0
0.31,1.21,-0.15,-25.57,6.23,-60.00,1.26,65.52,292,791,167,0
0.32,1.04,-0.17,-17.03,5.19,-79.53,1.10,81.50,245,819,169,0
0.33,1.08,-0.12,-6.35,-3.78,-92.65,1.13,92.95,188,840,167,0
0.35,1.00,-0.07,2.26,-6.16,-100.46,1.06,100.68,146,849,161,0
0.45,1.24,-0.19,-3.91,0.61,-112.00,1.33,112.07,116,844,156,0
0.53,1.31,-0.32,27.47,-11.35,-138.37,1.45,141.52,68,828,137,0
0.61,1.17,-0.23,41.38,-21.97,-165.83,1.34,172.32,39,808,99,0
0.65,1.12,0.19,-9.34,-33.33,-170.35,1.31,173.83,20,782,64,0
0.50,1.23,-0.04,-71.11,-23.74,-180.85,1.33,195.77,12,763,32,0
0.62,2.43,0.21,-92.47,-9.03,-217.10,2.52,236.15,5,745,12,0
-0.67,0.14,-0.41,-40.28,-2.69,-207.03,0.80,210.93,2,708,0,9
-1.48,1.77,0.20,-19.78,-3.60,-0.37,2.31,20.10,1,682,0,6
-0.93,1.23,-0.23,30.40,7.32,75.44,1.56,81.66,2,689,0,6
-0.75,0.95,-0.07,37.72,-25.33,109.01,1.21,118.10,1,691,0,8
-0.75,0.57,-0.11,67.69,-31.56,159.42,0.95,176.05,1,686,0,7
-0.57,0.42,-0.27,44.25,-32.10,217.04,0.75,223.82,1,685,0,10
-0.40,0.82,-0.19,3.91,-19.71,245.30,0.93,246.12,1,683,0,10
0.15,1.14,-0.32,-23.68,0.31,252.62,1.19,253.73,1,681,0,11
1.12,1.52,-0.17,-67.81,5.31,223.45,1.90,233.57,2,671,0,4
2.05,1.81,0.39,-72.14,35.58,118.96,2.76,143.60,2,663,0,2
2.80,0.61,0.07,-56.15,66.83,48.71,2.86,99.96,2,653,0,3
3.33,0.72,0.17,-15.38,45.17,-27.83,3.42,55.24,2,654,0,2
2.96,0.15,0.03,54.69,-41.38,-36.56,2.96,77.72,4,718,0,1
0.95,-1.95,-0.17,93.20,-61.83,-79.41,2.17,137.17,29,784,58,7
-0.08,3.89,-0.17,-274.60,-24.78,163.27,3.90,320.43,125,795,111,0
0.33,-0.16,-0.34,153.20,24.54,75.38,0.50,172.49,212,774,141,0
0.30,0.50,-0.17,139.47,15.26,21.55,0.61,141.94,269,751,150,0
0.13,1.43,0.05,10.25,1.16,27.65,1.44,29.51,298,744,160,0
0.18,1.39,-0.06,-5.13,0.92,-1.83,1.41,5.52,320,746,166,0
0.15,1.44,0.03,23.86,-15.62,-73.06,1.45,78.43,261,781,170,0
0.20,1.00,0.07,3.78,-8.42,-98.57,1.03,99.00,204,811,170,0
0.24,1.21,-0.03,-17.70,-0.06,-109.01,1.24,110.44,149,841,170,1
0.30,1.30,-0.02,-18.74,-2.99,-129.76,1.33,131.14,95,848,164,0
0.30,1.31,-0.02,-20.87,-4.64,-162.48,1.34,163.88,64,840,155,0
0.44,1.39,0.02,-25.51,-2.93,-196.11,1.46,197.78,33,815,112,0
0.53,0.92,0.03,-10.38,16.72,-214.48,1.07,215.38,18,786,71,0
0.49,1.23,0.22,-41.69,20.26,-201.78,1.34,207.04,10,779,44,0
0.56,1.60,0.20,-74.40,32.65,-217.47,1.70,232.15,5,762,21,0
0.79,1.29,-0.14,-31.68,48.46,-230.22,1.52,237.39,2,753,8,9
-0.66,-0.84,-0.96,9.58,64.64,-136.72,1.43,151.53,1,713,0,15
0.07,2.16,-0.53,-8.54,-46.94,128.66,2.22,137.22,1,662,0,9
-0.79,1.50,0.07,68.05,-128.60,111.57,1.70,183.35,1,638,0,11
-1.12,0.89,-0.21,177.19,-108.76,144.35,1.45,253.10,1,643,0,15
-1.10,-0.20,-0.48,122.13,-86.67,187.01,1.22,239.59,1,643,0,19
-1.08,0.33,-0.16,11.11,-30.46,214.84,1.14,217.28,1,642,0,20
-0.69,0.62,-0.25,-21.18,44.07,246.03,0.96,250.84,1,638,0,23
-0.31,1.17,-0.30,-59.94,73.61,272.16,1.25,288.23,2,638,0,17
1.27,1.86,-0.29,-52.61,55.30,247.92,2.27,259.41,2,645,0,13
2.17,2.21,0.06,-71.78,20.87,127.81,3.10,148.06,3,644,0,7
3.10,1.26,0.01,-0.24,20.14,48.22,3.34,52.26,3,648,0,5
3.12,-0.05,-0.15,-53.65,19.53,-42.48,3.13,71.16,3,644,0,4
3.37,1.98,1.30,-52.67,-84.66,-24.60,4.12,102.69,21,759,24,3
0.31,-2.16,0.68,19.65,-66.35,13.98,2.29,70.59,136,774,91,0
-0.08,3.28,0.06,-45.41,4.52,73.85,3.28,86.81,268,751,137,2
0.01,2.32,0.22,79.71,-11.05,-7.08,2.33,80.78,314,737,153,1
0.15,1.64,0.00,-26.31,-0.73,20.20,1.65,33.18,1018,732,164,2
0.16,1.37,0.07,9.34,-8.73,-27.04,1.38,29.91,448,733,167,0
0.16,1.37,0.07,-12.63,-11.17,-64.64,1.38,66.80,366,760,166,0
0.18,1.24,0.07,-24.54,-10.93,-98.94,1.25,102.52,278,797,165,0
0.22,1.23,-0.00,-28.69,-5.80,-121.64,1.25,125.11,193,831,169,0
0.30,1.28,-0.08,-17.52,-1.53,-146.97,1.31,148.02,132,843,163,0
0.30,1.53,-0.06,-31.49,0.79,-172.79,1.56,175.64,81,835,139,0
0.46,1.53,-0.13,-17.52,13.67,-210.33,1.60,211.50,40,801,87,0
0.49,0.93,0.16,-25.88,9.22,-213.56,1.07,215.32,18,779,48,0
0.65,0.90,0.02,-9.83,37.11,-209.35,1.11,212.84,10,767,26,0
0.73,1.89,-0.03,-57.01,44.62,-218.14,2.02,229.84,4,746,10,8
-0.58,0.35,-0.50,-6.29,32.90,-130.68,0.84,134.90,3,705,0,9
-0.52,1.93,-0.40,-18.98,-7.51,34.18,2.04,39.81,1,672,0,8
-1.10,1.63,-0.13,25.70,-23.80,22.34,1.97,41.54,1,669,0,5
-0.85,0.92,-0.46,66.16,12.82,69.46,1.34,96.78,1,661,0,10
-0.78,0.77,-0.28,47.73,-9.40,147.83,1.13,155.63,1,656,0,10
-0.59,0.48,-0.44,80.08,-16.05,240.42,0.88,253.91,1,646,0,11
0.11,0.67,-0.56,14.89,-44.74,281.56,0.88,285.48,1,648,0,12
0.70,1.19,-0.30,-20.32,-52.19,274.66,1.41,280.31,1,644,0,11
1.72,1.48,-0.17,-29.97,6.90,203.80,2.27,206.10,1,647,0,8
2.87,0.75,-0.40,-53.47,83.62,63.17,2.99,117.65,1,647,0,4
3.59,0.61,-0.20,-131.71,107.97,-8.30,3.64,170.51,1,654,0,2
4.00,0.45,-0.29,-33.33,68.48,-87.83,4.04,116.25,2,700,0,2
3.43,-0.96,-0.18,185.36,-72.14,-82.89,3.57,215.49,10,747,15,4
0.15,-0.52,0.43,-59.57,-29.30,82.58,0.69,105.96,49,770,63,0
0.33,0.59,-0.56,-17.70,33.75,136.96,0.88,142.17,160,798,125,0
0.30,2.52,-0.61,-24.11,33.75,91.13,2.61,100.12,243,779,145,0
0.16,1.59,0.04,12.21,-6.90,18.19,1.60,22.97,244,761,151,0
0.25,1.32,-0.19,-20.69,0.06,-14.83,1.35,25.46,274,757,165,0
0.25,0.98,-0.08,16.36,-11.78,-48.58,1.01,52.60,304,771,170,0
0.24,0.91,0.02,-2.44,-10.38,-49.50,0.94,50.63,292,782,172,0
0.27,1.26,-0.13,-25.27,-3.66,-55.85,1.30,61.41,244,806,170,0
0.26,1.38,-0.05,-13.18,-10.31,-100.22,1.41,101.61,208,832,172,1
0.26,1.50,-0.03,-29.54,-5.49,-148.62,1.52,151.63,167,844,166,0
0.31,1.52,-0.15,-37.90,7.08,-193.54,1.56,197.35,112,833,140,0
0.49,1.35,-0.16,-27.65,6.29,-221.01,1.45,222.82,48,795,80,0
0.54,0.78,-0.07,-32.04,20.51,-213.62,0.95,216.98,17,766,41,0
0.58,1.29,-0.02,-56.21,18.80,-199.10,1.41,207.73,8,746,18,0
0.65,1.49,0.01,-68.05,30.03,-235.05,1.62,246.54,3,733,6,1
0.66,0.32,-0.44,-33.57,59.57,-217.35,0.86,227.85,1,703,0,10
0.30,1.36,-0.21,-11.78,46.94,-60.97,1.41,77.84,1,658,0,7
0.18,1.08,-0.77,35.58,-101.56,57.98,1.33,122.24,1,664,0,5
-0.90,1.21,-0.02,65.49,-164.98,59.81,1.51,187.31,1,659,0,9
-1.21,0.19,-0.23,167.48,-127.99,123.96,1.25,244.54,1,662,0,10
-1.03,-0.03,-0.39,109.68,-80.14,208.37,1.10,248.74,1,668,0,12
-0.85,0.21,-0.42,45.90,-16.91,239.20,0.97,244.15,1,673,0,18
-0.61,0.78,-0.44,-12.39,39.00,273.07,1.08,276.12,1,664,0,18
-0.28,1.40,-0.50,-29.79,76.60,280.82,1.51,292.60,1,649,0,18
0.30,1.56,-0.64,-35.28,88.20,289.67,1.71,304.85,1,644,0,15
1.87,2.13,-0.55,-77.76,64.33,182.80,2.89,208.81,2,637,0,8
3.02,1.17,-0.52,-52.12,21.85,44.13,3.28,71.71,2,645,0,7
4.00,0.55,-0.83,-95.64,-34.36,-14.10,4.12,102.60,3,661,0,5
4.00,-0.55,-0.07,270.02,-72.88,-72.20,4.04,288.85,43,753,35,7
-0.30,-0.86,1.08,207.21,-86.98,23.62,1.42,225.97,164,761,102,0
0.20,1.39,-0.00,51.09,-47.61,-38.76,1.40,79.87,268,760,142,3
0.24,2.43,-0.07,-85.51,-14.47,-14.10,2.44,87.86,286,755,162,4
0.19,0.75,0.29,-24.90,-6.10,-4.27,0.82,25.99,346,754,168,4
0.30,1.46,-0.24,-12.51,-9.40,-5.00,1.51,16.43,292,755,172,3
0.19,1.54,0.10,-24.66,2.69,-21.24,1.56,32.66,780,771,173,0
0.20,1.56,0.13,-21.00,-5.62,-68.12,1.58,71.50,245,810,172,0
0.19,1.44,0.05,-29.85,-6.41,-117.37,1.46,121.28,154,842,169,0
0.22,1.54,0.00,-46.63,-8.48,-175.17,1.56,181.47,104,845,154,0
0.20,1.62,0.01,-65.98,-0.98,-230.65,1.63,239.91,55,825,124,0
0.47,1.62,-0.06,-46.14,16.66,-261.66,1.69,266.22,19,787,68,0
0.63,0.79,-0.39,-8.30,33.75,-238.46,1.08,240.98,7,773,33,1
0.63,1.06,-0.25,-28.81,13.24,-219.97,1.26,222.24,3,753,14,11
-0.13,0.55,-0.37,-41.93,-7.26,-82.34,0.67,92.68,2,719,0,12
0.05,1.31,-0.76,-11.78,-32.59,15.81,1.51,38.09,1,688,0,7
-0.61,1.31,-0.17,-24.11,-100.46,36.93,1.46,109.72,1,683,0,6
-0.87,1.64,0.21,30.46,-102.54,67.93,1.87,126.71,1,684,0,8
-1.09,1.16,0.06,107.30,-54.69,101.01,1.59,157.19,1,681,0,9
-0.82,0.41,-0.45,92.59,5.07,158.63,1.02,183.75,1,680,0,14
-0.63,0.65,-0.34,7.57,31.31,185.79,0.97,188.56,1,675,0,14
-0.40,0.87,-0.47,-17.03,61.46,216.06,1.06,225.28,1,666,0,14
-0.18,1.39,-0.43,-41.87,65.31,256.71,1.47,268.18,1,662,0,15
0.75,1.81,-0.51,-42.85,52.73,254.64,2.03,263.55,1,662,0,11
2.17,2.16,-0.42,-70.13,40.16,151.37,3.09,171.59,2,652,0,7
3.02,0.96,-0.33,-61.28,20.81,8.67,3.18,65.30,2,651,0,6
3.44,0.14,0.06,-124.51,-24.05,-20.87,3.44,128.52,2,654,0,4
3.16,1.32,1.33,-84.11,-134.22,-18.01,3.68,159.41,5,705,0,4
4.00,0.18,0.97,72.20,-148.01,-89.78,4.12,187.57,31,800,48,12
0.50,-2.04,-0.44,233.95,44.98,123.66,2.14,268.41,124,793,101,0
0.24,1.42,-0.69,56.70,43.21,81.30,1.60,108.13,253,755,135,0
0.10,0.69,0.18,149.72,-8.12,-1.34,0.72,149.95,443,729,155,2
0.15,1.43,-0.02,-0.55,2.56,1.16,1.44,2.87,340,722,163,2
0.18,1.36,-0.05,21.67,-9.34,-34.61,1.37,41.88,388,739,170,1
0.20,1.22,-0.01,-9.34,-10.01,-48.03,1.24,49.95,364,758,166,0
0.19,1.27,0.02,-11.90,-13.67,-68.97,1.29,71.31,252,775,169,0
0.19,1.32,0.01,-20.32,-10.44,-103.39,1.33,105.89,205,830,171,0
0.22,1.36,-0.04,-42.36,-1.59,-139.65,1.38,145.94,141,847,162,0
0.35,1.47,-0.17,-50.35,8.67,-177.12,1.52,184.35,88,838,145,0
0.39,1.42,-0.08,-30.27,11.11,-214.78,1.48,217.19,39,809,100,0
0.56,1.04,-0.37,9.95,23.01,-214.29,1.24,215.76,12,778,54,0
0.52,1.32,-0.13,-18.74,-14.10,-192.69,1.43,194.11,5,762,26,0
0.52,1.39,-0.01,-18.62,-13.06,-208.62,1.49,209.85,2,748,9,2
0.43,0.99,-0.31,1.89,2.62,-217.47,1.12,217.49,1,750,1,13
-0.89,1.99,-0.35,-53.96,-5.74,-66.65,2.20,85.94,0,0,0,10
-0.99,1.63,-0.14,29.48,-35.83,-1.83,1.91,46.43,1,663,0,10
-0.78,1.27,-0.17,26.98,-46.20,41.26,1.50,67.56,1,652,0,8
-1.06,1.12,0.15,83.50,-39.55,96.44,1.55,133.55,1,648,0,15
-1.00,0.14,-0.25,71.23,-24.48,193.66,1.04,207.79,1,639,0,13
-0.79,0.55,-0.24,6.90,-27.22,262.02,0.99,263.52,1,638,0,17
-0.66,0.96,-0.21,-12.57,-31.98,296.94,1.19,298.92,1,639,0,17
-0.18,1.40,-0.11,-24.35,-14.47,327.88,1.42,329.10,2,636,0,16
1.11,2.24,0.03,-54.63,38.64,311.95,2.50,319.05,2,636,0,9
2.60,2.08,0.04,-59.45,102.60,166.81,3.33,204.66,2,639,0,5
4.00,1.19,-0.44,-33.57,120.24,55.42,4.20,136.59,3,639,0,5
4.00,0.27,-0.58,-66.89,56.95,-45.53,4.05,98.95,2,638,0,5
3.38,-0.64,-0.71,181.76,-63.84,-94.67,3.51,214.65,11,718,2,3
0.09,-0.02,0.27,69.21,-22.03,74.34,0.28,103.94,104,758,75,0
0.32,1.70,-0.37,48.65,2.08,32.04,1.77,58.29,265,752,131,1
0.19,2.19,-0.10,-2.56,-14.28,30.40,2.20,33.68,316,735,149,0
0.14,1.34,0.26,14.83,-14.77,-5.98,1.37,21.77,445,727,160,0
0.19,1.27,-0.10,-18.25,-4.03,-38.15,1.28,42.48,325,742,169,0
0.17,1.03,0.12,2.20,-11.60,-72.51,1.05,73.46,330,773,174,0
0.22,1.31,-0.01,-30.58,-9.40,-91.31,1.33,96.75,281,807,173,0
0.18,1.42,0.05,-33.26,-4.64,-139.83,1.43,143.81,194,839,171,0
0.28,1.28,0.01,-36.80,4.52,-182.98,1.31,186.70,131,847,159,0
0.36,1.20,-0.08,-46.81,13.92,-207.09,1.25,212.77,79,834,131,0
0.64,1.38,-0.20,-33.69,21.42,-208.56,1.53,212.34,32,801,73,0
0.80,1.11,-0.53,18.98,27.04,-197.94,1.47,200.68,10,772,37,0
0.56,1.15,-0.29,12.94,-3.05,-184.51,1.31,184.99,4,744,15,5
-0.31,0.49,-0.19,4.64,-13.67,-152.40,0.61,153.09,3,717,4,9
-0.55,1.78,0.19,-12.82,-10.93,-45.59,1.87,48.60,1,669,0,6
-0.88,1.65,0.11,20.81,-42.91,13.37,1.87,49.53,1,664,0,7
-0.68,1.34,-0.04,71.23,-63.60,68.85,1.50,117.72,1,669,0,9
-0.87,0.88,-0.08,98.82,-66.77,110.53,1.24,162.61,1,662,0,11
-0.82,0.47,-0.43,104.06,-38.82,164.06,1.04,198.12,1,659,0,13
-0.76,0.44,-0.63,21.61,-17.58,203.80,1.08,205.69,1,659,0,14
-0.60,0.91,-0.65,-19.10,13.49,247.19,1.27,248.30,1,662,0,17
-0.27,1.42,-0.60,-55.66,38.51,281.07,1.57,289.10,1,659,0,13
0.84,1.81,-0.57,-86.18,84.59,267.88,2.08,293.85,1,658,0,7
2.33,1.97,-0.47,-125.31,105.65,92.65,3.09,188.28,2,653,0,6
3.45,0.97,-0.26,-113.10,48.89,-3.17,3.59,123.25,1,656,0,3
3.40,0.17,-0.13,-80.57,-60.61,-19.04,3.40,102.60,1,658,0,3
3.95,0.80,-0.46,-52.86,-127.20,-58.11,4.05,149.50,3,713,0,2
0.60,-0.58,1.59,166.75,-147.34,-91.61,1.80,240.64,43,792,53,6
-0.19,1.06,0.24,-36.38,20.14,170.59,1.10,175.59,190,781,115,0
0.30,0.62,-0.55,192.08,8.48,23.19,0.88,193.66,299,751,152,0
0.14,0.54,0.36,150.27,-25.70,-27.59,0.66,154.93,321,739,164,0
0.17,1.62,-0.03,-41.20,0.31,-16.05,1.62,44.22,325,748,169,0
0.19,1.32,0.03,14.47,-13.55,-73.49,1.34,76.11,292,774,169,0
0.24,1.33,-0.06,-35.16,-7.81,-86.18,1.35,93.40,254,803,168,0
0.23,1.22,0.02,-23.44,-10.99,-119.32,1.24,122.10,201,833,174,0
0.28,1.23,-0.02,-49.13,4.76,-145.69,1.27,153.83,149,847,171,1
0.39,1.27,-0.08,-62.50,15.69,-173.46,1.34,185.04,114,844,150,0
0.54,1.08,-0.11,-46.69,21.48,-183.04,1.21,190.12,64,812,100,0
0.59,0.96,-0.22,-23.44,30.94,-175.54,1.14,179.78,25,788,62,0
0.72,0.89,-0.26,-23.99,25.45,-166.02,1.17,169.66,12,763,35,0
0.67,1.12,0.06,-24.17,17.09,-171.08,1.30,173.62,7,755,19,0
0.66,0.69,-0.22,-25.76,39.37,-158.51,0.98,165.34,4,732,8,6
0.17,1.97,-0.19,-100.59,20.51,-61.65,1.98,119.74,2,679,0,4
-0.33,2.00,-0.50,3.36,-32.04,-5.62,2.09,32.70,2,660,0,7
-0.86,1.48,-0.38,84.84,-74.95,36.74,1.76,119.02,2,656,0,8
-1.01,1.06,-0.46,127.87,-94.67,90.58,1.53,183.07,1,650,0,11
-1.10,0.38,-0.48,145.75,-86.12,156.25,1.26,230.38,1,645,0,11
-0.94,0.39,-0.46,87.59,-61.04,222.11,1.12,246.43,1,648,0,16
-0.74,0.56,-0.49,34.73,-15.08,254.88,1.05,257.68,1,646,0,17
-0.70,1.66,-0.32,-59.63,36.38,284.18,1.83,292.64,2,641,0,17
0.57,1.64,-0.63,-37.41,94.12,290.59,1.84,307.73,2,639,0,12
2.13,2.22,-0.29,-86.00,88.20,229.06,3.09,260.09,3,638,0,9
3.54,1.56,-0.45,-49.01,48.77,79.77,3.90,105.57,3,639,0,7
3.58,0.41,-0.40,-55.97,-15.69,-21.48,3.63,61.97,2,636,0,6
3.70,2.45,1.09,-100.52,-86.73,-30.15,4.57,136.15,8,707,0,3
0.68,-1.21,0.50,161.50,-92.10,-130.13,1.48,226.93,68,753,56,5
-0.02,2.38,-0.31,-178.10,15.26,120.67,2.40,215.67,208,770,115,0
0.59,-0.50,-0.86,-7.32,3.91,56.09,1.16,56.70,299,751,147,0
0.15,0.27,0.19,122.68,-15.93,-6.04,0.36,123.86,338,734,158,1
0.21,0.87,-0.15,59.08,-2.81,-8.30,0.90,59.73,366,727,160,1
0.10,1.00,0.19,49.50,-21.06,-33.69,1.02,63.47,325,739,170,1
0.15,1.23,0.07,2.69,-9.89,-54.75,1.24,55.70,275,769,168,0
0.14,1.30,0.10,-14.77,-5.00,-84.59,1.31,86.02,232,804,169,0
0.19,1.30,-0.01,-25.45,7.51,-112.30,1.32,115.40,161,831,163,0
0.26,1.41,-0.08,-29.79,8.00,-145.51,1.43,148.74,104,840,158,1
0.22,1.40,-0.05,-31.62,-0.31,-193.24,1.42,195.81,53,822,130,0
0.47,1.43,-0.04,-7.14,1.65,-212.89,1.51,213.02,23,788,81,0
0.58,1.14,-0.11,-0.73,1.40,-191.71,1.28,191.72,10,770,37,0
0.57,0.67,-0.48,-9.58,-9.09,-176.15,0.99,176.64,4,734,12,4
-0.35,1.13,-0.19,-70.92,-58.78,-43.40,1.20,101.82,2,694,0,6
-0.62,1.78,-0.11,-24.17,-69.52,2.99,1.88,73.66,1,672,0,7
-1.25,1.72,0.02,28.56,-34.00,25.70,2.12,51.30,1,663,0,10
-1.09,1.25,-0.28,78.74,24.60,47.06,1.69,94.97,2,647,0,11
-0.93,0.81,-0.42,44.86,48.95,71.35,1.30,97.47,2,638,0,13
-0.97,0.81,-0.33,33.94,61.58,136.66,1.30,153.69,2,635,0,15
-0.52,0.64,-0.52,21.73,53.10,175.23,0.98,184.39,2,629,0,15
-0.37,1.06,-0.50,-8.30,39.98,211.36,1.23,215.27,2,632,0,15
0.21,1.32,-0.61,-23.07,20.81,220.34,1.47,222.52,2,635,0,12
1.14,1.78,-0.29,-42.42,6.41,197.57,2.13,202.17,2,645,0,9
2.31,1.26,-0.24,-44.86,34.00,103.58,2.64,117.88,1,647,0,6
3.47,0.82,-0.10,-96.07,51.82,46.33,3.57,118.58,1,650,0,4
3.80,0.66,0.27,-94.85,15.93,-30.94,3.87,101.03,2,653,0,2
2.45,1.36,1.39,187.74,-106.02,-74.10,3.13,227.99,8,727,2,2
-0.03,-0.55,1.50,65.06,-112.73,-22.77,1.60,132.14,72,765,61,0
-0.02,2.67,0.07,-152.59,0.37,114.14,2.67,190.55,217,772,123,0
0.23,1.59,-0.27,81.79,-5.00,43.70,1.63,92.87,281,751,150,0
0.14,0.66,0.24,103.52,-19.84,-7.75,0.71,105.68,336,737,159,0
0.20,1.27,-0.07,15.32,1.71,-18.25,1.29,23.89,320,747,166,0
0.21,0.99,0.02,21.18,-6.04,-49.50,1.02,54.18,303,764,168,0
0.21,1.01,0.07,-4.03,0.43,-46.20,1.04,46.38,264,782,172,0
0.22,1.16,0.10,-17.76,0.12,-59.88,1.18,62.45,240,807,171,0
0.21,1.43,0.04,-41.87,3.23,-92.16,1.45,101.28,189,833,165,0
0.26,1.45,-0.03,-51.33,9.58,-141.72,1.47,151.04,126,843,159,0
0.27,1.48,-0.13,-61.77,14.40,-180.60,1.51,191.42,75,829,132,0
0.54,1.29,-0.04,-39.55,17.64,-199.40,1.40,204.05,34,794,77,0
0.51,1.41,-0.10,-41.63,31.98,-176.94,1.50,184.56,13,762,33,0
0.61,1.52,-0.21,-14.59,15.87,-192.63,1.65,193.83,7,730,9,2
0.45,0.75,-0.89,67.69,-31.13,-71.96,1.25,103.58,4,674,0,3
-0.31,2.02,-0.11,-5.98,-203.67,-7.69,2.04,203.91,2,665,0,6
-1.06,1.96,0.11,130.43,-205.81,21.24,2.23,244.58,1,668,0,9
-1.57,0.87,0.01,125.61,-93.32,34.85,1.79,160.32,1,663,0,12
-1.40,0.65,-0.16,66.71,42.91,93.20,1.55,122.38,1,662,0,14
-0.72,0.38,-0.73,29.85,127.62,134.46,1.09,187.77,1,656,0,15
-0.40,0.65,-0.78,-9.03,97.72,178.22,1.09,203.45,2,653,0,18
-0.27,0.81,-0.79,-14.71,35.71,216.49,1.17,219.91,2,644,0,14
-0.14,1.15,-0.71,-32.96,-8.00,234.92,1.36,237.36,2,646,0,15
0.22,1.72,-0.41,-60.91,6.10,213.13,1.79,221.75,1,649,0,10
1.52,1.71,-0.33,-101.87,115.97,95.76,2.32,181.65,1,650,0,5
3.45,0.84,-0.42,-126.34,161.56,43.88,3.57,209.74,2,650,0,3
4.00,0.57,-0.61,-142.82,71.47,-25.63,4.09,161.75,2,648,0,0
4.00,1.68,-0.98,-107.06,-89.78,-111.57,4.45,178.80,6,720,0,0
0.33,-2.25,1.68,347.96,-90.39,-61.89,2.83,364.80,69,779,62,3
-0.50,4.00,1.17,-238.59,-37.72,159.24,4.20,289.32,248,775,120,0
0.12,0.76,-0.09,119.81,-7.87,20.08,0.77,121.74,303,752,153,0
0.16,0.00,0.30,132.20,-20.32,-44.25,0.34,140.89,340,739,161,1
0.21,0.71,0.02,12.57,8.61,-1.59,0.74,15.32,364,735,164,0
0.22,0.83,0.09,35.40,-6.84,-34.85,0.86,50.14,366,743,171,1
0.24,1.20,-0.02,-2.01,-3.85,-42.11,1.22,42.34,309,767,167,2
0.19,1.36,0.08,-9.09,-6.65,-71.66,1.37,72.54,263,806,172,0
0.20,1.46,0.02,-32.10,2.56,-107.36,1.47,112.09,178,836,168,0
0.28,1.42,0.00,-30.52,5.68,-157.96,1.45,160.98,103,838,152,1
0.34,1.69,-0.11,-52.00,3.85,-198.61,1.72,205.34,48,806,106,0
0.49,1.01,-0.09,-12.94,34.61,-204.47,1.13,207.78,16,763,45,0
0.36,1.13,-0.19,-64.45,11.84,-185.85,1.20,197.07,8,734,14,0
0.20,0.82,-0.17,-84.05,-22.71,-125.73,0.86,152.93,5,706,2,2
0.21,1.30,-0.47,-43.09,-68.36,-70.62,1.40,107.32,3,662,0,0
-0.43,1.71,-0.09,-42.11,-152.65,-83.37,1.77,178.96,2,663,0,1
-0.68,1.59,0.05,39.86,-137.94,-42.11,1.73,149.63,2,658,0,3
-1.11,1.26,0.24,46.08,-77.58,-10.56,1.69,90.85,2,661,0,5
-1.19,1.12,0.07,71.53,35.58,61.52,1.64,100.84,2,656,0,8
-0.79,0.41,-0.50,79.41,99.00,125.55,1.02,178.52,2,652,0,9
-0.59,0.58,-0.47,23.74,88.87,176.64,0.95,199.15,2,651,0,9
-0.47,0.90,-0.39,13.31,41.20,240.66,1.08,244.52,2,650,0,11
-0.38,1.24,-0.44,9.58,12.63,276.25,1.37,276.70,2,644,0,9
0.03,1.82,-0.53,-11.23,-9.64,288.88,1.90,289.26,2,643,0,8
1.21,1.91,-0.56,-11.11,3.30,201.11,2.33,201.44,2,644,0,5
2.28,1.22,-0.28,-25.33,74.83,95.76,2.60,124.14,3,644,0,5
3.91,0.32,-0.87,-100.34,104.31,35.89,4.02,149.12,4,629,0,2
3.91,0.72,0.07,-185.24,6.77,-50.35,3.97,192.08,4,626,0,0
3.19,3.73,2.18,-66.59,-201.35,-46.63,5.37,217.15,53,768,31,5
0.24,-3.17,0.41,335.69,-3.48,208.07,3.21,394.96,236,759,114,0
0.50,-0.94,-0.90,321.17,28.63,-13.55,1.39,322.72,358,735,150,2
0.11,0.55,0.29,159.55,-13.31,-21.30,0.63,161.51,321,720,155,0
0.09,1.78,0.08,-57.68,-5.31,-8.12,1.78,58.49,364,724,164,2
0.15,1.69,-0.02,-30.64,-7.32,-59.69,1.70,67.50,323,753,166,0
0.16,1.04,0.09,-17.88,-4.33,-96.50,1.06,98.24,277,784,166,2
0.20,1.12,-0.00,-25.70,1.65,-112.37,1.14,115.28,193,820,170,1
0.25,1.15,-0.00,-38.09,4.09,-124.63,1.18,130.39,142,844,162,0
0.31,1.22,-0.06,-45.72,4.15,-144.47,1.26,151.59,113,844,157,0
0.31,1.05,-0.04,-36.68,2.87,-168.95,1.10,172.91,71,830,130,0
0.50,1.03,-0.10,-9.70,16.91,-172.00,1.15,173.10,36,806,86,0
0.66,1.09,-0.27,2.20,18.80,-166.69,1.30,167.76,13,777,49,0
0.57,1.26,-0.17,-8.61,-5.86,-166.56,1.39,166.89,7,765,27,0
0.55,1.25,-0.10,-24.17,-8.61,-188.66,1.37,190.40,4,746,12,0
0.52,1.66,-0.01,-63.78,-15.20,-221.44,1.74,230.94,2,744,8,2
0.53,1.88,-0.08,-45.72,-5.37,-246.28,1.95,250.54,1,751,0,10
-0.36,0.87,-0.49,-27.83,7.69,-214.97,1.06,216.90,0,0,0,15
-0.58,1.88,-0.45,88.62,10.07,90.64,2.02,127.16,1,669,0,7
-0.63,0.53,-0.62,66.53,-46.14,117.98,1.03,143.09,1,648,0,8
-1.12,0.86,-0.06,42.05,-76.54,200.81,1.41,218.97,1,645,0,14
-0.83,0.24,-0.45,92.29,-58.96,252.38,0.98,275.12,1,643,0,17
-0.67,0.54,-0.46,-0.73,-54.63,294.37,0.97,299.40,1,640,0,19
-0.46,1.13,-0.36,-38.88,-29.24,288.70,1.27,292.77,1,634,0,18
-0.30,1.49,-0.42,-79.28,-13.00,288.51,1.57,299.49,2,634,0,18
0.17,2.08,0.01,-88.62,-9.52,280.15,2.08,293.99,2,640,0,14
1.70,1.98,0.22,-81.48,64.09,173.40,2.63,202.03,2,642,0,10
3.58,0.80,-0.13,-69.21,84.53,24.96,3.67,112.07,2,636,0,7
3.59,1.28,1.16,2.56,-80.32,35.28,3.98,87.77,6,665,0,4
4.00,2.45,0.48,-25.45,-152.95,-49.80,4.72,162.86,52,733,38,6
0.16,-2.22,-0.07,339.23,16.11,108.95,2.23,356.66,225,719,92,0
0.51,0.64,-0.50,182.92,17.94,-1.95,0.96,183.81,423,702,135,5
0.03,2.29,0.05,0.61,-16.91,9.70,2.29,19.50,566,686,152,9
0.02,1.69,0.40,-39.06,-15.69,4.70,1.73,42.36,716,682,159,6
0.15,1.78,-0.07,-30.21,-3.97,-31.13,1.78,43.56,358,711,164,3
0.09,1.26,0.21,-29.91,-0.43,-78.31,1.28,83.83,320,748,165,0
0.15,1.49,0.07,-50.72,-0.67,-108.40,1.49,119.68,230,794,166,0
0.14,1.33,0.06,-38.33,7.81,-150.57,1.33,155.57,176,829,166,1
0.22,1.38,0.02,-47.42,7.63,-188.78,1.40,194.80,108,838,159,2
0.29,1.38,-0.01,-57.19,10.68,-221.37,1.41,228.89,63,819,126,0
0.51,1.52,-0.13,-37.90,14.59,-231.63,1.60,235.16,23,789,78,0
0.64,1.59,-0.41,-13.06,21.73,-230.96,1.76,232.34,9,773,43,0
0.38,0.89,-0.51,5.00,-11.60,-245.30,1.09,245.63,4,760,19,7
-0.37,0.75,-0.16,-112.61,-54.57,-102.91,0.85,162.01,2,743,6,9
-0.85,1.19,-0.31,13.73,-26.12,-31.25,1.49,42.98,1,709,0,8
-1.06,1.63,-0.08,-35.77,-26.73,35.64,1.94,57.14,2,691,0,7
-0.95,1.60,-0.00,32.71,-4.94,101.44,1.86,106.70,2,674,0,10
-0.75,1.24,-0.26,91.80,-4.88,162.05,1.47,186.31,2,662,0,11
-0.78,0.64,-0.45,84.29,-13.92,186.10,1.11,204.77,2,655,0,12
-0.72,0.61,-0.52,40.34,-5.74,222.96,1.07,226.65,1,653,0,18
-0.54,0.90,-0.53,-13.00,12.27,256.23,1.18,256.85,1,652,0,17
-0.11,1.48,-0.46,-48.77,48.22,259.77,1.56,268.67,1,651,0,13
1.43,1.91,-0.46,-83.92,86.24,185.42,2.43,221.05,1,651,0,10
2.62,1.52,-0.20,-100.22,118.23,84.47,3.03,176.51,1,655,0,7
3.93,0.81,-0.32,-102.66,93.32,22.89,4.02,140.61,1,658,0,3
3.96,0.14,-0.22,-72.69,-31.56,-42.54,3.97,89.94,2,673,0,5
3.18,-0.47,0.41,187.01,-178.47,-46.88,3.24,262.72,15,743,7,3
0.07,-0.16,2.38,29.42,-132.14,-35.40,2.39,139.93,131,769,89,4
0.00,4.00,0.35,-344.48,-30.46,128.54,4.01,368.94,266,750,141,0
0.11,0.76,0.18,95.83,-20.69,-9.52,0.79,98.49,336,739,159,0
0.24,0.26,0.05,-3.91,-5.68,-29.24,0.36,30.04,321,742,167,1
0.26,1.03,-0.03,19.41,-5.92,-51.57,1.07,55.42,289,752,172,0
0.24,0.88,0.09,0.18,-7.14,-69.27,0.91,69.64,289,772,170,0
0.27,1.22,-0.02,-27.34,-3.72,-83.44,1.25,87.88,253,802,169,0
0.28,1.21,0.03,-27.95,0.31,-104.92,1.24,108.58,215,830,173,0
0.32,1.12,0.02,-33.08,5.49,-128.48,1.16,132.78,160,847,169,0
0.38,1.33,-0.05,-62.38,13.31,-153.14,1.39,165.89,109,843,151,2
0.51,1.28,-0.04,-50.72,10.68,-176.21,1.38,183.67,59,807,104,0
0.54,1.11,0.01,-8.18,41.20,-182.56,1.23,187.33,19,782,59,0
0.78,0.91,-0.30,-36.87,31.56,-175.90,1.23,182.47,9,767,34,0
0.71,1.24,-0.06,-36.50,18.49,-185.12,1.43,189.59,5,759,17,0
0.76,1.30,-0.26,-44.01,23.62,-203.98,1.53,210.01,3,747,7,4
0.59,1.05,-0.55,-78.61,31.43,-192.02,1.33,209.85,2,724,0,8
-0.22,1.66,-0.24,-36.62,-8.30,-49.13,1.69,61.84,1,675,0,6
-0.28,1.43,-0.59,73.43,-67.26,44.07,1.57,108.89,1,669,0,5
-0.71,0.97,-0.40,72.08,-114.69,71.23,1.27,153.04,1,669,0,10
-1.22,0.56,-0.14,112.24,-68.05,155.27,1.35,203.32,1,672,0,13
-0.79,0.10,-0.54,90.21,-34.55,220.70,0.97,240.92,1,664,0,15
-0.71,0.43,-0.56,0.61,-6.71,251.83,1.00,251.92,1,654,0,16
-0.37,0.94,-0.58,-35.89,24.90,273.68,1.17,277.15,1,646,0,16
-0.06,1.59,-0.45,-76.84,19.59,279.30,1.65,290.34,1,642,0,11
0.79,1.95,-0.25,-69.95,16.85,261.17,2.12,270.90,1,642,0,9
2.09,1.83,-0.02,-63.60,27.95,199.46,2.78,211.21,2,645,0,7
3.11,0.92,-0.17,-64.94,39.92,61.16,3.24,97.73,1,645,0,4
3.47,0.26,0.07,-124.82,4.33,-4.70,3.49,124.98,2,666,0,5
3.50,1.05,0.71,189.58,-88.38,-18.98,3.73,210.02,18,727,7,3
0.15,-2.59,0.14,292.11,-22.34,85.45,2.60,305.17,150,756,77,0
-0.11,3.44,-0.32,-21.18,8.61,83.44,3.46,86.51,327,732,127,0
-0.04,3.03,0.28,-75.93,-47.73,30.03,3.04,94.58,384,708,154,3
0.10,0.68,0.34,38.88,-12.94,-13.85,0.76,43.26,358,703,162,4
0.19,0.92,-0.14,16.05,-2.69,-36.50,0.95,39.96,366,719,165,0
0.15,0.85,0.12,23.13,-10.01,-56.64,0.87,62.00,366,739,170,0
0.18,1.25,0.03,-29.17,-4.15,-59.27,1.26,66.19,303,773,171,0
0.20,1.31,-0.02,-28.08,0.61,-99.12,1.33,103.02,229,809,169,0
0.20,1.40,-0.00,-43.58,2.56,-131.84,1.42,138.88,169,841,165,0
0.27,1.23,-0.03,-43.52,6.23,-171.81,1.26,177.35,130,844,152,2
0.39,1.26,-0.10,-50.90,10.07,-192.63,1.32,199.49,72,824,124,0
0.57,1.14,-0.26,-10.56,20.87,-199.77,1.31,201.13,31,790,75,0
0.70,1.06,-0.39,13.43,13.79,-187.01,1.33,188.00,12,771,40,0
0.53,1.70,-0.24,0.43,-8.24,-188.42,1.80,188.60,5,749,18,0
0.67,1.21,-0.43,17.21,-8.18,-212.52,1.44,213.38,2,735,7,4
0.00,0.41,-0.63,-14.83,-24.66,-121.77,0.75,125.12,1,707,0,7
-0.63,2.14,-0.02,-18.74,-38.64,-24.29,2.23,49.33,1,678,0,7
-0.93,1.22,-0.20,83.80,-4.03,12.70,1.55,84.85,1,664,0,10
-0.88,0.69,-0.35,81.05,0.00,79.22,1.17,113.34,1,653,0,9
-0.99,0.47,-0.14,69.21,-6.47,134.70,1.11,151.58,1,650,0,12
-0.81,0.38,-0.25,58.90,6.84,198.91,0.93,207.56,1,645,0,11
-0.48,0.48,-0.48,27.71,20.75,237.67,0.83,240.18,1,646,0,13
-0.43,1.03,-0.43,-23.44,23.93,263.43,1.20,265.55,2,643,0,15
0.00,1.66,-0.51,-38.27,21.61,289.12,1.74,292.44,2,639,0,12
1.01,1.98,-0.38,-44.31,4.39,251.77,2.25,255.68,2,636,0,11
2.54,1.83,-0.01,-53.41,10.07,119.14,3.13,130.95,2,642,0,8
3.48,0.62,-0.27,-50.35,34.30,22.34,3.54,64.89,2,644,0,4
4.00,2.14,0.54,-117.68,-24.48,-17.94,4.57,121.53,4,695,0,4
4.00,-0.37,-0.06,187.38,-50.17,-68.24,4.02,205.63,35,744,32,5
0.03,-1.55,0.59,248.60,-28.81,64.45,1.66,258.43,193,750,93,0
0.02,2.63,-0.16,-10.50,-5.62,51.03,2.63,52.40,350,734,136,1
0.13,2.87,0.02,-58.17,-25.02,14.77,2.88,65.02,438,722,152,3
0.11,1.07,0.33,-16.24,-10.86,-11.35,1.12,22.59,336,723,163,0
0.21,1.48,-0.09,-16.42,-2.44,-24.78,1.50,29.83,388,730,167,0
0.17,1.08,0.17,-9.58,-6.41,-38.33,1.11,40.03,366,744,171,1
0.20,1.21,0.04,-21.12,-1.95,-56.34,1.23,60.20,306,771,170,1
0.20,1.09,0.12,-24.60,-0.37,-80.02,1.11,83.71,274,797,170,0
0.23,1.32,0.02,-48.89,7.32,-98.39,1.34,110.11,205,826,166,0
0.29,1.32,-0.06,-50.84,8.79,-130.00,1.35,139.87,126,843,154,0
0.32,1.32,-0.10,-50.05,11.96,-158.81,1.36,166.94,89,831,130,0
0.48,1.43,-0.13,-35.77,29.17,-179.57,1.51,185.40,37,802,87,0
0.50,1.14,-0.10,2.56,13.67,-170.29,1.25,170.86,13,776,50,0
0.43,1.49,-0.05,0.85,-4.88,-173.83,1.55,173.90,6,759,27,0
0.69,1.61,-0.30,-2.20,-4.46,-210.27,1.78,210.32,3,742,13,0
0.06,0.85,-0.52,-8.97,-6.29,-216.92,0.99,217.20,2,721,1,6
-0.55,1.89,-0.32,-54.93,-50.11,-83.98,1.99,112.17,1,663,0,5
-1.16,1.81,0.29,23.19,-92.22,-13.98,2.17,96.12,1,667,0,7
-0.98,0.88,-0.10,116.27,-29.97,62.81,1.32,135.51,1,653,0,7
-0.92,0.26,-0.16,60.24,-13.31,130.55,0.96,144.40,1,643,0,10
-0.75,0.30,-0.14,26.86,28.38,195.98,0.83,199.84,2,636,0,12
-0.33,0.55,-0.38,-21.36,18.25,229.80,0.74,231.51,2,637,0,14
-0.23,0.99,-0.34,-36.80,-4.64,258.54,1.08,261.19,2,636,0,13
-0.05,1.40,-0.31,-38.76,-19.47,276.67,1.44,280.05,2,630,0,14
0.53,1.73,-0.20,-55.30,0.24,258.79,1.82,264.63,2,632,0,11
1.75,1.83,-0.20,-77.70,42.36,171.75,2.54,193.21,2,633,0,8
2.62,1.16,-0.26,-70.98,43.03,34.12,2.88,89.75,2,636,0,4
3.81,0.81,-0.34,-98.75,-2.81,-20.39,3.91,100.88,6,692,0,3
4.00,1.37,0.23,3.91,-157.96,-3.78,4.23,158.05,28,703,6,3
-0.61,-1.18,2.62,150.51,-180.85,-70.50,2.94,245.62,138,751,80,6
-0.23,4.00,0.51,-240.91,-29.30,68.66,4.04,252.21,305,747,127,0
0.10,1.60,0.02,-1.10,-24.66,8.97,1.61,26.26,269,732,143,2
0.17,0.14,0.30,106.75,-16.36,-27.34,0.37,111.40,360,725,160,3
0.25,0.83,-0.15,21.24,4.33,-10.62,0.88,24.14,364,723,165,3
0.19,0.87,0.11,31.68,-3.17,-27.10,0.90,41.81,416,727,161,0
0.22,1.18,0.06,-11.84,1.34,-30.70,1.20,32.93,390,744,169,0
0.20,1.28,0.09,-20.08,-3.30,-64.09,1.30,67.24,268,770,162,0
0.21,1.36,0.04,-44.13,0.55,-93.38,1.38,103.29,229,804,167,1
0.24,1.43,0.00,-46.02,4.64,-135.01,1.44,142.71,160,833,163,0
0.26,1.19,0.01,-45.96,6.77,-171.94,1.22,178.10,118,837,148,0
0.48,1.27,-0.06,-59.81,14.16,-190.43,1.36,200.10,59,811,105,0
0.65,1.16,-0.33,-25.94,23.32,-194.46,1.37,197.56,25,784,60,0
0.60,1.27,-0.22,-24.60,4.64,-169.19,1.42,171.03,11,765,27,0
0.54,1.18,-0.42,-6.23,-6.04,-187.19,1.36,187.40,5,741,9,0
-0.01,0.47,-0.32,-66.71,-33.75,-143.31,0.57,161.64,3,706,1,2
-0.17,2.14,-0.19,-42.18,-102.11,-36.56,2.16,116.37,2,671,0,4
-1.04,1.68,-0.04,69.89,-101.87,-3.17,1.98,123.58,2,670,0,5
-1.06,0.98,-0.23,77.15,-60.00,40.47,1.46,105.78,2,671,0,7
-1.21,0.58,-0.06,45.72,-27.89,86.12,1.35,101.41,2,663,0,12
-1.09,0.33,-0.12,29.60,24.90,155.88,1.14,160.61,2,658,0,13
-0.57,0.57,-0.30,-12.15,62.07,206.60,0.85,216.07,2,655,0,12
-0.38,0.87,-0.38,-30.09,58.72,232.67,1.03,241.84,2,651,0,11
-0.10,1.40,-0.36,-42.79,21.85,267.94,1.45,272.22,2,646,0,10
0.69,1.57,-0.52,-44.80,-29.85,258.97,1.79,264.51,2,649,0,9
2.26,1.72,-0.14,-64.39,-33.69,155.33,2.84,171.49,2,643,0,4
2.97,2.89,0.71,-110.05,-48.46,62.32,4.20,135.43,6,689,0,4
4.00,0.08,-0.36,13.85,-59.45,43.76,4.02,75.11,12,676,0,3
4.00,1.00,0.38,61.34,-189.64,-50.42,4.14,205.59,62,717,39,8
-0.24,-0.40,1.04,232.73,-62.07,-1.83,1.14,240.87,163,721,90,0
0.43,1.06,-0.23,16.17,5.55,-10.44,1.16,20.03,257,734,135,4
0.25,2.04,-0.20,17.76,-5.19,-5.07,2.06,19.18,276,732,145,3
0.18,0.88,0.46,33.69,-9.40,4.82,1.01,35.31,311,724,158,6
0.20,1.43,0.14,12.63,-3.05,16.54,1.45,21.04,352,719,159,3
0.16,1.37,0.23,-4.15,-7.45,-18.19,1.40,20.09,314,727,165,1
0.17,1.38,0.18,-26.55,-6.71,-54.57,1.41,61.05,268,763,167,0
0.17,1.36,0.16,-41.26,-0.73,-94.73,1.38,103.32,202,798,166,0
0.20,1.34,0.05,-50.78,3.66,-135.38,1.35,144.63,124,828,156,0
0.29,1.34,0.05,-62.13,12.88,-173.03,1.37,184.30,74,832,143,0
0.34,1.19,0.04,-48.52,12.82,-198.91,1.24,205.15,39,809,111,0
0.52,1.03,-0.02,-29.11,21.97,-196.78,1.16,200.13,17,783,59,0
0.58,1.08,-0.13,-7.63,20.32,-161.93,1.23,163.38,8,758,27,0
0.80,0.99,-0.37,-9.95,8.36,-163.45,1.33,163.97,5,734,11,0
0.21,0.98,-0.33,-35.16,-17.64,-142.76,1.05,148.08,3,707,0,1
-0.35,1.93,-0.18,-38.15,-31.68,-86.24,1.97,99.48,2,667,0,2
-0.86,1.85,-0.10,15.56,-56.52,-55.11,2.04,80.46,2,657,0,3
-0.66,1.28,-0.57,74.89,-45.10,5.55,1.55,87.60,2,655,0,5
-0.68,0.84,-0.53,52.86,-77.88,59.08,1.21,111.13,2,657,0,8
-1.12,0.49,-0.23,35.16,-78.61,107.36,1.24,137.63,1,654,0,9
-1.01,0.34,-0.31,-10.01,-12.88,193.48,1.11,194.17,2,653,0,13
-0.73,0.94,-0.22,-84.53,24.29,230.22,1.21,246.45,2,649,0,11
-0.42,1.39,-0.18,-108.52,42.97,248.29,1.46,274.36,2,646,0,10
0.01,1.75,-0.06,-101.75,32.04,229.92,1.75,253.46,2,646,0,9
1.01,1.84,0.09,-97.11,37.72,180.54,2.10,208.44,2,643,0,4
2.13,1.51,0.40,-107.60,79.96,112.49,2.64,175.00,2,647,0,3
3.60,0.67,0.03,-69.03,96.31,36.38,3.67,123.95,2,652,0,3
3.99,1.60,0.06,-94.73,9.89,-10.25,4.30,95.79,4,710,0,1
4.00,-0.51,-0.20,269.47,-22.28,-89.97,4.04,284.96,58,790,44,7
0.39,0.71,0.77,104.92,-61.04,218.87,1.11,250.28,260,757,115,0
0.41,-1.46,-0.37,427.92,-31.56,-93.38,1.56,439.12,281,734,150,5
0.11,1.84,0.11,12.82,-7.63,5.80,1.84,16.00,316,726,161,4
0.12,1.45,0.25,-40.10,-13.67,12.94,1.47,44.30,318,720,168,4
0.19,1.38,0.08,-2.26,-4.09,-1.77,1.40,5.00,362,719,170,2
0.16,1.28,0.18,-16.05,-4.33,-34.79,1.30,38.56,316,742,167,1
0.17,1.44,0.06,-36.44,-1.83,-82.95,1.45,90.62,271,785,169,0
0.15,1.54,0.03,-48.71,-5.31,-135.50,1.55,144.08,181,828,169,1
0.19,1.27,0.08,-61.34,-1.28,-198.24,1.29,207.52,130,844,160,0
0.37,1.24,0.11,-83.68,19.04,-230.16,1.29,245.64,72,821,122,0
0.51,1.11,0.13,-72.45,41.32,-236.33,1.23,250.61,31,785,68,0
0.70,0.78,-0.15,-27.04,66.89,-207.15,1.06,219.36,12,770,36,5
0.78,0.28,-0.24,13.31,71.78,-167.42,0.86,182.64,6,746,18,10
0.04,0.98,-0.36,-19.10,57.31,-77.03,1.04,97.89,4,708,0,8
0.38,1.33,-1.00,-26.43,9.52,-20.81,1.70,34.96,3,681,0,6
-0.52,1.84,-0.38,-32.47,-123.11,10.74,1.95,127.77,2,677,0,8
-0.75,1.86,-0.13,86.85,-160.46,68.36,2.01,194.84,2,672,0,11
-0.97,0.80,-0.33,105.77,-139.47,94.42,1.30,198.88,1,675,0,14
-1.15,0.51,-0.22,51.88,-98.45,134.83,1.27,174.82,1,671,0,17
-0.96,0.56,-0.32,-8.00,-30.76,187.13,1.16,189.81,1,667,0,21
-0.66,0.96,-0.29,-63.35,7.75,217.41,1.20,226.58,2,662,0,19
-0.32,1.45,-0.20,-77.58,16.17,238.16,1.50,251.00,2,657,0,17
0.12,1.76,-0.05,-82.15,13.73,221.62,1.77,236.75,2,663,0,14
1.17,1.97,0.10,-71.72,38.39,136.11,2.30,158.56,1,659,0,6
2.03,1.05,0.29,-62.81,98.94,64.45,2.30,133.74,1,658,0,3
3.69,0.63,-0.15,-73.06,107.60,-0.55,3.74,130.06,2,665,0,2
3.05,0.03,0.53,-13.61,-5.74,-93.26,3.10,94.42,2,664,0,3
4.00,1.38,-0.33,-2.26,-48.83,-89.90,4.24,102.33,11,760,4,4
0.84,-4.00,-1.09,468.38,36.38,99.73,4.23,480.26,102,815,101,5
0.22,3.77,-1.52,76.90,82.89,126.89,4.08,169.96,268,751,147,7
0.08,2.44,0.51,-32.23,-40.83,31.98,2.49,61.06,318,721,161,7
0.10,0.83,0.28,29.36,-0.79,33.20,0.89,44.33,406,707,167,8
0.16,0.96,-0.04,45.29,-3.91,-22.34,0.98,50.65,335,710,169,7
0.12,0.93,0.24,-17.64,-5.07,-48.10,0.97,51.48,358,738,166,3
0.16,1.39,0.02,-54.87,-0.18,-85.45,1.40,101.55,288,786,168,0
0.15,1.46,0.01,-58.35,-4.09,-137.21,1.47,149.15,173,829,171,2
0.20,1.45,-0.01,-66.28,-4.82,-186.71,1.46,198.18,121,850,162,0
0.21,1.40,-0.06,-94.06,11.54,-229.06,1.41,247.89,76,834,134,0
0.47,1.54,0.01,-97.35,32.41,-242.55,1.61,263.36,29,798,73,0
0.72,0.90,-0.08,-13.73,71.41,-203.00,1.16,215.63,9,769,32,8
0.39,0.10,-0.41,95.89,47.18,-156.98,0.57,189.90,4,739,13,11
-0.18,1.05,-0.44,10.13,2.26,-21.79,1.15,24.14,2,694,0,11
-0.53,1.25,-0.14,-18.98,-106.08,11.11,1.36,108.34,2,686,0,12
-0.77,1.84,0.17,36.80,-140.20,50.11,2.00,153.37,1,679,0,14
-0.92,1.28,-0.02,105.29,-91.98,81.24,1.58,161.69,1,674,0,18
-0.81,0.89,-0.24,81.24,-36.38,102.11,1.23,135.46,1,660,0,20
-0.84,0.92,-0.23,39.12,19.10,118.84,1.26,126.56,1,655,0,26
-0.70,0.62,-0.51,23.56,56.88,144.23,1.06,156.82,1,654,0,25
-0.50,0.84,-0.52,-12.70,48.40,185.79,1.10,192.41,2,653,0,27
-0.25,1.11,-0.55,-21.24,14.71,210.21,1.26,211.79,2,649,0,26
-0.23,1.73,-0.27,-43.82,-9.89,219.54,1.76,224.09,1,649,0,18
1.33,1.68,-0.33,-59.69,22.58,170.23,2.17,181.80,1,665,0,13
2.69,1.62,-0.05,-91.31,21.73,42.11,3.14,102.87,1,671,0,11
3.18,0.57,0.09,-83.92,-16.30,-23.07,3.23,88.55,1,673,0,9
3.11,0.51,0.27,-77.45,-63.90,-52.55,3.16,113.33,1,673,0,7
3.25,2.52,1.59,-43.27,-134.22,-98.21,4.41,171.85,11,783,22,7
0.18,-3.46,-0.13,244.45,7.20,54.99,3.46,250.66,90,780,87,1
0.15,2.34,-0.11,59.81,25.82,52.19,2.34,83.47,238,730,127,10
-0.07,2.86,0.15,156.86,-11.72,-8.79,2.86,157.54,298,707,141,10
0.07,1.70,0.06,-20.08,-8.79,29.11,1.70,36.44,420,682,151,11
0.13,1.48,0.01,-9.95,-9.70,-15.20,1.49,20.59,425,681,153,9
0.15,1.34,0.02,-29.60,-6.47,-45.35,1.35,54.54,425,711,162,7
0.17,1.16,-0.02,-27.77,-4.76,-70.01,1.17,75.46,311,756,164,2
0.18,1.22,-0.02,-32.23,-4.70,-94.30,1.23,99.76,189,808,159,0
0.20,1.52,-0.11,-49.50,-4.64,-130.80,1.54,139.93,119,843,151,0
0.28,1.49,-0.23,-32.59,-3.91,-173.40,1.53,176.48,64,840,136,0
0.45,1.47,-0.36,-10.93,-12.08,-206.85,1.58,207.49,28,820,97,0
0.54,1.01,-0.31,32.17,-17.03,-201.11,1.18,204.38,10,791,51,0
0.46,0.96,-0.13,22.77,-28.56,-174.87,1.07,178.64,4,774,30,0
0.65,0.92,-0.11,10.93,-28.99,-176.51,1.13,179.21,2,768,17,7
-0.03,1.16,-0.14,-21.42,-21.36,-117.68,1.17,121.50,1,743,3,8
-0.46,1.62,-0.19,3.11,-15.93,-54.81,1.70,57.16,1,694,0,6
-0.83,1.46,-0.11,12.45,-31.68,-32.84,1.68,47.29,1,684,0,9
-0.90,1.08,-0.29,47.18,-9.09,23.01,1.44,53.27,1,679,0,11
-1.10,0.85,-0.21,40.47,-12.82,110.72,1.41,118.58,1,678,0,12
-1.09,0.38,-0.22,25.76,-18.07,174.44,1.18,177.25,1,666,0,15
-0.86,0.54,-0.26,0.98,-8.73,226.20,1.05,226.37,1,666,0,15
-0.73,1.00,-0.23,-42.24,6.90,257.32,1.25,260.86,1,662,0,18
-0.37,1.64,-0.25,-67.32,29.60,275.94,1.70,285.57,1,656,0,16
0.30,2.29,-0.20,-66.28,43.82,257.81,2.32,269.78,1,660,0,11
2.03,2.23,-0.34,-87.83,95.64,153.99,3.03,201.43,1,658,0,8
2.92,1.31,-0.13,-102.36,109.74,30.09,3.20,153.05,1,658,0,6
4.00,0.37,-0.42,-68.48,83.25,-9.46,4.04,108.21,2,669,0,4
3.67,0.25,0.41,159.55,-68.24,-13.61,3.70,174.06,8,718,1,2
-0.02,-1.02,1.66,149.05,-105.65,4.88,1.95,182.76,148,752,65,6
-0.63,4.00,0.23,-166.20,-19.04,147.52,4.05,223.04,366,706,118,0
-0.05,1.85,0.29,33.75,-30.58,23.56,1.87,51.28,569,673,147,10
0.05,0.67,0.33,67.14,-22.16,-9.16,0.75,71.29,657,656,158,17
0.09,1.24,-0.00,4.82,-6.53,-11.90,1.24,14.41,736,651,163,16
0.07,1.10,0.20,7.39,-10.99,-39.73,1.12,41.88,418,682,166,7
0.10,1.34,0.08,-47.06,-2.99,-54.93,1.34,72.39,425,734,159,0
0.12,1.36,0.04,-50.54,11.29,-106.08,1.37,118.04,251,779,167,0
0.16,1.24,-0.03,-56.15,8.91,-137.02,1.25,148.35,185,820,160,0
0.28,1.20,-0.04,-56.09,11.90,-165.10,1.23,174.77,134,839,145,0
0.31,1.16,-0.13,-77.88,18.68,-177.73,1.21,194.95,77,835,122,0
0.43,0.98,-0.17,-49.38,20.57,-180.11,1.08,187.89,36,810,85,0
0.56,0.93,-0.23,-35.71,17.52,-169.86,1.11,174.45,17,789,50,0
0.61,1.05,-0.17,-26.61,4.52,-167.48,1.22,169.64,10,784,35,0
0.63,1.33,-0.10,-22.58,4.39,-177.25,1.48,178.73,6,768,19,0
0.69,1.52,-0.20,-24.96,16.85,-211.98,1.68,214.10,3,744,10,0
0.55,1.41,-0.55,-78.55,21.00,-200.32,1.61,216.19,2,711,0,6
-0.61,0.93,-0.32,-15.99,-3.48,-105.16,1.16,106.43,1,643,0,10
-0.67,0.64,-0.34,67.44,-66.71,57.74,0.98,111.05,1,660,0,8
-0.98,0.61,0.06,76.60,-97.90,100.65,1.16,159.94,1,654,0,11
-1.06,0.20,-0.11,100.16,-68.12,172.49,1.08,210.77,1,657,0,16
-0.70,0.25,-0.35,69.21,-45.90,244.26,0.82,258.00,1,660,0,18
-0.49,0.68,-0.33,8.30,-38.39,265.93,0.89,268.82,1,657,0,15
-0.36,1.02,-0.38,-24.84,-15.50,262.82,1.14,264.44,1,659,0,17
0.13,1.50,-0.29,-46.75,5.55,254.09,1.53,258.41,1,655,0,13
1.89,1.85,-0.11,-65.55,32.53,192.26,2.65,205.72,2,650,0,9
2.99,0.96,-0.14,-47.12,46.81,73.79,3.14,99.28,2,643,0,6
3.84,2.24,0.75,-95.09,-61.89,54.08,4.50,125.69,6,698,0,6
4.00,0.39,-0.09,15.87,-98.88,3.36,4.02,100.20,35,760,34,5
0.44,-1.85,-0.55,307.25,16.85,84.11,1.97,319.00,189,756,83,0
0.26,2.57,-0.30,2.26,4.64,32.04,2.61,32.46,293,740,132,0
0.13,2.86,-0.14,-78.92,-18.92,20.63,2.87,83.74,362,728,154,2
0.23,0.46,0.14,-14.47,-9.89,31.86,0.53,36.36,364,713,162,3
0.13,1.81,-0.03,-4.64,-2.81,16.11,1.81,17.00,418,705,159,3
0.11,1.42,0.16,-4.03,-12.08,-33.39,1.43,35.73,416,725,167,1
0.12,1.39,0.11,-31.80,-9.34,-72.63,1.40,79.84,292,770,169,1
0.13,1.44,0.04,-50.60,-1.89,-120.61,1.44,130.80,208,814,167,0
0.14,1.55,0.01,-54.57,2.38,-172.42,1.56,180.87,127,844,158,0
0.21,1.44,-0.04,-83.62,11.47,-220.09,1.45,235.72,90,843,141,0
0.43,1.36,-0.04,-67.81,12.27,-246.77,1.42,256.21,38,812,93,0
0.54,1.16,-0.10,-31.86,36.07,-220.40,1.28,225.59,13,787,52,0
0.52,1.48,-0.01,12.27,19.23,-203.19,1.57,204.46,5,771,21,0
0.55,1.07,-0.30,75.13,31.74,-200.26,1.24,216.23,2,757,8,6
0.30,0.26,-0.71,22.77,34.18,-198.85,0.81,203.05,1,738,0,10
-0.51,1.19,-0.18,-77.39,-2.93,-86.98,1.31,116.46,0,0,0,7
-0.75,1.77,-0.11,-14.95,-57.62,33.02,1.93,68.07,1,656,0,7
-0.87,1.37,-0.01,58.11,-73.06,53.77,1.62,107.73,1,649,0,9
-0.88,0.75,-0.23,105.65,-55.24,127.26,1.19,174.38,1,647,0,12
-0.70,0.45,-0.30,91.92,-56.82,189.39,0.89,218.05,1,649,0,17
-0.62,0.51,-0.30,34.06,-22.28,218.51,0.86,222.26,2,645,0,20
-0.42,0.73,-0.51,4.64,32.29,236.39,0.98,238.63,2,639,0,20
-0.17,1.20,-0.64,-44.13,48.95,261.78,1.37,269.95,2,634,0,21
0.41,1.96,-0.48,-67.38,27.77,264.53,2.06,274.38,2,636,0,18
1.51,2.01,-0.20,-46.88,36.68,233.95,2.52,241.40,2,634,0,13
2.87,1.28,-0.11,-51.33,82.89,93.02,3.14,134.75,3,638,0,10
3.64,0.43,-0.18,-77.21,66.96,-3.60,3.67,102.26,3,639,0,7
3.52,2.40,1.02,-77.58,-60.79,5.62,4.38,98.72,8,695,0,5
3.06,0.20,-0.23,114.75,-99.00,-59.08,3.07,162.66,69,766,64,8
-0.14,4.00,-0.23,-239.56,-15.99,114.87,4.01,266.16,212,764,118,0
0.15,0.52,0.06,143.31,-4.15,15.50,0.54,144.21,329,740,147,3
0.14,-0.02,0.20,140.75,-15.50,-19.53,0.25,142.94,318,728,158,4
0.19,0.89,-0.03,42.48,-1.22,0.67,0.92,42.50,384,722,162,5
0.17,1.12,0.06,39.49,-10.56,-6.59,1.13,41.41,411,725,159,3
0.14,1.24,0.21,2.44,-5.55,-17.03,1.26,18.08,340,737,160,0
0.14,1.51,0.10,-34.97,-2.01,-51.33,1.52,62.15,291,776,164,0
0.13,1.48,0.13,-52.98,-2.32,-118.65,1.49,129.96,189,818,160,0
0.13,1.39,0.01,-64.64,3.23,-170.23,1.40,182.11,120,842,158,0
0.13,1.70,0.13,-91.80,5.68,-219.79,1.71,238.26,84,834,136,0
0.33,1.32,0.19,-75.38,23.32,-247.50,1.37,259.77,43,807,79,0
0.63,0.97,-0.19,-53.65,59.75,-222.84,1.17,236.87,15,778,37,0
0.44,0.76,-0.27,13.55,44.43,-203.12,0.91,208.37,7,755,15,3
0.07,0.71,-0.42,-33.69,35.10,-160.95,0.83,168.14,4,720,2,10
0.04,1.50,-0.70,-42.18,-16.91,-41.08,1.66,61.25,2,677,0,5
-0.80,1.85,-0.07,-36.68,-143.19,-20.75,2.02,149.26,2,670,0,7
-1.27,2.00,0.26,137.76,-93.02,50.48,2.38,173.72,1,667,0,12
-0.87,0.81,-0.50,152.59,-37.78,91.06,1.29,181.67,1,656,0,13
-0.92,0.89,-0.30,80.51,16.97,149.11,1.31,170.30,1,646,0,17
-0.45,0.51,-0.60,57.86,82.34,170.41,0.91,197.91,2,648,0,20
-0.29,0.83,-0.59,-5.19,88.62,193.66,1.06,213.04,2,644,0,24
-0.07,0.98,-0.62,5.43,63.42,224.73,1.16,233.57,2,640,0,23
-0.04,1.19,-0.62,5.37,9.03,245.61,1.34,245.83,3,638,0,24
0.37,1.44,-0.57,-13.98,-32.29,234.19,1.60,236.82,3,639,0,15
1.24,1.94,-0.31,-34.85,-9.58,93.69,2.32,100.42,2,649,0,9
1.99,0.51,-0.21,-50.23,47.42,30.21,2.06,75.40,2,650,0,6
3.02,0.64,-0.15,-152.16,60.36,21.61,3.10,165.12,2,660,0,6
3.04,0.35,0.20,-123.66,-7.20,-52.92,3.07,134.70,2,659,0,5
4.00,-0.15,0.75,284.91,-158.57,-65.73,4.07,332.63,36,766,28,6
-0.25,0.17,1.07,47.00,-62.50,76.35,1.11,109.29,242,750,104,2
0.01,1.16,0.35,151.79,-33.14,-21.73,1.21,156.88,404,721,145,6
0.07,2.61,0.22,-77.76,-17.03,10.86,2.62,80.34,336,716,151,6
0.11,1.32,0.25,-11.84,-12.82,-5.80,1.34,18.39,338,709,163,7
0.17,1.33,0.04,-19.90,-2.38,-7.93,1.34,21.55,445,706,167,4
0.13,1.38,0.18,-34.00,-4.09,-37.72,1.40,50.94,304,729,167,1
0.17,1.36,0.03,-50.48,-0.18,-69.82,1.37,86.16,294,771,165,0
0.19,1.29,0.03,-45.35,-0.49,-108.95,1.31,118.01,198,809,169,0
0.22,1.29,-0.03,-57.01,-4.21,-140.87,1.31,152.03,153,838,162,0
0.31,1.24,-0.08,-59.02,10.80,-171.81,1.28,181.99,105,844,144,0
0.38,1.09,-0.11,-50.72,11.05,-187.81,1.16,194.85,55,822,106,0
0.46,0.87,-0.14,-25.15,14.04,-185.06,1.00,187.29,27,801,69,0
0.52,0.55,-0.08,-8.18,28.02,-152.89,0.76,155.65,14,783,47,0
0.62,0.97,0.07,-13.18,17.58,-146.18,1.15,147.82,10,774,29,0
0.82,0.86,-0.17,-16.60,40.41,-140.81,1.20,147.43,6,748,11,5
0.42,1.51,-0.09,-71.11,38.09,-96.56,1.57,125.82,3,706,0,4
0.18,1.83,-0.36,-28.02,8.61,-54.14,1.88,61.56,2,675,0,6
-0.46,1.83,-0.14,50.17,-92.83,4.70,1.89,105.63,2,667,0,6
-0.85,1.34,-0.14,123.35,-137.33,44.07,1.59,189.78,2,663,0,11
-1.16,0.56,-0.26,139.28,-130.68,91.00,1.32,211.56,1,663,0,15
-1.25,0.49,-0.18,83.44,-59.63,187.87,1.35,214.04,1,658,0,18
-0.93,0.68,-0.25,11.41,13.98,223.63,1.18,224.36,2,657,0,20
-0.55,1.09,-0.35,-25.76,69.64,246.22,1.27,257.17,2,657,0,20
-0.19,1.47,-0.45,-42.11,75.56,252.08,1.55,266.51,2,656,0,19
0.31,1.75,-0.41,-42.60,41.32,242.00,1.82,249.18,2,655,0,14
1.59,1.86,-0.25,-40.59,13.49,188.54,2.46,193.33,3,654,0,8
2.37,1.26,0.24,-57.62,1.40,66.89,2.69,88.30,2,654,0,6
3.26,0.34,-0.11,-47.36,18.68,13.12,3.28,52.58,2,651,0,3
4.00,2.01,-0.40,-104.19,5.19,-0.37,4.50,104.32,12,732,4,3
4.00,-2.13,-1.10,-18.01,50.29,33.87,4.66,63.25,144,758,82,7
0.00,3.06,-0.62,56.58,7.32,35.95,3.12,67.43,331,721,127,1
-0.03,1.81,0.31,26.25,-51.57,-15.08,1.84,59.80,360,696,147,5
0.23,0.80,-0.09,-14.47,5.92,10.50,0.83,18.83,488,688,156,7
0.19,0.93,-0.09,55.42,-3.66,-2.01,0.95,55.58,416,678,167,12
0.10,0.90,0.15,29.54,-8.73,-10.38,0.91,32.50,448,678,168,11
0.12,1.09,0.10,-8.85,-1.71,-25.51,1.10,27.06,392,706,166,4
0.09,1.42,0.11,-42.91,0.12,-53.41,1.43,68.51,306,761,167,0
0.11,1.50,0.05,-63.17,3.60,-120.00,1.51,135.66,222,815,163,0
0.21,1.43,-0.09,-58.47,5.31,-164.06,1.44,174.25,135,840,157,0
0.21,1.47,-0.17,-56.52,13.06,-194.27,1.50,202.75,71,839,127,0
0.42,1.50,-0.30,-18.92,10.93,-212.71,1.58,213.83,29,814,74,0
0.51,0.75,-0.36,31.56,10.07,-195.19,0.97,197.98,10,779,33,0
0.38,0.85,-0.25,41.69,-12.76,-162.84,0.96,168.58,4,752,14,1
-0.02,0.51,-0.29,37.05,-27.47,-146.73,0.59,153.81,3,727,6,5
-0.29,1.66,-0.25,-2.81,-46.33,-73.18,1.70,86.66,2,689,0,5
-0.87,1.94,-0.11,27.22,-75.93,-46.20,2.12,92.96,1,689,0,9
-0.97,1.46,-0.42,105.53,-36.32,-2.69,1.80,111.64,1,680,0,9
-1.09,0.94,-0.31,75.20,-3.97,61.77,1.47,97.39,1,674,0,12
-0.94,0.65,-0.32,52.61,37.35,101.44,1.19,120.22,1,672,0,18
-0.97,0.41,-0.39,5.00,55.91,151.67,1.12,161.73,2,663,0,19
-0.66,0.85,-0.35,-12.51,63.17,211.91,1.13,221.48,2,660,0,18
-0.50,1.03,-0.43,-19.84,53.16,241.58,1.22,248.15,2,657,0,22
-0.19,1.40,-0.48,-34.36,28.56,259.70,1.49,263.52,2,652,0,19
0.44,1.69,-0.31,-54.57,18.49,233.76,1.77,240.76,2,655,0,14
1.84,1.86,0.00,-59.94,54.69,84.29,2.62,117.00,2,660,0,5
2.77,0.43,-0.17,-69.46,106.45,-19.96,2.81,128.66,1,650,0,7
4.00,2.22,-0.42,-128.05,95.40,-27.71,4.59,162.07,4,699,0,2
4.00,-0.45,-0.84,261.60,15.75,-31.13,4.11,263.91,54,747,40,4
-0.53,-1.12,0.96,201.90,-102.36,41.44,1.57,230.13,229,749,108,0
0.04,1.50,0.06,117.68,-47.18,-56.76,1.50,138.91,331,721,142,5
0.18,2.60,0.15,-117.61,-21.61,-14.10,2.61,120.41,360,721,159,7
0.18,0.94,0.18,-31.62,0.98,14.16,0.97,34.66,320,708,164,7
0.22,1.16,0.00,6.23,-6.65,6.96,1.18,11.46,320,700,168,7
0.14,1.50,0.17,-30.40,-5.74,-20.81,1.52,37.28,388,716,168,2
0.16,1.46,0.10,-43.95,-3.91,-62.26,1.47,76.30,342,770,167,0
0.15,1.42,0.10,-54.87,-2.20,-109.56,1.43,122.55,208,816,168,1
0.18,1.41,-0.00,-58.17,4.76,-158.39,1.42,168.80,132,845,164,1
0.25,1.36,0.02,-63.96,14.71,-202.70,1.38,213.06,88,844,146,0
0.36,1.45,0.01,-73.97,12.70,-221.01,1.50,233.41,43,815,89,0
0.52,1.13,-0.07,-25.63,40.04,-220.09,1.25,225.17,13,791,47,0
0.40,1.11,-0.07,-32.59,2.50,-163.45,1.19,166.69,6,764,21,4
0.06,0.34,-0.21,-31.56,-1.95,-115.05,0.41,119.32,3,742,5,8
0.17,1.63,-0.31,-42.18,-22.34,-32.17,1.67,57.55,2,695,0,6
-0.39,1.82,-0.36,-22.40,-94.85,-29.17,1.90,101.73,2,699,0,5
-0.94,1.88,-0.13,26.06,-118.35,-20.14,2.11,122.85,1,691,0,10
-1.10,1.57,-0.21,90.09,-94.79,30.70,1.93,134.32,1,684,0,12
-1.16,0.80,-0.35,112.73,-52.61,78.74,1.45,147.23,1,676,0,18
-1.16,0.42,-0.38,60.67,-4.39,135.86,1.29,148.86,1,671,0,20
-0.96,0.55,-0.49,0.06,43.82,182.92,1.21,188.10,1,650,0,20
-0.75,0.95,-0.51,-53.16,57.62,242.49,1.32,254.85,2,646,0,22
-0.32,1.70,-0.46,-69.76,33.02,275.45,1.78,286.06,2,646,0,19
0.80,2.08,-0.37,-67.63,18.86,252.62,2.26,262.20,2,647,0,11
1.96,1.76,-0.16,-62.87,19.71,139.34,2.64,154.13,2,643,0,8
3.21,0.91,-0.12,-85.69,61.04,50.48,3.34,116.69,1,650,0,6
3.94,0.65,0.45,-137.15,12.57,4.15,4.02,137.78,1,665,0,5
4.00,1.74,-0.05,-33.33,-47.97,-56.82,4.36,81.49,4,721,0,5
4.00,-1.53,0.01,359.31,-42.48,-123.84,4.28,382.42,80,788,73,20
-0.49,2.58,0.27,-220.83,5.86,172.00,2.64,279.97,228,756,120,0
0.10,1.17,0.07,45.10,-5.62,25.76,1.17,52.24,299,734,142,4
0.23,-0.28,-0.05,117.98,-7.93,-38.15,0.37,124.25,366,729,159,3
0.26,0.69,-0.20,48.58,-0.37,-16.24,0.76,51.23,342,726,166,3
0.15,0.97,0.17,36.68,-14.34,-8.36,1.00,40.26,321,725,168,3
0.17,1.35,0.07,-14.28,-6.04,-6.41,1.37,16.78,346,731,164,0
0.15,1.38,0.13,-23.50,-6.47,-36.99,1.39,44.30,364,760,171,0
0.15,1.39,0.09,-49.68,-1.34,-82.52,1.40,96.33,229,798,164,0
0.19,1.36,-0.02,-63.17,2.87,-142.33,1.38,155.75,141,843,165,0
0.31,1.53,-0.08,-90.27,6.23,-183.53,1.56,204.63,107,844,141,0
0.45,1.49,-0.13,-63.11,19.78,-205.81,1.56,216.18,47,815,94,0
0.57,0.61,-0.40,1.71,40.10,-193.85,0.93,197.96,15,783,50,0
0.44,0.68,-0.15,-35.34,-1.65,-149.78,0.83,153.90,8,755,20,0
0.55,0.17,-0.40,-38.45,-5.68,-112.12,0.70,118.67,5,734,9,4
0.13,1.09,-0.08,-83.68,-21.67,-52.86,1.10,101.32,3,703,0,7
0.16,1.53,-0.32,-4.52,-29.11,-26.61,1.57,39.70,2,673,0,6
-0.40,1.77,-0.23,19.23,-87.34,-31.98,1.83,94.98,2,677,0,8
-0.76,1.87,-0.23,100.04,-103.15,17.70,2.03,144.78,2,664,0,10
-0.91,1.11,-0.36,115.91,-84.11,54.26,1.48,153.14,1,657,0,14
-1.01,0.62,-0.37,91.98,-42.24,91.00,1.24,136.11,1,658,0,16
-0.91,0.55,-0.42,36.25,10.25,142.76,1.15,147.65,2,658,0,18
-0.71,0.76,-0.46,-13.85,51.51,177.61,1.14,185.45,1,651,0,20
-0.50,1.08,-0.52,-36.32,68.60,215.88,1.30,229.41,2,649,0,20
-0.17,1.43,-0.52,-52.67,55.05,235.53,1.53,247.55,2,647,0,18
0.36,1.71,-0.39,-59.02,38.64,218.44,1.79,229.55,2,648,0,14
1.53,1.72,-0.28,-56.82,28.32,111.33,2.32,128.16,2,653,0,8
2.80,0.59,-0.10,-65.49,20.57,44.25,2.87,81.67,2,655,0,6
3.44,0.48,0.27,-107.12,-19.59,-7.69,3.48,109.16,2,662,0,5
4.00,3.10,0.32,-92.53,-81.12,-59.63,5.07,136.74,7,730,0,4
0.71,-3.65,0.32,337.34,-44.98,-123.35,3.73,361.99,88,769,81,16
-0.04,4.00,-0.96,-403.32,16.60,197.20,4.11,449.26,294,742,130,0
0.12,0.38,-0.15,170.29,-2.69,3.66,0.42,170.35,358,719,149,3
0.19,-0.80,0.21,171.33,-14.10,-53.28,0.85,179.97,338,714,163,8
0.23,1.15,-0.23,7.63,7.51,-10.07,1.20,14.70,418,706,168,5
0.13,1.03,0.13,14.59,2.69,-30.64,1.04,34.04,455,717,166,0
0.18,1.46,0.02,-22.34,-2.99,-73.85,1.47,77.22,304,764,172,0
0.17,1.43,0.05,-40.83,-8.97,-124.02,1.44,130.88,224,812,172,1
0.20,1.44,-0.03,-54.69,-3.85,-165.34,1.45,174.20,150,842,169,0
0.24,1.40,0.05,-62.50,6.77,-211.98,1.42,221.10,96,842,153,0
0.43,1.39,0.05,-69.82,13.85,-233.22,1.46,243.84,44,815,98,0
0.48,1.06,-0.23,-21.79,45.17,-211.55,1.18,217.41,11,786,47,0
0.65,0.91,-0.34,-23.74,5.37,-141.78,1.17,143.86,4,762,17,4
0.54,0.48,-0.16,39.00,-15.81,-98.45,0.75,107.07,1,760,4,10
0.49,0.97,-0.51,-22.89,-26.12,-82.03,1.20,89.08,1,739,0,9
-0.02,2.16,-0.43,-58.59,-73.79,-23.74,2.21,97.17,1,670,0,8
-0.52,2.27,-0.12,-10.01,-117.98,-20.75,2.33,120.21,1,660,0,8
-1.05,1.66,-0.08,73.91,-101.62,0.12,1.97,125.66,1,660,0,13
-1.05,0.96,-0.21,97.84,-47.00,50.29,1.44,119.63,1,661,0,15
-1.00,0.45,-0.29,50.11,12.88,84.72,1.13,99.27,1,656,0,18
-0.89,0.53,-0.28,-1.77,55.11,147.95,1.08,157.89,2,647,0,20
-0.65,0.60,-0.45,-23.68,58.35,230.16,0.99,238.62,2,645,0,21
-0.37,1.20,-0.34,-35.22,39.37,266.30,1.30,271.48,2,645,0,22
-0.15,1.74,-0.37,-42.66,12.63,288.09,1.79,291.50,3,640,0,21
0.55,2.00,-0.27,-41.81,-6.04,270.08,2.09,273.36,2,644,0,17
1.67,2.29,0.02,-63.05,19.53,188.17,2.83,199.41,2,652,0,11
2.53,1.17,-0.14,-63.72,61.22,42.85,2.79,98.20,2,652,0,8
3.37,0.63,-0.26,-109.07,57.01,-6.23,3.44,123.23,1,652,0,7
3.73,0.44,-0.09,-93.51,-10.62,-59.14,3.76,111.15,3,694,0,3
3.98,-0.25,-1.64,299.13,-183.84,-153.56,4.31,383.22,64,769,45,15
0.63,2.34,-0.45,-37.90,36.56,131.04,2.46,141.23,265,735,98,0
0.28,-0.47,-0.43,222.60,28.87,-2.26,0.70,224.47,404,707,141,3
0.15,0.11,0.18,155.88,-10.19,-57.07,0.26,166.31,448,697,158,6
0.15,0.76,0.14,11.90,-7.39,-32.96,0.78,35.81,362,702,164,3
0.21,1.32,-0.01,-15.62,-4.82,-22.40,1.34,27.73,392,709,170,2
0.18,1.24,0.12,-28.81,-4.76,-18.98,1.26,34.83,368,721,169,0
0.19,1.29,0.08,-24.96,-3.97,-40.89,1.30,48.07,325,740,164,0
0.18,1.35,0.05,-44.98,-6.35,-77.76,1.37,90.06,226,772,169,1
0.18,1.37,-0.03,-67.32,-1.77,-140.01,1.39,155.37,164,832,164,0
0.28,1.76,-0.03,-118.29,21.36,-180.11,1.79,216.54,122,847,155,0
0.41,1.43,0.06,-98.63,9.83,-200.01,1.49,223.23,76,827,106,0
0.56,1.11,-0.15,-50.35,41.56,-200.01,1.25,210.40,26,799,57,0
0.58,0.83,-0.17,-6.04,41.20,-191.41,1.02,195.88,11,773,30,0
0.49,0.80,-0.30,-0.98,26.18,-187.38,0.98,189.20,6,760,20,0
0.67,1.00,-0.43,-49.19,21.06,-172.61,1.27,180.71,4,736,8,0
0.76,1.26,-0.42,-65.67,17.70,-169.62,1.53,182.75,2,702,0,6
-0.01,1.77,-0.49,-53.96,-27.34,-140.87,1.83,153.31,1,648,0,10
-0.28,1.08,-0.47,11.29,-138.55,-0.12,1.21,139.01,1,649,0,8
-0.78,1.73,0.28,29.05,-177.37,46.81,1.92,185.73,1,649,0,8
-1.07,0.39,-0.15,140.44,-115.36,101.20,1.15,208.02,1,648,0,13
-0.81,0.26,-0.29,58.59,-71.72,192.69,0.90,213.79,1,644,0,17
-0.79,0.50,-0.16,15.32,-32.78,216.37,0.95,219.37,1,646,0,19
-0.62,0.68,-0.29,-14.28,3.05,254.64,0.97,255.06,2,645,0,21
-0.41,1.12,-0.32,-33.87,12.39,272.34,1.23,274.72,2,646,0,21
-0.18,1.43,-0.42,-46.94,-9.46,285.46,1.50,289.45,2,641,0,18
0.18,1.99,-0.02,-73.36,-38.94,262.33,2.00,275.16,2,644,0,14
1.82,1.88,0.20,-70.56,5.49,146.06,2.63,162.30,2,652,0,8
2.69,0.56,0.19,-83.44,61.40,29.11,2.75,107.61,2,651,0,8
4.00,2.83,0.16,-164.98,27.40,34.24,4.90,170.71,6,695,0,5
4.00,0.91,-0.13,214.72,-42.79,-44.62,4.10,223.44,90,767,55,16
-0.06,-2.06,0.67,380.55,-8.48,151.92,2.17,409.84,318,720,111,0
0.59,-0.66,-0.38,305.24,-6.47,-100.71,0.97,321.49,404,696,142,7
0.02,2.19,0.06,-22.16,-12.39,-6.10,2.19,26.11,480,690,160,11
0.09,1.52,0.38,15.14,-3.72,6.16,1.57,16.76,523,683,163,9
0.11,1.41,0.15,-7.14,-6.77,-18.01,1.42,20.52,416,685,169,7
0.11,1.55,0.15,-58.47,-8.97,-48.28,1.56,76.36,390,743,170,2
0.13,1.54,0.04,-64.39,-3.36,-98.75,1.55,117.94,220,790,170,1
0.14,1.37,0.02,-48.28,-2.62,-148.93,1.37,156.58,199,831,166,1
0.22,1.42,-0.04,-58.84,0.67,-187.38,1.43,196.40,118,846,158,0
0.23,1.14,-0.04,-62.07,7.93,-214.48,1.16,223.42,75,834,126,0
0.45,1.32,-0.12,-60.18,20.39,-208.74,1.40,218.20,30,808,73,0
0.73,0.31,-0.70,-1.71,24.23,-163.21,1.05,165.01,11,781,33,0
0.56,0.82,-0.28,22.95,-9.58,-142.70,1.03,144.85,6,756,17,4
0.71,0.59,-0.64,-27.47,-14.65,-121.22,1.13,125.15,3,724,3,9
0.68,1.91,-0.34,-110.90,-41.38,-93.51,2.06,150.85,2,675,0,11
-0.06,2.67,-0.40,-46.94,-105.65,-31.43,2.70,119.81,2,652,0,9
-0.72,2.42,-0.09,2.50,-156.37,5.25,2.53,156.48,2,647,0,11
-1.02,1.38,-0.19,98.57,-131.16,15.20,1.73,164.78,1,647,0,15
-1.16,0.42,-0.27,96.50,-83.92,58.04,1.26,140.44,1,644,0,20
-1.18,0.16,-0.26,35.46,-22.46,136.41,1.22,142.73,1,643,0,22
-0.93,0.37,-0.43,-43.52,55.05,184.08,1.09,197.00,1,642,0,23
-0.59,0.86,-0.44,-79.77,76.23,228.09,1.13,253.38,2,642,0,22
-0.26,1.47,-0.42,-93.38,63.96,252.32,1.55,276.54,2,639,0,19
0.15,1.91,-0.30,-90.09,32.59,251.53,1.94,269.15,2,641,0,15
1.32,1.96,-0.23,-69.21,33.69,213.81,2.37,227.24,2,648,0,10
2.39,1.41,0.01,-87.16,32.84,106.02,2.78,141.12,1,650,0,5
3.84,1.88,-0.27,-110.05,5.07,38.51,4.29,116.70,4,683,0,6
4.00,0.00,0.11,125.06,-76.05,39.37,4.00,151.57,14,713,0,5
-0.41,0.26,3.41,485.23,-157.78,-49.07,3.44,512.59,120,754,80,9
-0.61,4.00,0.21,-344.12,-19.71,115.66,4.05,363.57,273,734,127,1
0.14,2.08,-0.10,-97.35,-25.70,5.80,2.08,100.85,406,723,154,8
0.27,-0.93,0.16,179.08,-13.06,-39.31,0.98,183.80,409,717,162,8
0.22,0.90,-0.17,40.47,4.39,20.57,0.95,45.61,362,700,165,10
0.15,0.84,0.23,48.22,-9.03,-18.31,0.88,52.36,364,702,168,5
0.15,1.50,0.09,-29.48,-8.54,-36.01,1.51,47.32,340,749,170,1
0.13,1.55,0.12,-48.71,-6.59,-86.79,1.56,99.74,221,797,168,0
0.14,1.47,0.04,-75.74,1.10,-154.72,1.47,172.27,148,839,163,0
0.22,1.48,0.07,-66.22,6.16,-199.52,1.49,210.32,86,847,151,0
0.42,1.36,0.11,-58.35,9.52,-225.77,1.42,233.38,43,820,111,0
0.69,0.86,-0.26,-7.75,31.43,-218.20,1.13,220.59,13,794,58,0
0.50,0.51,-0.16,-2.99,10.74,-164.00,0.73,164.38,6,767,27,0
0.59,0.42,-0.35,21.85,8.61,-150.51,0.80,152.33,3,746,12,7
0.74,0.62,-0.47,-16.17,-5.80,-127.50,1.07,128.65,2,735,0,8
1.14,1.69,-0.45,-35.16,-25.70,-75.44,2.09,87.11,1,696,0,8
-0.15,2.24,-0.58,-45.90,-63.17,-33.20,2.32,84.85,1,676,0,7
-0.57,1.76,-0.15,52.37,-76.05,-31.68,1.85,97.62,1,665,0,10
-0.70,0.97,-0.33,60.67,-52.49,7.08,1.24,80.54,1,661,0,12
-0.84,0.96,-0.03,31.98,-38.27,62.68,1.27,80.10,1,661,0,16
-0.77,0.39,-0.23,34.97,-1.77,111.88,0.89,117.23,1,656,0,18
-0.61,0.54,-0.24,-12.39,12.63,167.72,0.85,168.66,2,654,0,20
-0.43,0.81,-0.27,-28.56,21.00,210.14,0.95,213.11,2,653,0,21
-0.23,1.14,-0.33,-39.98,12.02,246.95,1.21,250.45,2,650,0,22
-0.05,1.45,-0.36,-47.18,-8.18,251.95,1.50,256.46,2,650,0,18
0.26,1.71,-0.10,-62.62,-1.40,228.15,1.74,236.59,2,651,0,12
1.67,1.45,0.02,-74.34,36.62,146.18,2.21,168.04,2,656,0,11
2.29,0.65,-0.00,-86.91,59.39,43.76,2.38,114.00,1,652,0,9
2.95,0.35,0.08,-149.17,41.93,2.56,2.97,154.97,2,657,0,6
4.00,0.73,1.42,197.75,-71.04,-10.44,4.31,210.39,24,710,5,3
1.79,-2.53,0.32,235.11,-73.18,-97.29,3.12,264.76,218,747,99,11
0.15,4.00,-0.38,-377.44,51.27,154.48,4.02,411.04,379,702,141,13
0.19,2.25,0.02,-54.93,-14.34,-2.62,2.25,56.83,482,700,152,12
0.17,0.16,0.24,-72.20,-14.89,-25.45,0.34,77.99,340,707,166,10
0.28,1.11,-0.16,-13.24,1.40,-42.48,1.15,44.52,370,728,162,8
0.22,0.83,0.15,-2.87,0.61,-45.59,0.87,45.69,292,747,172,3
0.25,1.33,-0.05,-24.90,0.24,-62.99,1.36,67.73,257,782,173,0
0.20,1.43,0.06,-33.63,-11.23,-104.31,1.44,110.17,209,818,163,0
0.27,1.24,-0.02,-39.92,-5.92,-144.78,1.27,150.29,128,846,164,0
0.28,1.27,-0.01,-55.85,5.13,-175.60,1.30,184.34,89,847,147,1
0.49,1.20,-0.01,-56.95,13.55,-189.51,1.30,198.35,54,826,108,0
0.75,1.15,-0.32,-37.11,41.69,-182.01,1.41,190.37,19,800,59,0
0.60,0.88,-0.18,-30.46,2.14,-138.85,1.08,142.17,9,780,31,1
0.64,0.37,-0.37,-20.32,4.15,-128.36,0.82,130.02,4,752,13,9
0.46,1.15,-0.26,-96.98,-11.60,-96.74,1.26,137.47,3,719,0,9
0.07,1.75,-0.24,-53.89,-29.11,-61.95,1.77,87.12,2,676,0,7
-0.23,1.82,-0.36,-18.37,-95.64,-42.05,1.87,106.08,2,676,0,8
-0.72,1.75,-0.09,29.72,-128.36,-20.39,1.90,133.32,2,677,0,12
-0.98,1.50,0.06,58.96,-107.67,34.55,1.79,127.52,1,668,0,13
-0.99,0.64,-0.21,81.67,-53.47,72.27,1.20,121.45,1,671,0,16
-1.02,0.33,-0.32,2.87,-3.30,165.59,1.12,165.65,1,667,0,21
-0.52,0.72,-0.40,-25.21,17.15,217.47,0.97,219.60,2,661,0,22
-0.40,1.09,-0.34,-40.89,18.49,245.97,1.21,250.03,2,656,0,19
-0.20,1.42,-0.36,-48.40,18.80,252.50,1.48,257.79,2,656,0,18
0.49,1.84,-0.20,-64.82,26.12,240.17,1.91,250.13,2,659,0,12
1.80,1.67,-0.18,-59.57,40.41,153.50,2.46,169.54,2,657,0,9
2.40,0.77,-0.06,-78.92,41.87,63.42,2.52,109.56,1,661,0,8
3.55,0.64,-0.02,-93.08,17.09,18.74,3.61,96.47,2,671,0,8
4.00,2.51,0.46,18.25,-213.56,-21.73,4.75,215.44,8,752,3,9
0.89,-1.40,2.79,40.41,-138.31,-55.11,3.25,154.27,124,770,88,21
0.04,4.00,0.22,-397.83,-7.87,156.07,4.01,427.42,185,738,134,4
0.15,1.92,-0.21,7.45,-3.36,32.90,1.94,33.90,336,716,147,8
0.19,-0.51,0.37,155.58,-11.84,-39.49,0.66,160.95,386,703,160,10
0.24,0.84,-0.21,26.31,4.94,-7.20,0.90,27.72,364,698,168,8
0.19,0.92,0.13,34.12,-9.70,-38.21,0.95,52.14,490,712,166,4
0.18,1.48,0.10,-31.98,-8.30,-47.79,1.49,58.10,350,750,172,1
0.16,1.43,0.13,-39.98,-11.05,-109.19,1.44,116.80,267,793,173,0
0.18,1.24,0.03,-61.95,-1.22,-145.02,1.26,157.70,180,828,162,0
0.34,1.20,0.01,-64.88,6.71,-181.82,1.25,193.17,117,848,159,0
0.34,0.99,0.08,-64.45,16.78,-199.71,1.05,210.52,82,840,133,0
0.52,1.21,0.00,-71.96,29.85,-193.79,1.32,208.86,40,812,86,0
0.74,0.36,-0.36,-40.28,47.36,-170.10,0.89,181.11,17,790,50,0
0.59,0.43,-0.20,-20.69,28.93,-131.23,0.75,135.96,10,772,26,3
0.59,0.17,-0.26,-65.55,27.83,-93.63,0.67,117.63,5,741,9,10
0.21,1.32,-0.47,-182.86,23.74,-6.04,1.42,184.50,3,693,0,9
0.62,2.49,-0.45,-26.31,-69.40,-7.51,2.60,74.59,3,647,0,11
-0.60,1.83,-0.18,46.39,-127.44,-4.52,1.93,135.70,3,634,0,12
-0.87,1.66,-0.06,107.85,-140.44,21.79,1.87,178.41,3,625,0,17
-1.05,0.86,-0.31,158.08,-100.65,51.15,1.39,194.26,2,621,0,23
-1.05,0.52,-0.42,119.93,-51.82,108.22,1.25,169.65,2,623,0,24
-0.88,0.27,-0.57,60.97,0.37,158.51,1.08,169.83,2,631,0,24
-0.80,0.83,-0.44,-3.66,42.42,208.19,1.23,212.50,2,632,0,25
-0.45,1.15,-0.56,-36.99,63.60,241.46,1.35,252.42,2,635,0,24
-0.19,1.63,-0.48,-51.33,20.32,251.22,1.71,257.22,2,639,0,23
0.45,2.00,-0.26,-57.01,-18.55,240.17,2.06,247.54,2,646,0,22
1.79,1.82,-0.10,-61.65,-32.84,147.58,2.56,163.28,2,650,0,11
2.43,1.11,0.38,-76.54,-29.79,29.72,2.70,87.34,2,658,0,12
3.22,0.26,0.19,-73.24,-29.97,-0.98,3.24,79.14,2,661,0,7
4.00,1.75,-0.75,-106.81,-64.39,-59.08,4.43,138.01,7,721,0,6
1.70,-1.76,0.66,445.80,-50.48,-106.14,2.53,461.03,170,749,76,20
-0.40,4.00,-0.99,-246.58,-1.22,213.68,4.14,326.29,514,695,123,9
0.14,0.65,-0.27,150.15,3.17,4.27,0.71,150.24,523,674,149,14
0.21,-0.58,0.25,-36.80,-10.99,-11.29,0.67,40.03,448,671,160,17
0.17,1.36,-0.00,2.56,-1.83,0.98,1.37,3.30,535,667,165,18
0.13,1.09,0.14,-6.29,-5.98,-14.71,1.10,17.08,386,668,166,12
0.14,1.26,0.11,-31.31,-2.32,-36.80,1.27,48.38,422,709,168,3
0.12,1.43,0.10,-49.26,0.18,-74.83,1.44,89.59,328,763,167,0
0.14,1.45,0.00,-65.49,-2.14,-121.28,1.46,137.85,215,806,165,0
0.19,1.18,-0.04,-47.30,2.75,-156.62,1.20,163.63,171,837,159,0
0.24,1.35,-0.04,-69.40,7.20,-176.94,1.37,190.20,95,842,131,0
0.40,1.39,-0.14,-47.18,18.92,-194.09,1.46,200.64,45,811,82,0
0.65,0.17,-0.44,-15.81,30.40,-164.12,0.80,167.66,17,784,39,0
0.53,0.42,-0.31,-12.39,6.84,-112.18,0.74,113.07,10,759,17,5
0.67,0.59,-0.46,-52.73,-2.32,-83.62,1.00,98.89,5,733,8,8
0.33,1.43,-0.30,-48.52,-25.57,-77.82,1.50,95.21,3,712,0,7
-0.11,1.53,-0.43,-0.85,-44.25,-51.27,1.59,67.73,2,681,0,8
-0.58,1.95,-0.10,7.45,-108.28,-35.58,2.04,114.22,2,680,0,11
-0.74,1.49,-0.18,81.36,-91.25,-10.07,1.67,122.67,2,667,0,14
-0.90,1.15,-0.11,45.96,-54.32,30.46,1.47,77.40,2,665,0,15
-0.90,0.40,-0.33,53.16,-13.55,87.95,1.03,103.66,2,656,0,22
-0.79,0.51,-0.27,-6.77,-2.62,143.62,0.98,143.80,2,660,0,20
-0.62,0.80,-0.26,-30.76,3.42,193.66,1.04,196.12,2,656,0,22
-0.45,1.19,-0.23,-48.10,-2.99,232.24,1.30,237.19,2,655,0,21
-0.19,1.47,-0.30,-60.73,-18.07,237.12,1.51,245.44,2,655,0,20
0.23,1.99,0.06,-82.76,-32.78,228.27,2.00,245.01,2,654,0,13
1.55,1.65,0.14,-72.39,-1.77,163.64,2.27,178.94,2,657,0,10
2.44,1.04,0.36,-95.83,26.98,34.79,2.68,105.45,2,654,0,6
3.50,0.48,0.21,-91.31,4.15,-6.04,3.54,91.60,2,663,0,6
4.00,-0.10,0.29,269.96,-91.13,-38.76,4.01,287.55,17,726,6,4
-0.05,-1.75,1.32,198.91,-73.55,13.43,2.19,212.50,184,737,73,2
-0.36,4.00,0.18,-128.36,-1.46,124.63,4.02,178.92,423,695,121,3
-0.08,2.70,0.19,0.79,-35.34,7.26,2.70,36.09,400,671,145,7
0.14,0.81,0.22,29.66,-14.22,-34.06,0.85,47.35,409,672,155,10
0.17,0.85,-0.02,3.36,-4.09,-20.08,0.87,20.77,440,675,161,9
0.13,0.84,0.17,13.79,-2.99,-16.72,0.87,21.88,582,682,163,7
0.15,1.17,0.09,-35.40,3.11,-32.23,1.18,47.97,364,719,164,0
0.13,1.37,0.10,-51.64,-2.75,-70.56,1.38,87.48,364,770,167,1
0.12,1.51,-0.00,-71.53,-1.59,-117.00,1.51,137.15,205,814,166,0
0.13,1.40,0.03,-71.41,1.95,-167.85,1.40,182.42,131,841,152,0
0.24,1.56,-0.13,-106.08,22.71,-208.98,1.58,235.46,79,836,122,0
0.43,1.33,-0.22,-65.00,26.61,-228.82,1.41,239.36,30,803,69,0
0.61,0.59,-0.23,-37.72,23.19,-203.55,0.87,208.31,14,784,28,0
0.47,0.49,-0.26,-14.89,8.24,-164.25,0.73,165.13,10,760,16,0
0.63,0.75,-0.30,-39.79,7.08,-140.44,1.02,146.14,5,733,2,6
0.57,1.74,-0.40,-94.30,-2.14,-115.54,1.87,149.15,2,704,0,6
-0.03,1.65,-0.32,-17.82,-10.38,-101.26,1.68,103.34,2,647,0,9
-0.33,1.74,-0.39,25.39,-70.01,-42.60,1.82,85.79,2,649,0,8
-0.76,1.43,-0.35,84.29,-126.53,0.55,1.66,152.03,2,642,0,9
-1.00,0.98,-0.34,119.14,-139.10,69.09,1.44,195.75,1,644,0,14
-1.17,0.36,-0.38,106.02,-112.98,122.92,1.28,197.77,1,643,0,17
-1.11,0.32,-0.40,41.20,-59.81,190.80,1.22,204.15,1,642,0,19
-0.90,0.58,-0.46,-19.96,5.62,248.11,1.17,248.97,2,642,0,20
-0.63,1.11,-0.62,-67.81,67.63,270.26,1.41,286.73,2,641,0,21
0.15,1.69,-0.74,-99.79,52.98,276.67,1.85,298.85,2,637,0,16
0.82,1.85,-0.47,-88.75,17.88,250.00,2.08,265.89,2,637,0,13
2.12,1.74,-0.34,-80.99,22.40,177.73,2.76,196.60,2,647,0,8
2.83,0.88,-0.25,-107.91,21.36,65.37,2.98,127.96,2,651,0,7
3.62,0.72,-0.08,-148.01,-36.62,27.89,3.70,155.00,2,656,0,7
3.46,4.00,2.85,-136.96,-221.25,24.72,6.01,261.39,11,707,0,6
0.67,0.44,1.73,326.11,-207.64,-75.26,1.91,393.86,208,725,48,17
-0.32,1.52,-0.05,-98.39,3.42,80.57,1.55,127.21,251,679,104,14
-0.04,3.89,-0.10,-87.71,-16.91,-2.26,3.89,89.35,375,675,140,24
0.19,0.94,0.21,48.52,-28.02,-75.13,0.99,93.73,477,698,150,19
0.24,1.07,0.06,-1.28,-3.60,-20.14,1.09,20.50,480,700,156,16
0.20,0.60,0.28,32.17,-6.10,-33.26,0.69,46.67,416,702,162,12
0.21,0.75,0.21,7.39,-3.60,-29.54,0.81,30.66,413,711,158,6
0.20,1.13,0.23,-12.08,-5.68,-40.77,1.17,42.90,321,737,166,1
0.20,1.25,0.19,-41.56,-3.30,-68.85,1.28,80.49,342,767,166,0
0.21,1.38,0.07,-66.35,-0.79,-121.15,1.40,138.13,214,801,163,1
0.27,1.24,0.10,-67.75,6.29,-160.83,1.28,174.63,138,828,149,0
0.36,1.23,0.07,-84.29,22.77,-182.74,1.28,202.53,86,837,114,0
0.49,1.14,0.01,-70.80,27.71,-188.60,1.24,203.35,36,811,61,0
0.52,0.52,-0.14,-43.52,33.94,-163.21,0.75,172.29,14,788,35,0
0.61,0.59,-0.21,-21.67,28.14,-132.87,0.87,137.54,9,769,19,6
0.44,1.07,-0.12,-23.68,23.80,-117.49,1.16,122.20,5,741,6,9
0.33,1.02,-0.18,-58.17,42.66,-78.92,1.08,106.92,3,705,0,9
-0.44,2.00,0.05,-34.00,22.71,-53.53,2.05,67.35,2,671,0,8
-0.51,2.09,-0.28,64.39,-1.53,-13.31,2.17,65.77,2,659,0,8
-0.62,1.53,-0.37,95.21,-56.82,12.39,1.70,111.57,2,651,0,14
