-,-,-
0.03,1.00,-0.03,5.31,-2.44,-1.83,1.00,6.12,294,554,53,135
0.03,0.99,-0.02,6.41,-2.62,-2.20,0.99,7.27,389,563,62,127
0.02,1.03,-0.02,9.46,-4.94,-4.82,1.03,11.71,560,577,74,113
0.06,0.99,-0.02,18.92,-10.62,-11.90,0.99,24.75,433,598,94,85
0.04,1.42,-0.11,18.80,-11.60,-24.84,1.43,33.24,418,617,114,48
0.17,0.83,-0.18,49.56,-13.61,-46.39,0.87,69.23,579,642,129,23
0.12,0.98,-0.06,28.93,-11.96,-47.79,0.99,57.13,448,679,137,13
0.07,1.05,0.17,11.72,-11.41,-71.53,1.06,73.38,316,723,142,8
0.10,1.11,0.11,-0.31,-3.54,-88.38,1.12,88.45,257,755,147,6
0.14,1.21,0.07,-11.05,2.93,-104.61,1.22,105.24,189,784,148,5
0.21,1.15,0.03,-10.56,3.91,-126.53,1.17,127.03,132,807,147,4
0.24,1.08,0.07,-5.43,1.83,-140.14,1.11,140.25,109,820,144,3
0.31,1.10,-0.01,-8.54,2.87,-155.76,1.14,156.02,86,821,140,4
0.40,1.30,-0.06,-10.80,-1.89,-177.86,1.36,178.19,66,817,123,3
0.66,1.85,-0.06,-30.09,-7.08,-211.43,1.96,213.67,46,795,86,1
0.70,1.82,-0.20,-52.19,-0.61,-264.16,1.96,269.27,18,770,46,0
0.51,2.60,-0.25,-21.24,-9.83,-288.39,2.66,289.34,6,753,22,0
-0.01,0.09,-1.07,-6.71,-46.88,-301.88,1.07,305.57,2,738,9,14
-1.64,1.26,-0.30,-68.60,-86.49,6.77,2.09,110.60,1,715,0,13
-1.27,0.91,-0.48,65.31,-56.03,132.39,1.63,157.89,1,714,0,12
-0.83,0.47,-0.48,34.73,-35.89,173.28,1.07,180.33,1,700,0,14
-0.69,0.55,-0.20,-10.86,7.45,199.34,0.90,199.78,1,690,0,15
-0.41,1.16,-0.05,-54.63,61.71,238.40,1.23,252.25,1,670,0,13
-0.02,1.55,-0.10,-50.54,99.24,263.24,1.55,285.83,1,659,0,15
0.35,1.80,-0.13,-53.89,97.53,282.10,1.83,303.32,2,652,0,15
0.53,2.19,0.03,-42.42,77.70,267.88,2.26,282.13,2,647,0,15
0.56,1.87,-0.14,2.69,58.96,253.11,1.96,259.90,2,646,0,17
0.63,1.73,-0.23,1.71,29.24,243.59,1.86,245.35,2,639,0,18
0.71,1.57,-0.20,-6.96,19.84,220.21,1.73,221.22,2,634,0,20
0.87,1.52,-0.10,-17.88,27.71,193.24,1.75,196.03,3,628,0,20
0.67,1.31,-0.19,-25.39,35.52,144.04,1.49,150.52,3,627,0,22
1.58,1.23,-0.07,-26.55,20.02,79.16,2.01,85.86,3,636,0,22
1.28,1.13,0.29,-0.12,-20.75,11.35,1.73,23.65,2,649,0,19
1.19,0.79,0.25,24.48,-27.16,-35.10,1.45,50.68,2,658,0,16
0.98,0.58,0.23,17.94,-6.35,-68.30,1.16,70.90,1,667,0,17
0.91,0.53,0.14,4.52,50.66,-79.90,1.06,94.71,1,670,0,21
0.49,1.93,-0.38,-77.76,54.08,-204.22,2.03,225.12,3,626,0,61
0.23,0.70,0.18,-13.24,-7.63,-116.21,0.76,117.21,6,536,1,77
0.03,1.07,-0.11,0.98,0.49,-27.28,1.08,27.30,9,536,0,69
0.21,0.91,-0.02,6.53,-3.66,-23.07,0.93,24.26,18,538,0,69
0.03,0.96,-0.04,14.28,-3.11,-0.06,0.96,14.62,66,553,18,91
-0.01,1.02,-0.01,16.60,-1.40,8.91,1.02,18.89,137,542,36,101
-0.02,1.00,-0.01,14.34,-2.44,2.62,1.00,14.78,243,542,49,108
-0.02,0.98,0.00,15.14,-2.08,2.50,0.98,15.48,265,546,60,121
-0.03,1.00,-0.02,10.74,-1.16,3.48,1.00,11.35,276,541,65,121
-0.02,0.98,0.01,6.71,-1.77,-0.06,0.98,6.94,222,542,65,124
-0.02,1.00,0.01,3.72,-1.10,1.28,1.00,4.09,238,541,68,123
-0.02,0.99,0.00,3.42,-1.22,1.71,0.99,4.01,317,538,69,126
-0.02,0.99,0.02,4.27,-2.20,-0.37,0.99,4.82,204,535,63,126
-0.03,1.00,0.02,1.40,-1.89,-0.18,1.00,2.36,245,536,67,125
-0.02,0.99,0.02,0.49,-2.69,-5.98,0.99,6.57,288,544,75,120
-0.02,0.99,0.02,-0.98,-1.40,-2.38,0.99,2.93,272,547,76,119
-0.02,0.98,0.02,-2.69,-0.55,-0.49,0.98,2.78,253,548,75,114
-0.02,1.00,0.02,-2.62,-0.79,-1.34,1.00,3.05,222,552,76,114
-0.02,0.99,0.02,-1.71,-1.59,-3.72,0.99,4.39,211,556,77,107
-0.02,0.98,0.02,-1.83,-1.34,-2.99,0.98,3.76,178,562,78,99
-0.02,1.00,0.01,-2.87,-1.22,-2.75,1.00,4.15,197,565,77,97
-0.02,1.00,0.01,-2.32,-1.65,-4.46,1.00,5.29,220,573,77,93
-0.01,1.00,0.01,-1.40,-2.14,-5.80,1.00,6.34,198,575,79,85
-0.01,0.99,0.02,-1.59,-1.46,-4.33,0.99,4.84,200,580,83,81
-0.01,0.99,0.01,-0.12,-0.92,-2.93,0.99,3.07,173,583,85,80
-0.01,1.00,0.01,0.73,-0.79,-2.62,1.00,2.84,246,582,87,76
-0.01,1.00,0.02,2.81,-1.59,-4.15,1.00,5.26,224,585,92,72
-0.00,1.00,0.02,3.72,-2.62,-9.64,1.00,10.67,294,590,97,65
0.01,1.00,0.02,4.64,-3.23,-13.00,1.00,14.18,310,594,99,56
-0.00,1.12,0.00,4.88,-3.66,-19.41,1.12,20.35,352,610,107,44
0.02,1.08,0.01,11.23,-4.88,-29.24,1.09,31.70,340,628,119,35
0.03,1.08,0.03,17.40,-6.41,-38.88,1.08,43.07,304,654,128,19
-0.00,1.23,0.15,19.90,-5.86,-52.12,1.24,56.10,222,700,126,11
0.08,1.27,0.15,-21.61,-5.68,-87.28,1.28,90.09,149,767,131,3
0.09,1.34,0.03,2.62,-0.49,-125.43,1.34,125.46,78,792,124,4
0.09,1.42,0.09,-5.00,-0.06,-157.90,1.42,157.98,37,796,104,3
0.25,1.35,0.01,-12.51,4.88,-178.77,1.37,179.28,15,780,64,1
0.47,1.27,-0.21,-19.53,1.04,-174.13,1.37,175.23,5,739,20,0
0.74,1.48,-0.20,-21.06,-12.70,-142.58,1.66,144.68,2,695,0,0
1.18,1.27,-0.45,14.28,-41.32,-106.81,1.79,115.41,1,667,0,10
0.93,0.88,-0.43,-14.95,-101.26,-19.78,1.35,104.25,1,683,0,11
0.77,1.19,-0.23,-53.04,-119.75,-4.58,1.43,131.05,1,683,0,8
0.45,1.47,0.14,-20.32,-90.64,-41.63,1.54,101.79,1,680,0,9
0.37,1.01,0.01,5.31,-56.82,-46.69,1.07,73.74,1,680,0,11
0.28,0.95,0.10,-10.62,-41.93,-32.96,1.00,54.38,1,675,0,12
0.20,0.99,0.21,-10.62,-32.10,-21.12,1.03,39.87,1,671,0,12
0.12,0.91,0.24,2.87,-22.40,-21.42,0.94,31.13,1,663,0,13
-0.08,0.71,0.23,5.43,-9.46,-13.24,0.75,17.16,1,659,0,16
-0.13,0.63,0.23,1.10,4.39,3.30,0.68,5.60,1,656,0,15
-0.23,0.47,0.19,-0.61,16.11,18.43,0.56,24.49,2,654,0,18
-0.22,0.37,0.09,-2.32,16.36,43.88,0.44,46.89,2,649,0,19
-0.29,0.25,0.05,-3.23,13.31,58.17,0.38,59.76,2,646,0,21
-0.28,0.33,0.06,-12.82,17.03,87.89,0.44,90.44,2,646,0,22
-0.16,0.37,0.07,-19.10,28.32,104.06,0.41,109.53,2,644,0,23
-0.03,0.51,0.04,-28.20,40.77,118.84,0.51,128.76,2,641,0,23
0.16,0.68,0.04,-34.18,43.88,125.43,0.70,137.21,2,634,0,23
0.27,0.77,-0.03,-28.87,39.49,123.11,0.81,132.47,2,633,0,24
0.51,0.79,0.09,-23.01,28.63,120.48,0.95,125.96,2,632,0,24
0.62,0.90,0.08,-16.66,37.84,95.58,1.09,104.14,2,631,0,21
0.88,0.96,0.00,-18.80,47.42,69.58,1.30,86.28,2,631,0,24
1.01,0.96,-0.06,-17.70,45.59,36.01,1.40,60.74,2,637,0,19
1.08,0.93,-0.10,-16.24,35.03,2.32,1.43,38.68,2,636,0,16
0.96,0.63,-0.18,-16.78,22.22,-47.85,1.16,55.36,2,642,0,14
-0.24,-0.90,-0.08,162.17,-47.06,32.78,0.94,172.01,7,687,9,12
-0.09,1.83,0.76,-22.64,-73.43,90.94,1.99,119.06,20,678,23,13
0.02,2.60,-0.10,-78.55,16.60,57.62,2.60,98.82,96,591,46,51
0.06,1.06,-0.08,32.96,-14.83,-34.73,1.07,50.12,108,624,61,35
0.11,0.49,0.19,30.94,-8.67,-15.14,0.53,35.52,156,641,84,46
0.05,0.98,-0.00,-25.82,10.19,22.95,0.98,36.02,206,618,94,70
0.05,0.97,0.03,6.29,2.14,7.81,0.97,10.25,236,609,101,85
0.06,1.00,0.00,-3.36,3.48,6.16,1.01,7.83,254,607,106,94
0.06,0.99,0.00,-2.14,3.42,5.19,0.99,6.57,292,600,109,103
0.05,1.01,-0.00,-3.36,3.11,5.07,1.01,6.83,270,596,111,107
0.05,0.99,0.00,-2.44,1.04,1.59,0.99,3.09,292,600,115,106
0.05,1.00,-0.00,-4.27,0.92,0.67,1.00,4.42,234,595,115,111
0.05,1.00,-0.01,-3.85,-0.67,-1.40,1.00,4.15,315,596,116,107
0.05,1.00,-0.01,-3.60,-1.71,-2.38,1.00,4.64,326,596,120,97
0.05,0.99,-0.00,-3.72,-2.01,-3.05,0.99,5.22,307,596,119,91
0.05,1.00,-0.01,-3.23,-2.01,-3.17,1.00,4.96,392,594,112,84
0.05,0.99,-0.01,-2.87,-1.46,-2.20,0.99,3.90,473,595,112,78
0.06,0.98,-0.01,-1.83,-0.61,-0.98,0.99,2.16,394,595,116,73
0.05,0.99,-0.01,-2.38,0.18,0.85,0.99,2.54,333,594,110,77
0.05,0.99,-0.01,-2.93,0.85,1.46,1.00,3.39,394,597,108,78
0.05,0.99,-0.02,-2.93,0.92,0.85,0.99,3.19,526,596,108,80
0.05,1.00,-0.02,-2.87,1.40,1.40,1.00,3.49,359,595,108,84
0.05,0.99,-0.02,-0.55,1.10,1.28,0.99,1.78,359,594,106,87
0.05,1.01,-0.02,-0.55,1.10,1.16,1.01,1.69,307,597,103,95
0.05,1.00,-0.01,1.04,-0.55,-1.65,1.00,2.02,392,595,109,95
0.05,0.99,-0.01,1.77,-1.71,-4.03,0.99,4.72,394,592,116,93
0.05,1.00,-0.01,1.71,-2.08,-5.00,1.00,5.68,366,593,122,84
0.05,1.01,-0.01,2.20,-2.87,-6.65,1.01,7.57,442,597,125,71
0.06,1.02,-0.01,4.52,-5.37,-11.66,1.02,13.61,413,614,129,48
0.07,1.05,-0.02,6.35,-6.23,-15.50,1.05,17.87,386,633,132,28
-0.02,1.38,0.07,2.50,-9.40,-17.46,1.38,19.98,365,667,134,13
0.10,1.17,0.02,-11.41,-3.97,-49.26,1.17,50.72,349,711,132,5
0.07,1.35,0.00,-27.34,0.67,-76.97,1.36,81.68,271,746,132,3
0.05,1.48,0.05,-23.86,0.24,-116.15,1.48,118.58,173,776,134,3
0.10,1.40,0.03,-29.42,2.38,-151.98,1.41,154.82,89,800,108,2
0.21,1.58,0.06,-39.25,13.61,-171.63,1.60,176.59,31,768,57,0
0.90,1.59,-0.15,-22.83,20.51,-179.87,1.83,182.47,7,718,12,0
1.21,0.95,-0.65,12.27,15.50,-143.62,1.67,144.97,2,663,0,0
1.23,1.10,-0.54,5.49,-53.83,-114.44,1.73,126.59,1,659,0,0
1.21,1.24,-0.61,1.10,-102.97,-72.63,1.84,126.01,1,658,0,0
0.80,1.54,-0.26,-6.84,-128.91,-98.39,1.76,162.31,1,668,0,0
0.43,1.38,-0.09,21.91,-110.35,-113.16,1.44,159.57,1,675,0,0
0.25,1.00,-0.07,27.10,-75.74,-99.24,1.03,127.75,1,680,0,2
0.04,0.82,0.07,10.86,-43.70,-76.17,0.82,88.49,1,679,0,3
-0.06,0.77,0.13,8.12,-15.32,-41.87,0.79,45.32,1,677,0,7
-0.13,0.62,0.13,4.82,1.04,-8.79,0.65,10.08,1,668,0,5
-0.31,0.57,0.23,3.60,10.44,11.90,0.69,16.23,2,669,0,9
-0.33,0.41,0.11,9.77,19.59,39.98,0.54,45.58,2,666,0,12
-0.36,0.43,0.15,4.70,18.49,68.12,0.58,70.74,2,661,0,14
-0.34,0.29,0.05,10.38,25.88,90.39,0.45,94.60,2,660,0,16
-0.26,0.30,0.01,-1.16,31.92,113.28,0.39,117.70,2,656,0,19
-0.20,0.28,-0.01,-7.87,39.37,130.43,0.35,136.47,2,649,0,18
-0.02,0.48,0.00,-17.03,44.07,149.35,0.48,156.65,2,645,0,19
0.16,0.57,-0.06,-18.98,40.59,156.43,0.59,162.72,2,641,0,19
0.49,0.72,0.06,-15.69,29.48,153.26,0.87,156.86,3,636,0,19
0.58,0.75,-0.02,-10.80,31.80,146.36,0.95,150.17,2,638,0,19
0.80,0.97,0.03,-13.67,38.57,127.01,1.26,133.44,3,634,0,20
0.97,0.90,-0.15,-10.99,51.64,96.68,1.33,110.15,2,635,0,17
1.05,0.94,-0.24,-17.94,54.99,67.38,1.43,88.81,2,638,0,17
1.15,0.81,-0.33,-23.56,51.15,32.47,1.44,65.00,2,635,0,15
0.95,0.92,-0.09,101.56,-6.41,56.76,1.33,116.52,9,670,4,14
1.60,3.99,1.37,-39.12,-75.44,47.00,4.51,97.11,25,638,19,31
-0.13,0.57,0.19,9.64,-2.62,5.13,0.61,11.23,68,609,32,44
0.12,1.06,-0.10,13.43,-7.57,-23.13,1.07,27.80,107,625,60,42
0.08,0.87,0.06,1.28,-0.06,2.56,0.88,2.87,193,622,80,67
0.07,1.09,-0.05,-17.58,10.13,18.92,1.09,27.74,368,600,94,90
0.06,0.95,0.03,0.55,4.15,5.92,0.95,7.25,370,586,98,106
0.06,1.03,-0.01,-7.63,5.92,6.23,1.03,11.49,416,583,105,111
0.09,1.00,0.00,-5.92,4.94,3.66,1.01,8.54,322,580,102,110
0.06,1.00,-0.01,-4.03,1.95,2.26,1.00,5.01,381,573,106,119
0.05,0.99,-0.01,-4.58,0.73,1.28,0.99,4.81,352,571,108,118
0.05,0.99,-0.02,-4.82,0.67,0.85,0.99,4.94,460,567,108,120
0.05,0.99,-0.02,-4.64,0.06,0.18,0.99,4.64,416,564,105,114
0.05,1.00,-0.02,-4.70,-0.12,-0.06,1.00,4.70,584,563,100,115
0.05,1.00,-0.03,-4.27,-0.18,-0.18,1.00,4.28,384,564,99,111
0.05,0.99,-0.02,-2.32,-0.24,-0.31,0.99,2.35,386,563,94,109
0.05,0.99,-0.02,-1.71,-0.18,0.18,0.99,1.73,418,558,83,110
0.05,0.99,-0.03,-2.20,0.18,0.18,0.99,2.21,344,557,84,111
0.05,0.99,-0.03,-1.83,0.43,0.43,0.99,1.93,454,559,81,112
0.05,0.99,-0.02,-1.28,0.06,0.00,0.99,1.28,373,557,82,115
0.05,1.00,-0.03,-1.53,0.31,-0.06,1.00,1.56,410,555,81,113
0.05,0.99,-0.03,-0.24,0.12,-0.18,0.99,0.33,410,555,78,120
0.05,0.99,-0.02,0.55,-0.06,-0.31,0.99,0.63,568,557,78,122
0.05,0.99,-0.02,0.98,0.06,-0.24,0.99,1.01,457,560,82,121
0.04,1.00,-0.02,0.98,-0.24,-0.67,1.00,1.21,410,560,79,124
0.04,0.99,-0.02,0.73,-0.73,-1.89,0.99,2.16,376,561,82,124
0.05,0.99,-0.02,1.22,-0.79,-2.14,0.99,2.59,416,562,87,120
0.04,1.02,-0.02,-0.12,-0.43,-1.59,1.03,1.65,460,562,91,117
0.05,1.01,-0.03,0.00,-1.34,-4.27,1.01,4.48,470,566,101,118
0.05,1.01,-0.02,-0.06,-2.08,-5.92,1.01,6.27,536,568,109,104
0.05,1.02,-0.02,5.07,-5.80,-12.57,1.03,14.74,453,575,121,84
0.07,1.03,-0.01,7.39,-8.12,-18.13,1.03,21.19,459,596,122,48
0.09,1.02,-0.01,9.40,-8.18,-21.97,1.02,25.26,432,642,129,21
0.04,1.69,0.09,-1.40,-7.26,-33.08,1.69,33.90,326,710,129,6
0.04,1.60,0.03,-23.62,-5.37,-97.47,1.60,100.44,221,758,122,3
0.09,1.42,0.06,-40.77,6.16,-151.73,1.43,157.24,105,782,99,4
0.18,1.76,0.06,-47.18,19.71,-164.86,1.77,172.60,30,744,46,0
0.99,1.18,-0.36,14.71,34.36,-184.39,1.58,188.14,7,693,4,0
1.65,0.84,-0.92,27.47,15.26,-141.91,2.07,145.34,1,642,0,0
1.33,1.15,-0.89,-9.64,-67.93,-84.47,1.97,108.83,1,651,0,0
1.13,1.57,-0.54,-47.91,-136.23,-64.58,2.01,158.19,1,660,0,3
0.64,1.88,-0.13,-23.74,-160.77,-102.42,1.99,192.09,1,671,0,1
0.25,1.43,-0.06,24.41,-135.01,-127.38,1.46,187.21,1,681,0,3
-0.04,1.01,0.06,24.66,-72.75,-107.48,1.02,132.11,1,687,0,4
-0.24,0.70,0.16,8.85,-27.04,-72.51,0.75,77.89,1,685,0,8
-0.28,0.58,0.13,5.86,-0.37,-37.29,0.66,37.75,1,678,0,8
-0.33,0.48,0.14,4.82,5.74,1.89,0.60,7.73,1,673,0,10
-0.37,0.47,0.17,8.61,8.24,33.39,0.62,35.45,2,670,0,12
-0.43,0.36,0.15,11.47,12.51,56.64,0.58,59.13,2,662,0,13
-0.42,0.25,0.05,13.12,21.97,83.13,0.49,86.98,2,659,0,15
-0.36,0.31,0.03,0.24,31.13,111.15,0.48,115.42,2,655,0,15
-0.25,0.28,-0.05,-4.33,46.08,139.40,0.38,146.89,2,651,0,19
-0.05,0.44,-0.11,-19.29,62.81,146.61,0.46,160.65,2,646,0,20
0.20,0.60,-0.14,-27.16,63.66,148.13,0.65,163.50,2,641,0,22
0.43,0.72,-0.19,-26.55,48.52,146.36,0.86,156.47,2,634,0,18
0.55,0.79,-0.11,-17.15,32.17,140.93,0.97,145.57,3,628,0,22
0.65,0.95,-0.01,-9.70,25.02,130.49,1.15,133.22,3,631,0,22
0.84,0.96,-0.05,-17.52,36.07,106.93,1.28,114.21,3,634,0,21
1.35,0.95,-0.08,-21.36,44.98,76.35,1.65,91.16,3,648,0,19
2.74,1.33,-0.36,76.84,13.98,118.65,3.07,142.05,8,617,0,23
1.36,1.23,0.61,39.37,-60.12,-28.32,1.94,77.24,15,618,14,25
-0.48,1.25,0.86,-11.72,-27.53,-15.75,1.59,33.81,24,621,22,19
0.12,0.91,-0.10,9.89,-5.74,-21.12,0.92,24.01,36,644,43,24
0.11,0.75,0.13,28.81,-5.62,-1.89,0.77,29.41,56,645,54,28
0.08,0.80,0.13,-1.04,-0.49,21.30,0.82,21.33,86,618,63,39
0.04,1.19,-0.01,-26.92,2.62,27.77,1.19,38.76,151,604,80,54
0.05,0.97,0.03,-5.25,0.37,9.64,0.97,10.99,208,599,92,66
0.04,0.82,0.07,-14.59,1.04,20.08,0.82,24.84,225,587,96,77
-0.01,1.37,-0.10,-29.91,8.42,26.18,1.37,40.63,210,572,93,90
0.02,0.96,0.02,-0.85,2.81,7.87,0.97,8.40,252,567,96,94
0.02,1.02,-0.01,-5.13,3.30,7.75,1.02,9.86,237,566,96,94
0.02,0.98,-0.00,-5.68,2.38,5.31,0.98,8.13,268,563,96,102
0.02,1.00,-0.01,-7.14,2.32,5.07,1.00,9.06,307,563,91,101
0.01,0.99,-0.01,-6.90,1.59,3.11,0.99,7.73,222,565,87,98
0.01,1.00,-0.02,-6.10,1.04,2.44,1.00,6.66,246,569,87,101
0.01,0.99,-0.02,-5.00,0.92,2.20,0.99,5.54,192,571,81,102
0.01,1.00,-0.02,-4.03,0.37,0.98,1.00,4.16,224,578,79,102
0.01,0.99,-0.02,-4.09,0.06,1.22,0.99,4.27,188,581,70,96
0.01,0.99,-0.02,-3.85,-0.18,0.98,0.99,3.97,157,578,68,100
0.00,0.99,-0.02,-3.66,0.31,0.67,0.99,3.74,154,578,67,94
0.00,0.99,-0.02,-3.30,0.31,1.34,0.99,3.57,154,573,65,95
-0.00,1.01,-0.03,-3.85,1.04,2.26,1.01,4.58,188,571,66,99
-0.00,1.00,-0.03,-2.26,0.12,-0.12,1.00,2.26,184,568,68,98
0.00,1.00,-0.03,-0.73,-0.37,-2.26,1.00,2.40,213,564,75,97
-0.00,1.02,-0.03,0.31,-1.22,-4.21,1.02,4.40,254,565,80,92
0.01,1.03,-0.03,6.65,-4.94,-14.40,1.03,16.62,306,572,95,83
0.04,1.06,-0.05,12.08,-8.36,-23.68,1.06,27.87,347,587,106,57
0.01,1.10,-0.04,26.49,-8.42,-38.21,1.10,47.25,392,615,110,36
0.02,1.05,0.03,31.13,-8.54,-51.39,1.05,60.69,268,673,123,17
0.02,1.21,0.05,2.62,-6.65,-66.96,1.21,67.34,173,755,126,6
0.06,1.37,0.01,-2.75,2.26,-104.80,1.37,104.86,87,793,115,1
0.12,1.60,-0.10,-0.79,1.04,-144.84,1.61,144.84,37,799,103,3
0.13,1.45,-0.05,9.58,-3.85,-176.15,1.46,176.45,13,779,63,0
0.34,1.28,-0.17,-2.99,-7.69,-175.35,1.33,175.55,4,731,18,0
0.57,1.59,-0.15,21.36,-13.85,-130.13,1.70,132.59,1,695,0,0
1.24,0.25,-0.41,63.48,-2.14,-113.71,1.33,130.24,0,0,0,9
1.12,0.98,-0.48,-15.32,-30.70,-33.45,1.57,47.92,1,700,0,7
1.10,1.47,-0.25,-46.51,-68.85,-42.05,1.85,93.12,0,0,0,5
0.83,1.51,-0.12,-11.96,-92.41,-81.60,1.73,123.86,0,0,0,6
0.48,1.07,-0.09,11.96,-98.88,-91.25,1.18,135.08,0,0,0,8
0.16,0.93,0.16,8.18,-83.19,-75.87,0.96,112.89,1,692,0,8
0.01,0.76,0.28,10.93,-44.19,-61.71,0.81,76.68,0,0,0,9
-0.08,0.68,0.25,9.95,7.75,-42.36,0.73,44.20,1,685,0,10
-0.07,0.60,0.27,-1.53,29.42,-13.85,0.66,32.55,1,678,0,11
-0.02,0.68,0.25,0.98,39.92,15.50,0.72,42.83,1,675,0,11
0.03,0.63,0.13,7.14,43.09,33.69,0.65,55.16,1,667,0,13
-0.03,0.51,0.05,4.82,36.07,47.18,0.51,59.59,1,663,0,15
-0.14,0.45,0.05,5.92,33.14,66.77,0.48,74.78,1,656,0,13
-0.25,0.28,-0.02,1.04,44.74,80.57,0.37,92.16,1,650,0,19
-0.21,0.30,-0.04,-15.20,59.14,95.09,0.37,113.01,1,650,0,18
-0.12,0.43,-0.04,-24.29,65.12,114.93,0.44,134.31,1,657,0,18
0.30,0.49,-0.19,-22.16,55.97,127.26,0.60,140.78,2,650,0,21
0.25,0.73,-0.10,-25.39,37.23,130.98,0.77,138.52,2,647,0,21
0.41,0.76,-0.02,-19.53,24.41,129.82,0.86,133.53,2,650,0,20
0.52,0.68,-0.00,-6.23,39.31,121.89,0.86,128.22,1,647,0,20
1.00,0.97,-0.01,-22.71,58.53,104.49,1.39,121.90,1,652,0,19
1.56,1.04,-0.12,-20.26,55.85,52.43,1.87,79.24,1,650,0,14
1.54,1.37,0.02,69.40,-28.93,42.11,2.06,86.18,6,702,1,14
2.33,2.09,0.14,-43.40,-107.18,25.09,3.13,118.32,11,730,20,13
-0.19,0.60,0.21,6.96,-52.49,34.91,0.66,63.42,22,702,38,9
0.28,0.47,-0.19,23.93,-4.76,39.06,0.58,46.05,66,692,67,16
0.05,1.03,-0.04,-10.07,1.10,66.53,1.04,67.30,206,644,74,31
0.04,1.37,-0.10,-4.09,3.05,14.04,1.37,14.94,241,614,91,57
0.08,1.00,-0.01,-4.64,0.55,-1.77,1.00,5.00,305,611,101,67
0.06,0.97,-0.01,-8.54,4.58,9.58,0.97,13.63,315,596,107,77
0.05,1.02,-0.02,-4.70,3.54,7.93,1.02,9.88,533,585,109,90
0.05,1.01,-0.02,-4.15,1.71,3.91,1.02,5.95,4928,578,115,94
0.05,0.98,-0.01,-4.15,0.79,2.56,0.98,4.94,450,578,116,95
0.06,1.01,-0.02,-5.31,2.56,3.97,1.02,7.11,408,573,116,101
0.04,0.99,-0.02,-5.13,1.89,3.91,0.99,6.72,551,572,116,100
0.04,1.00,-0.02,-4.88,1.46,3.85,1.00,6.39,445,567,109,103
0.04,1.00,-0.03,-4.64,1.40,2.32,1.00,5.37,445,568,100,107
0.04,1.00,-0.03,-3.91,0.67,1.77,1.00,4.34,442,563,100,106
0.04,0.99,-0.03,-2.99,0.00,0.06,0.99,2.99,486,566,95,104
0.04,1.01,-0.04,-3.36,-0.24,-0.12,1.01,3.37,436,566,90,97
0.03,0.99,-0.03,-1.71,-0.55,-0.61,0.99,1.90,433,564,89,96
0.04,0.99,-0.03,-1.71,-0.43,-0.61,1.00,1.86,439,564,87,98
0.03,0.99,-0.03,-0.37,-0.73,-1.40,0.99,1.63,436,563,89,98
0.04,0.99,-0.03,0.18,-1.10,-1.83,0.99,2.14,483,564,86,95
0.04,0.99,-0.03,0.24,-0.92,-2.01,0.99,2.23,442,564,90,92
0.04,1.00,-0.03,1.77,-1.53,-3.11,1.00,3.89,448,565,90,93
0.04,1.00,-0.03,3.66,-2.14,-5.00,1.00,6.56,408,565,101,88
0.04,0.98,-0.02,3.91,-2.38,-5.07,0.98,6.83,558,568,108,88
0.04,1.01,-0.03,2.56,-2.01,-5.92,1.01,6.76,459,571,105,83
0.05,0.99,-0.02,5.92,-3.54,-8.73,0.99,11.12,465,576,114,70
0.05,1.00,-0.02,4.21,-3.11,-8.12,1.00,9.66,471,581,118,63
0.06,1.00,-0.02,4.03,-2.99,-8.24,1.00,9.65,471,589,124,53
0.06,1.00,-0.01,4.03,-2.75,-9.16,1.01,10.37,480,602,125,42
0.07,1.02,-0.03,6.16,-5.07,-14.16,1.02,16.25,491,621,133,29
0.02,1.34,-0.05,6.23,-9.52,-18.49,1.34,21.71,384,661,137,13
-0.01,1.35,0.14,8.91,-7.39,-40.22,1.35,41.85,281,715,140,7
0.05,1.50,-0.01,-24.84,1.34,-76.17,1.50,80.13,230,760,137,4
0.07,1.62,-0.06,-12.27,2.01,-137.94,1.62,138.50,141,791,129,3
0.14,1.51,-0.00,-28.63,7.20,-167.54,1.51,170.12,49,784,90,1
0.45,1.57,-0.16,-45.53,7.45,-173.10,1.64,179.14,13,749,31,0
0.85,1.22,-0.14,-6.65,2.69,-169.98,1.49,170.13,4,695,0,0
1.68,1.32,-0.56,-11.23,3.85,-127.75,2.21,128.30,1,661,0,0
1.23,1.16,-0.44,8.42,-54.63,-73.97,1.75,92.34,1,671,0,0
0.89,1.35,-0.30,-20.20,-93.02,-60.42,1.65,112.75,1,674,0,0
0.56,1.71,-0.01,-7.02,-93.14,-95.64,1.80,133.68,1,682,0,0
0.35,1.23,-0.11,26.49,-63.29,-113.89,1.28,132.96,1,690,0,0
0.05,1.06,0.07,15.56,-41.50,-97.23,1.06,106.86,1,693,0,3
-0.06,0.88,0.13,27.10,-14.10,-67.02,0.89,73.65,1,691,0,5
-0.07,0.75,0.11,32.90,5.92,-43.15,0.76,54.58,1,690,0,5
-0.11,0.54,0.05,37.54,16.48,-19.65,0.55,45.46,1,688,0,9
-0.16,0.47,0.06,22.03,21.36,12.82,0.50,33.26,1,686,0,8
-0.21,0.40,0.01,12.08,26.79,49.32,0.45,57.41,1,672,0,11
-0.26,0.41,0.02,-4.82,42.66,81.60,0.48,92.21,1,665,0,14
-0.18,0.42,-0.01,-2.32,68.66,96.25,0.46,118.26,1,656,0,12
-0.05,0.18,-0.20,-2.62,95.46,106.38,0.27,142.96,2,652,0,17
0.12,0.37,-0.21,-13.85,97.84,118.90,0.44,154.60,2,639,0,17
0.35,0.39,-0.24,-10.01,86.43,125.43,0.58,152.65,2,630,0,20
0.53,0.47,-0.26,-10.62,59.51,121.64,0.75,135.84,2,625,0,22
0.52,0.58,-0.16,-1.95,16.11,124.45,0.80,125.50,2,624,0,19
0.48,0.59,-0.08,16.24,-12.27,132.32,0.76,133.88,2,621,0,21
0.54,0.65,-0.08,11.90,-5.62,119.38,0.85,120.11,2,619,0,17
0.68,0.73,-0.12,0.37,13.49,93.02,1.01,93.99,2,631,0,18
0.86,0.83,-0.19,-12.88,19.04,60.30,1.21,64.54,2,638,0,16
2.07,3.04,0.44,-13.92,5.74,22.46,3.71,27.04,3,682,0,14
2.63,0.13,-1.35,67.02,-42.36,155.09,2.95,174.18,10,689,12,13
0.35,2.06,1.34,50.48,-106.32,95.15,2.48,151.35,35,644,29,19
-0.04,0.41,0.38,13.37,-3.85,3.60,0.56,14.37,92,591,44,42
0.12,0.99,-0.09,1.83,-4.21,-10.56,1.00,11.51,145,611,64,39
0.10,0.85,0.07,10.07,-1.16,-6.41,0.86,11.99,237,595,81,73
0.05,1.07,-0.03,-23.19,12.21,13.00,1.08,29.26,324,572,90,100
0.05,0.93,0.03,-1.34,2.81,0.79,0.93,3.21,401,563,97,111
0.06,1.02,-0.02,-3.05,3.48,2.32,1.02,5.18,401,559,98,120
0.06,0.99,-0.01,-1.40,1.95,1.83,1.00,3.02,360,560,98,124
0.06,1.00,-0.01,0.37,0.73,1.40,1.00,1.63,346,565,96,127
0.05,0.98,-0.01,-0.12,0.00,0.85,0.98,0.86,235,576,95,124
0.05,0.99,-0.01,-1.65,0.06,0.37,1.00,1.69,231,580,96,128
0.05,0.99,-0.01,-1.65,-0.31,-0.37,0.99,1.72,218,580,90,127
0.05,1.00,-0.01,-2.20,-0.92,-1.34,1.00,2.73,205,580,93,122
0.05,1.01,-0.02,-2.81,-0.98,-2.75,1.01,4.05,288,581,99,121
0.06,0.99,-0.01,-0.49,-1.89,-2.32,0.99,3.03,381,584,99,109
0.06,0.99,-0.01,-0.79,-1.16,-1.22,0.99,1.86,346,589,102,110
0.04,0.99,-0.01,-0.61,-0.98,-1.28,0.99,1.72,281,590,107,102
0.06,1.00,-0.00,-1.16,-0.73,-1.53,1.00,2.05,262,589,109,101
0.06,0.99,-0.01,-1.95,-0.85,-2.50,0.99,3.29,308,594,112,92
0.05,0.98,-0.01,-1.77,-1.40,-2.50,0.99,3.37,339,597,108,87
0.06,0.99,-0.01,-1.71,-0.92,-1.83,0.99,2.67,376,599,115,85
0.06,0.99,-0.01,-1.28,-0.18,-1.59,0.99,2.05,352,598,115,83
0.06,0.99,-0.02,0.43,-0.85,-1.59,1.00,1.85,384,597,116,82
0.06,0.97,-0.01,0.12,-0.43,-0.73,0.97,0.86,354,596,112,81
0.05,1.02,-0.02,-1.22,0.49,0.31,1.02,1.35,421,593,118,81
0.06,0.99,-0.01,1.28,-1.46,-2.99,0.99,3.57,361,592,118,80
0.06,1.01,-0.01,1.59,-2.08,-4.09,1.01,4.85,536,596,126,65
0.06,1.00,-0.01,3.66,-3.11,-5.80,1.00,7.53,408,613,131,44
0.05,1.01,-0.01,4.15,-3.42,-6.29,1.02,8.27,413,638,132,23
0.12,1.07,-0.10,9.40,-3.17,-11.41,1.08,15.12,358,679,134,11
0.09,1.20,-0.01,-13.85,-2.93,-52.98,1.20,54.84,217,732,131,7
0.05,1.49,-0.04,-31.25,0.00,-86.67,1.49,92.13,176,770,130,3
0.12,1.45,-0.09,-13.85,-0.73,-127.81,1.46,128.56,79,790,113,1
0.18,1.58,-0.04,-15.56,1.46,-148.25,1.59,149.08,27,764,63,0
0.89,1.69,-0.19,-12.76,0.43,-152.04,1.92,152.57,7,720,13,0
0.88,1.43,-0.25,33.26,4.33,-146.61,1.70,150.40,2,662,0,0
1.27,1.02,-0.80,62.68,8.97,-116.21,1.81,132.34,1,668,0,4
1.73,1.13,-0.82,-41.14,-37.60,-82.09,2.23,99.22,1,663,0,2
1.01,2.25,-0.11,-60.42,-112.49,-114.07,2.47,171.22,1,669,0,1
0.53,1.53,-0.19,25.82,-147.58,-131.71,1.63,199.49,1,679,0,3
-0.12,1.31,0.08,30.03,-134.03,-125.67,1.32,186.17,1,682,0,6
-0.42,0.89,0.21,40.77,-82.09,-105.47,1.01,139.73,1,681,0,7
-0.53,0.60,0.22,26.31,-24.48,-72.69,0.83,81.09,1,687,0,9
-0.50,0.51,0.20,13.00,14.83,-28.26,0.74,34.46,1,680,0,11
-0.42,0.49,0.19,4.70,28.87,8.18,0.68,30.37,1,672,0,12
-0.44,0.45,0.18,6.29,34.61,35.95,0.66,50.29,1,668,0,14
-0.42,0.41,0.12,3.42,38.15,65.25,0.60,75.66,1,664,0,16
-0.38,0.28,0.01,0.85,44.62,101.62,0.47,110.99,1,659,0,16
-0.28,0.30,-0.01,-11.17,53.53,123.84,0.41,135.38,1,657,0,18
-0.15,0.32,-0.08,-16.05,71.29,131.96,0.37,150.84,2,650,0,18
0.11,0.43,-0.20,-28.69,75.93,148.99,0.49,169.66,2,647,0,19
0.35,0.65,-0.20,-30.70,61.34,151.92,0.76,166.68,2,643,0,21
0.48,0.67,-0.15,-20.87,39.06,151.43,0.84,157.77,2,644,0,23
0.63,0.68,-0.12,-19.04,33.33,144.41,0.93,149.42,2,646,0,20
0.81,0.75,-0.09,-23.74,39.12,117.61,1.11,126.20,2,645,0,19
1.04,0.73,-0.10,-23.74,40.59,70.13,1.28,84.43,2,648,0,14
1.05,-0.15,-0.32,143.13,-20.45,123.35,1.11,190.05,8,719,10,14
3.60,4.00,2.53,-72.20,-55.79,169.56,5.95,192.55,30,646,28,31
0.19,1.68,-0.23,-78.80,13.24,23.25,1.71,83.22,58,593,31,41
-0.04,1.41,-0.14,-3.30,-5.92,-27.16,1.42,27.99,102,625,59,29
0.04,0.53,0.35,34.36,-14.16,-21.30,0.64,42.84,146,630,75,42
0.08,2.10,-0.40,-76.48,12.57,35.03,2.14,85.05,262,604,93,76
0.07,1.17,-0.05,-20.63,10.38,10.38,1.17,25.32,332,589,100,99
0.05,0.92,0.02,0.43,2.93,5.55,0.92,6.29,308,586,105,111
0.06,0.99,-0.00,0.43,3.78,2.93,0.99,4.80,308,580,108,120
0.05,1.01,-0.01,-0.98,2.87,2.93,1.01,4.21,244,577,111,124
0.05,0.98,-0.00,-1.28,0.92,0.61,0.98,1.69,231,579,111,130
0.05,0.99,-0.01,-2.87,0.37,0.06,0.99,2.89,301,576,107,133
0.05,1.00,-0.01,-3.30,-0.18,-1.04,1.00,3.46,327,572,107,126
0.05,0.99,-0.01,-2.99,-1.65,-1.89,0.99,3.90,270,574,108,120
0.05,0.99,-0.01,-2.62,-1.89,-1.65,0.99,3.63,448,573,111,119
0.05,0.99,-0.02,-2.99,-1.89,-1.16,0.99,3.72,444,575,108,112
0.06,1.00,-0.02,-1.95,-1.04,-0.49,1.00,2.26,370,575,107,103
0.06,1.00,-0.01,-3.23,0.43,0.12,1.00,3.27,487,579,106,105
0.05,0.99,-0.02,-2.69,0.12,-0.49,0.99,2.73,334,577,102,104
0.04,0.99,-0.02,-3.11,0.06,-0.79,1.00,3.21,332,578,100,98
0.05,0.98,-0.02,-1.53,0.24,-0.79,0.98,1.74,438,577,102,104
0.05,1.00,-0.02,-1.22,0.43,-0.79,1.00,1.52,401,575,105,104
0.05,1.00,-0.02,0.24,0.37,-0.43,1.00,0.61,497,574,106,108
0.05,0.99,-0.02,1.16,0.49,-0.31,0.99,1.29,315,573,101,112
0.05,0.98,-0.01,-15.26,0.55,-0.12,0.99,15.27,444,572,110,115
0.05,0.99,-0.02,-1.46,0.24,-0.24,0.99,1.50,564,571,109,116
0.05,1.00,-0.02,-1.89,-0.73,-2.20,1.00,2.99,349,571,108,115
0.05,0.99,-0.02,-1.10,-1.65,-2.93,1.00,3.54,352,572,117,103
0.05,1.00,-0.02,-1.95,-2.08,-3.85,1.01,4.79,364,577,120,90
0.06,1.01,-0.02,1.28,-3.85,-6.59,1.01,7.74,448,587,126,67
0.06,1.01,-0.02,1.65,-4.15,-8.73,1.01,9.80,418,605,130,36
0.05,0.97,0.01,2.87,-3.97,-8.12,0.97,9.48,391,647,129,16
0.08,1.28,-0.06,-19.53,-0.37,-65.37,1.29,68.23,304,710,135,4
0.04,1.49,-0.06,-36.50,-1.28,-110.05,1.49,115.95,222,759,127,2
0.07,1.62,-0.05,-34.36,0.24,-151.37,1.62,155.22,122,789,119,2
0.16,1.90,0.06,-37.29,9.70,-174.50,1.90,178.70,38,764,57,0
1.06,1.68,-0.37,14.59,25.94,-196.72,2.02,198.95,7,708,13,0
1.61,1.21,-0.74,39.12,8.91,-169.31,2.14,174.00,2,654,0,0
1.15,1.20,-0.60,-1.40,-52.92,-151.86,1.77,160.82,1,663,0,0
0.93,1.75,-0.42,-24.96,-95.70,-106.20,2.03,145.12,1,666,0,0
0.50,1.70,-0.22,6.71,-113.71,-116.70,1.79,163.07,1,676,0,0
0.13,1.24,-0.14,28.99,-90.39,-104.13,1.25,140.90,1,684,0,0
0.98,2.53,-0.05,4.46,-59.75,-85.63,2.72,104.51,0,0,0,11
-1.07,-0.10,0.20,87.22,-68.85,-146.00,1.10,183.47,1,699,0,11
-0.29,0.80,-0.02,1.65,4.76,80.26,0.85,80.42,1,699,0,11
-0.05,0.61,0.09,-12.02,25.27,35.34,0.61,45.08,1,693,0,14
0.18,0.42,-0.08,-15.81,22.40,17.15,0.46,32.34,1,681,0,13
0.17,0.61,0.04,-7.26,-22.64,30.58,0.63,38.74,1,673,0,16
-0.09,0.36,0.04,32.59,-59.45,72.39,0.37,99.18,1,671,0,16
-0.19,0.11,-0.03,21.24,-56.21,90.88,0.22,108.95,1,668,0,18
-0.61,0.14,0.10,2.87,-6.53,109.07,0.63,109.30,1,668,0,18
-0.47,0.07,-0.06,-25.82,66.89,127.56,0.48,146.33,2,668,0,23
-0.27,0.33,-0.12,-61.10,118.53,143.86,0.44,196.16,2,659,0,22
0.12,0.51,-0.20,-69.89,123.41,154.91,0.56,210.03,2,653,0,24
0.34,0.84,-0.03,-58.17,79.90,159.42,0.90,187.57,2,648,0,22
0.47,0.79,0.05,-20.14,28.81,162.78,0.92,166.53,2,644,0,21
0.75,0.84,0.11,-11.60,25.57,134.83,1.13,137.72,2,646,0,20
1.08,0.69,-0.06,-18.62,51.51,60.18,1.28,81.38,2,652,0,15
0.16,3.79,-0.52,118.53,23.50,214.29,3.83,246.02,14,688,10,16
-0.04,-1.73,0.81,283.87,-54.32,-1.95,1.91,289.03,54,584,27,52
-0.20,0.49,0.22,57.98,-15.87,-2.56,0.57,60.17,103,565,37,63
0.14,1.14,-0.02,21.42,-12.15,-18.19,1.15,30.62,155,591,62,67
0.09,1.12,-0.05,-24.78,8.00,2.50,1.12,26.16,248,581,71,95
0.05,0.97,0.01,2.56,1.89,-0.18,0.97,3.19,252,571,76,114
0.07,1.00,-0.00,-1.10,1.59,-0.92,1.00,2.14,428,565,83,127
0.06,0.99,-0.00,-2.26,1.89,-0.49,0.99,2.99,392,558,89,130
0.06,1.00,-0.01,-2.75,1.46,-0.85,1.00,3.23,501,553,88,135
0.07,0.99,-0.00,-2.87,0.43,-1.46,0.99,3.25,347,554,94,132
0.06,1.00,-0.01,-3.91,-0.37,-1.95,1.00,4.38,424,555,101,134
0.06,0.98,-0.01,-4.21,-0.12,-1.40,0.99,4.44,433,556,102,130
0.07,1.01,-0.02,-5.68,0.24,-1.40,1.01,5.85,436,556,99,123
0.07,0.99,-0.02,-5.31,-0.31,-1.04,1.00,5.42,486,555,105,109
0.06,0.99,-0.02,-4.70,-0.06,-0.55,0.99,4.73,442,559,99,105
0.06,0.99,-0.02,-4.21,-0.61,-0.73,0.99,4.32,405,560,102,88
0.07,0.99,-0.02,-2.75,-1.04,-0.67,0.99,3.01,612,560,101,84
0.07,0.99,-0.02,-2.01,-0.85,-0.92,0.99,2.37,408,564,101,83
0.06,0.99,-0.02,-0.67,-0.98,-0.98,0.99,1.54,704,563,101,77
0.07,0.98,-0.02,0.06,-0.49,-0.85,0.99,0.99,408,564,102,77
0.06,1.00,-0.02,-0.12,-0.06,-0.61,1.00,0.63,551,562,104,85
0.06,0.99,-0.02,0.43,-0.37,-0.92,0.99,1.07,450,562,107,84
0.07,1.00,-0.02,-0.12,-0.49,-0.98,1.00,1.10,624,564,111,88
0.06,0.98,-0.02,0.00,-0.37,-0.92,0.99,0.99,717,564,110,90
0.07,0.99,-0.02,-0.61,-0.24,-0.79,0.99,1.03,554,566,112,88
0.06,0.99,-0.02,-0.85,-0.98,-1.65,1.00,2.10,1011,564,114,87
0.07,1.00,-0.02,0.61,-1.59,-2.20,1.00,2.78,363,569,112,74
0.07,0.99,-0.02,2.69,-2.08,-2.62,1.00,4.29,393,580,122,56
0.07,1.00,-0.02,3.54,-2.32,-2.62,1.00,4.98,576,595,126,40
0.07,0.99,-0.01,4.64,-4.03,-5.49,0.99,8.24,440,615,123,23
-0.01,1.35,0.06,1.83,-5.31,-6.53,1.35,8.61,374,651,133,10
0.04,1.40,0.02,-10.68,-3.91,-49.38,1.40,50.67,349,713,127,6
0.04,1.57,-0.00,-26.12,-3.23,-97.47,1.57,100.96,210,761,114,2
0.10,1.58,-0.03,-36.25,7.14,-152.53,1.58,156.94,69,767,73,0
0.86,2.07,0.06,-36.74,19.17,-188.72,2.24,193.22,15,725,17,0
1.10,1.45,-0.42,16.60,39.18,-193.97,1.87,198.58,4,654,0,0
1.92,1.39,-0.77,-19.47,12.70,-187.81,2.50,189.24,1,654,0,0
1.35,1.61,-0.49,-33.75,-87.28,-152.04,2.16,178.53,1,651,0,0
0.85,1.82,-0.28,-21.48,-146.30,-156.01,2.03,214.95,1,667,0,0
0.34,1.55,-0.23,22.64,-147.09,-171.75,1.60,227.26,0,0,0,1
-0.06,1.11,-0.09,32.10,-111.63,-159.73,1.12,197.50,0,0,0,4
-0.37,0.81,0.17,26.67,-33.33,-98.27,0.91,107.14,1,688,0,7
-0.36,0.50,0.09,34.55,12.94,-39.31,0.62,53.91,1,687,0,8
-0.25,0.38,-0.02,20.57,27.16,18.43,0.46,38.74,1,675,0,9
-0.31,0.48,0.07,7.75,15.81,70.62,0.58,72.78,1,666,0,10
-0.27,0.60,0.12,20.81,11.66,107.67,0.67,110.28,1,662,0,12
-0.20,0.40,-0.02,26.86,14.34,115.23,0.44,119.19,1,655,0,16
-0.24,0.41,-0.02,14.71,16.36,122.38,0.47,124.34,2,650,0,15
-0.18,0.26,-0.14,10.68,25.63,140.26,0.35,142.98,2,647,0,19
-0.08,0.34,-0.15,-5.37,33.02,152.71,0.38,156.33,2,643,0,19
-0.03,0.36,-0.22,-23.86,40.22,158.33,0.42,165.09,2,641,0,22
0.22,0.57,-0.15,-34.06,30.58,159.67,0.63,166.10,2,634,0,20
0.26,0.74,0.00,-32.04,13.31,157.41,0.78,161.19,2,625,0,23
0.51,0.82,0.11,-24.90,7.81,155.82,0.97,157.99,2,625,0,23
0.85,0.92,0.15,-20.63,27.40,120.73,1.26,125.51,2,635,0,19
2.50,2.24,0.76,-27.53,48.83,58.41,3.44,80.96,4,694,0,16
3.45,1.60,-0.28,8.24,12.21,161.19,3.81,161.87,13,678,9,18
0.19,-0.25,0.38,75.13,-36.07,-12.51,0.49,84.28,27,636,25,27
-0.05,0.56,0.14,-34.18,2.93,-0.67,0.58,34.31,72,616,45,36
0.05,0.77,0.09,24.41,-4.15,-0.37,0.77,24.77,160,604,62,54
0.04,1.10,-0.03,-19.29,9.89,19.78,1.10,29.34,237,581,84,83
0.04,1.00,-0.01,2.87,1.46,2.38,1.00,4.01,304,574,92,95
0.05,1.01,-0.02,-5.62,2.87,3.05,1.01,7.01,342,569,95,99
0.04,0.99,-0.01,-2.32,1.46,0.55,0.99,2.80,580,564,102,101
0.04,1.01,-0.02,-3.42,0.24,-0.55,1.01,3.47,522,565,110,99
0.04,0.99,-0.02,-2.08,-1.22,-2.38,0.99,3.39,476,561,112,98
0.04,0.99,-0.02,-2.87,-0.73,-1.28,0.99,3.23,445,563,113,96
0.04,0.99,-0.02,-3.17,-0.67,-1.04,0.99,3.41,489,561,117,87
0.04,0.99,-0.02,-3.36,-0.12,-0.43,0.99,3.39,450,562,118,88
0.04,1.00,-0.02,-4.27,0.06,-1.04,1.00,4.40,453,563,117,84
0.00,1.04,-0.04,-3.91,-0.49,-1.40,1.04,4.18,558,557,115,78
0.03,0.96,-0.02,-1.71,-0.98,-2.99,0.97,3.58,453,564,114,76
0.04,1.00,-0.03,-1.46,-1.46,-5.19,1.00,5.59,499,567,108,62
0.04,0.99,-0.03,0.43,-2.38,-6.71,0.99,7.14,502,573,109,50
0.05,0.99,-0.03,-0.92,-1.89,-6.23,0.99,6.57,505,580,110,44
0.06,0.98,-0.06,-0.79,-1.22,-3.97,0.99,4.23,502,585,116,34
0.06,0.99,-0.03,0.79,-1.28,-3.11,0.99,3.46,462,591,117,34
0.06,1.00,-0.03,1.04,-1.10,-2.99,1.00,3.35,512,596,117,31
0.06,1.00,-0.03,2.62,-1.83,-4.94,1.01,5.89,426,603,116,31
0.06,1.00,-0.02,3.23,-2.32,-6.16,1.00,7.34,648,616,124,24
0.08,1.00,-0.03,3.72,-3.17,-9.28,1.01,10.49,368,630,123,21
0.07,1.00,-0.01,3.11,-3.11,-9.64,1.00,10.60,401,645,131,19
0.08,1.00,-0.02,4.70,-2.08,-11.23,1.01,12.35,440,661,131,12
0.08,0.96,0.02,1.95,-1.71,-14.40,0.97,14.64,374,674,136,9
0.09,1.00,-0.02,-5.19,0.24,-16.17,1.00,16.99,377,687,136,9
0.10,1.00,-0.01,-4.76,-0.18,-16.72,1.01,17.39,358,697,138,6
0.10,1.04,0.00,-6.96,-0.12,-20.63,1.05,21.77,411,700,140,5
0.11,1.04,-0.00,-8.36,-0.18,-29.36,1.05,30.53,316,715,139,4
0.12,1.12,-0.01,-14.95,0.67,-39.55,1.13,42.29,300,737,139,5
0.11,1.30,-0.04,-24.35,4.03,-60.97,1.30,65.78,233,767,137,3
0.10,1.43,-0.05,-26.86,6.16,-95.52,1.43,99.41,170,799,140,2
0.21,1.45,-0.07,-26.98,4.94,-148.32,1.46,150.83,105,814,115,1
0.24,1.57,0.07,-42.42,8.18,-169.31,1.59,174.74,42,786,63,0
0.33,2.08,0.49,-23.44,28.26,-176.03,2.16,179.81,13,756,19,0
1.02,1.10,-0.33,66.10,56.64,-147.64,1.53,171.40,4,698,0,0
1.76,1.01,-0.74,17.52,-18.31,-128.60,2.16,131.07,1,649,0,0
1.24,1.43,-0.23,0.85,-94.06,-79.28,1.91,123.02,1,667,0,0
1.07,1.64,-0.18,11.84,-97.29,-67.63,1.97,119.08,1,666,0,0
0.74,1.63,-0.11,36.62,-83.68,-107.36,1.79,140.96,1,666,0,0
0.43,1.26,-0.10,61.65,-63.11,-132.32,1.33,159.04,1,681,0,1
0.58,1.41,-0.14,92.65,-45.23,-200.68,1.53,225.62,0,0,0,12
-0.28,0.67,0.21,28.99,-23.44,-27.16,0.76,46.13,1,676,0,10
-0.13,0.55,0.01,56.27,-2.44,19.71,0.56,59.68,1,666,0,9
-0.30,0.44,0.03,37.72,9.89,33.63,0.53,51.49,1,656,0,12
-0.20,0.46,-0.05,33.87,25.15,44.43,0.50,61.27,1,647,0,15
-0.36,0.34,-0.06,18.37,28.44,82.34,0.50,89.03,1,640,0,17
-0.26,0.42,-0.05,31.43,39.00,105.22,0.49,116.54,2,633,0,15
-0.32,0.21,-0.15,25.39,48.46,109.50,0.41,122.40,2,629,0,17
-0.29,0.30,-0.14,11.96,67.02,129.82,0.44,146.59,2,625,0,20
-0.19,0.37,-0.24,0.98,73.06,144.53,0.48,161.95,2,622,0,21
-0.03,0.61,-0.23,-4.94,66.65,165.65,0.65,178.62,2,619,0,20
0.08,0.72,-0.25,-2.75,53.59,170.59,0.77,178.83,2,616,0,21
0.19,0.87,-0.23,-2.69,40.71,176.51,0.92,181.17,2,617,0,22
0.36,0.96,-0.17,-2.56,48.16,163.15,1.04,170.13,2,617,0,21
0.61,0.97,-0.24,-16.30,75.68,140.44,1.18,160.37,2,619,0,18
1.12,1.11,-0.32,-26.86,102.60,112.43,1.61,154.56,2,615,0,16
1.53,1.03,-0.46,-37.54,93.75,15.81,1.90,102.22,4,669,0,9
3.90,1.61,-0.88,38.88,22.28,152.53,4.31,158.97,11,649,9,13
0.39,0.43,1.24,91.55,-62.50,-13.67,1.37,111.69,33,621,33,43
-0.04,0.75,0.08,-0.61,-4.39,-0.24,0.76,4.44,76,613,52,44
0.10,0.91,-0.03,9.03,-3.05,-6.96,0.92,11.80,145,623,75,57
0.04,0.90,0.05,-6.90,3.54,9.16,0.90,12.00,203,605,89,80
0.05,1.05,-0.05,-2.62,2.87,4.88,1.05,6.24,264,597,91,96
0.05,0.98,-0.01,-3.85,2.69,0.98,0.98,4.79,290,591,96,106
0.04,1.00,-0.02,-3.05,2.44,1.71,1.00,4.27,334,586,104,106
0.04,0.99,-0.02,-3.54,1.71,1.16,1.00,4.10,288,587,103,116
0.04,0.99,-0.02,-2.75,1.04,0.98,0.99,3.09,337,582,105,113
0.04,0.99,-0.02,-3.23,1.10,0.98,0.99,3.55,266,579,102,114
0.04,0.99,-0.03,-2.81,0.55,0.85,0.99,2.99,262,582,93,116
0.04,0.99,-0.03,-2.08,-0.12,0.43,1.00,2.12,239,583,92,115
0.03,0.99,-0.03,-1.95,-0.43,-0.24,0.99,2.01,317,584,91,110
0.04,1.00,-0.03,-1.89,-0.92,-0.73,1.00,2.23,317,589,88,109
0.04,0.99,-0.03,-1.77,-1.04,-0.37,0.99,2.08,244,586,86,108
0.03,0.99,-0.03,-0.98,-0.49,-0.18,0.99,1.11,231,586,86,106
0.03,0.99,-0.03,-0.79,-0.18,-0.31,0.99,0.87,244,586,84,105
0.03,0.99,-0.03,-0.55,-0.24,-0.37,0.99,0.70,279,582,83,104
0.03,0.99,-0.03,-0.67,-0.06,-0.55,0.99,0.87,324,585,84,111
0.04,0.99,-0.03,-0.49,0.00,-0.49,0.99,0.69,283,582,89,108
0.04,0.99,-0.03,-0.67,-0.12,-0.73,0.99,1.00,352,582,89,114
0.03,0.99,-0.03,-0.55,-0.12,-0.79,0.99,0.97,283,578,93,109
0.03,1.00,-0.03,-0.37,-0.49,-0.92,1.00,1.10,332,578,93,111
0.04,0.99,-0.03,-0.12,-1.04,-1.28,0.99,1.65,337,576,92,111
0.03,1.00,-0.03,0.61,-1.89,-2.20,1.00,2.96,370,578,102,106
0.04,0.99,-0.02,1.28,-2.44,-2.93,0.99,4.02,347,577,107,90
0.04,1.01,-0.02,1.16,-3.91,-4.15,1.01,5.82,331,587,114,71
0.05,1.06,-0.05,2.14,-5.43,-8.67,1.06,10.45,445,599,118,40
0.04,1.13,-0.05,6.90,-7.87,-16.54,1.13,19.57,352,629,124,19
0.07,1.04,0.06,36.32,-11.17,-43.82,1.04,58.00,279,684,123,7
0.05,1.27,0.05,-10.68,-4.58,-80.08,1.27,80.92,267,732,129,2
0.04,1.50,-0.02,-26.31,-2.01,-114.56,1.50,117.56,151,774,127,1
0.08,1.61,-0.09,-12.70,-0.67,-173.83,1.62,174.29,102,806,115,2
0.01,1.79,0.11,-3.66,6.90,-222.53,1.79,222.67,40,794,74,1
0.21,1.92,-0.11,6.35,13.37,-247.44,1.94,247.88,12,769,37,0
0.12,1.92,-0.35,93.14,11.72,-232.85,1.96,251.06,3,733,15,0
0.03,1.44,-0.59,137.70,2.75,-228.33,1.56,266.65,1,708,4,0
-0.70,-0.05,-0.62,113.65,-1.89,-149.29,0.93,187.64,1,680,0,9
-0.62,0.41,-0.31,31.37,23.32,-38.88,0.81,55.13,1,672,0,11
-0.63,0.57,-0.19,47.24,47.61,38.39,0.87,77.28,1,680,0,9
-0.55,0.29,-0.31,43.70,58.23,93.51,0.69,118.51,1,676,0,11
-0.47,0.49,-0.24,31.49,67.50,136.96,0.72,155.91,1,675,0,11
-0.33,0.69,-0.31,28.93,77.64,174.13,0.83,192.84,1,674,0,12
-0.24,0.89,-0.37,19.47,88.93,190.49,0.99,211.13,1,670,0,15
-0.22,1.18,-0.37,7.32,107.06,195.43,1.26,222.96,1,665,0,14
-0.12,1.44,-0.49,5.19,136.41,207.28,1.53,248.19,1,657,0,14
0.14,1.72,-0.65,6.04,161.74,214.48,1.84,268.70,1,655,0,14
0.38,1.80,-0.76,13.49,184.39,197.08,2.00,270.23,1,654,0,15
0.58,1.62,-1.00,13.67,203.25,146.91,1.99,251.16,1,654,0,12
0.76,1.44,-1.25,-2.26,186.77,119.14,2.05,221.54,1,655,0,10
1.05,1.22,-1.06,-37.35,137.08,80.57,1.93,163.34,1,655,0,8
1.26,1.37,-0.89,-62.99,76.97,44.56,2.07,108.98,1,659,0,6
1.24,0.99,-0.51,-59.45,6.53,35.58,1.67,69.59,1,657,0,4
1.11,1.12,0.08,-56.70,-17.09,37.23,1.58,69.95,1,660,0,3
1.05,1.11,0.22,-20.87,5.43,26.43,1.54,34.11,1,663,0,5
1.08,0.87,0.00,6.84,33.57,-6.59,1.39,34.89,1,664,0,4
0.92,0.85,-0.06,-8.97,43.82,-53.34,1.25,69.62,1,667,0,2
0.70,0.84,-0.05,-15.56,42.91,-82.70,1.10,94.46,1,666,0,5
-0.10,0.92,0.05,134.46,41.32,-136.05,0.93,195.69,1,647,0,23
-1.12,0.65,-0.06,111.88,56.76,-105.16,1.30,163.70,6,515,0,50
-0.06,0.62,0.11,24.66,-5.62,-11.05,0.64,27.60,29,548,5,94
0.06,1.01,-0.03,13.18,1.16,-3.54,1.02,13.70,65,560,23,108
0.02,0.94,-0.01,-6.04,1.16,-1.77,0.94,6.40,120,548,29,114
0.02,1.01,-0.07,-20.32,3.91,-1.83,1.01,20.78,222,528,29,122
0.02,0.99,-0.06,-9.09,0.73,-2.08,0.99,9.36,247,521,31,130
0.03,1.02,-0.08,-4.15,0.06,-1.71,1.02,4.49,390,521,37,135
0.03,0.99,-0.07,2.56,-0.49,-2.01,0.99,3.30,338,519,43,135
0.03,0.98,-0.05,2.81,-0.12,-1.65,0.98,3.26,598,521,52,134
0.03,0.98,-0.05,-2.01,0.00,-1.40,0.99,2.46,432,522,57,135
0.03,0.99,-0.06,-4.09,0.00,-1.46,1.00,4.34,398,524,61,132
0.03,1.00,-0.06,-1.77,-0.31,-1.46,1.00,2.32,752,527,66,136
0.03,1.00,-0.06,0.67,-0.92,-1.16,1.00,1.62,454,529,68,132
0.03,1.00,-0.06,1.34,-1.04,-1.34,1.00,2.16,413,533,71,133
0.03,1.00,-0.06,3.23,-1.59,-1.10,1.00,3.77,576,543,79,126
0.03,1.00,-0.05,3.91,-1.40,-1.28,1.00,4.34,460,548,90,126
0.03,0.98,-0.05,2.81,-1.65,-1.40,0.98,3.55,676,548,94,121
0.03,0.99,-0.05,2.20,-1.77,-1.77,0.99,3.33,394,552,98,118
0.03,1.00,-0.05,2.75,-2.08,-1.77,1.00,3.87,529,555,99,115
0.03,0.99,-0.04,3.30,-1.77,-1.28,0.99,3.95,533,560,101,113
0.03,0.99,-0.04,1.95,-1.53,-1.28,0.99,2.79,540,561,107,108
0.03,0.99,-0.04,1.59,-1.53,-1.22,1.00,2.52,483,563,111,100
0.03,0.99,-0.04,1.59,-1.77,-1.46,0.99,2.79,536,569,109,99
0.03,1.00,-0.04,2.01,-1.77,-1.34,1.00,3.00,402,574,107,92
0.03,0.99,-0.03,2.08,-2.01,-1.59,0.99,3.30,405,575,112,87
0.03,0.99,-0.04,1.34,-1.65,-1.77,0.99,2.77,486,580,115,82
0.05,0.98,-0.03,1.95,-1.83,-1.71,0.98,3.18,347,582,116,78
0.04,0.99,-0.03,1.53,-1.65,-1.95,0.99,2.98,410,586,113,71
0.03,0.99,-0.03,0.37,-1.28,-1.65,0.99,2.12,554,584,119,60
0.04,1.00,-0.04,1.16,-1.95,-2.99,1.00,3.76,384,591,122,51
0.04,1.00,-0.03,4.21,-3.48,-5.55,1.00,7.79,421,602,124,40
0.03,0.97,0.00,-13.85,-3.36,-6.90,0.97,15.84,468,615,121,30
0.04,1.01,-0.02,-0.49,-3.72,-9.64,1.01,10.35,345,632,126,21
0.03,1.01,0.02,0.92,-0.67,-24.54,1.01,24.56,448,653,135,12
0.03,1.21,-0.02,-13.61,-1.59,-50.35,1.21,52.19,381,701,138,5
0.04,1.38,-0.05,-20.63,-1.46,-82.03,1.38,84.60,318,748,145,4
0.07,1.39,-0.06,-15.01,-3.48,-116.15,1.39,117.17,226,796,142,3
0.09,1.60,-0.04,-13.12,-2.08,-148.56,1.60,149.15,144,829,138,3
0.20,1.94,-0.30,-5.80,-2.20,-190.49,1.98,190.59,71,831,108,2
0.34,1.96,-0.32,47.97,-12.21,-219.97,2.01,225.47,20,790,53,0
0.45,2.18,-0.95,131.35,-21.79,-185.06,2.42,227.98,3,742,12,0
0.49,0.93,-1.14,168.88,-66.71,-176.21,1.55,253.03,1,717,0,0
-0.10,0.80,0.21,81.42,5.43,-155.09,0.83,175.25,0,0,0,6
-0.36,1.13,-0.10,97.41,146.97,-52.12,1.19,183.87,0,0,0,7
0.21,1.05,-0.63,106.75,213.99,25.09,1.25,240.45,0,0,0,7
0.79,0.17,-0.93,46.81,184.88,28.50,1.23,192.83,1,705,0,6
0.71,0.84,-0.27,-51.39,97.05,15.62,1.13,110.92,1,686,0,7
0.58,0.99,0.04,17.27,44.68,45.41,1.15,66.00,1,680,0,9
0.73,0.36,-0.24,56.27,-0.31,95.34,0.85,110.71,1,674,0,10
0.61,0.81,0.15,32.90,-0.73,104.19,1.03,109.26,1,678,0,10
0.63,0.66,0.06,47.55,27.34,91.06,0.91,106.31,1,671,0,13
0.55,0.63,0.02,30.21,48.83,78.67,0.83,97.40,1,662,0,14
0.47,0.73,-0.17,22.28,53.83,75.44,0.88,95.32,1,658,0,17
0.52,0.50,-0.05,9.70,43.40,67.14,0.72,80.53,1,648,0,16
0.48,0.43,-0.11,17.70,25.51,86.61,0.65,92.01,2,643,0,21
0.44,0.42,-0.06,16.54,0.37,87.89,0.61,89.43,2,643,0,20
0.21,0.40,0.03,15.50,4.76,93.26,0.46,94.66,2,638,0,23
0.13,0.31,-0.01,0.79,35.28,83.74,0.34,90.87,2,627,0,22
0.11,0.43,-0.03,-17.70,65.31,85.14,0.44,108.76,2,637,0,22
0.48,0.41,-0.18,-22.46,73.36,89.05,0.66,117.54,2,639,0,25
0.51,0.90,0.02,-30.15,46.45,81.12,1.03,98.22,2,635,0,25
0.58,0.66,0.01,-2.99,18.25,77.15,0.88,79.33,2,640,0,23
0.47,0.70,0.04,-8.54,27.04,60.06,0.85,66.42,2,642,0,21
0.63,0.93,0.00,-25.63,49.80,43.82,1.12,71.12,2,644,0,23
0.84,0.99,-0.12,-25.88,48.34,19.41,1.30,58.17,2,643,0,22
0.93,0.96,-0.18,-12.33,14.40,-0.43,1.35,18.97,2,645,0,19
3.02,-0.11,0.43,195.74,-27.65,22.09,3.05,198.91,7,643,0,39
-0.26,0.82,0.15,7.75,-2.62,23.07,0.87,24.48,11,596,5,45
0.04,1.18,-0.13,-41.69,8.18,4.09,1.19,42.68,33,592,25,57
0.05,0.88,0.01,20.63,-3.42,-8.97,0.89,22.75,86,587,49,76
0.05,0.98,-0.02,-13.61,6.77,10.07,0.99,18.24,167,582,71,95
0.02,1.02,-0.03,-6.29,7.08,11.23,1.02,14.69,198,575,81,113
0.03,1.00,-0.03,-2.87,3.11,3.36,1.00,5.40,275,568,93,121
0.03,1.00,-0.03,-3.54,2.50,2.75,1.00,5.13,281,565,96,126
0.03,1.00,-0.04,-3.36,1.59,2.38,1.00,4.41,283,563,95,133
0.02,0.99,-0.04,-3.23,0.98,1.53,0.99,3.71,428,560,98,135
0.02,0.99,-0.04,-4.27,0.92,1.59,0.99,4.65,279,559,97,132
0.02,0.99,-0.04,-4.82,0.37,0.73,0.99,4.89,275,562,91,134
0.02,1.00,-0.05,-4.76,-0.18,-0.31,1.00,4.77,294,559,88,129
0.02,1.00,-0.05,-4.33,-1.04,-1.40,1.00,4.67,322,560,81,124
0.02,1.00,-0.05,-3.42,-1.77,-2.56,1.00,4.62,297,560,82,119
0.02,0.99,-0.05,-2.50,-1.59,-2.50,1.00,3.88,608,560,84,109
0.02,0.99,-0.05,-1.28,-0.92,-1.22,0.99,1.99,299,560,81,111
0.02,0.99,-0.05,-1.59,-0.43,-0.43,0.99,1.70,322,559,85,109
0.02,0.99,-0.05,-0.79,-0.37,-0.37,0.99,0.95,483,557,85,113
0.02,0.99,-0.05,-1.04,0.00,0.18,0.99,1.05,360,556,89,114
0.02,0.99,-0.05,-0.92,0.18,0.06,0.99,0.94,395,557,88,115
0.02,1.00,-0.05,-0.31,-0.37,-0.67,1.00,0.82,337,554,88,116
0.02,0.99,-0.05,0.24,-0.92,-1.16,0.99,1.50,635,553,93,115
0.02,0.98,-0.04,0.98,-0.85,-0.98,0.98,1.62,368,554,94,112
0.02,1.00,-0.05,1.59,-2.01,-2.69,1.00,3.71,313,556,97,115
0.03,0.99,-0.05,3.54,-2.56,-3.85,0.99,5.82,451,557,102,107
0.02,1.01,-0.05,4.15,-3.05,-4.64,1.01,6.93,352,563,101,105
0.03,1.02,-0.04,7.14,-5.37,-8.61,1.02,12.41,470,572,112,97
0.03,1.03,-0.03,11.29,-8.61,-15.20,1.03,20.80,371,585,122,72
0.04,1.02,-0.02,16.66,-11.90,-22.89,1.02,30.71,384,619,127,45
0.05,0.96,-0.02,19.23,-12.57,-31.49,0.96,38.98,314,674,133,20
-0.00,1.25,0.15,28.32,-6.10,-45.84,1.26,54.23,231,737,137,7
0.01,1.42,0.01,-9.89,-2.81,-100.65,1.42,101.17,165,775,132,4
0.10,1.36,0.03,-6.65,-0.67,-139.28,1.37,139.44,81,797,119,1
0.13,1.46,0.08,-23.74,8.12,-156.31,1.47,158.31,27,769,70,0
0.47,1.50,-0.08,-24.48,14.10,-149.11,1.57,151.76,7,707,12,0
1.04,1.05,-0.02,37.96,15.62,-146.91,1.48,152.54,2,662,0,1
1.22,0.75,-0.30,62.99,-15.75,-90.45,1.46,111.34,1,655,0,8
1.54,0.73,-0.74,19.10,-47.73,-11.35,1.86,52.65,1,660,0,7
0.97,1.92,-0.13,-59.63,-90.82,-59.02,2.16,123.64,1,663,0,6
0.54,1.82,-0.01,8.97,-80.38,-126.40,1.90,150.07,1,667,0,6
0.13,1.20,-0.10,22.95,-71.90,-122.19,1.21,143.62,1,671,0,9
-0.09,1.20,0.08,22.52,-56.34,-98.57,1.21,115.75,1,674,0,8
-0.24,0.87,0.06,34.48,-31.86,-78.49,0.90,91.46,1,674,0,12
-0.36,0.68,0.05,29.42,-9.46,-36.19,0.77,47.59,1,666,0,14
-0.46,0.49,0.01,24.29,9.22,7.87,0.67,27.15,1,655,0,16
-0.49,0.50,0.03,10.99,34.12,43.33,0.71,56.24,1,642,0,14
-0.45,0.32,-0.05,6.84,57.19,59.20,0.55,82.60,1,639,0,16
-0.40,0.44,-0.00,-6.53,70.07,81.05,0.60,107.34,2,635,0,19
-0.20,0.31,-0.17,-5.37,74.95,102.54,0.40,127.13,2,631,0,22
-0.04,0.45,-0.11,-12.45,70.25,119.08,0.47,138.82,2,630,0,20
0.19,0.52,-0.17,-16.24,69.09,133.91,0.58,151.56,2,628,0,23
0.40,0.62,-0.17,-23.38,59.27,132.63,0.75,147.14,2,625,0,23
0.51,0.68,-0.11,-21.61,40.95,131.59,0.86,139.50,2,624,0,23
0.73,0.75,-0.08,-18.31,23.56,123.29,1.05,126.85,2,623,0,22
0.74,0.87,0.03,-23.38,16.30,107.73,1.15,111.43,2,627,0,22
0.76,0.91,0.09,-11.05,5.37,87.83,1.19,88.68,2,628,0,23
0.74,0.93,0.16,-12.21,14.04,65.19,1.20,67.79,2,635,0,21
0.84,0.94,0.07,-13.55,18.13,44.92,1.26,50.30,2,632,0,21
0.90,0.92,-0.07,-5.25,7.26,30.52,1.29,31.81,2,634,0,20
0.78,0.91,-0.11,1.16,-15.20,10.07,1.21,18.27,2,632,0,19
0.62,0.93,-0.05,7.81,-31.43,-7.63,1.12,33.28,2,650,0,19
1.45,-0.15,-0.79,127.50,-33.08,61.71,1.65,145.46,6,687,0,14
0.41,-0.43,0.41,129.46,-18.31,44.86,0.72,138.23,12,587,3,26
-0.07,1.35,-0.05,-23.01,-2.32,10.93,1.36,25.58,34,593,24,30
0.12,1.19,-0.20,-3.30,-5.86,-22.40,1.21,23.39,52,610,40,31
0.08,0.56,0.15,14.34,-3.91,6.96,0.58,16.41,105,604,62,43
-0.07,1.52,-0.08,-51.76,8.73,49.07,1.52,71.85,174,575,74,69
0.02,1.26,-0.11,-8.48,4.94,10.31,1.26,14.24,294,560,81,88
0.02,0.88,0.02,0.43,0.92,3.54,0.88,3.68,354,560,95,96
0.01,1.03,-0.03,-2.99,3.78,8.91,1.03,10.13,357,555,97,102
0.01,1.00,-0.03,-2.62,1.10,2.99,1.00,4.13,480,554,104,107
0.01,0.99,-0.02,-1.89,-0.12,0.12,0.99,1.90,288,553,109,103
0.01,0.99,-0.02,-4.27,0.31,0.79,0.99,4.36,310,557,105,103
0.01,1.00,-0.03,-4.21,-0.49,0.31,1.00,4.25,334,558,104,103
0.01,1.00,-0.03,-3.17,-1.22,-1.40,1.00,3.68,288,562,106,100
0.01,0.99,-0.03,-2.32,-1.59,-2.62,0.99,3.85,308,570,107,94
0.02,1.01,-0.03,-3.23,-0.67,-2.32,1.01,4.04,362,575,104,88
0.01,0.98,-0.03,-1.59,-0.98,-1.77,0.98,2.57,288,576,99,90
0.01,0.99,-0.04,-1.95,-0.18,0.12,0.99,1.97,310,575,99,87
0.01,0.99,-0.04,-2.14,0.00,0.31,0.99,2.16,308,574,97,88
0.01,0.99,-0.03,-2.75,0.12,1.65,0.99,3.21,290,571,95,86
0.00,1.00,-0.04,-2.44,0.12,0.79,1.00,2.57,368,567,93,90
0.00,0.99,-0.04,-2.38,0.00,0.43,0.99,2.42,444,562,99,91
0.01,0.98,-0.03,-1.40,0.18,0.73,0.98,1.59,407,564,97,94
0.00,1.00,-0.04,-0.98,0.12,0.49,1.01,1.10,410,559,94,95
0.00,1.01,-0.04,1.34,-1.34,-2.75,1.01,3.34,320,559,98,93
0.01,0.99,-0.03,2.75,-2.08,-4.58,0.99,5.73,376,563,103,90
0.01,1.02,-0.04,2.44,-1.95,-4.88,1.02,5.80,300,565,100,86
0.01,1.00,-0.03,6.04,-4.03,-9.70,1.00,12.12,359,572,110,78
0.02,1.02,-0.03,7.20,-4.64,-13.73,1.02,16.19,476,580,117,62
0.02,1.18,-0.05,12.51,-6.65,-21.55,1.18,25.79,349,601,123,46
0.02,1.10,-0.02,21.79,-7.32,-32.84,1.10,40.08,330,642,122,28
0.09,1.16,-0.02,24.48,-7.63,-50.72,1.17,56.83,226,724,126,10
-0.18,2.63,0.10,-31.62,-9.34,-80.38,2.64,86.88,125,779,121,3
0.09,1.67,-0.07,-5.13,-6.23,-141.36,1.67,141.59,45,784,94,1
0.21,1.44,-0.17,-22.03,-10.13,-172.61,1.46,174.30,13,763,43,0
0.48,1.60,-0.11,-30.33,-18.55,-176.51,1.67,180.06,3,706,6,0
0.75,1.62,-0.25,20.63,-34.48,-153.14,1.80,158.32,1,676,0,5
0.92,0.28,-0.62,15.08,-68.73,-77.03,1.14,104.32,0,0,0,8
0.99,1.38,0.01,-72.33,-70.07,-42.79,1.70,109.41,0,0,0,7
0.80,1.96,0.30,-34.30,-53.59,-93.26,2.14,112.90,0,0,0,8
0.63,1.28,-0.02,27.89,-39.18,-130.55,1.43,139.13,0,0,0,6
0.35,1.21,0.07,15.08,-35.03,-125.73,1.26,131.39,0,0,0,8
0.12,0.99,0.15,25.09,-22.16,-109.50,1.01,114.50,0,0,0,7
0.01,0.94,0.27,24.96,-5.37,-84.11,0.98,87.90,1,681,0,8
-0.07,0.92,0.33,36.07,20.08,-45.96,0.98,61.78,1,679,0,8
0.02,0.73,0.16,44.80,44.19,3.97,0.75,63.05,1,673,0,9
0.08,0.63,0.01,37.05,43.82,30.64,0.63,65.05,1,660,0,10
-0.02,0.47,-0.06,29.05,27.59,42.97,0.48,58.75,1,653,0,14
-0.21,0.28,-0.11,24.60,13.92,68.60,0.36,74.20,1,646,0,17
-0.35,0.12,-0.14,12.45,8.00,92.04,0.40,93.22,1,641,0,18
-0.39,0.01,-0.16,0.49,16.91,114.87,0.43,116.11,1,637,0,21
-0.33,-0.02,-0.19,-18.07,27.34,125.37,0.38,129.58,1,639,0,23
-0.22,0.10,-0.15,-31.86,30.21,142.64,0.28,149.24,2,633,0,23
-0.00,0.26,-0.07,-38.33,24.72,155.52,0.27,162.07,2,631,0,22
0.16,0.43,0.06,-35.46,20.63,157.17,0.46,162.43,2,628,0,21
0.68,0.91,0.31,-47.12,27.59,140.93,1.18,151.14,2,628,0,21
1.17,0.95,0.20,-26.79,39.49,104.55,1.52,114.93,2,630,0,19
1.43,1.31,0.17,-35.95,35.28,60.36,1.95,78.62,2,620,0,18
1.63,1.47,0.05,-18.37,-1.77,44.19,2.19,47.89,3,612,0,17
1.32,1.34,0.07,8.00,-47.42,15.50,1.88,50.53,2,612,0,16
0.81,1.04,0.14,24.17,-52.31,-13.43,1.33,59.17,3,616,0,15
0.35,0.55,0.05,30.27,-16.36,-48.89,0.66,59.78,2,628,0,14
0.18,0.81,-0.10,23.56,44.86,93.69,0.83,106.51,10,720,22,11
-0.12,1.70,-0.09,-44.98,11.84,144.04,1.70,151.37,51,711,58,9
-0.25,0.83,0.37,85.39,-1.22,104.43,0.95,134.90,256,615,79,41
-0.02,0.87,0.07,29.11,-10.50,-13.79,0.87,33.88,392,605,94,50
0.08,0.89,-0.00,-4.15,-1.04,2.14,0.89,4.78,547,601,105,60
0.02,1.04,-0.02,-13.31,6.77,20.69,1.04,25.52,628,578,109,79
0.00,1.04,-0.04,-5.55,2.26,5.19,1.04,7.93,391,568,116,84
0.03,0.99,-0.03,-2.38,-1.04,-0.43,1.00,2.63,471,568,118,84
0.03,0.97,-0.02,-7.45,2.44,4.39,0.97,8.98,468,566,119,84
0.02,0.99,-0.03,-6.16,1.65,4.27,0.99,7.68,648,562,115,84
0.02,0.98,-0.04,-7.63,2.93,4.27,0.98,9.22,644,561,115,84
0.01,1.00,-0.04,-8.67,2.99,5.86,1.00,10.88,568,559,108,82
0.01,1.00,-0.05,-7.57,2.01,2.93,1.00,8.36,636,560,102,85
0.01,1.00,-0.05,-6.96,1.10,1.59,1.00,7.22,453,558,94,78
0.01,1.00,-0.06,-5.62,-0.37,-0.43,1.01,5.64,445,557,88,78
0.02,1.00,-0.06,-2.81,-0.55,-1.59,1.00,3.27,408,559,85,76
0.02,0.99,-0.05,-0.43,-1.10,-1.10,0.99,1.61,492,559,86,75
0.01,0.99,-0.05,-0.06,-0.37,0.37,0.99,0.52,616,556,88,75
0.01,0.99,-0.05,0.31,-0.06,1.28,0.99,1.32,708,554,88,80
0.01,0.99,-0.05,0.18,0.18,1.10,0.99,1.13,713,554,85,81
0.01,0.99,-0.05,0.00,-0.06,1.46,0.99,1.47,410,554,89,83
0.01,0.99,-0.05,-0.49,0.06,0.67,0.99,0.83,413,551,92,88
0.01,0.99,-0.05,-1.04,0.61,1.65,0.99,2.04,717,553,88,92
0.00,1.00,-0.05,0.06,0.43,1.16,1.01,1.24,713,554,88,92
0.01,0.99,-0.05,1.95,-0.55,-0.61,0.99,2.12,492,557,88,92
0.00,0.98,-0.04,0.85,0.79,2.32,0.98,2.60,405,562,78,99
0.00,0.99,-0.04,-0.24,1.34,3.54,0.99,3.79,588,567,77,103
-0.00,0.99,-0.04,-1.22,1.59,4.76,0.99,5.16,378,561,69,108
-0.01,0.99,-0.05,-1.53,1.22,3.23,0.99,3.78,444,554,70,111
-0.01,1.00,-0.05,-0.61,0.55,1.46,1.00,1.68,370,552,69,113
-0.01,1.00,-0.05,0.18,-0.24,-0.12,1.00,0.33,317,549,75,110
-0.01,1.00,-0.05,0.67,-1.59,-2.87,1.00,3.35,416,552,77,109
0.02,1.03,-0.05,2.08,-3.48,-7.32,1.04,8.37,476,552,88,98
0.00,1.04,-0.05,9.46,-8.54,-20.20,1.04,23.89,998,566,96,83
0.00,1.13,-0.04,18.07,-13.06,-31.37,1.13,38.49,421,587,107,39
0.03,1.16,-0.08,35.77,-13.92,-64.82,1.16,75.33,396,659,116,14
-0.16,2.04,0.23,-25.39,-13.55,-104.98,2.06,108.85,235,760,115,3
0.01,1.48,0.08,-24.60,0.37,-154.97,1.48,156.91,113,799,107,1
0.07,1.58,-0.02,-38.88,10.38,-183.35,1.58,187.71,42,800,83,1
0.23,1.56,-0.06,-22.77,15.20,-189.33,1.58,191.30,12,763,29,0
0.70,1.75,-0.06,28.50,15.69,-175.17,1.89,178.17,3,703,3,0
1.20,0.34,-0.68,74.16,-47.12,-106.99,1.42,138.45,1,671,0,7
0.81,0.92,-0.56,-3.42,-91.92,-35.95,1.35,98.76,1,690,0,9
0.86,1.39,-0.21,-66.83,-97.35,-29.30,1.64,121.66,0,0,0,6
0.58,1.80,0.11,-40.77,-83.62,-72.75,1.90,118.10,1,678,0,6
0.47,1.39,-0.01,17.27,-58.84,-94.48,1.46,112.64,1,677,0,7
0.40,1.08,-0.08,14.10,-50.78,-78.86,1.16,94.85,1,668,0,10
0.25,1.05,0.11,3.54,-52.98,-53.34,1.08,75.27,1,667,0,9
0.10,0.96,0.22,18.68,-43.40,-43.21,0.99,64.03,1,665,0,10
-0.07,0.73,0.19,29.79,-24.78,-23.44,0.76,45.28,1,663,0,14
-0.19,0.66,0.18,31.98,0.85,4.46,0.71,32.30,1,657,0,14
-0.31,0.44,0.10,16.66,14.10,42.24,0.55,47.54,1,654,0,15
-0.32,0.25,-0.00,15.20,24.84,63.96,0.41,70.28,2,650,0,17
-0.40,0.20,-0.01,1.46,29.60,78.12,0.45,83.56,2,644,0,18
-0.42,0.11,-0.08,-1.83,37.90,101.99,0.44,108.82,2,643,0,22
-0.27,0.08,-0.17,-16.85,44.31,121.34,0.33,130.27,2,642,0,19
-0.17,0.22,-0.13,-30.27,44.49,129.64,0.31,140.37,2,643,0,22
0.03,0.40,-0.11,-37.41,37.60,144.96,0.41,154.36,2,637,0,23
0.22,0.58,-0.04,-39.37,26.12,147.71,0.62,155.08,2,631,0,23
0.87,1.00,0.04,-31.49,19.04,132.08,1.33,137.11,2,635,0,18
1.33,1.03,-0.06,-30.76,-1.28,98.27,1.68,102.98,2,635,0,21
1.31,1.02,0.09,-18.68,-39.31,64.76,1.67,78.02,2,640,0,19
0.58,1.57,0.17,-9.16,-66.89,46.57,1.68,82.02,4,703,2,14
2.64,1.88,0.16,14.77,-73.79,107.48,3.24,131.21,6,710,13,18
-0.39,1.70,0.83,0.06,-44.68,26.92,1.93,52.16,13,659,29,24
-0.02,1.21,-0.02,-27.59,1.04,-6.41,1.21,28.34,26,664,48,23
0.12,0.85,-0.04,34.67,-6.84,-21.67,0.86,41.45,38,678,67,28
0.09,0.56,0.23,6.71,-1.83,8.91,0.61,11.31,69,660,87,41
0.06,1.20,-0.07,-44.25,6.16,35.58,1.20,57.12,152,632,101,54
0.05,1.08,-0.03,-10.38,2.32,14.04,1.09,17.61,198,615,102,70
0.04,0.92,0.01,-11.90,4.15,13.98,0.93,18.82,266,602,107,79
0.03,1.01,-0.02,-9.46,6.10,15.50,1.01,19.16,290,589,114,89
0.03,1.01,-0.03,-10.56,4.76,11.05,1.02,16.01,274,577,114,95
0.02,1.00,-0.03,-6.35,1.53,3.60,1.00,7.46,344,572,119,95
0.02,1.01,-0.03,-7.32,1.22,2.38,1.01,7.80,515,567,119,97
0.02,1.00,-0.03,-3.85,-0.85,-1.77,1.00,4.32,389,568,115,95
0.02,1.02,-0.04,-3.72,-1.71,-3.78,1.02,5.58,436,566,122,83
0.03,1.00,-0.03,-1.53,-2.38,-6.96,1.00,7.51,540,570,119,75
0.03,0.99,-0.03,0.79,-2.75,-7.69,0.99,8.20,540,576,119,64
0.03,0.98,-0.03,0.79,-2.44,-5.55,0.99,6.12,489,580,118,56
0.04,0.98,-0.03,0.61,-1.77,-4.27,0.98,4.66,499,579,119,47
0.04,0.98,-0.03,0.12,-0.92,-2.01,0.98,2.22,379,579,120,45
0.04,0.99,-0.03,-1.83,-0.31,-0.43,1.00,1.90,413,578,115,47
0.04,0.99,-0.03,-1.40,0.12,0.37,0.99,1.46,628,577,119,49
0.03,0.99,-0.03,-1.28,0.24,0.37,1.00,1.36,505,575,115,52
0.04,0.99,-0.03,-0.37,0.24,0.24,0.99,0.50,416,575,119,54
0.03,0.99,-0.03,-0.79,0.37,0.43,0.99,0.97,386,574,122,53
0.04,0.98,-0.03,-1.77,0.67,1.53,0.98,2.43,416,575,124,61
0.03,1.03,-0.04,-2.99,1.40,3.11,1.03,4.54,456,573,122,65
0.03,0.99,-0.03,2.08,-0.85,-1.65,0.99,2.78,502,572,122,64
0.03,0.97,-0.02,-0.12,0.24,0.12,0.97,0.30,717,575,121,67
0.03,0.99,-0.03,-2.50,1.34,3.72,0.99,4.68,499,578,121,68
0.03,0.99,-0.03,-0.92,1.10,2.99,0.99,3.32,413,579,117,73
0.02,1.00,-0.03,-2.26,1.04,3.36,1.00,4.18,450,578,117,75
0.02,1.02,-0.03,-0.61,-0.24,-0.49,1.02,0.82,547,576,120,78
0.02,1.01,-0.04,1.34,-1.89,-6.47,1.01,6.87,558,578,118,73
0.02,1.03,-0.03,6.41,-4.76,-12.63,1.03,14.95,416,578,129,55
0.02,1.10,-0.04,11.41,-7.69,-24.35,1.10,27.97,424,598,129,32
0.04,1.05,-0.00,20.14,-9.52,-37.60,1.05,43.70,374,661,136,11
0.01,1.43,0.04,-12.51,-9.89,-57.31,1.43,59.49,286,737,138,2
0.04,1.51,-0.05,-16.85,-3.72,-118.35,1.51,119.60,164,786,137,3
0.08,1.57,-0.07,-11.78,1.16,-157.84,1.57,158.28,78,808,117,2
0.28,1.66,-0.20,-10.31,2.56,-184.20,1.69,184.51,22,779,64,0
1.08,2.07,-0.16,-25.76,-7.75,-188.17,2.34,190.08,5,723,15,0
1.01,1.16,-0.27,67.81,-4.58,-183.11,1.57,195.31,1,670,0,0
0.80,0.55,-0.33,64.27,-19.47,-131.96,1.02,148.06,1,691,0,5
0.88,0.97,-0.38,9.64,-35.34,-43.21,1.36,56.65,1,689,0,4
0.68,1.33,-0.10,-1.65,-54.20,-52.55,1.49,75.51,1,686,0,4
0.42,1.15,-0.06,31.80,-49.68,-72.14,1.23,93.19,1,684,0,6
0.16,0.89,0.04,36.50,-37.66,-59.81,0.90,79.55,1,683,0,5
0.02,0.79,0.13,39.92,-18.86,-38.57,0.80,58.63,1,680,0,5
-0.03,0.76,0.19,32.90,1.83,-22.77,0.78,40.05,1,683,0,7
-0.03,0.88,0.28,37.41,28.38,-12.57,0.93,48.62,1,678,0,7
0.12,0.74,0.11,50.66,62.68,-11.90,0.76,81.47,1,684,0,7
0.22,0.56,-0.03,31.62,74.46,-20.08,0.60,83.35,1,681,0,11
0.11,0.38,-0.07,22.52,62.26,-4.82,0.41,66.38,1,679,0,14
0.01,0.26,-0.07,8.61,39.61,32.29,0.27,51.82,1,677,0,15
-0.10,0.17,-0.01,-1.83,25.76,58.35,0.20,63.81,1,671,0,15
-0.19,0.12,-0.03,-6.41,24.23,83.13,0.23,86.83,1,667,0,16
-0.13,0.16,-0.10,-12.15,25.76,115.17,0.23,118.64,1,663,0,16
-0.02,0.29,-0.15,-18.68,27.53,132.45,0.33,136.56,1,664,0,16
0.19,0.37,-0.21,-25.21,30.70,141.48,0.46,146.95,1,659,0,18
0.37,0.65,-0.04,-30.27,32.29,146.48,0.75,153.02,1,654,0,17
0.60,0.71,-0.06,-25.82,58.29,137.88,0.93,151.90,1,653,0,18
0.99,0.83,-0.25,-36.44,77.39,119.02,1.32,146.57,2,649,0,18
1.20,0.99,-0.23,-23.80,33.02,85.02,1.57,94.26,2,647,0,17
1.29,2.46,0.15,6.04,-34.18,75.26,2.78,82.88,3,678,0,16
2.25,1.23,-0.38,32.29,-92.35,125.49,2.59,159.12,6,713,6,17
0.38,1.31,0.70,57.31,-109.74,43.70,1.54,131.29,13,716,33,19
-1.39,2.94,1.72,-30.52,-76.54,35.83,3.68,89.85,32,686,58,18
0.01,1.15,0.21,13.92,-7.14,-5.49,1.17,16.58,52,684,83,24
0.14,0.82,0.03,13.49,-4.33,-5.62,0.83,15.24,73,691,99,31
0.10,0.82,0.13,12.15,-1.34,12.15,0.83,17.23,100,677,107,45
0.07,1.05,0.06,-18.19,2.14,24.48,1.05,30.57,177,659,118,55
0.07,1.04,0.03,-1.16,-0.49,5.55,1.04,5.69,180,652,121,63
0.07,0.95,0.05,-2.62,-0.24,3.66,0.96,4.51,174,651,122,63
0.07,1.02,0.02,-6.65,0.12,4.03,1.02,7.78,168,649,129,69
0.06,1.00,0.03,-6.71,0.06,2.81,1.00,7.28,239,648,130,64
0.07,0.99,0.03,-6.41,0.06,1.46,0.99,6.57,271,648,134,65
0.06,0.98,0.03,-8.00,0.49,2.56,0.99,8.41,228,644,134,65
0.06,1.01,0.02,-7.26,0.31,1.59,1.01,7.44,271,643,127,59
0.06,1.00,0.02,-4.46,0.06,-0.12,1.00,4.46,271,646,135,57
0.07,1.00,0.02,-2.38,-0.61,-2.14,1.00,3.26,210,654,127,54
0.06,0.98,0.01,-1.83,-0.12,-2.26,0.98,2.91,200,667,128,46
0.07,0.94,0.03,-3.91,0.49,0.92,0.94,4.04,219,666,127,44
0.06,0.98,0.01,-9.83,1.46,6.29,0.98,11.76,208,662,124,49
0.06,0.97,0.01,-8.91,1.46,7.08,0.97,11.48,216,656,118,49
0.05,1.00,-0.00,-11.05,2.08,7.93,1.00,13.76,228,649,117,49
0.05,0.99,-0.01,-9.77,1.46,7.69,0.99,12.52,269,639,117,55
0.04,1.03,-0.02,-8.24,1.77,6.84,1.03,10.85,257,630,111,57
0.04,1.00,-0.01,-1.95,0.18,1.10,1.00,2.25,272,624,112,60
0.04,1.06,-0.04,-1.16,0.00,-0.73,1.06,1.37,274,623,119,59
0.04,1.00,-0.01,5.43,-1.34,-6.47,1.00,8.55,338,623,123,59
0.04,1.05,-0.02,5.31,-2.01,-8.18,1.05,9.96,302,624,120,53
0.05,1.08,-0.02,10.99,-3.54,-15.99,1.08,19.72,352,636,129,43
0.04,1.05,0.02,18.01,-6.04,-25.70,1.05,31.95,291,673,133,24
0.06,1.03,0.06,13.85,-4.88,-34.42,1.03,37.43,189,734,130,11
-0.01,1.71,0.13,-24.54,-5.43,-59.33,1.72,64.43,136,790,130,4
0.08,1.44,-0.04,9.64,-2.50,-121.40,1.44,121.81,51,797,115,2
0.07,1.55,-0.02,-3.17,-2.44,-156.07,1.55,156.12,21,783,83,0
0.25,1.50,-0.07,-21.67,-3.54,-172.85,1.52,174.24,7,748,33,0
0.49,1.53,-0.14,-16.78,-11.23,-160.40,1.61,161.67,2,709,4,0
0.95,0.95,-0.24,41.69,-16.17,-128.91,1.37,136.44,1,680,0,7
1.02,0.92,-0.23,5.00,-35.89,-84.47,1.39,91.92,0,0,0,8
0.95,1.33,-0.11,-11.78,-58.47,-34.24,1.64,68.78,0,0,0,7
0.84,1.52,0.04,-12.94,-62.68,-62.38,1.74,89.37,0,0,0,7
0.66,1.45,0.02,24.17,-53.47,-96.80,1.59,113.20,0,0,0,7
0.45,1.06,-0.09,28.56,-46.14,-95.21,1.15,109.59,0,0,0,7
0.16,0.93,0.13,23.07,-36.32,-72.57,0.96,84.37,1,685,0,10
0.00,0.77,0.15,29.85,-15.50,-53.34,0.79,63.06,0,0,0,9
-0.11,0.60,0.14,28.38,2.99,-29.11,0.62,40.77,1,681,0,9
-0.11,0.50,0.09,23.25,13.37,5.86,0.52,27.45,1,677,0,10
-0.12,0.50,0.06,16.17,15.20,29.79,0.52,37.14,1,672,0,12
-0.17,0.34,-0.02,13.12,15.14,54.87,0.38,58.41,1,667,0,14
-0.18,0.35,0.01,-0.92,14.65,81.91,0.39,83.21,1,659,0,16
-0.21,0.31,0.01,-8.85,31.92,100.22,0.37,105.55,1,657,0,16
-0.05,0.25,-0.12,-25.51,43.88,109.92,0.28,121.08,1,649,0,17
-0.03,0.43,-0.07,-39.25,49.50,124.21,0.43,139.35,1,642,0,16
0.21,0.46,-0.18,-42.42,52.19,132.20,0.53,148.32,1,641,0,19
0.38,0.70,-0.13,-50.84,31.68,133.79,0.81,146.59,2,642,0,20
0.52,0.71,-0.07,-37.35,3.78,129.03,0.89,134.38,2,639,0,21
0.54,0.76,0.00,-30.40,-12.27,121.58,0.93,125.92,2,638,0,19
0.67,0.79,0.04,-34.12,-2.56,96.98,1.04,102.84,2,636,0,19
0.95,0.91,0.02,-40.28,10.07,52.37,1.31,66.83,2,639,0,16
1.10,0.78,0.01,-32.59,3.36,2.69,1.35,32.88,1,645,0,14
1.49,-1.40,-0.56,198.67,-57.43,100.28,2.12,229.84,6,704,1,12
0.40,3.51,2.22,-6.53,-134.46,102.42,4.17,169.15,12,666,16,23
-0.48,1.14,0.26,-23.68,5.37,48.03,1.26,53.82,24,568,20,49
0.06,1.25,-0.19,-30.33,4.15,-6.90,1.27,31.38,42,581,35,49
0.07,0.75,0.06,34.97,-10.01,-20.57,0.75,41.79,56,590,47,50
0.05,0.94,-0.00,-11.23,4.46,13.00,0.94,17.75,113,569,60,73
0.04,1.10,-0.05,-0.85,3.17,7.02,1.10,7.75,184,565,76,92
0.05,0.94,-0.03,-3.85,2.50,4.15,0.94,6.19,227,568,87,102
0.04,0.98,-0.01,-2.32,3.05,6.16,0.99,7.26,285,559,93,109
0.03,1.01,-0.03,-6.96,4.58,6.84,1.01,10.77,312,553,101,116
0.03,1.00,-0.02,-2.75,1.59,2.44,1.00,4.00,290,554,102,116
0.03,1.00,-0.03,-4.33,1.83,2.01,1.00,5.12,275,548,102,123
0.03,1.00,-0.03,-4.09,0.85,0.73,1.00,4.24,322,547,106,120
0.03,0.99,-0.03,-4.09,0.49,0.49,0.99,4.15,386,544,108,125
0.03,1.00,-0.03,-4.52,0.37,0.18,1.00,4.54,432,543,106,123
0.03,0.99,-0.03,-3.30,-0.31,-0.67,0.99,3.38,360,543,104,122
0.03,1.00,-0.04,-3.30,-0.55,-1.04,1.00,3.50,285,538,107,114
0.03,1.00,-0.04,-2.01,-1.59,-2.26,1.00,3.42,398,541,108,112
0.03,1.00,-0.04,-1.77,-2.14,-3.36,1.00,4.35,494,545,104,106
0.03,0.99,-0.04,-1.40,-2.01,-3.91,0.99,4.61,404,543,101,99
0.03,1.00,-0.04,-1.04,-1.34,-3.11,1.00,3.55,501,544,104,92
0.03,0.98,-0.04,-1.28,-0.92,-2.01,0.98,2.56,460,546,103,91
0.04,0.99,-0.04,-0.67,-0.73,-2.08,0.99,2.30,418,547,102,83
0.03,0.98,-0.03,-0.55,-0.73,-1.65,0.98,1.89,588,548,102,88
0.04,0.99,-0.03,-0.49,-0.43,-1.16,0.99,1.33,596,548,101,84
0.03,0.99,-0.04,-0.67,-0.43,-1.46,0.99,1.67,596,549,107,87
0.04,1.00,-0.04,-0.73,-0.67,-2.01,1.00,2.25,489,547,104,82
0.04,0.99,-0.04,-0.18,-1.22,-3.30,0.99,3.52,445,549,110,81
0.04,0.99,-0.03,0.49,-1.22,-2.75,0.99,3.05,558,549,108,78
0.04,1.01,-0.04,0.98,-1.34,-3.48,1.01,3.85,554,549,110,74
0.05,1.00,-0.04,5.68,-3.72,-8.42,1.00,10.82,561,554,115,59
0.05,0.98,-0.03,6.53,-4.03,-8.97,0.98,11.81,421,560,116,52
0.05,0.98,-0.04,4.27,-3.11,-7.39,0.98,9.08,640,565,121,45
0.06,0.98,-0.02,6.71,-4.27,-11.47,0.98,13.96,740,573,121,38
0.06,0.99,0.00,4.58,-3.48,-10.01,0.99,11.54,434,582,122,32
0.06,0.99,-0.02,2.26,-2.62,-8.48,0.99,9.16,583,592,123,27
0.07,0.99,-0.08,2.56,-3.05,-9.70,1.00,10.49,586,602,132,23
0.07,0.98,-0.03,2.26,-1.40,-10.25,0.98,10.59,593,617,131,20
0.08,1.01,-0.00,3.91,-2.56,-13.73,1.02,14.51,450,637,131,12
0.07,0.99,0.04,-1.34,-3.48,-21.18,0.99,21.50,547,652,137,8
0.02,1.48,0.03,-19.78,-1.04,-41.75,1.48,46.21,365,696,139,5
0.08,1.45,-0.03,-21.67,-3.17,-78.43,1.45,81.43,288,735,137,2
0.09,1.42,0.01,-23.68,-4.58,-120.91,1.42,123.29,187,777,134,5
0.12,1.39,0.02,-39.98,2.93,-153.81,1.40,158.95,123,796,98,1
0.27,1.50,-0.01,-53.77,16.91,-166.93,1.52,176.19,39,763,43,0
0.57,1.54,-0.02,-23.19,28.20,-159.97,1.64,164.09,9,715,9,0
0.94,0.65,-0.51,58.53,31.01,-125.98,1.25,142.33,2,663,0,0
1.09,0.93,-0.49,17.58,-27.04,-103.33,1.51,108.25,1,653,0,0
1.03,1.13,-0.45,11.23,-88.87,-25.70,1.60,93.19,1,660,0,0
0.85,1.75,-0.03,2.56,-119.45,-43.82,1.94,127.26,1,658,0,0
0.42,1.48,0.01,60.30,-104.55,-73.49,1.54,141.31,1,666,0,0
0.27,1.03,0.03,63.72,-70.19,-75.93,1.07,121.46,1,663,0,0
1.00,2.47,0.19,39.43,-34.97,-61.10,2.67,80.69,0,0,0,10
-0.42,-0.38,-0.01,130.31,-63.17,-220.03,0.57,263.41,1,670,0,14
-0.06,0.63,0.22,31.92,-27.34,65.43,0.67,77.77,1,663,0,12
0.11,1.00,0.31,31.92,29.91,34.12,1.05,55.48,1,661,0,13
0.10,0.41,-0.11,52.92,71.41,-21.91,0.44,91.54,1,658,0,15
-0.00,0.29,-0.20,26.67,46.94,26.98,0.35,60.35,1,651,0,18
-0.13,0.38,-0.04,22.83,36.56,72.14,0.41,84.04,1,646,0,17
-0.21,0.15,-0.12,27.95,51.09,71.96,0.29,92.57,1,646,0,20
-0.38,0.06,-0.22,4.58,78.12,98.75,0.44,126.00,2,644,0,22
-0.13,0.13,-0.35,-12.94,103.88,118.59,0.40,158.19,2,640,0,21
-0.02,0.24,-0.41,-32.65,107.67,130.19,0.47,172.07,2,636,0,22
0.35,0.37,-0.46,-37.54,88.01,147.46,0.69,175.78,2,636,0,21
0.44,0.60,-0.28,-33.69,46.75,144.04,0.79,155.14,2,632,0,23
0.57,0.52,-0.22,-15.93,18.07,149.66,0.80,151.58,2,629,0,22
0.84,0.76,-0.08,-26.37,28.81,134.70,1.14,140.25,2,622,0,23
1.12,0.97,-0.04,-32.29,34.18,104.80,1.48,114.86,2,624,0,23
1.17,0.97,-0.03,-21.67,11.72,71.35,1.52,75.48,2,631,0,22
0.90,2.20,0.37,39.67,-65.49,89.97,2.41,118.14,7,703,2,15
