-,-,-
0.35,0.99,0.01,10.13,0.43,-5.19,1.05,11.39,2,224,145,3
0.36,0.95,-0.01,3.97,-0.43,-12.27,1.02,12.90,2,230,147,3
0.38,0.91,-0.05,2.56,-0.61,-15.08,0.99,15.30,2,240,143,2
0.38,0.89,-0.02,2.93,0.31,-11.90,0.97,12.26,2,246,145,2
0.39,0.89,-0.04,6.65,-0.24,-7.75,0.97,10.22,1,253,145,2
0.39,0.85,-0.03,10.25,-1.04,-2.50,0.93,10.61,1,256,143,2
0.35,0.90,-0.02,11.84,-2.44,-0.79,0.96,12.12,2,258,141,2
0.37,0.84,0.02,13.18,-2.26,-0.55,0.92,13.39,1,257,143,3
0.40,0.91,-0.01,5.55,-0.24,-1.22,0.99,5.69,1,263,146,3
0.40,0.86,0.01,5.43,0.43,2.56,0.95,6.02,1,261,146,2
0.41,1.03,-0.00,5.07,0.79,2.01,1.11,5.51,1,260,145,3
0.40,0.99,0.00,11.17,-0.18,-0.12,1.07,11.17,1,267,147,3
0.40,1.03,-0.01,20.75,-1.28,-15.26,1.11,25.79,1,268,145,4
0.41,1.25,0.04,23.07,-2.26,-52.25,1.32,57.16,1,273,141,2
0.39,1.73,0.17,14.47,5.98,-112.06,1.78,113.15,1,291,139,2
0.34,1.62,0.15,9.03,10.99,-183.47,1.66,184.02,1,319,140,3
0.40,1.73,0.15,-1.28,19.47,-259.70,1.78,260.44,1,350,124,3
0.63,1.91,0.26,-0.67,40.53,-331.85,2.03,334.31,1,436,65,1
0.75,1.74,0.11,-23.25,56.34,-359.31,1.90,364.45,1,590,27,2
0.36,2.03,0.08,-55.05,40.10,-379.94,2.06,386.00,1,692,15,1
0.19,0.03,-0.45,-9.95,15.26,-304.32,0.49,304.87,1,699,3,3
-0.17,-0.59,-0.55,-32.90,-91.37,6.59,0.82,97.34,1,675,2,3
-0.52,0.71,-0.06,-13.92,-134.70,221.68,0.88,259.77,1,702,3,2
-0.46,0.44,0.03,-5.31,-130.25,294.56,0.63,322.11,1,694,1,3
-0.18,0.69,-0.01,-26.25,-73.06,249.33,0.72,261.13,1,683,1,1
-0.21,0.54,-0.06,-34.00,-21.18,226.62,0.58,230.14,1,677,1,0
0.10,0.86,0.01,-46.57,15.01,221.62,0.87,226.96,1,671,1,4
0.35,0.94,-0.03,-31.01,23.99,211.91,1.00,215.51,1,658,0,5
0.31,1.17,0.11,-29.36,21.67,205.08,1.21,208.30,1,655,1,4
0.42,1.19,0.21,-12.08,52.73,187.26,1.28,194.91,1,655,0,4
0.97,1.42,0.43,18.25,102.78,171.69,1.77,200.94,1,656,1,4
2.20,0.90,-0.08,10.86,83.68,117.55,2.38,144.70,1,651,0,1
2.02,0.87,-0.05,-35.28,52.43,17.46,2.20,65.56,1,677,0,2
2.02,0.64,-0.07,-15.56,18.31,-13.55,2.12,27.59,1,709,1,2
2.14,0.18,-0.19,-6.10,-18.37,-47.79,2.15,51.56,1,714,1,1
3.25,2.38,0.78,-35.89,-5.74,-175.54,4.10,179.26,1,610,31,10
0.03,-0.94,-0.68,41.32,-70.37,142.52,1.16,164.23,1,427,61,3
0.52,2.61,0.38,38.27,-8.18,-73.18,2.68,82.99,1,358,100,3
0.36,0.29,0.33,-27.95,12.08,-65.43,0.57,72.17,1,330,132,6
0.52,0.25,-0.14,-38.82,7.69,30.21,0.60,49.79,2,291,145,1
0.49,1.34,0.05,-18.68,11.41,31.25,1.43,38.15,2,255,150,2
0.41,0.89,0.06,0.49,3.42,15.38,0.98,15.76,2,241,148,3
0.43,0.94,-0.02,5.13,2.14,15.20,1.03,16.18,2,234,154,3
0.41,0.99,0.05,4.70,2.32,11.47,1.07,12.61,2,224,153,1
0.40,0.99,0.02,6.04,1.16,1.34,1.07,6.30,2,221,155,3
0.42,1.03,0.02,4.82,-0.24,-6.96,1.12,8.47,2,224,155,3
0.40,0.91,0.04,5.43,-1.59,-18.49,0.99,19.34,2,232,150,2
0.42,0.92,0.03,-6.16,0.55,-20.08,1.02,21.01,2,241,157,2
0.43,0.96,0.03,-3.05,-0.49,-22.83,1.06,23.04,2,250,149,2
0.44,0.87,0.01,-0.92,-1.95,-21.97,0.97,22.08,2,259,151,2
0.45,0.87,0.01,-0.43,-1.53,-21.42,0.98,21.48,2,272,154,2
0.46,0.85,0.04,0.24,-0.24,-20.94,0.96,20.94,1,279,154,1
0.47,0.80,0.00,2.44,-0.43,-15.99,0.93,16.18,1,286,155,1
0.46,0.80,0.02,3.54,0.79,-10.31,0.92,10.93,1,289,152,2
0.47,0.73,0.02,4.21,2.44,-8.06,0.87,9.41,1,281,148,4
0.48,0.60,-0.01,1.34,3.54,17.09,0.77,17.50,1,272,147,3
0.46,1.01,0.00,17.21,-1.34,18.07,1.11,24.99,2,264,149,3
0.46,0.88,0.00,15.93,-1.40,17.82,0.99,23.95,1,263,149,2
0.43,0.74,0.09,18.01,0.55,12.08,0.86,21.69,1,259,146,2
0.49,1.32,0.01,9.22,1.77,0.67,1.41,9.41,2,251,145,3
0.45,1.43,0.09,26.43,-2.81,-37.41,1.50,45.89,1,258,136,3
0.45,1.43,0.07,12.70,-2.20,-100.28,1.50,101.11,1,278,133,3
0.27,1.78,0.29,-2.26,9.89,-179.99,1.82,180.28,1,295,138,4
0.24,2.55,0.30,-26.37,25.70,-302.06,2.58,304.30,1,319,120,2
0.77,3.10,0.28,-34.06,63.54,-447.20,3.20,452.98,1,447,39,3
1.26,3.18,0.26,-74.52,94.73,-467.16,3.43,482.46,1,647,16,2
-1.05,-1.28,-0.59,243.29,-161.87,177.31,1.76,341.80,1,637,6,1
-0.88,0.73,0.14,40.34,-216.67,102.29,1.15,242.98,1,666,3,2
-1.17,0.35,-0.37,127.26,-203.98,111.88,1.28,265.18,1,678,4,4
-1.46,-0.05,-0.53,60.79,-108.15,162.41,1.55,204.38,1,667,2,6
-0.99,0.64,-0.43,-14.47,-3.23,240.23,1.26,240.69,1,665,3,5
-0.27,1.08,-0.58,-28.26,42.60,284.24,1.25,288.80,1,656,2,6
0.13,1.24,-0.67,-41.02,39.92,283.81,1.42,289.53,1,650,1,4
0.26,1.51,-0.42,-63.17,38.39,255.55,1.59,266.03,1,653,1,4
0.26,1.73,-0.15,-45.17,66.35,250.00,1.76,262.57,1,661,2,5
0.98,1.75,-0.58,-59.81,189.70,193.97,2.09,277.83,1,671,3,1
3.97,2.51,-0.30,-102.72,168.95,121.52,4.71,232.08,1,660,0,0
4.00,0.47,-0.18,17.70,-34.42,63.72,4.03,74.56,1,645,0,1
3.31,-0.31,-0.25,-4.88,-96.98,-25.88,3.33,100.50,1,647,1,1
1.94,-0.52,0.02,-63.96,-32.47,-140.93,2.01,158.14,1,644,0,3
-0.51,4.00,3.59,-72.02,28.75,-302.67,5.40,312.45,1,543,65,9
-0.61,-1.02,-0.57,-103.27,-91.55,366.58,1.32,391.70,2,300,112,1
0.96,1.92,0.70,123.29,60.30,-21.06,2.26,138.85,2,210,137,2
0.19,0.25,0.56,74.58,8.30,-32.47,0.64,81.77,2,201,147,1
0.30,0.83,-0.04,-18.01,-10.62,-15.08,0.88,25.77,3,207,156,2
0.34,0.87,0.06,-10.31,-1.04,-11.96,0.94,15.83,2,211,158,2
0.35,1.12,0.05,-0.73,-0.37,-27.10,1.18,27.11,2,216,159,3
0.35,0.93,0.05,0.67,0.06,-29.66,1.00,29.67,2,235,160,3
0.37,1.03,0.05,0.12,1.46,-32.04,1.10,32.08,2,250,155,1
0.37,0.96,0.08,-1.22,2.38,-32.90,1.03,33.01,1,277,158,1
0.39,0.94,0.05,0.43,2.38,-39.86,1.02,39.93,1,301,159,3
0.42,0.89,0.03,5.74,2.01,-41.99,0.98,42.43,1,320,154,1
0.44,0.77,0.06,11.17,-0.79,-37.23,0.89,38.88,1,333,155,1
0.45,0.81,0.07,14.95,-0.98,-30.40,0.93,33.89,1,337,154,3
0.46,0.75,0.08,16.54,-2.75,-19.90,0.88,26.02,1,342,151,4
0.47,0.81,0.08,11.66,0.00,-10.56,0.94,15.73,1,342,151,2
0.48,0.77,0.06,12.94,-0.37,-3.42,0.90,13.39,1,342,146,2
0.50,0.89,0.07,14.04,-0.61,-3.05,1.03,14.38,1,335,145,1
0.49,0.83,0.09,18.49,-3.17,-5.07,0.96,19.44,1,328,152,1
0.49,1.03,0.11,15.01,-2.75,-13.55,1.14,20.41,1,322,147,1
0.49,1.11,0.11,14.65,-2.75,-34.06,1.22,37.18,1,312,146,3
0.51,1.56,0.21,6.10,6.41,-78.06,1.66,78.56,1,322,145,0
0.46,1.75,0.19,6.53,2.75,-172.97,1.82,173.12,1,329,143,2
0.53,2.06,0.27,-0.37,12.57,-276.31,2.14,276.59,1,346,132,2
0.87,2.09,0.36,-17.64,48.77,-388.06,2.29,391.51,1,454,57,1
0.81,2.16,0.18,-68.42,62.50,-405.27,2.31,415.73,1,633,26,0
0.57,1.50,-0.09,-102.91,43.27,-425.78,1.61,440.17,1,719,13,1
-0.70,0.31,-0.40,-50.60,-34.61,-206.60,0.87,215.51,1,716,0,1
-0.74,0.62,0.08,-20.26,-93.51,62.13,0.96,114.08,1,723,1,2
-0.37,0.60,-0.02,58.04,-108.70,234.56,0.71,264.96,1,739,1,2
-0.21,0.37,-0.17,62.07,-105.16,302.43,0.46,326.15,1,736,1,2
-0.01,0.48,-0.20,20.57,-72.20,281.13,0.52,290.98,1,718,1,2
-0.06,0.35,-0.15,-15.56,5.19,218.63,0.39,219.24,1,705,0,4
-0.04,0.67,-0.10,-25.51,64.33,256.23,0.68,265.41,1,698,1,5
0.89,0.67,-0.36,-45.90,73.67,275.88,1.17,289.21,1,679,1,4
1.36,1.24,0.24,-102.54,8.12,239.26,1.86,260.43,1,663,0,3
0.86,1.27,0.90,-53.28,-10.19,207.89,1.78,214.85,1,665,1,3
1.86,1.00,0.52,3.54,63.11,205.87,2.18,215.36,1,656,0,4
3.51,0.87,0.43,3.72,72.02,143.80,3.64,160.87,1,641,1,4
3.54,0.43,0.38,29.24,-6.16,13.98,3.59,32.99,1,625,1,5
2.06,-0.03,0.18,25.51,-18.37,-104.86,2.07,109.47,1,635,0,5
0.41,0.20,-0.09,-60.36,1.04,123.78,0.46,137.72,1,430,59,2
0.47,2.35,0.20,-20.08,19.47,19.23,2.41,33.94,2,271,110,1
0.26,1.77,0.04,-24.72,-0.79,37.35,1.79,44.80,2,222,126,2
0.25,0.99,0.16,-19.47,-2.50,-8.12,1.04,21.24,2,214,140,1
0.31,0.90,0.07,-30.70,2.99,-29.85,0.95,42.92,2,215,145,1
0.34,0.83,-0.00,-30.82,3.42,-27.34,0.90,41.34,2,214,147,3
0.34,0.97,0.02,-20.51,3.23,-20.57,1.03,29.23,2,218,144,2
0.35,0.94,-0.02,-11.90,1.16,-13.43,1.00,17.98,2,214,147,4
0.35,0.97,-0.01,1.59,-1.16,-13.61,1.03,13.75,2,217,147,1
0.34,0.89,0.03,4.58,-0.55,-13.31,0.95,14.08,2,221,141,2
0.36,0.92,0.01,3.60,-1.53,-11.17,0.98,11.83,2,225,142,3
0.37,0.95,-0.00,8.67,-1.53,-10.50,1.02,13.70,2,231,146,3
0.37,0.88,0.01,12.82,-1.53,-5.13,0.95,13.89,2,235,146,1
0.37,0.90,0.04,12.27,-0.79,-1.89,0.97,12.44,2,237,146,2
0.36,0.88,0.06,11.66,-1.22,0.61,0.95,11.74,2,236,145,3
0.38,0.92,0.04,8.73,-1.16,-1.10,0.99,8.87,2,235,141,2
0.37,0.96,0.06,7.87,0.79,-2.38,1.03,8.26,2,238,141,2
0.38,1.05,0.05,9.77,0.92,-9.58,1.12,13.71,2,243,147,1
0.40,1.13,0.03,18.74,-0.55,-30.40,1.20,35.71,1,251,148,3
0.32,1.25,0.21,8.30,2.81,-66.35,1.31,66.92,1,260,146,1
0.35,1.75,0.05,-8.18,9.77,-128.60,1.78,129.23,1,274,143,2
0.36,2.25,-0.02,-4.82,16.42,-237.49,2.28,238.10,1,288,134,3
0.43,2.73,0.66,-22.83,59.51,-381.90,2.84,387.18,1,309,91,1
0.66,2.57,0.45,-55.97,72.27,-446.66,2.69,455.91,1,515,32,0
0.44,3.72,0.30,-70.74,74.28,-471.25,3.76,482.29,1,677,13,1
-1.28,-0.46,-1.00,162.48,-4.27,-242.37,1.69,291.82,1,675,1,7
-0.42,0.23,-1.00,41.81,-114.81,62.62,1.11,137.30,1,692,2,4
-0.42,0.85,-0.09,-7.87,-162.78,180.11,0.96,242.90,1,696,1,1
-0.51,0.33,-0.02,34.24,-120.30,193.36,0.61,230.29,1,695,0,3
-0.28,0.31,-0.21,19.04,-45.65,212.52,0.47,218.21,1,695,1,4
0.26,0.32,-0.66,0.79,2.50,216.31,0.78,216.32,1,691,1,6
0.75,0.26,-0.99,-35.28,-2.56,203.37,1.27,206.42,1,683,0,4
0.83,0.48,-0.75,-105.83,-25.51,163.02,1.22,196.03,1,674,0,4
0.23,0.70,-0.13,-120.36,21.36,143.86,0.75,188.78,1,684,2,4
0.69,1.01,-0.38,-53.47,195.74,142.21,1.28,247.78,1,685,0,2
1.33,0.74,-0.77,-18.86,274.35,160.10,1.70,318.21,1,659,0,1
2.60,0.98,-0.86,-3.36,227.54,97.11,2.91,247.42,1,651,0,0
3.95,0.07,-0.34,-16.85,-8.73,32.35,3.97,37.50,1,623,2,2
2.38,0.04,0.91,-37.66,-198.79,-80.38,2.54,217.71,1,642,0,3
2.84,4.00,3.98,33.14,-99.18,-169.43,6.31,199.11,1,508,52,9
-1.96,-1.88,0.40,42.24,-141.30,438.23,2.74,462.38,1,304,101,2
0.67,1.83,-0.03,165.22,-26.73,33.63,1.95,170.72,2,238,121,1
0.25,1.67,0.29,50.05,21.55,-29.97,1.71,62.19,2,216,136,1
0.21,0.49,0.15,3.23,-7.51,1.71,0.56,8.35,2,216,143,2
0.38,1.05,-0.05,-10.99,2.38,-38.21,1.12,39.83,2,220,145,3
0.36,1.01,0.00,-8.54,4.15,-39.61,1.07,40.73,2,232,145,1
0.38,0.90,-0.04,1.53,0.12,-32.90,0.98,32.93,2,243,142,2
0.37,0.90,0.02,14.95,-2.50,-29.97,0.97,33.59,1,252,148,1
0.38,0.89,0.04,10.07,-1.53,-22.83,0.97,25.00,2,260,144,3
0.41,0.94,0.01,10.74,-1.34,-20.51,1.02,23.19,1,270,148,2
0.40,0.82,0.05,15.08,-1.28,-18.92,0.92,24.23,1,278,143,2
0.41,0.84,0.05,14.04,-0.67,-13.92,0.93,19.78,1,282,147,2
0.42,0.82,0.06,11.54,0.12,-6.23,0.92,13.11,1,287,144,1
0.44,0.84,0.02,11.47,-0.98,-3.72,0.94,12.10,1,290,142,2
0.41,0.83,0.10,10.31,-1.04,0.31,0.94,10.37,1,291,143,1
0.43,1.03,0.06,-0.12,2.26,-8.36,1.12,8.66,1,287,143,2
0.46,0.93,0.02,7.02,1.71,-20.81,1.04,22.03,1,286,145,1
0.45,0.97,0.05,10.19,1.40,-28.08,1.07,29.90,1,283,146,1
0.47,1.03,0.03,11.90,4.09,-44.01,1.13,45.77,1,286,146,1
0.49,1.05,0.17,14.28,7.69,-68.24,1.18,70.14,1,293,145,2
0.42,1.28,0.31,9.70,-5.25,-73.79,1.39,74.61,1,299,135,1
0.48,1.60,0.07,4.88,-3.11,-124.27,1.67,124.40,1,322,138,4
0.79,2.62,-0.25,20.75,-8.67,-225.71,2.75,226.83,1,339,125,2
1.25,2.16,-0.29,35.28,0.06,-414.86,2.51,416.35,1,458,49,0
0.52,4.00,1.42,-56.82,1.77,-420.53,4.28,424.36,1,636,23,0
-0.80,0.61,-0.82,145.02,-29.79,-302.25,1.30,336.56,1,697,5,1
-0.89,0.06,-0.96,42.91,-107.79,-17.52,1.31,117.33,1,691,3,0
-1.10,1.00,-0.05,-106.38,-89.66,137.15,1.48,195.36,1,707,3,0
-1.09,0.71,-0.03,-34.06,-43.82,161.32,1.30,170.60,1,704,2,0
-1.13,0.32,-0.36,-25.76,-6.90,223.33,1.23,224.91,1,691,0,1
-0.94,0.77,-0.17,-83.98,22.89,270.08,1.22,283.76,1,689,1,0
-0.23,1.21,0.01,-91.19,45.35,286.56,1.23,304.12,1,679,1,2
0.72,1.42,-0.07,-92.04,1.65,274.35,1.59,289.39,1,666,2,0
0.33,1.86,0.87,-76.29,-14.28,272.46,2.08,283.30,1,661,2,2
1.35,1.80,0.70,-17.94,59.08,262.82,2.35,269.97,1,659,0,1
2.96,1.41,0.48,-17.64,67.14,202.70,3.32,214.25,1,649,1,1
3.71,1.42,0.79,-21.00,63.11,60.79,4.05,90.11,1,651,1,1
3.20,0.14,0.41,48.58,53.89,-41.08,3.23,83.38,1,668,1,2
2.52,-0.15,0.14,46.57,96.19,-133.61,2.53,171.09,1,683,1,1
-0.21,1.57,0.41,30.52,90.58,-222.35,1.64,242.02,1,572,41,0
0.20,0.34,-1.11,-145.32,-16.11,169.19,1.17,223.62,1,373,92,2
0.40,1.65,0.02,68.73,-26.67,120.00,1.70,140.83,2,264,130,1
0.26,1.00,0.12,44.13,-2.38,-60.97,1.04,75.30,2,233,140,2
0.31,0.92,-0.00,-9.77,-1.04,-7.51,0.97,12.36,2,224,151,2
0.33,0.88,0.11,-23.74,2.50,-11.35,0.95,26.44,2,220,150,4
0.38,1.16,-0.03,-31.37,14.65,-19.23,1.22,39.60,2,217,154,2
0.37,1.06,0.03,-7.63,3.36,-14.71,1.12,16.91,2,221,156,3
0.32,0.96,-0.02,10.50,-8.06,-19.41,1.01,23.49,2,226,151,2
0.36,0.93,0.01,8.00,1.16,-22.40,1.00,23.81,2,236,152,1
0.35,0.92,0.03,7.87,-0.24,-21.91,0.98,23.28,2,240,152,2
0.37,0.88,0.02,4.70,0.55,-19.84,0.96,20.39,2,247,149,1
0.38,0.87,0.00,4.09,1.16,-13.37,0.94,14.03,2,251,150,3
0.38,0.81,0.02,6.10,0.37,-3.91,0.90,7.26,2,250,152,0
0.39,0.84,0.02,7.14,-0.67,2.26,0.93,7.52,2,248,148,2
0.38,0.88,0.05,8.97,-1.71,6.59,0.95,11.26,2,244,147,4
0.38,0.92,0.06,7.08,-0.79,10.50,1.00,12.69,2,242,148,2
0.37,0.90,0.07,6.35,-1.04,8.30,0.97,10.50,2,240,148,2
0.37,0.95,0.06,1.10,1.28,10.62,1.02,10.75,2,242,149,1
0.38,1.19,0.01,5.62,1.65,-1.77,1.25,6.11,2,245,151,0
0.38,1.18,0.01,7.14,-0.31,-16.72,1.24,18.19,1,255,154,2
0.35,1.14,0.09,3.78,4.09,-61.95,1.20,62.20,1,263,147,2
0.38,1.59,-0.00,-4.64,4.76,-116.46,1.64,116.64,1,281,149,1
0.32,1.92,0.05,0.49,4.52,-207.21,1.94,207.26,1,294,139,2
0.38,1.80,0.57,-15.69,23.07,-299.07,1.92,300.37,1,309,109,2
0.83,2.13,0.29,-71.35,80.14,-375.92,2.30,390.93,1,423,48,0
1.08,2.96,0.56,-142.33,121.95,-410.34,3.20,451.12,1,642,20,0
-0.18,0.70,0.12,43.15,60.97,-264.53,0.73,274.87,1,700,3,7
-0.29,1.00,-0.99,86.73,-55.85,67.38,1.43,123.21,1,676,1,4
-0.58,1.08,-0.17,-39.73,-147.52,171.94,1.24,230.01,1,687,1,3
-0.89,0.78,0.14,4.82,-181.40,217.53,1.19,283.28,1,682,2,3
-0.82,0.44,0.06,-5.00,-138.61,258.97,0.93,293.78,1,675,1,6
-0.35,0.67,0.02,-37.78,-67.50,264.77,0.76,275.84,1,659,1,5
0.21,0.70,-0.12,-69.76,-37.05,272.09,0.74,283.33,1,610,0,6
0.40,1.12,0.40,-100.71,11.17,253.05,1.25,272.58,1,571,1,6
1.56,1.19,0.38,-72.63,110.47,199.65,2.00,239.45,1,543,1,5
3.42,1.20,0.21,-38.76,163.57,124.15,3.63,208.98,1,506,1,4
3.71,0.99,0.20,25.88,88.50,-6.96,3.85,92.47,1,521,1,4
2.49,-0.24,-0.26,90.76,26.79,-78.49,2.52,122.95,1,555,1,4
3.19,-1.10,0.32,-5.37,13.67,-180.11,3.39,180.71,1,541,36,2
0.44,-0.23,0.28,-144.04,48.34,147.09,0.57,211.48,1,333,99,2
0.78,2.85,-0.71,-28.32,22.16,65.49,3.04,74.71,1,255,126,1
0.16,1.35,0.22,74.22,7.57,42.42,1.38,85.82,2,234,135,2
0.21,0.57,-0.02,16.17,-11.35,20.32,0.61,28.35,2,236,136,2
0.31,0.87,-0.12,-11.54,6.41,6.35,0.93,14.64,2,229,142,3
0.25,0.97,-0.03,-1.22,5.92,20.69,1.00,21.56,2,221,144,3
0.23,1.12,-0.07,-8.42,1.40,14.89,1.15,17.17,2,215,141,1
0.24,1.09,-0.07,-1.46,0.55,-0.79,1.12,1.75,2,214,141,2
0.24,1.02,-0.05,0.31,-1.34,-16.11,1.05,16.17,2,216,146,2
0.24,0.94,-0.05,-6.65,-2.26,-21.18,0.97,22.31,2,221,141,3
0.27,0.94,-0.09,-10.19,-0.98,-21.79,0.98,24.08,2,226,144,2
0.27,0.85,-0.08,-5.86,-0.55,-16.60,0.90,17.61,2,233,144,3
0.28,0.88,-0.08,-6.59,1.40,-8.36,0.93,10.74,2,235,142,2
0.28,0.94,-0.10,0.55,1.95,-0.67,0.99,2.14,2,235,143,3
0.26,0.85,-0.07,8.67,0.61,5.43,0.89,10.25,2,233,144,3
0.28,0.89,-0.12,6.35,-0.31,12.63,0.94,14.14,2,228,135,2
0.26,0.97,-0.09,7.75,1.04,13.79,1.01,15.86,2,223,133,2
0.26,1.02,-0.07,12.76,0.37,7.02,1.06,14.56,2,225,137,2
0.24,1.04,-0.04,21.18,-1.77,-0.67,1.07,21.26,2,231,138,1
0.25,1.08,-0.01,16.72,-1.89,-17.88,1.11,24.56,2,235,137,1
0.27,1.23,-0.08,8.67,-2.44,-37.48,1.27,38.54,1,244,140,2
0.29,1.40,-0.05,5.13,-2.69,-71.11,1.43,71.34,1,256,139,1
0.19,1.58,0.05,4.27,-8.48,-123.05,1.59,123.41,1,276,139,0
0.24,1.94,0.03,-3.66,9.64,-214.23,1.95,214.48,1,299,134,1
0.42,2.51,-0.20,14.83,11.72,-320.31,2.55,320.87,1,318,118,4
0.74,2.85,0.32,0.49,52.31,-442.38,2.96,445.46,1,491,34,1
0.78,2.47,0.11,-7.08,42.48,-410.83,2.60,413.08,1,655,18,3
-1.48,-0.24,-0.99,203.25,8.06,-238.34,1.79,313.34,1,681,2,3
-0.43,0.25,-1.04,51.15,-99.61,46.63,1.15,121.30,1,677,2,2
-0.70,1.00,0.01,-5.37,-138.73,100.65,1.22,171.48,1,681,1,1
-0.74,0.35,-0.18,80.57,-131.71,146.24,0.84,212.66,1,678,1,3
-0.65,0.12,-0.44,31.19,-61.77,154.48,0.80,169.27,1,652,3,4
-0.57,0.60,-0.23,-16.91,13.67,177.73,0.86,179.06,1,627,0,4
0.02,0.88,-0.27,-9.64,81.73,216.49,0.92,231.60,1,603,1,2
0.40,1.03,-0.25,-14.16,102.23,234.25,1.13,255.98,1,580,1,4
0.45,1.03,-0.25,13.49,113.53,241.09,1.15,266.82,1,572,1,4
1.07,1.17,-0.42,23.50,121.64,222.66,1.64,254.80,1,554,0,5
2.38,1.37,-0.28,6.35,54.93,200.74,2.76,208.22,1,534,1,4
2.91,0.77,-0.14,5.31,-46.63,108.28,3.01,118.01,1,527,1,2
2.65,0.57,0.15,-37.66,-40.34,2.20,2.72,55.23,1,555,3,2
2.71,0.07,-0.09,5.49,41.63,-81.36,2.71,91.56,1,588,1,0
2.91,1.81,0.47,-6.29,63.90,-220.46,3.46,229.62,1,545,55,3
-0.20,-0.61,-0.55,-130.43,-42.05,329.16,0.84,356.55,1,350,105,2
0.74,1.53,0.39,171.75,27.65,-89.23,1.74,195.52,2,258,127,0
0.23,0.89,0.28,-16.54,1.65,-92.04,0.96,93.53,2,245,142,1
0.34,0.67,-0.01,-51.57,0.24,7.93,0.75,52.18,2,236,146,2
0.41,0.96,-0.04,-15.81,6.47,-32.71,1.04,36.91,2,230,151,2
0.36,1.03,-0.03,-8.61,1.71,-11.72,1.09,14.64,2,227,153,2
0.36,0.96,-0.02,-1.16,-1.65,-10.74,1.02,10.93,2,227,151,3
0.36,0.92,0.03,4.15,-1.83,-17.27,0.99,17.86,2,235,153,2
0.38,0.99,0.05,3.36,-1.53,-24.66,1.06,24.93,2,243,158,1
0.39,0.91,0.03,2.26,-1.71,-31.74,0.99,31.86,1,260,159,1
0.41,0.94,-0.01,0.98,0.37,-31.13,1.03,31.15,1,277,156,2
0.43,0.82,-0.00,4.33,-2.20,-25.45,0.93,25.91,1,289,159,1
0.42,0.84,-0.00,7.39,-1.04,-21.85,0.94,23.09,1,296,156,1
0.44,0.83,0.01,11.66,-1.53,-15.62,0.94,19.55,1,304,152,1
0.43,0.79,0.05,13.92,-1.89,-16.05,0.90,21.33,1,309,154,2
0.45,0.81,0.03,10.31,-1.16,-11.54,0.93,15.52,1,309,155,1
0.46,0.82,0.03,9.83,-0.67,-5.80,0.94,11.43,1,299,152,2
0.47,0.87,0.04,10.93,-0.24,-2.62,0.98,11.24,1,298,153,3
0.47,0.90,0.02,14.47,-0.61,-3.66,1.02,14.93,1,297,153,2
0.47,0.94,0.07,17.46,-1.10,-7.20,1.05,18.92,1,300,155,3
0.49,1.01,0.06,18.68,-1.95,-20.08,1.13,27.49,1,299,154,3
0.50,1.07,0.03,22.34,-3.97,-37.41,1.19,43.76,1,305,149,2
0.49,1.44,0.12,19.78,-2.26,-72.33,1.52,75.02,1,313,139,1
0.50,1.72,0.09,21.85,-3.05,-132.20,1.79,134.03,1,327,137,1
0.54,2.21,-0.05,0.79,-9.64,-239.75,2.27,239.94,1,341,126,1
0.95,2.54,0.16,-74.22,-4.82,-393.01,2.72,399.98,1,436,56,2
0.94,1.99,0.46,-28.56,22.28,-393.98,2.25,395.64,1,617,23,1
0.19,1.46,0.34,-58.72,16.36,-349.06,1.51,354.34,1,684,7,0
-0.60,-0.42,-0.52,28.14,-95.40,-18.80,0.90,101.22,1,683,2,2
-0.66,0.78,0.27,-52.12,-93.87,55.85,1.06,121.03,1,697,1,2
-0.80,-0.06,-0.09,61.04,-46.81,105.59,0.81,130.64,1,693,1,2
-0.68,-0.05,-0.28,18.13,-9.89,151.86,0.73,153.25,1,687,1,1
-0.60,0.45,-0.09,-9.64,8.73,198.43,0.76,198.85,1,687,0,1
-0.26,0.66,-0.16,-5.25,16.17,233.95,0.72,234.56,1,684,2,1
0.31,1.02,-0.14,-16.24,21.85,232.06,1.07,233.65,1,669,2,1
0.47,1.01,-0.04,-34.67,-8.73,220.89,1.11,223.76,1,654,0,1
0.30,1.28,0.34,-35.16,-26.92,224.67,1.35,228.99,1,649,0,1
0.66,1.46,0.50,-37.23,15.62,200.93,1.68,204.94,1,642,1,0
1.85,1.56,0.31,-47.97,76.11,91.86,2.44,128.58,1,660,1,1
2.50,1.47,0.52,-14.59,62.81,38.82,2.95,75.26,1,692,2,0
2.38,0.26,0.18,71.47,33.39,48.77,2.40,92.74,1,697,0,2
2.30,-0.13,-0.48,50.35,72.08,-16.05,2.35,89.38,1,692,1,0
4.00,2.44,0.61,20.26,107.97,-146.67,4.72,183.25,1,623,29,4
0.98,-1.11,0.35,-22.16,-140.01,198.06,1.52,243.56,1,494,70,8
0.01,1.64,-0.47,348.88,167.30,116.27,1.71,404.01,2,318,98,5
-0.68,2.19,3.70,-351.20,-187.81,104.31,4.35,411.69,2,250,123,7
0.34,0.89,-0.11,22.16,-61.52,-233.09,0.96,242.09,2,219,132,4
0.46,0.24,-0.29,52.43,65.67,33.75,0.60,90.56,3,203,141,4
0.44,1.36,-0.19,-87.10,-69.21,70.74,1.44,131.84,3,201,143,2
0.81,0.88,0.78,-100.28,54.63,-42.05,1.43,121.69,3,199,151,2
0.26,1.09,0.09,31.98,-55.60,-1.71,1.12,64.17,3,201,154,2
0.44,0.99,0.08,4.70,40.71,-32.90,1.09,52.55,2,209,156,2
0.41,0.91,0.04,-2.62,-2.75,-42.24,1.01,42.41,2,227,156,2
0.42,0.84,0.08,-20.57,19.29,-41.56,0.94,50.23,2,244,150,2
0.50,0.94,0.05,-8.85,-1.16,-34.91,1.07,36.04,2,258,152,1
0.46,0.87,0.09,-12.82,6.71,-43.15,0.99,45.51,1,277,151,2
0.49,0.79,0.11,-6.35,-1.77,-41.93,0.93,42.45,1,293,153,2
0.49,0.81,0.11,0.37,0.85,-27.71,0.95,27.73,1,302,152,3
0.51,0.77,0.08,6.16,-2.62,-19.47,0.93,20.59,1,305,148,2
0.53,0.84,0.05,9.16,-0.92,-15.14,0.99,17.71,1,305,153,3
0.54,0.79,0.05,1.89,-0.37,-18.13,0.96,18.23,1,305,153,2
0.57,0.90,0.21,-1.04,5.98,-19.53,1.09,20.45,1,305,155,1
0.56,0.97,0.13,13.55,0.31,-27.40,1.13,30.57,1,307,153,1
0.56,1.14,0.16,13.43,5.31,-40.59,1.28,43.08,1,320,145,2
0.60,1.61,0.01,10.50,10.19,-105.90,1.72,106.90,1,342,148,2
0.63,1.86,0.06,13.85,18.80,-176.51,1.96,178.05,1,374,137,1
0.38,2.50,0.53,-13.67,20.20,-340.45,2.59,341.33,1,423,99,3
0.80,1.73,0.09,-46.57,49.56,-400.82,1.91,406.55,1,597,41,1
0.44,2.06,0.11,-34.61,17.82,-364.81,2.11,366.88,1,721,20,1
-0.29,0.37,0.30,-43.58,-0.98,-339.84,0.56,342.63,1,726,2,7
-0.54,-0.25,-0.30,285.03,17.27,-114.75,0.67,307.75,1,724,1,2
-0.76,0.95,-1.07,59.45,-98.75,318.30,1.62,338.53,1,733,1,4
-0.79,1.04,-0.16,-324.04,-197.20,237.49,1.32,447.54,1,722,1,5
-0.65,0.84,0.25,66.22,158.69,218.08,1.09,277.72,1,713,1,5
-0.15,0.58,-0.51,157.29,-89.78,275.88,0.79,330.01,1,705,1,3
0.09,0.62,-0.37,-89.42,-19.90,273.32,0.72,288.26,1,696,2,5
-0.50,2.28,3.15,-216.86,-109.01,303.41,3.92,388.54,1,681,0,4
0.28,1.66,0.72,-7.63,-30.33,263.12,1.83,264.98,1,667,0,5
1.19,1.69,0.78,6.90,-19.23,260.74,2.21,261.54,1,662,1,4
2.94,1.87,1.19,31.19,-25.15,186.95,3.68,191.20,1,625,2,1
3.09,1.02,0.97,79.16,-65.73,55.11,3.40,116.73,1,625,1,2
2.52,0.04,0.28,81.85,39.73,-84.35,2.53,124.07,1,653,0,2
4.00,-0.22,0.33,228.88,240.11,-106.87,4.02,348.51,1,614,38,8
1.66,-0.82,-0.91,70.80,174.07,29.11,2.06,190.16,1,424,86,2
-0.07,0.95,-1.34,-126.53,-48.22,220.40,1.64,258.67,2,307,126,1
-1.04,2.65,2.75,-576.23,-342.96,92.83,3.95,676.97,2,245,140,2
0.28,1.70,0.88,-122.56,27.10,-140.69,1.94,188.54,2,228,144,3
0.67,0.67,-0.00,115.11,-86.85,-46.39,0.95,151.48,2,235,154,3
0.26,0.75,-0.11,-9.89,128.42,-68.85,0.80,146.04,2,249,154,0
0.35,0.86,-0.18,1.28,-64.70,-12.94,0.95,65.99,1,263,152,2
0.40,0.91,0.11,-78.43,26.06,-35.95,1.00,90.13,2,266,157,1
0.40,0.82,0.26,-29.72,-26.37,-20.75,0.95,44.83,1,274,153,2
0.39,0.93,0.20,21.30,16.42,-13.92,1.03,30.28,1,276,157,3
0.44,0.77,0.07,42.54,13.06,-3.60,0.89,44.65,1,282,155,3
0.48,0.94,-0.02,-2.44,2.08,-10.68,1.05,11.15,1,300,158,3
0.45,0.90,0.10,-26.25,-4.82,-21.06,1.01,33.99,1,306,151,3
0.45,0.90,0.20,-29.11,-4.70,-23.01,1.03,37.41,1,315,156,0
0.45,0.79,0.19,4.46,0.79,-26.06,0.93,26.45,1,316,151,3
0.47,0.84,0.08,28.02,0.31,-6.77,0.96,28.82,1,319,155,3
0.50,0.78,0.02,20.02,-4.64,-0.79,0.93,20.57,1,319,155,1
0.48,0.79,0.06,0.79,-6.53,-2.81,0.93,7.15,1,317,155,1
0.49,0.88,0.11,-2.44,-6.35,-0.31,1.01,6.81,1,316,155,3
0.51,0.98,0.10,28.93,-0.31,-7.87,1.11,29.98,1,318,154,1
0.53,1.02,0.12,19.29,-5.25,-20.57,1.15,28.68,1,320,152,2
0.49,1.08,0.21,15.32,2.81,-46.57,1.21,49.11,1,321,140,3
0.57,1.40,0.09,15.87,8.48,-81.12,1.51,83.09,1,334,140,2
0.56,1.67,0.04,33.02,1.95,-139.77,1.77,143.63,1,349,138,2
0.49,2.22,0.13,17.82,7.14,-232.36,2.28,233.15,1,367,126,3
0.78,2.60,0.61,13.73,8.36,-356.02,2.78,356.38,1,468,67,1
0.89,1.93,0.20,-52.43,17.27,-434.33,2.13,437.82,1,645,27,0
0.73,2.60,0.24,1.22,32.90,-367.49,2.72,368.96,1,716,12,0
-1.17,0.91,0.19,-6.47,79.22,-272.03,1.49,283.41,1,711,3,3
-0.51,-0.22,-0.80,363.71,-75.74,77.39,0.97,379.49,1,725,1,1
-0.76,0.33,-1.02,-38.27,-95.40,316.28,1.32,332.57,1,728,2,2
-0.62,0.70,0.01,-316.77,-127.20,224.49,0.94,408.56,1,716,1,2
-0.43,0.80,0.32,71.90,205.38,195.86,0.97,292.77,1,691,1,3
-0.02,0.62,-0.48,160.34,62.87,276.25,0.78,325.53,1,655,0,4
0.13,0.79,-0.52,38.02,157.53,275.21,0.95,319.38,1,614,1,6
1.03,1.08,-0.25,-42.11,28.32,305.85,1.51,310.03,1,563,1,4
1.42,1.13,0.01,-38.82,-27.16,263.55,1.82,267.77,1,539,0,4
1.14,1.40,0.19,-71.72,-119.26,222.72,1.81,262.62,1,535,1,3
1.94,1.52,0.34,48.71,-36.25,177.00,2.48,187.13,1,533,0,4
2.43,0.77,0.25,59.69,-35.89,88.81,2.56,112.86,1,527,1,3
2.12,0.19,0.06,56.82,53.34,31.01,2.13,83.88,1,517,3,3
2.42,0.47,-0.08,28.44,96.74,-15.93,2.47,102.09,1,517,1,1
4.00,0.40,0.16,50.48,110.84,-134.40,4.02,181.37,1,506,7,3
0.91,-0.81,0.23,-4.33,-88.01,86.98,1.24,123.81,1,324,74,2
-0.14,0.79,0.17,65.55,138.49,-70.43,0.82,168.63,2,256,115,2
0.96,2.10,0.84,-114.44,-45.90,201.72,2.46,236.42,2,235,135,3
0.32,0.33,0.17,53.41,-14.53,-162.72,0.49,171.87,2,221,142,2
0.29,0.99,-0.25,88.75,57.25,73.24,1.06,128.52,2,217,147,1
0.36,1.16,-0.11,-82.95,-51.94,1.95,1.22,97.89,2,216,148,2
0.33,0.88,0.34,-112.73,-13.73,-47.73,1.00,123.19,2,216,148,0
0.40,1.34,0.34,4.88,11.96,-28.87,1.44,31.63,2,225,151,1
0.40,0.81,0.12,43.95,21.00,-58.53,0.91,76.15,2,232,145,1
0.44,0.94,-0.11,42.85,23.13,-44.31,1.04,65.84,2,244,146,2
0.45,0.76,-0.04,-42.30,0.24,-58.35,0.88,72.07,2,253,149,3
0.47,0.79,0.12,-55.48,-9.77,-49.26,0.93,74.83,2,260,150,1
0.48,0.84,0.21,-30.94,-4.03,-39.61,0.99,50.43,1,268,150,2
0.48,0.77,0.15,26.73,5.07,-22.28,0.91,35.17,1,275,153,3
0.51,0.78,0.03,33.26,-1.34,-1.83,0.93,33.34,1,276,147,3
0.54,0.80,-0.01,11.05,-1.34,-5.62,0.96,12.47,1,278,154,2
0.54,0.86,0.06,-13.85,-7.02,-10.62,1.02,18.82,1,283,152,1
0.54,0.90,0.10,-16.05,3.91,-20.69,1.05,26.48,1,284,151,2
0.52,0.96,0.13,-2.01,16.72,-31.31,1.10,35.55,1,287,154,2
0.59,1.11,0.02,5.07,6.04,-42.72,1.25,43.45,1,291,154,1
0.57,1.38,0.10,-8.06,31.92,-91.13,1.50,96.89,1,298,151,2
0.51,1.47,0.16,-12.27,14.59,-174.74,1.56,175.78,1,308,141,1
0.59,1.62,0.45,-30.70,27.71,-248.23,1.79,251.65,1,328,124,1
0.97,1.76,0.24,-44.68,54.50,-316.10,2.03,323.86,1,446,60,1
1.01,1.84,0.13,-47.24,45.47,-321.96,2.10,328.57,1,631,30,3
0.50,1.39,0.11,-3.66,73.06,-340.70,1.48,348.46,1,737,16,1
-0.55,-0.14,-0.01,70.37,43.27,-280.21,0.56,292.14,1,732,1,6
-0.10,0.09,-0.43,237.98,-4.33,95.83,0.45,256.58,1,724,1,5
-0.03,0.88,-0.47,-42.11,-233.34,407.65,1.00,471.59,1,725,2,5
0.00,0.60,0.27,-212.89,-189.88,106.20,0.66,304.39,1,713,0,6
-0.35,0.25,0.48,-30.70,-115.78,131.53,0.64,177.90,1,700,0,6
-0.36,0.69,-0.13,47.61,-41.63,182.56,0.79,193.20,1,689,1,7
-0.01,0.49,-0.08,-65.92,-40.83,199.10,0.49,213.66,1,678,0,4
0.44,1.08,0.17,-112.43,-20.57,227.97,1.18,255.01,1,667,0,6
0.55,1.15,0.92,-102.36,-10.68,195.37,1.57,220.82,1,664,1,7
0.30,1.21,0.58,-29.66,60.79,209.29,1.38,219.95,1,670,1,4
1.47,1.43,0.52,35.16,97.05,221.68,2.12,244.53,1,662,0,5
2.70,1.00,0.29,88.68,-28.32,180.11,2.89,202.75,1,643,0,4
2.40,0.82,0.38,27.34,-21.55,107.42,2.56,112.92,1,635,0,4
2.35,0.66,0.34,65.49,26.61,16.48,2.47,72.59,1,630,0,5
2.16,0.17,0.02,156.56,149.41,-108.15,2.17,241.93,1,631,1,3
1.20,0.38,-0.82,173.83,144.78,-172.55,1.50,284.51,1,563,26,2
0.38,-0.10,-0.99,12.51,83.74,42.85,1.07,94.89,1,365,73,1
0.36,1.39,-0.60,-256.35,-149.41,174.26,1.55,344.10,1,277,116,2
1.12,3.01,0.91,-274.17,131.90,96.25,3.33,319.11,2,246,131,2
0.22,0.63,0.51,35.40,-173.83,-98.88,0.84,203.09,2,237,137,3
0.47,0.56,0.00,106.14,60.85,-59.20,0.74,135.92,2,239,143,3
0.37,0.88,-0.16,57.13,6.23,0.00,0.96,57.47,2,237,145,1
0.46,0.53,-0.01,-22.89,-13.00,-8.18,0.70,27.56,2,233,145,2
0.38,0.95,0.08,-31.01,-33.26,21.30,1.03,50.22,2,233,148,2
0.38,0.97,0.27,-31.92,-6.10,1.46,1.07,32.53,2,232,155,1
0.39,1.01,0.22,22.71,0.73,1.40,1.10,22.76,2,232,151,3
0.39,0.94,0.09,20.14,14.10,-11.96,1.02,27.34,2,241,155,2
0.41,0.91,0.03,3.60,4.76,-16.66,1.00,17.70,2,247,152,1
0.41,0.89,0.08,-27.95,-0.98,-24.29,0.99,37.05,1,254,154,2
0.42,0.90,0.13,-20.39,-2.81,-21.97,1.00,30.10,1,265,150,1
0.43,0.88,0.14,-5.13,1.53,-20.57,0.99,21.25,1,269,156,0
0.44,0.81,0.10,11.47,4.21,-16.78,0.93,20.76,1,275,156,0
0.46,0.84,0.03,6.84,3.66,-8.00,0.96,11.14,1,277,155,1
0.45,0.82,0.07,-17.94,-0.43,-9.89,0.94,20.49,1,277,156,1
0.47,0.93,0.12,-9.28,-2.81,-5.62,1.05,11.20,1,279,151,1
0.46,0.95,0.11,5.07,2.32,-8.48,1.06,10.15,1,281,154,1
0.46,0.96,0.08,13.92,-0.24,-13.55,1.07,19.42,1,286,155,3
0.48,1.05,0.08,6.47,-1.46,-27.77,1.16,28.55,1,287,152,1
0.54,1.33,0.14,-1.16,15.56,-66.28,1.44,68.10,1,293,151,1
0.48,1.52,0.16,-1.95,10.19,-112.37,1.60,112.84,1,307,146,2
0.54,1.95,0.20,-13.24,29.05,-185.79,2.03,188.51,1,326,135,1
0.49,2.25,0.61,-46.69,56.64,-343.38,2.38,351.14,1,384,83,2
0.90,1.49,0.14,-92.77,55.36,-391.54,1.75,406.17,1,582,34,1
0.46,2.08,0.19,-34.30,26.67,-314.88,2.14,317.86,1,710,16,1
-0.54,1.18,0.36,6.90,33.45,-276.43,1.34,278.53,1,719,2,6
-0.73,-0.19,-0.05,391.36,9.46,-177.86,0.76,429.98,1,715,2,3
-0.30,0.61,-1.13,242.98,-90.94,308.17,1.32,402.84,1,721,2,1
-0.14,0.76,-0.81,-117.13,-168.46,196.04,1.12,283.78,1,706,1,2
-0.28,0.63,0.20,-329.04,-163.15,168.52,0.72,404.08,1,692,0,4
-0.11,1.02,0.56,-13.61,4.21,204.47,1.17,204.96,1,678,1,3
0.32,0.95,-0.27,132.93,-37.23,207.52,1.04,249.24,1,674,1,4
0.49,0.63,-0.39,-21.85,-29.66,207.95,0.88,211.19,1,666,1,4
0.74,1.06,-0.10,-128.36,-88.01,230.90,1.30,278.45,1,655,0,5
0.29,1.69,1.82,-194.09,-64.70,201.90,2.50,287.44,1,659,0,4
0.56,1.15,0.23,-16.66,7.81,191.10,1.29,191.99,1,657,1,5
1.25,1.16,0.21,10.13,98.94,172.61,1.72,199.21,1,663,0,5
2.02,1.09,0.03,33.69,32.29,142.27,2.29,149.73,1,654,0,4
1.80,0.89,0.26,-40.89,-53.04,89.48,2.03,111.77,1,646,1,4
1.62,0.61,0.34,13.37,16.66,26.86,1.77,34.32,1,635,0,2
1.71,0.49,0.09,18.62,93.69,-81.73,1.78,125.71,1,645,0,3
1.58,0.23,-0.04,4.03,118.10,-134.64,1.60,179.15,1,651,2,3
-0.07,0.81,-0.19,78.98,-48.83,-129.27,0.83,159.16,1,559,27,1
0.19,0.60,-0.12,-93.20,63.23,11.90,0.64,113.25,1,419,63,1
0.66,2.38,-0.27,-6.53,-50.54,128.30,2.48,138.05,1,374,100,3
0.16,0.86,0.23,-65.55,63.35,-179.20,0.91,201.06,1,365,120,3
0.39,-0.15,0.33,58.53,-88.56,-136.84,0.53,173.19,1,341,136,0
0.34,1.06,-0.23,72.94,95.21,103.52,1.14,158.43,1,321,139,3
0.47,1.29,-0.41,28.38,-55.60,71.17,1.44,94.67,1,302,145,2
0.29,0.51,0.05,-99.61,8.67,-44.37,0.58,109.39,1,295,151,1
0.36,1.25,0.12,0.24,-34.97,40.77,1.31,53.72,1,285,155,2
0.35,1.00,0.11,6.84,8.42,-9.34,1.06,14.31,1,278,153,1
0.36,0.83,-0.05,42.60,12.88,-2.26,0.90,44.56,1,279,156,3
0.38,0.90,-0.12,0.79,-2.56,-2.20,0.99,3.47,1,279,156,0
0.36,0.89,0.02,-32.29,-8.24,-3.66,0.96,33.52,1,281,157,1
0.39,1.08,0.07,-12.88,-4.52,-4.21,1.15,14.28,1,282,156,3
0.36,0.90,0.06,-2.81,5.68,-21.24,0.97,22.16,1,285,158,2
0.39,0.90,-0.03,20.08,6.53,-13.61,0.99,25.12,1,292,153,1
0.39,0.84,-0.03,-6.35,1.89,-18.07,0.92,19.24,1,296,156,3
0.40,0.94,0.02,4.46,0.92,-4.82,1.02,6.63,1,293,149,2
0.39,0.86,0.02,-0.85,4.09,-10.93,0.94,11.70,1,295,151,2
0.40,0.81,0.02,2.50,4.21,-4.64,0.90,6.75,1,298,152,2
0.42,0.91,-0.01,6.71,3.72,1.71,1.00,7.87,1,300,155,1
0.40,0.85,-0.00,-0.61,4.88,-0.37,0.94,4.93,1,298,153,2
0.41,0.88,0.01,2.20,0.31,6.71,0.97,7.07,1,296,153,3
0.40,0.98,-0.01,-0.85,6.04,0.43,1.06,6.12,1,296,152,1
0.43,0.99,-0.04,-10.62,7.63,-13.06,1.08,18.48,1,295,152,1
0.43,1.16,0.02,-22.28,18.19,-35.95,1.24,46.04,1,295,148,3
0.46,1.18,-0.02,-10.07,11.66,-69.82,1.27,71.50,1,305,150,3
0.42,1.38,0.05,17.03,-1.77,-96.86,1.44,98.36,1,313,144,2
0.45,1.44,0.09,0.55,-0.18,-146.55,1.51,146.55,1,313,140,3
0.53,2.03,-0.06,14.28,1.46,-202.64,2.10,203.14,1,315,126,2
0.77,2.48,0.13,0.18,32.71,-308.35,2.60,310.08,1,393,62,1
0.81,1.85,0.14,-30.64,37.05,-367.13,2.02,370.26,1,593,24,1
0.48,2.20,0.10,47.42,31.80,-318.30,2.26,323.38,1,690,10,0
-0.69,0.72,0.31,-4.58,60.12,-276.49,1.04,282.99,1,695,2,3
-0.27,-0.38,-0.36,471.44,-38.27,23.01,0.59,473.55,1,702,1,1
-0.49,0.55,-0.94,-54.08,-184.63,279.60,1.19,339.40,1,694,1,0
-0.57,0.46,0.25,-360.72,-219.42,58.11,0.77,426.19,1,676,0,2
-0.47,0.70,0.41,72.08,61.83,145.57,0.94,173.81,1,659,0,3
-0.22,0.76,-0.33,197.63,-5.98,198.30,0.85,280.03,1,642,0,5
0.24,0.34,-0.46,80.14,27.22,173.22,0.62,192.79,1,624,2,3
0.62,0.76,-0.42,-15.08,-26.00,223.27,1.07,225.28,1,613,1,4
0.77,0.91,-0.14,-85.27,-58.72,190.31,1.20,216.64,1,614,3,3
0.55,0.98,0.10,-107.97,-40.47,180.79,1.13,214.43,1,623,2,3
0.73,1.32,0.28,-69.64,18.62,173.95,1.53,188.30,1,630,1,3
1.35,1.18,0.01,102.48,77.64,164.79,1.79,209.01,1,625,0,3
1.76,0.87,-0.46,110.60,42.42,100.71,2.02,155.48,1,628,0,4
1.63,0.47,-0.42,-65.43,-28.93,53.10,1.75,89.09,1,633,1,3
1.94,0.58,0.02,-170.78,-32.17,8.24,2.03,173.97,1,640,1,1
2.37,0.75,1.34,-115.42,1.16,-50.35,2.82,125.93,1,657,0,1
3.72,-0.07,0.37,58.90,96.68,-185.24,3.74,217.10,1,614,15,1
0.64,-1.94,0.67,74.71,67.44,16.97,2.15,102.07,1,480,73,3
-0.36,-0.13,-0.07,204.47,65.80,-51.64,0.39,220.91,1,360,106,1
-0.15,2.78,-0.27,-62.13,-88.32,120.73,2.79,161.97,1,305,129,2
0.02,0.70,0.20,48.03,-33.20,-270.39,0.73,276.62,2,267,139,3
0.38,0.82,-0.43,175.90,44.62,103.03,1.00,208.68,2,250,146,1
0.36,1.43,-0.35,-40.22,-41.20,115.36,1.51,128.93,2,237,148,1
0.47,0.62,0.17,-122.68,-53.83,-69.52,0.80,150.94,2,232,148,2
0.38,1.36,0.25,-22.16,13.18,5.80,1.43,26.43,2,230,154,3
0.39,0.92,0.20,17.15,-13.12,-28.56,1.02,35.81,2,234,155,2
0.40,0.86,-0.06,75.99,35.89,-14.77,0.95,85.33,2,239,153,2
0.45,0.86,-0.24,19.71,3.85,-17.33,1.00,26.53,2,249,156,2
0.42,0.76,-0.07,-40.47,-12.94,-17.88,0.87,46.10,2,252,157,3
0.42,0.96,0.09,-40.41,-14.77,-9.03,1.06,43.96,2,256,155,2
0.42,0.86,0.13,7.81,3.17,-12.27,0.96,14.89,1,261,156,4
0.44,0.88,-0.03,34.36,14.22,-3.97,0.98,37.40,1,264,155,2
0.44,0.79,-0.07,13.43,1.95,-3.60,0.90,14.04,1,261,152,1
0.43,0.85,0.00,-9.64,-3.17,1.89,0.95,10.33,1,259,149,1
0.44,0.94,0.05,-8.30,-3.72,2.62,1.03,9.47,2,261,152,2
0.42,0.84,0.08,4.15,6.47,-0.12,0.95,7.69,1,260,146,2
0.43,0.91,0.01,28.38,6.41,6.65,1.01,29.85,1,258,152,3
0.45,0.86,-0.04,9.09,5.31,4.58,0.97,11.48,1,259,148,1
0.44,0.90,-0.05,-17.27,8.61,-6.59,1.01,20.39,1,259,150,1
0.44,0.95,-0.06,-36.99,9.09,-13.43,1.05,40.39,1,260,149,2
0.64,1.04,0.06,-48.22,48.03,-28.08,1.22,73.62,1,259,145,2
0.43,1.21,0.06,46.02,-41.63,-25.27,1.28,67.00,1,268,148,2
0.48,1.39,-0.06,32.10,-7.75,-59.20,1.47,67.79,1,282,143,2
0.39,1.55,0.01,-20.02,11.66,-141.24,1.60,143.12,1,291,140,3
0.37,1.91,0.00,-19.59,42.11,-232.06,1.95,236.66,1,313,120,2
0.73,2.23,0.34,-56.70,59.94,-325.01,2.37,335.32,1,419,55,2
0.90,1.85,0.11,-49.62,53.89,-363.40,2.06,370.71,1,610,23,0
0.64,2.06,0.05,2.01,71.59,-300.78,2.16,309.19,1,694,11,0
-0.21,-0.16,0.23,123.35,59.75,-210.51,0.35,251.20,1,691,1,2
-0.20,-0.19,-0.89,395.51,-128.72,70.43,0.93,421.85,1,709,2,1
-0.66,0.48,-0.91,-94.36,-179.08,215.82,1.22,295.89,1,701,1,3
-0.73,0.60,0.22,-366.76,-236.02,111.63,0.97,450.20,1,695,0,3
-0.31,0.67,0.26,127.38,31.92,194.82,0.78,234.95,1,686,2,1
-0.04,0.75,-0.46,174.99,-8.91,196.78,0.88,263.48,1,681,0,3
0.09,0.35,-0.50,34.85,-16.36,194.03,0.62,197.81,1,673,1,3
0.18,0.97,-0.32,-88.20,-38.57,238.95,1.04,257.61,1,665,0,1
0.19,1.40,0.16,-184.39,-9.46,223.21,1.42,289.67,1,664,1,2
0.61,1.51,-0.01,106.08,99.79,202.09,1.62,249.10,1,665,1,0
1.45,1.45,-0.36,98.27,87.77,184.69,2.08,226.87,1,661,2,3
1.91,1.19,-0.44,36.68,3.91,142.88,2.29,147.57,1,644,0,2
1.80,0.87,-0.35,-62.62,-7.57,62.93,2.03,89.10,1,631,1,2
2.01,0.74,-0.25,-57.92,-1.10,31.19,2.16,65.79,1,628,2,0
2.35,0.53,-0.13,-55.05,19.53,-61.28,2.41,84.66,1,650,1,1
2.39,-0.10,0.02,-50.48,46.20,-176.70,2.39,189.48,1,684,0,2
-0.51,1.17,3.05,136.17,-303.77,-70.37,3.31,340.25,1,441,39,3
-0.30,-1.19,0.50,202.33,-69.15,-20.14,1.32,214.77,1,313,73,2
0.51,2.62,0.05,-82.76,-16.48,393.37,2.67,402.32,2,258,110,3
0.21,0.91,-0.02,-6.23,-35.28,-131.71,0.94,136.50,2,235,125,2
0.26,0.40,0.09,20.75,28.44,-74.58,0.48,82.48,2,233,137,3
0.37,1.13,-0.07,8.91,14.77,12.51,1.19,21.31,2,229,142,2
0.42,0.94,-0.12,11.78,-9.89,-17.27,1.03,23.13,2,226,145,3
0.36,0.93,-0.03,-13.12,11.72,-22.34,1.00,28.44,2,230,150,1
0.39,0.93,0.03,-14.10,-12.88,-17.33,1.01,25.79,2,241,150,1
0.38,0.96,0.03,4.64,7.69,-20.26,1.03,22.16,2,250,153,2
0.41,0.94,-0.02,8.91,9.16,-26.00,1.03,28.97,1,259,151,2
0.41,0.95,-0.03,-10.13,2.38,-33.20,1.03,34.80,1,269,148,2
0.42,0.88,0.03,-20.02,-2.08,-39.67,0.98,44.49,1,287,153,2
0.44,0.84,0.03,4.33,2.81,-35.83,0.95,36.20,1,298,152,1
0.45,0.79,-0.01,16.24,5.13,-25.45,0.91,30.62,1,302,150,2
0.47,0.78,-0.07,14.22,2.08,-15.81,0.91,21.36,1,303,148,2
0.48,0.80,-0.05,-7.39,-5.92,-10.99,0.93,14.50,1,304,145,2
0.49,0.84,0.01,-11.78,-6.53,-5.62,0.97,14.59,1,305,144,2
0.49,0.95,-0.02,3.36,2.69,-6.71,1.07,7.97,1,300,147,2
0.50,0.93,-0.04,2.56,0.18,-18.43,1.05,18.61,1,303,148,1
0.51,1.03,-0.00,8.79,8.30,-28.81,1.15,31.24,1,301,150,2
0.51,1.08,0.02,12.94,3.72,-49.50,1.19,51.30,1,305,145,2
0.56,1.25,-0.10,8.91,19.90,-90.21,1.37,92.81,1,321,148,3
0.52,1.61,0.22,-4.09,13.12,-133.91,1.70,134.61,1,338,141,1
0.55,1.94,0.09,-25.88,20.26,-206.73,2.02,209.32,1,355,120,0
0.90,1.91,-0.04,4.58,3.97,-268.19,2.11,268.26,1,473,71,0
0.74,1.41,0.08,26.79,-2.38,-287.05,1.59,288.31,1,625,33,3
0.89,1.40,-0.09,104.55,18.74,-281.62,1.66,300.98,1,722,14,2
0.32,1.10,-0.18,15.93,26.31,-240.30,1.16,242.26,1,732,2,3
-0.71,-0.00,-0.50,186.04,-71.78,-141.11,0.87,244.28,1,734,0,1
-0.68,0.91,-0.72,-125.55,-118.90,273.56,1.34,323.63,1,737,0,1
-0.75,1.34,0.10,-324.77,-200.56,174.13,1.54,419.55,1,728,0,2
-0.69,0.86,0.35,75.20,122.44,117.37,1.16,185.53,1,715,0,1
-0.22,0.58,-0.24,150.57,-58.41,193.48,0.67,252.03,1,704,1,3
0.22,0.70,-0.28,50.60,72.27,215.45,0.78,232.82,1,696,0,3
0.97,1.17,-0.24,-29.79,-22.03,238.28,1.54,241.14,1,686,1,3
1.02,0.86,0.01,-85.94,2.75,164.18,1.34,185.34,1,679,2,3
0.61,1.15,0.04,-48.95,-22.09,174.50,1.30,182.58,1,682,0,2
0.70,1.27,0.28,-8.54,70.01,158.57,1.48,173.55,1,683,0,2
1.62,1.06,0.09,73.49,14.65,141.48,1.94,160.10,1,680,0,1
1.59,0.55,-0.18,87.34,41.20,51.33,1.70,109.36,1,681,1,2
1.44,0.46,-0.24,-32.29,-27.89,28.56,1.53,51.35,1,703,1,1
1.39,0.54,0.26,-184.51,-28.87,-2.08,1.51,186.77,1,704,0,2
1.53,0.73,0.39,51.94,119.26,-59.02,1.74,142.85,1,708,1,1
4.00,0.61,0.40,148.68,47.00,-174.87,4.07,234.29,1,634,41,6
1.00,-2.33,0.23,5.98,132.26,-1.77,2.55,132.41,1,488,82,5
-0.23,-0.78,-0.50,434.27,184.20,348.14,0.95,586.28,1,313,120,2
-0.41,2.89,-0.19,-433.23,-281.80,175.48,2.93,545.79,2,263,135,2
-0.30,1.45,0.20,-90.09,56.58,-248.96,1.49,270.74,2,242,140,2
0.57,0.32,-0.09,104.13,-109.50,-15.75,0.66,151.92,2,238,150,3
0.34,1.07,-0.28,65.61,130.19,-4.03,1.16,145.84,2,235,152,2
0.35,0.67,-0.21,-47.18,-72.14,-38.45,0.79,94.39,2,236,154,1
0.40,0.85,0.04,-51.45,12.02,-1.65,0.94,52.86,2,239,157,3
0.43,1.08,0.13,-42.66,-29.54,-8.61,1.17,52.60,2,243,156,1
0.37,0.83,0.16,-6.96,14.89,-20.51,0.92,26.28,2,250,155,2
0.44,0.95,-0.03,38.27,3.97,-7.87,1.05,39.27,2,259,157,1
0.39,0.86,-0.07,15.50,6.65,-13.31,0.95,21.49,2,261,152,3
0.46,0.89,0.02,-8.42,-15.14,-11.29,1.00,20.68,1,269,155,2
0.42,0.90,0.08,-11.41,6.35,-17.21,0.99,21.61,1,272,153,1
0.45,0.84,0.05,12.82,0.18,-12.63,0.95,18.00,1,277,156,3
0.45,0.80,-0.02,14.34,7.57,-9.64,0.92,18.87,1,280,153,3
0.47,0.87,-0.06,9.95,-0.61,0.06,0.99,9.97,1,283,154,1
0.45,0.79,0.01,-10.38,-6.53,-2.62,0.91,12.54,1,278,156,3
0.45,0.87,0.08,-4.94,-6.35,3.23,0.98,8.67,1,273,148,2
0.46,0.99,0.04,14.34,0.12,5.98,1.09,15.54,1,274,153,3
0.45,0.87,0.02,12.02,1.16,-5.07,0.98,13.10,1,276,154,1
0.47,0.99,0.01,2.20,-2.44,-8.91,1.10,9.50,1,285,156,2
0.49,0.98,0.03,0.24,-0.31,-20.87,1.10,20.88,1,292,154,1
0.52,1.26,-0.03,1.22,4.52,-37.29,1.37,37.58,1,305,149,2
0.47,1.18,0.03,-23.56,0.61,-89.29,1.27,92.35,1,318,143,1
0.45,1.38,0.13,-14.89,31.31,-134.16,1.46,138.56,1,348,137,1
0.67,1.64,-0.01,21.24,-0.18,-171.08,1.77,172.40,1,384,127,2
0.63,1.96,-0.02,18.19,17.58,-246.28,2.06,247.57,1,453,86,0
0.67,1.83,0.12,3.85,21.91,-311.46,1.95,312.26,1,606,34,2
0.94,1.50,0.09,79.83,35.22,-300.29,1.77,312.71,1,704,18,2
0.17,0.78,-0.02,35.58,32.10,-308.47,0.80,312.17,1,732,5,4
-0.25,-0.58,-0.25,211.06,46.88,-221.13,0.68,309.26,1,723,3,6
-0.56,-0.08,-1.09,171.75,-89.60,201.66,1.22,279.63,1,739,0,4
-0.47,0.62,-0.62,-239.87,-220.09,319.46,0.99,456.10,1,730,1,3
0.80,1.67,3.23,-338.50,-85.75,140.14,3.72,376.26,1,718,0,1
-0.07,0.57,-0.03,199.83,-62.44,114.44,0.58,238.59,1,707,1,5
0.26,0.31,-0.49,97.60,15.38,203.92,0.64,226.59,1,695,1,5
0.40,0.42,-0.54,9.16,-12.88,179.87,0.79,180.56,1,688,1,6
0.45,0.94,-0.22,-209.84,-77.33,218.69,1.07,312.79,1,680,1,7
0.23,1.24,0.52,-65.67,87.89,174.19,1.37,205.87,1,674,1,5
0.72,1.15,0.02,51.94,-64.76,182.92,1.36,200.88,1,674,0,6
0.80,1.18,0.05,-26.86,102.72,173.40,1.42,203.32,1,673,0,5
1.51,1.22,0.12,-15.93,-4.39,162.35,1.94,163.19,1,666,0,4
1.53,1.09,0.26,-31.07,8.73,96.80,1.90,102.04,1,662,0,4
1.32,0.88,0.27,-23.56,-3.91,52.49,1.60,57.67,1,676,1,3
1.15,0.74,0.24,-32.90,18.37,18.86,1.39,42.14,1,686,1,1
1.28,0.87,0.25,-16.54,46.57,17.09,1.57,52.29,1,689,0,3
1.27,0.60,0.35,36.62,117.55,-51.64,1.44,133.51,1,690,0,2
1.33,0.46,-0.09,115.23,193.79,-117.68,1.41,254.32,1,689,1,2
0.06,1.52,-0.50,153.14,11.96,-120.97,1.60,195.52,1,618,16,2
0.21,0.21,-0.35,-150.70,1.53,6.90,0.46,150.86,1,433,41,3
0.28,2.11,-0.37,-6.04,-20.51,155.15,2.16,156.62,1,327,76,3
-0.09,1.56,1.76,-227.54,-107.85,-50.78,2.35,256.87,2,271,101,1
0.36,1.10,0.16,62.32,8.00,-42.66,1.16,75.94,2,249,111,3
0.52,0.89,-0.12,69.95,4.21,24.78,1.04,74.33,2,232,124,2
0.33,0.76,-0.18,32.41,14.34,-16.78,0.85,39.22,2,226,131,2
0.37,0.95,-0.12,-47.30,-14.16,2.26,1.02,49.43,2,219,133,1
0.30,0.89,0.13,-33.33,-19.47,9.34,0.95,39.71,2,214,135,2
0.31,1.09,0.16,-4.46,-7.02,10.74,1.14,13.58,2,211,137,2
0.31,0.96,0.10,22.34,8.06,-1.40,1.02,23.79,2,211,142,2
0.31,0.89,-0.01,25.57,9.52,-1.53,0.95,27.33,2,210,144,1
0.31,0.86,-0.02,-5.37,0.37,-0.61,0.91,5.42,3,212,139,3
0.33,1.03,0.03,-28.50,-5.68,-3.36,1.08,29.26,2,211,143,1
0.28,1.00,0.10,-30.33,-0.06,-16.60,1.05,34.58,2,213,139,3
0.33,0.92,0.14,-2.01,8.85,-15.32,0.98,17.81,2,217,144,0
0.36,0.93,-0.00,20.63,20.45,-12.63,1.00,31.67,2,220,143,1
0.37,0.88,-0.08,10.86,-1.16,-9.16,0.96,14.25,2,224,142,1
0.35,0.94,-0.01,-17.15,-0.67,-10.74,1.00,20.25,2,225,139,3
0.35,0.92,0.07,-20.08,-3.54,-12.08,0.98,23.70,2,227,139,3
0.36,0.99,0.07,-2.75,1.46,-12.94,1.06,13.31,2,231,141,2
0.38,0.92,-0.00,3.54,10.25,-20.63,1.00,23.31,2,234,143,3
0.39,0.88,-0.07,-7.14,6.96,-25.02,0.96,26.94,2,235,142,1
0.40,0.84,-0.04,-33.51,2.44,-25.63,0.93,42.26,2,239,146,2
0.42,1.09,-0.04,-18.25,0.73,-19.04,1.17,26.39,2,243,148,1
0.43,1.07,-0.02,-22.34,8.67,-55.30,1.15,60.27,2,249,147,2
0.41,1.28,0.14,-25.51,12.02,-71.41,1.36,76.78,1,264,149,1
0.45,1.11,-0.02,0.49,19.35,-108.52,1.19,110.23,1,276,147,1
0.48,1.26,-0.03,-14.34,30.27,-135.80,1.35,139.87,1,287,137,2
0.56,1.50,0.03,-31.37,21.12,-167.24,1.60,171.46,1,307,130,1
0.55,1.44,0.11,-39.67,17.40,-232.30,1.55,236.30,1,336,82,2
0.76,1.44,0.15,-44.37,42.91,-276.12,1.63,282.94,1,473,43,0
0.86,1.37,-0.05,11.05,72.81,-293.82,1.62,302.91,1,616,26,1
0.62,1.11,-0.22,-19.17,81.91,-289.61,1.29,301.58,1,705,13,2
0.69,-0.03,-0.10,77.39,9.58,-185.73,0.70,201.44,1,719,0,6
-0.05,0.44,-0.65,153.02,-22.22,24.29,0.78,156.52,1,715,2,2
0.01,0.71,-0.62,-111.76,-294.49,299.87,0.94,434.90,1,724,1,2
-0.20,0.90,0.27,-270.51,-227.23,110.90,0.96,370.28,1,714,2,2
-0.49,0.76,0.43,54.69,-3.66,78.43,1.00,95.68,1,700,2,4
-0.20,0.47,-0.24,142.88,-104.37,154.05,0.57,234.61,1,670,0,2
-0.15,0.19,-0.34,33.63,15.99,172.61,0.42,176.58,1,611,0,5
0.25,0.84,-0.37,-59.51,-25.02,221.31,0.95,230.54,1,570,1,6
0.33,1.19,0.05,-145.39,-18.62,200.44,1.24,248.31,1,538,0,6
0.38,1.12,0.29,-84.66,52.98,210.51,1.21,233.00,1,519,1,6
0.83,1.49,0.13,27.47,66.16,195.31,1.71,208.04,1,512,0,4
1.46,1.40,0.04,38.39,34.67,171.26,2.02,178.91,1,503,1,4
1.73,1.25,0.03,26.86,-27.95,139.34,2.14,144.63,1,495,1,4
1.57,1.24,0.17,-10.80,-61.22,83.07,2.01,103.75,1,520,0,1
1.36,0.78,0.37,5.25,-43.82,13.85,1.61,46.26,1,577,1,2
1.33,0.62,0.21,73.00,18.86,-15.81,1.49,77.03,1,633,1,3
1.44,0.53,-0.04,77.70,68.30,-47.55,1.54,113.85,1,662,1,3
1.47,0.28,-0.15,47.12,91.80,-91.43,1.50,137.86,1,681,0,2
2.35,0.05,-0.18,25.02,50.90,-146.24,2.36,156.86,1,627,13,2
0.21,0.22,-0.16,-197.69,7.32,60.67,0.34,206.92,1,405,38,1
0.27,1.84,-0.04,-49.80,-81.36,183.47,1.86,206.79,2,270,81,2
-0.13,2.35,0.15,-14.04,10.62,85.08,2.36,86.88,2,232,106,1
0.19,0.43,0.16,44.01,-22.58,-89.78,0.50,102.51,2,220,121,1
0.28,0.70,-0.03,52.80,48.52,-69.09,0.76,99.58,2,217,128,3
0.35,1.23,-0.12,-24.23,-11.84,17.33,1.29,32.06,2,217,134,2
0.38,0.70,0.07,-44.92,-8.79,-39.18,0.80,60.25,2,217,137,2
0.34,0.91,0.07,-0.49,3.72,-4.27,0.97,5.69,2,218,141,2
0.38,0.93,-0.04,18.92,0.43,2.08,1.00,19.04,2,216,143,2
0.33,0.91,-0.01,-1.04,-11.05,2.38,0.96,11.35,2,214,143,2
0.31,0.99,0.11,-25.51,-3.97,-2.14,1.04,25.91,2,218,147,2
0.33,0.99,0.17,-12.02,2.20,-8.73,1.06,15.02,2,219,148,0
0.35,0.96,0.07,21.18,11.66,-13.73,1.03,27.80,2,227,147,0
0.36,0.91,-0.05,21.79,11.17,-15.38,0.97,28.92,2,232,147,3
0.37,0.87,-0.06,-4.76,4.39,-14.53,0.94,15.91,2,238,143,1
0.37,0.90,0.02,-18.01,-5.37,-11.47,0.97,22.02,2,241,144,2
0.36,0.91,0.09,-11.84,-0.79,-9.77,0.98,15.37,2,245,145,2
0.37,0.92,0.04,10.93,5.49,-5.37,1.00,13.36,2,246,151,2
0.38,0.89,-0.01,1.28,3.05,-11.23,0.97,11.71,2,248,144,2
0.38,0.90,0.02,-2.93,-0.55,-8.36,0.97,8.88,2,249,144,1
0.38,0.90,0.05,-6.35,-0.92,-9.89,0.98,11.79,2,248,144,3
0.40,0.95,0.01,0.85,4.03,-10.31,1.03,11.11,2,250,151,2
0.40,0.89,-0.02,-7.63,3.23,-16.36,0.98,18.34,1,251,149,2
0.43,1.02,-0.05,-6.65,2.81,-20.14,1.11,21.40,1,254,150,1
0.42,0.98,0.00,-27.40,0.98,-37.48,1.07,46.44,1,261,150,1
0.43,1.04,0.04,-12.02,3.91,-48.77,1.12,50.38,1,267,150,3
0.42,1.17,0.01,0.73,11.17,-76.05,1.24,76.87,1,274,144,3
0.47,1.07,0.03,-7.26,17.33,-104.86,1.17,106.53,1,290,144,2
0.54,1.43,0.12,-16.42,17.70,-129.82,1.53,132.05,1,311,126,4
0.58,1.82,0.01,-13.55,28.26,-169.80,1.91,172.67,1,338,80,0
0.77,1.88,0.09,-33.75,27.28,-266.11,2.03,269.63,1,478,41,1
0.85,1.50,0.06,5.62,51.33,-292.11,1.73,296.64,1,622,18,0
0.50,1.51,-0.18,49.19,65.49,-265.93,1.60,278.26,1,696,10,2
-0.57,0.70,-0.08,46.33,-7.93,-220.28,0.90,225.23,1,698,0,0
-0.13,0.23,-0.11,151.31,-47.91,-97.23,0.28,186.13,1,682,1,0
0.24,0.83,-0.49,121.89,-98.69,118.65,0.99,196.66,1,671,2,1
-0.01,0.63,0.11,-59.63,-200.74,35.52,0.63,212.41,1,680,0,1
-0.34,-0.03,0.12,69.82,-101.14,60.73,0.36,137.08,1,689,1,2
-0.35,0.54,-0.22,55.97,-47.36,159.12,0.68,175.20,1,683,0,1
0.18,0.39,-0.13,-31.92,-34.73,162.78,0.45,169.48,1,672,1,2
0.36,0.75,-0.04,-30.76,-4.46,182.25,0.83,184.88,1,667,3,3
0.35,0.73,0.00,-25.45,4.58,181.70,0.81,183.53,1,666,1,2
0.38,0.88,0.01,-34.36,20.69,198.85,0.96,202.86,1,666,1,1
0.79,1.10,0.04,-21.06,41.50,192.38,1.36,197.93,1,667,2,3
0.97,1.07,0.08,-2.99,38.15,160.95,1.45,165.44,1,662,1,2
1.15,0.90,0.05,-8.48,90.94,52.31,1.46,105.25,1,677,1,1
1.51,0.74,-0.10,-14.34,83.37,32.41,1.68,90.59,1,692,0,1
2.14,0.77,-0.03,-28.63,20.69,37.48,2.27,51.50,1,696,0,0
2.42,0.40,0.17,-32.71,-1.77,-46.39,2.46,56.79,1,711,1,1
2.16,-0.16,0.13,35.58,84.35,-167.72,2.17,191.08,1,724,2,1
1.15,0.96,-0.48,190.43,-150.63,-158.51,1.57,289.96,1,613,42,10
0.33,0.27,0.04,-326.17,85.39,4.46,0.43,337.19,1,506,72,10
0.10,2.89,0.04,71.84,-62.19,337.34,2.89,350.47,1,350,98,9
0.39,1.08,0.38,-55.60,8.61,-173.34,1.21,182.24,2,300,119,14
0.69,-0.07,0.16,97.35,71.04,-29.72,0.71,124.13,2,279,127,11
0.63,0.71,-0.34,61.40,-2.50,30.52,1.00,68.61,2,259,137,8
0.54,0.83,-0.21,-26.67,-14.77,28.69,1.01,41.86,2,237,140,6
0.50,0.91,0.10,-72.69,-40.16,30.76,1.04,88.56,2,222,137,8
0.48,1.12,0.32,-62.01,-27.83,17.82,1.26,70.27,2,211,143,3
0.47,1.18,0.23,16.54,17.58,-13.31,1.29,27.56,2,214,146,3
0.52,0.75,-0.01,41.38,27.89,-37.41,0.91,62.37,2,223,150,2
0.57,0.72,-0.17,27.71,9.34,-23.25,0.93,37.36,2,229,146,1
0.54,0.81,-0.07,-33.94,-6.71,-16.60,0.98,38.37,2,242,152,0
0.54,0.87,0.15,-36.32,-8.79,-16.85,1.04,40.99,2,250,151,2
0.55,0.86,0.14,8.24,7.51,-19.84,1.03,22.75,2,251,144,1
0.56,0.77,0.02,20.26,11.60,-20.75,0.95,31.24,2,258,146,1
0.58,0.81,-0.06,8.91,2.08,-16.24,1.00,18.64,2,266,148,3
0.59,0.87,0.00,-30.03,-3.48,-22.52,1.05,37.70,1,274,147,2
0.58,0.85,0.10,-36.07,-1.46,-35.34,1.03,50.52,1,284,145,1
0.58,0.73,0.13,-7.93,5.80,-38.02,0.94,39.27,1,291,151,3
0.63,0.79,0.02,27.77,11.66,-26.43,1.01,40.07,1,296,154,2
0.65,0.79,-0.08,25.33,10.13,-21.79,1.03,34.91,1,296,153,3
0.67,0.82,-0.11,2.99,4.88,-32.53,1.07,33.03,1,300,154,1
0.65,0.84,-0.04,-14.65,-8.79,-38.15,1.06,41.80,1,299,152,2
0.59,0.58,0.64,-30.82,-3.97,-76.29,1.05,82.38,1,300,148,3
0.84,1.66,-0.08,82.64,-9.52,-27.28,1.86,87.55,1,310,145,2
0.72,1.78,0.30,1.28,-2.75,-170.47,1.95,170.50,1,337,135,2
0.51,1.77,0.69,-18.55,28.87,-257.93,1.97,260.21,1,396,97,1
0.80,1.65,0.26,-37.96,44.13,-326.60,1.85,331.75,1,567,41,1
1.14,1.65,0.16,-12.21,62.44,-351.44,2.01,357.15,1,699,22,1
0.36,1.11,0.18,31.31,77.45,-283.75,1.18,295.80,1,721,7,7
-0.18,-0.19,-0.09,415.83,44.49,-81.97,0.28,426.16,1,719,3,6
-0.17,0.77,-1.46,132.57,-201.72,398.50,1.66,465.90,1,719,3,4
-0.78,0.84,-0.51,-279.17,-213.50,138.73,1.26,377.85,1,704,2,6
-0.57,1.44,2.76,-302.00,-97.60,191.59,3.16,370.72,1,695,0,7
-0.42,1.15,-0.40,242.68,18.07,249.27,1.29,348.36,1,677,3,6
0.29,0.68,-0.65,79.04,65.92,215.39,0.99,238.72,1,664,1,6
0.55,1.02,-0.59,-27.95,-55.24,278.02,1.30,284.82,1,654,0,5
0.80,1.47,-0.03,-188.78,-68.91,245.67,1.68,317.39,1,643,0,5
0.62,1.45,0.65,-99.79,31.25,191.47,1.71,218.16,1,655,2,4
1.35,1.30,0.13,16.85,-36.68,167.11,1.88,171.92,1,665,1,3
2.54,1.28,0.34,-34.55,-45.84,135.01,2.87,146.70,1,655,3,3
2.37,0.80,0.49,-32.78,-18.19,-3.17,2.55,37.62,1,682,1,2
2.57,0.63,0.66,46.20,30.46,-22.22,2.73,59.63,1,682,3,3
2.43,-0.41,0.42,107.48,16.05,-147.34,2.50,183.08,1,663,0,3
2.59,-0.13,-0.08,137.15,81.85,-206.48,2.60,261.04,1,578,35,6
0.13,0.11,-0.30,-102.97,163.94,105.59,0.34,220.52,1,398,76,1
0.27,2.36,-0.29,-46.51,-155.15,248.23,2.40,296.40,2,272,110,2
0.19,1.84,0.46,-69.03,86.73,0.12,1.91,110.85,2,235,125,1
0.17,0.56,0.17,72.14,-46.20,-81.18,0.61,118.02,2,222,133,2
0.33,1.01,-0.07,55.85,49.74,25.27,1.06,78.94,2,218,142,2
0.40,0.96,-0.07,-22.89,-22.64,-7.93,1.04,33.16,2,213,139,3
0.34,0.90,0.11,-24.29,-4.15,-5.43,0.97,25.24,2,212,147,1
0.38,1.08,0.15,-10.99,-8.61,-9.46,1.16,16.86,2,214,150,1
0.34,0.90,0.18,-4.33,8.91,-27.22,0.97,28.97,2,218,152,2
0.40,1.02,0.07,16.17,10.19,-25.02,1.10,31.49,2,229,154,2
0.39,0.90,0.04,-5.07,10.44,-38.27,0.98,39.99,2,235,153,2
0.42,0.91,0.04,-12.63,4.46,-37.60,1.01,39.91,2,243,149,1
0.42,0.86,0.09,-20.75,1.22,-39.73,0.96,44.84,2,254,150,1
0.44,0.86,0.09,-2.08,3.05,-32.17,0.98,32.38,2,256,151,1
0.46,0.81,0.06,0.85,4.64,-30.15,0.94,30.52,1,270,149,3
0.49,0.79,0.02,3.91,2.20,-22.58,0.93,23.02,1,274,154,1
0.50,0.80,-0.00,-4.15,-0.31,-12.39,0.94,13.07,1,278,151,3
0.48,0.78,0.04,-17.88,1.40,-13.55,0.92,22.48,1,281,154,1
0.51,0.92,0.06,-13.67,-1.53,-9.95,1.05,16.98,1,284,153,2
0.51,0.93,0.06,-9.70,4.82,-17.27,1.06,20.39,1,284,157,2
0.52,0.93,0.02,-0.49,6.41,-21.91,1.06,22.83,1,287,153,3
0.54,0.96,-0.02,-3.97,8.30,-37.54,1.10,38.65,1,289,154,3
0.65,1.43,0.06,-13.55,35.40,-74.04,1.57,83.17,1,293,153,2
0.57,1.45,0.00,-8.91,19.65,-131.53,1.56,133.29,1,303,150,1
0.67,1.83,0.13,-1.40,-2.56,-208.86,1.95,208.88,1,322,136,1
0.70,2.00,0.33,-22.64,21.61,-289.73,2.15,291.42,1,377,85,2
0.80,1.76,0.18,-44.13,27.71,-343.87,1.94,347.80,1,546,38,1
0.72,1.79,0.07,3.72,58.04,-360.78,1.93,365.44,1,673,19,0
0.41,0.99,-0.05,11.66,78.61,-334.11,1.08,343.43,1,713,4,1
-0.02,-0.35,-0.31,207.64,41.69,-201.42,0.47,292.27,1,701,1,2
-0.57,0.09,-0.99,182.50,-150.27,292.42,1.15,376.02,1,733,2,3
-0.62,0.52,-0.33,-302.73,-286.99,305.85,0.87,517.25,1,725,2,2
-0.22,1.55,3.13,-283.14,-142.82,202.82,3.50,376.44,1,704,1,2
-0.31,0.52,0.08,125.00,-49.07,169.43,0.62,216.20,1,692,0,3
0.02,0.57,-0.28,39.06,20.57,220.40,0.63,224.78,1,676,2,3
0.29,0.65,-0.15,-77.51,-26.06,239.87,0.73,253.43,1,659,1,4
0.37,1.25,0.25,-187.01,-13.06,249.94,1.33,312.43,1,649,0,4
1.00,1.22,0.41,-28.32,92.10,183.72,1.63,207.45,1,621,0,3
1.60,1.22,0.32,10.25,84.72,164.61,2.04,185.42,1,586,2,2
2.79,0.92,0.40,61.34,-1.34,131.96,2.97,145.52,1,537,0,1
3.23,0.67,0.38,82.03,10.86,24.11,3.32,86.19,1,521,2,1
3.74,-0.10,0.14,143.86,205.26,-132.14,3.74,283.35,1,533,3,2
1.29,-0.79,-0.39,184.33,228.94,49.56,1.56,298.07,1,406,32,2
0.40,0.95,-0.96,122.44,74.46,-15.26,1.40,144.11,1,311,73,2
0.53,0.91,-0.16,-374.21,-220.21,183.78,1.07,471.49,2,264,105,1
-0.30,1.80,0.50,-20.14,232.42,-108.58,1.89,257.32,2,253,121,0
0.27,0.67,0.09,33.81,-181.46,-16.72,0.73,185.34,2,240,124,3
0.53,0.77,-0.01,62.62,79.16,19.65,0.94,102.83,2,232,131,2
0.36,0.94,-0.09,22.34,-17.88,19.59,1.01,34.68,2,229,138,2
0.47,0.68,0.08,-5.07,15.62,32.04,0.83,36.01,2,224,141,3
0.37,1.07,0.11,-5.62,-25.94,36.13,1.14,44.83,2,217,143,3
0.34,0.94,0.20,-13.98,1.46,18.62,1.02,23.32,2,211,136,2
0.33,1.08,0.14,18.68,-0.73,16.24,1.14,24.76,2,209,141,1
0.34,0.98,0.12,2.32,4.64,-1.28,1.04,5.34,2,209,139,2
0.34,1.01,0.10,2.62,0.06,-9.89,1.07,10.23,2,213,144,2
0.34,0.92,0.12,-18.13,2.01,-23.07,0.99,29.41,2,217,145,2
0.36,0.94,0.11,-5.49,0.37,-22.89,1.02,23.54,2,227,143,3
0.37,0.87,0.11,-4.82,3.91,-24.78,0.95,25.55,2,236,143,2
0.39,0.92,0.07,4.27,3.66,-19.90,1.00,20.68,2,239,143,2
0.39,0.83,0.08,-5.13,4.03,-19.23,0.92,20.30,2,244,143,2
0.40,0.92,0.10,-7.26,0.79,-13.43,1.01,15.29,1,249,147,2
0.41,0.92,0.10,-4.39,4.09,-15.32,1.01,16.45,1,255,147,2
0.41,0.94,0.08,1.40,3.66,-19.41,1.03,19.80,1,258,142,2
0.43,0.90,0.10,1.16,4.15,-23.50,1.00,23.89,1,265,147,0
0.45,1.01,0.06,6.35,2.62,-24.60,1.11,25.54,1,269,147,2
0.44,1.03,0.04,6.77,-1.28,-37.29,1.12,37.92,1,274,148,2
0.50,1.38,0.07,-33.45,0.67,-73.30,1.47,80.58,1,288,142,1
0.32,1.63,0.20,-36.44,36.93,-170.78,1.67,178.48,1,309,139,2
0.56,2.31,0.13,-2.62,13.85,-249.15,2.38,249.54,1,331,130,2
0.60,2.25,0.33,-52.61,56.64,-372.44,2.35,380.38,1,429,61,2
0.86,1.81,0.09,-58.35,39.61,-404.85,2.01,410.94,1,604,29,1
0.22,2.21,0.12,-1.71,49.26,-365.66,2.22,368.97,1,712,14,0
-0.81,0.47,0.26,44.07,27.89,-328.55,0.97,332.67,1,712,0,4
-0.42,-0.04,-0.44,402.89,-2.87,-170.78,0.61,437.60,1,715,0,4
-0.12,0.52,-1.18,142.15,-107.12,233.58,1.30,293.67,1,724,1,2
0.01,0.23,-0.53,-206.85,-213.75,200.62,0.58,358.78,1,701,1,2
0.18,0.64,0.32,-235.78,-137.70,202.09,0.74,339.69,1,677,2,3
0.22,0.53,0.18,99.85,-20.75,153.99,0.60,184.70,1,664,2,4
0.56,0.17,-0.38,130.19,12.02,164.98,0.70,210.50,1,649,1,3
0.59,0.18,-0.58,7.08,-27.04,188.23,0.85,190.30,1,644,2,4
0.60,0.61,-0.19,-164.67,-52.37,212.04,0.88,273.53,1,641,0,6
0.34,0.93,0.28,-202.94,-20.75,214.90,1.03,296.31,1,655,1,4
0.70,1.16,0.22,9.28,120.36,193.12,1.37,227.74,1,653,1,4
1.22,0.94,0.16,33.08,87.95,180.42,1.55,203.42,1,653,0,3
2.08,0.83,0.00,86.24,80.26,135.56,2.24,179.60,1,653,1,3
2.28,0.57,-0.08,15.08,-51.76,48.77,2.36,72.69,1,661,1,3
1.71,0.10,0.12,-77.82,-36.68,-2.38,1.72,86.06,1,678,0,2
1.91,0.73,0.34,-65.86,-3.42,-35.52,2.07,74.90,1,695,0,2
3.91,0.28,0.76,-8.67,20.81,-147.09,4.00,148.81,1,664,11,3
0.59,-0.23,0.33,-24.05,120.12,65.61,0.71,138.97,1,555,33,1
0.14,1.36,-0.06,136.29,10.25,174.68,1.37,221.80,1,366,64,1
-0.02,2.25,0.81,-39.67,-143.13,170.96,2.39,226.47,1,287,100,1
0.29,0.63,0.26,-7.87,34.79,-94.73,0.74,101.22,2,265,121,2
0.38,0.61,0.16,34.91,-24.54,-60.30,0.73,73.87,2,250,128,2
0.35,1.22,0.01,14.40,14.34,17.70,1.27,26.95,2,243,138,3
0.38,0.74,0.11,-31.37,-12.02,-13.12,0.84,36.07,2,237,139,1
0.34,0.89,0.09,16.42,6.29,11.54,0.96,21.03,2,233,137,2
0.37,0.99,0.02,12.33,-2.44,12.39,1.06,17.65,2,226,144,2
0.34,0.93,0.05,-0.06,-3.05,6.35,0.99,7.04,2,224,146,2
0.33,0.94,0.12,-18.25,-3.30,0.55,1.01,18.55,2,221,144,2
0.33,0.96,0.16,-1.34,-1.40,0.49,1.03,2.00,2,220,143,2
0.34,0.98,0.11,6.90,5.86,-4.15,1.04,9.96,2,221,140,2
0.34,0.88,0.05,12.94,6.53,-5.68,0.94,15.57,2,224,143,1
0.35,0.95,0.03,-15.56,-0.67,-4.88,1.01,16.33,2,226,142,1
0.35,0.95,0.11,-11.54,-3.05,-8.30,1.02,14.54,2,236,142,2
0.35,0.97,0.12,-5.80,0.67,-10.19,1.04,11.75,2,244,143,2
0.34,0.88,0.12,-0.37,5.68,-17.03,0.95,17.95,2,248,143,2
0.37,0.95,0.08,7.69,5.80,-12.33,1.03,15.65,1,252,144,2
0.39,1.00,0.03,2.20,2.14,-15.44,1.08,15.74,1,257,143,1
0.39,0.86,0.06,-1.95,3.91,-25.51,0.95,25.88,1,262,144,1
0.39,0.95,0.06,1.10,-0.18,-19.65,1.03,19.68,1,261,143,0
0.39,0.97,0.24,-15.99,-3.72,-26.86,1.07,31.48,1,271,137,2
0.49,1.34,0.07,11.11,9.89,-61.22,1.43,63.00,1,282,141,2
0.44,1.40,0.21,-16.24,27.22,-108.22,1.48,112.76,1,301,139,0
0.49,1.66,-0.11,-1.10,19.71,-159.85,1.74,161.07,1,332,135,2
0.54,2.18,0.10,13.67,12.33,-247.80,2.25,248.49,1,362,118,3
0.73,2.36,0.34,5.92,14.28,-336.67,2.49,337.02,1,491,53,1
0.77,1.85,0.10,-5.31,6.53,-364.38,2.01,364.48,1,651,21,2
0.37,2.75,0.12,58.41,28.20,-297.97,2.77,304.95,1,727,10,0
-1.49,-0.03,0.19,84.84,65.25,-338.38,1.50,354.90,1,711,2,5
-0.11,-0.31,-1.00,523.38,-4.15,-49.62,1.05,525.74,1,717,1,3
-0.77,0.77,-1.49,-60.18,-202.76,150.57,1.84,259.63,1,708,0,4
-0.84,0.77,0.38,-509.95,-182.31,146.73,1.20,561.08,1,710,1,3
-0.60,0.88,-0.11,258.79,78.61,175.05,1.07,322.17,1,706,0,4
-0.17,0.54,-0.66,92.35,12.94,257.87,0.87,274.22,1,704,2,5
-0.09,0.47,-0.40,-53.71,49.44,260.86,0.62,270.89,1,698,1,5
0.19,1.23,-0.20,-106.51,21.67,342.96,1.26,359.77,1,694,1,4
0.49,1.66,0.18,-126.28,16.85,273.93,1.74,302.10,1,684,1,3
1.03,1.64,0.28,19.23,66.10,217.22,1.96,227.87,1,669,0,6
1.99,1.76,0.04,84.23,-49.01,217.90,2.65,238.69,1,654,2,4
2.61,1.16,0.19,-4.27,-50.11,7.14,2.86,50.80,1,659,0,2
2.73,0.45,0.53,4.39,-2.56,-27.89,2.81,28.35,1,687,1,2
2.57,-0.03,0.14,114.81,121.77,-126.34,2.57,209.69,1,702,0,2
1.25,-0.26,-0.08,278.87,-203.98,6.35,1.28,345.57,1,544,37,9
-0.40,-0.86,0.40,-109.74,233.28,-191.89,1.02,321.38,1,349,75,1
-0.05,3.37,0.17,-159.48,-119.14,342.83,3.38,396.44,1,297,112,1
0.63,1.27,0.11,-11.84,-46.88,-140.01,1.42,148.13,2,254,134,1
0.69,-0.19,0.05,132.81,57.01,-91.31,0.71,170.96,2,233,137,2
0.41,1.42,-0.46,100.77,14.16,109.99,1.55,149.84,2,223,139,2
0.31,1.07,0.05,-216.61,-88.62,-21.36,1.12,235.01,2,224,146,1
0.07,1.34,0.15,54.02,53.41,-60.49,1.35,97.10,2,225,142,2
0.43,0.61,-0.02,43.15,-30.76,5.68,0.75,53.30,2,227,149,2
0.32,0.89,-0.06,22.71,31.25,-1.28,0.95,38.65,2,227,147,3
0.37,0.93,0.07,-30.82,-35.28,-1.22,1.00,46.86,2,233,147,3
0.30,0.94,0.28,-33.26,2.93,-6.35,1.02,33.99,2,236,145,3
0.34,0.94,0.20,21.36,5.62,-1.71,1.02,22.15,2,240,145,1
0.35,0.88,0.04,38.09,15.50,-0.37,0.95,41.12,2,241,143,1
0.35,0.86,-0.01,10.86,0.98,3.91,0.93,11.59,2,244,146,2
0.34,0.92,0.10,-17.76,-9.16,4.21,0.99,20.42,2,243,142,3
0.34,0.98,0.20,-9.46,-2.56,0.12,1.06,9.80,2,246,140,2
0.34,0.98,0.14,11.41,7.20,-3.85,1.04,14.03,2,251,140,1
0.34,0.87,0.08,9.09,8.91,-10.74,0.94,16.66,2,253,140,2
0.36,0.88,0.06,3.60,4.15,-5.92,0.95,8.08,2,253,147,1
0.36,0.91,0.07,-7.26,2.62,-7.81,0.99,10.99,2,253,145,2
0.36,0.86,0.12,-17.15,4.15,-8.54,0.94,19.61,1,250,143,1
0.38,1.15,0.04,14.28,6.84,-1.89,1.21,15.95,1,254,142,1
0.40,1.03,0.00,16.24,-1.71,-6.53,1.10,17.58,1,259,140,2
0.42,1.00,0.03,-4.15,11.84,-39.37,1.08,41.32,1,272,135,2
0.39,1.38,0.07,26.55,12.82,-97.35,1.44,101.72,1,291,132,2
0.43,1.94,0.09,28.02,2.93,-152.53,1.99,155.11,1,325,126,1
0.39,2.13,-0.10,33.51,1.40,-252.56,2.17,254.78,1,377,116,2
0.50,2.74,0.36,-11.54,13.43,-367.13,2.80,367.55,1,514,52,1
0.80,2.53,0.40,-34.24,23.19,-409.79,2.69,411.87,1,652,23,2
0.03,2.58,0.07,74.34,13.37,-358.40,2.58,366.27,1,723,9,0
-1.25,0.10,0.01,130.13,113.10,-361.76,1.26,400.74,1,724,2,3
-0.61,-0.97,-1.07,421.51,-36.32,-159.97,1.57,452.31,1,736,0,2
-0.87,0.13,-1.39,-112.49,-36.13,295.04,1.64,317.82,1,732,2,2
-0.48,1.38,-0.13,-494.08,-150.33,295.41,1.46,594.96,1,727,0,0
-0.03,0.77,-0.13,181.46,112.85,113.65,0.78,242.03,1,713,1,0
0.79,0.38,-0.41,64.15,51.39,245.42,0.97,258.82,1,705,0,4
0.98,0.50,-0.37,9.16,19.59,225.22,1.16,226.26,1,693,2,1
0.74,1.08,-0.21,-97.29,-79.53,238.40,1.32,269.49,1,689,1,2
0.72,1.00,0.44,-219.91,-102.78,187.13,1.31,306.50,1,686,1,0
0.90,0.96,0.28,67.14,5.07,174.07,1.35,186.64,1,684,2,3
1.37,0.93,0.11,25.39,0.49,167.05,1.66,168.97,1,678,0,0
1.67,0.70,0.23,-14.59,-20.08,143.55,1.82,145.68,1,678,1,1
2.09,0.75,0.33,-18.80,-31.56,84.66,2.25,92.28,1,675,1,2
2.04,0.41,0.44,9.77,-2.62,-3.91,2.13,10.84,1,667,0,2
1.59,0.09,0.26,43.40,70.80,-84.66,1.62,118.59,1,665,0,1
3.34,0.58,0.10,101.99,69.40,-157.29,3.39,199.89,1,645,23,1
0.53,-0.05,-0.21,-25.76,98.51,55.42,0.57,115.93,1,512,64,1
0.12,1.67,-0.45,119.38,-43.70,154.05,1.73,199.74,1,410,104,2
-0.11,1.92,3.76,-227.17,-138.92,32.17,4.23,268.22,1,358,126,1
0.05,0.68,0.37,-34.48,-9.03,-91.67,0.78,98.36,1,336,133,3
0.53,0.77,0.03,59.02,-5.37,-1.22,0.94,59.28,1,328,140,1
0.28,1.04,-0.14,30.03,5.80,-10.19,1.08,32.24,1,309,148,2
0.37,0.51,0.01,-51.09,-17.33,11.60,0.63,55.18,1,291,145,2
0.29,1.18,0.06,-21.91,-12.45,51.33,1.22,57.18,1,278,150,1
0.34,1.00,0.14,-31.68,-6.59,17.15,1.06,36.62,1,269,152,1
0.28,1.11,0.04,25.45,-0.61,22.52,1.15,33.99,1,260,154,4
0.29,1.06,0.02,-14.16,0.55,2.62,1.10,14.41,1,261,153,1
0.28,1.00,0.05,-18.92,-1.95,-11.54,1.04,22.25,1,270,153,1
0.28,1.00,0.10,-29.30,-1.59,-15.69,1.04,33.27,1,280,152,1
0.30,0.90,0.10,-3.23,4.15,-23.13,0.96,23.72,1,286,152,2
0.31,0.88,-0.01,15.81,11.47,-13.55,0.93,23.77,1,293,152,2
0.31,0.79,-0.03,-6.10,10.56,-4.82,0.85,13.11,1,295,148,1
0.33,0.93,0.01,-17.64,3.97,3.54,0.99,18.42,1,295,146,0
0.30,0.94,0.12,-12.76,6.47,2.56,0.99,14.53,1,294,145,2
0.31,0.93,0.01,7.75,15.56,0.79,0.98,17.41,1,292,145,3
0.32,0.98,-0.02,1.65,12.33,1.53,1.03,12.53,1,292,145,3
0.31,0.97,0.03,-2.50,5.00,-0.37,1.02,5.61,1,291,143,2
0.32,0.97,0.07,14.16,-6.65,4.09,1.02,16.17,1,291,141,2
0.34,1.18,-0.05,35.46,9.22,-2.50,1.23,36.72,1,294,142,1
0.37,1.19,-0.12,31.19,-10.13,-30.94,1.26,45.09,1,302,132,2
0.34,1.23,-0.03,-11.54,-19.29,-70.56,1.28,74.05,1,308,128,2
0.35,1.65,0.05,-13.73,-12.39,-100.65,1.69,102.33,1,327,137,2
0.31,1.49,0.05,4.03,-7.87,-160.46,1.53,160.70,1,351,133,1
0.41,1.71,0.02,17.40,-10.01,-223.94,1.76,224.84,1,370,123,2
0.67,2.49,0.48,34.06,-6.77,-299.74,2.62,301.75,1,420,78,2
0.60,1.86,0.14,-41.38,4.76,-382.81,1.95,385.07,1,609,31,0
0.52,1.85,0.32,-24.84,21.36,-350.16,1.94,351.69,1,718,16,0
0.05,1.74,0.14,2.08,31.37,-366.88,1.75,368.23,1,743,4,1
-0.49,0.07,0.17,151.18,23.01,-203.19,0.53,254.30,1,730,1,0
-0.36,-0.08,-0.80,183.11,-57.74,115.17,0.88,223.89,1,748,1,0
-0.33,0.48,-0.51,-147.40,-106.08,275.15,0.77,329.67,1,760,2,1
-0.06,0.85,0.25,-266.05,-109.07,199.16,0.88,349.78,1,753,0,1
-0.08,0.79,0.20,79.83,108.22,156.01,0.82,205.97,1,747,1,0
0.32,0.49,-0.39,128.11,17.03,186.71,0.70,227.07,1,738,1,0
0.40,0.25,-0.42,31.80,26.55,189.94,0.63,194.41,1,725,0,1
0.41,0.62,-0.33,-43.21,-38.21,230.53,0.81,237.64,1,716,0,0
0.28,0.89,0.04,-130.31,-74.22,234.99,0.93,278.76,1,710,0,1
0.63,1.27,0.93,-6.16,84.29,188.66,1.70,206.72,1,709,1,1
1.28,1.09,0.15,21.97,32.53,190.43,1.69,194.43,1,706,0,1
2.51,1.00,0.36,-10.56,46.51,138.61,2.73,146.59,1,699,0,1
3.23,1.08,0.91,71.41,14.71,0.79,3.53,72.91,1,713,1,0
2.85,0.21,0.40,110.17,65.92,-192.87,2.88,231.69,1,723,7,0
2.48,-0.90,-0.07,247.74,-12.21,-131.35,2.64,280.67,1,654,63,4
-0.01,-1.63,-1.12,632.63,345.03,-7.57,1.98,720.64,1,544,75,2
0.75,1.99,-1.26,-190.92,-265.75,432.37,2.48,542.23,1,409,119,2
0.17,2.43,4.00,-639.47,-167.54,-89.48,4.68,667.08,1,328,136,3
0.55,1.23,0.24,48.22,-165.10,-16.60,1.37,172.80,1,288,140,1
0.44,0.88,-0.21,65.43,66.53,23.25,1.00,96.17,1,267,146,2
0.33,0.95,-0.10,-15.38,2.26,-32.29,1.01,35.84,1,260,148,4
0.46,0.62,0.08,-42.72,-31.13,-4.88,0.77,53.09,2,254,147,1
0.36,1.13,0.13,13.18,6.41,16.05,1.19,21.74,2,249,150,2
0.44,0.89,0.10,-5.92,-3.78,-4.09,0.99,8.13,2,246,152,1
0.36,0.89,0.04,29.60,8.61,4.21,0.96,31.11,2,243,148,2
0.39,0.94,-0.01,0.06,-1.46,2.62,1.02,3.01,2,242,151,2
0.36,0.89,0.08,-16.97,-2.87,-0.55,0.97,17.22,2,248,151,1
0.38,1.03,0.08,-10.56,13.85,-7.63,1.10,19.02,2,255,150,2
0.37,0.89,0.05,3.60,2.93,-11.54,0.96,12.43,1,261,148,3
0.38,0.93,0.01,0.55,0.18,-5.37,1.01,5.40,1,270,153,1
0.39,0.85,0.03,-8.48,-4.33,-8.12,0.94,12.52,1,273,153,3
0.40,0.93,0.01,-10.74,4.88,-10.25,1.01,15.63,1,277,151,1
0.41,0.92,0.01,-18.31,3.78,-16.54,1.01,24.96,1,279,145,3
0.41,0.87,0.04,-7.08,9.16,-16.30,0.96,19.99,1,278,149,2
0.41,0.94,0.03,-3.48,9.16,-15.87,1.03,18.65,1,282,152,2
0.43,0.97,0.02,-4.94,8.54,-18.74,1.06,21.18,1,288,149,4
0.45,1.05,-0.01,3.66,10.13,-39.06,1.14,40.52,1,293,140,1
0.43,1.23,-0.02,11.05,3.17,-60.12,1.31,61.21,1,302,139,2
0.45,1.73,0.10,10.80,14.16,-105.90,1.79,107.38,1,320,134,0
0.60,1.95,-0.05,20.69,7.87,-203.25,2.04,204.45,1,352,128,2
0.61,2.75,0.33,-9.64,-17.09,-273.13,2.83,273.84,1,404,90,3
0.63,2.13,0.19,-0.98,8.67,-399.66,2.22,399.75,1,612,31,2
0.49,1.84,0.17,12.02,15.01,-379.39,1.91,379.88,1,716,17,1
-0.14,1.93,-0.05,29.11,40.16,-356.57,1.93,360.00,1,753,3,3
-0.83,-0.35,0.10,113.10,71.84,-246.03,0.91,280.15,1,741,1,2
-0.48,-0.38,-0.72,218.20,-66.59,251.53,0.94,339.57,1,749,1,0
-0.48,0.54,-0.47,-119.45,-90.88,310.30,0.86,344.69,1,741,2,2
-0.18,0.67,0.25,-212.83,-75.74,185.55,0.74,292.34,1,733,1,3
-0.12,0.51,0.42,14.10,37.17,185.97,0.67,190.18,1,720,1,1
0.20,0.77,-0.33,156.37,37.78,223.75,0.87,275.58,1,709,1,2
0.36,0.55,-0.58,38.70,-21.48,205.32,0.87,210.04,1,694,0,1
0.32,0.81,-0.20,-129.39,-96.37,236.69,0.89,286.45,1,686,0,2
0.14,1.52,0.71,-195.13,-80.38,249.69,1.68,326.93,1,681,0,1
0.59,1.49,0.20,55.73,21.61,229.19,1.61,236.85,1,673,1,2
1.88,1.32,0.17,17.33,38.45,161.19,2.30,166.62,1,661,0,3
2.51,1.09,0.10,23.50,0.37,67.63,2.74,71.59,1,655,1,1
2.48,0.75,0.21,-2.50,51.88,-21.85,2.60,56.35,1,676,1,1
2.43,0.12,0.12,77.27,106.57,-123.35,2.44,180.40,1,694,2,1
1.68,1.42,-0.79,295.41,-146.12,-162.11,2.33,367.28,1,610,40,7
-0.42,-0.67,-0.31,-209.41,182.13,-75.81,0.85,287.70,1,394,73,1
0.32,2.57,-0.40,-77.70,-109.19,309.69,2.62,337.45,2,280,113,0
0.85,2.18,1.95,-236.33,-98.75,18.13,3.05,256.77,2,233,128,0
0.29,0.85,0.18,54.81,-3.30,-129.03,0.91,140.23,2,220,136,2
0.36,0.76,-0.18,87.40,34.24,15.01,0.87,95.06,2,214,137,3
0.30,0.91,-0.07,-28.81,-27.83,1.83,0.97,40.10,2,211,142,1
