-,-,-
0.02,0.98,0.01,7.45,-0.55,-2.26,0.98,7.80,88,519,31,110
0.02,0.98,0.01,5.37,-0.31,-1.89,0.98,5.70,82,522,32,106
0.02,0.98,0.01,3.72,0.18,-1.59,0.98,4.05,88,523,31,111
0.02,0.99,0.01,2.38,0.55,-1.04,0.99,2.65,89,524,32,105
0.02,0.99,0.01,3.17,0.79,-1.16,0.99,3.47,89,527,32,109
0.02,1.03,0.00,5.31,0.73,-1.53,1.03,5.57,80,531,30,101
0.02,1.01,0.01,8.73,0.37,-2.44,1.01,9.07,79,541,31,92
0.02,1.04,-0.00,17.94,-0.55,-6.84,1.04,19.21,59,563,31,76
0.04,1.19,-0.04,34.42,-2.62,-13.98,1.20,37.25,45,601,32,49
0.18,1.36,0.01,26.00,-9.95,-22.34,1.38,35.69,29,632,32,33
0.19,1.20,-0.16,5.74,-28.69,-71.72,1.23,77.45,14,597,29,32
0.10,1.23,-0.08,-5.13,-48.83,-90.09,1.23,102.60,8,571,22,30
0.10,1.32,-0.03,2.32,-58.35,-103.52,1.33,118.85,5,545,16,27
0.16,1.13,-0.14,29.79,-62.01,-108.58,1.15,128.54,3,543,10,26
0.06,0.97,-0.24,21.73,-75.26,-108.15,1.00,133.54,2,533,7,24
-0.50,1.06,-0.11,16.91,-72.94,-80.87,1.18,110.21,2,524,6,24
-0.72,0.67,-0.21,32.04,-38.82,-46.88,1.01,68.78,2,531,6,25
-0.60,0.36,-0.31,-22.46,1.71,-17.70,0.76,28.65,2,538,5,28
-0.44,0.83,-0.04,-72.88,21.48,18.62,0.94,78.22,2,542,5,27
-0.21,0.88,0.06,-53.34,26.67,31.74,0.91,67.56,2,541,4,26
-0.17,0.84,0.03,-36.68,18.49,39.98,0.85,57.32,2,545,6,25
-0.12,0.79,-0.00,-49.44,12.39,57.25,0.80,76.65,2,542,5,27
-0.06,0.98,0.13,-68.12,24.05,78.98,0.99,107.03,2,542,6,24
0.30,0.96,0.22,-64.21,57.50,101.01,1.03,132.79,2,552,5,23
0.88,1.23,0.44,-66.28,46.88,109.38,1.58,136.21,2,543,6,21
0.99,0.94,0.28,-17.82,20.57,100.40,1.39,104.03,2,539,6,21
0.98,0.67,0.04,2.93,-5.07,77.15,1.19,77.37,2,535,5,20
0.97,0.42,-0.11,-0.79,-23.50,13.79,1.06,27.26,3,527,5,22
0.75,0.51,0.02,-41.75,-27.95,-61.77,0.91,79.62,3,529,6,22
0.22,1.00,0.38,-48.65,-13.37,-88.20,1.09,101.60,2,536,6,22
0.06,0.98,0.21,38.76,36.07,-76.72,1.01,93.22,3,539,6,21
0.56,0.81,-0.24,75.32,47.97,-49.62,1.01,102.16,3,544,7,21
1.02,0.71,-0.46,23.44,-41.26,-52.49,1.33,70.76,3,555,6,20
0.90,0.66,-0.25,46.26,-113.22,-54.02,1.14,133.70,4,559,8,19
0.84,4.00,0.71,-46.69,-33.75,215.52,4.15,223.08,20,678,51,25
-0.36,3.47,0.67,-30.46,6.77,219.12,3.55,221.33,111,645,65,39
-0.04,0.60,0.10,132.26,-21.73,-5.86,0.61,134.16,199,558,68,103
0.01,0.89,0.13,-43.27,2.08,-7.81,0.90,44.02,193,586,71,93
0.14,1.08,-0.05,-31.19,3.97,-1.65,1.09,31.48,252,569,74,98
0.02,0.96,0.08,6.04,-1.10,0.92,0.97,6.21,309,545,75,113
0.06,0.99,0.04,-4.70,-1.83,-0.55,1.00,5.07,272,532,82,120
0.03,0.99,0.04,0.24,-1.89,-2.44,0.99,3.10,430,528,83,121
0.05,1.00,0.04,-1.46,-0.67,-1.95,1.00,2.53,392,531,84,121
0.04,0.97,0.05,3.23,-0.37,-2.01,0.97,3.83,533,533,87,117
0.06,0.98,0.05,-0.12,0.37,-1.28,0.98,1.34,317,534,87,114
0.05,0.98,0.04,-3.05,0.98,-0.37,0.98,3.23,397,540,86,111
0.05,1.00,0.03,-0.98,1.22,0.73,1.00,1.73,340,541,89,107
0.05,0.99,0.04,1.83,0.85,0.24,0.99,2.04,294,544,88,103
0.05,0.99,0.04,5.49,0.61,0.12,0.99,5.53,294,545,84,107
0.05,0.98,0.05,5.98,0.18,-1.10,0.98,6.08,259,550,88,107
0.05,1.00,0.04,7.08,0.00,-2.26,1.00,7.43,364,555,85,104
0.05,0.97,0.05,6.53,-0.18,-3.11,0.98,7.24,247,557,88,93
0.05,0.97,0.06,5.98,-0.12,-3.60,0.97,6.98,369,560,88,94
0.06,0.97,0.05,3.60,0.31,-2.08,0.97,4.17,278,563,93,90
0.04,1.00,0.05,2.81,0.18,-1.65,1.00,3.26,345,563,92,93
0.05,0.96,0.07,7.87,-1.40,-6.47,0.96,10.29,374,566,95,91
0.06,1.02,0.05,7.45,-1.40,-6.41,1.03,9.92,349,564,97,85
0.07,0.99,0.07,8.97,-2.08,-9.09,0.99,12.94,286,568,98,78
0.08,0.96,0.08,2.99,-0.92,-5.43,0.96,6.27,288,573,104,71
0.05,1.01,0.08,11.54,-2.62,-13.12,1.01,17.67,413,582,100,61
0.10,0.95,0.07,9.95,-0.79,-5.86,0.96,11.57,413,589,106,58
0.07,0.93,0.10,9.58,-0.18,-0.92,0.94,9.63,306,583,105,67
0.09,1.04,0.06,2.01,0.12,-0.31,1.05,2.04,496,585,105,71
0.09,0.99,0.08,10.38,-1.28,-1.34,0.99,10.54,326,581,104,77
0.03,1.18,0.04,18.19,-2.69,-2.81,1.18,18.60,286,587,100,81
0.06,1.28,0.13,46.14,-8.12,-30.40,1.29,55.85,252,617,99,62
-0.02,1.45,0.21,66.47,-1.40,-69.70,1.46,96.32,189,642,107,57
-0.08,1.72,0.35,19.53,22.64,-149.48,1.75,152.44,31,630,104,51
-0.11,1.79,0.16,21.24,47.67,-233.40,1.80,239.16,13,607,68,39
-0.41,1.67,0.35,67.87,59.45,-272.03,1.75,286.61,6,593,38,30
-0.69,0.17,0.16,139.22,96.13,-261.96,0.73,311.85,4,556,21,30
-2.02,-0.95,-0.70,-1.59,156.62,-90.21,2.34,180.75,3,503,5,29
-0.32,0.53,-0.16,-80.32,135.31,36.19,0.64,161.47,4,518,5,29
-0.23,0.71,0.03,-26.12,35.28,100.71,0.75,109.86,4,531,5,28
0.14,0.46,-0.18,21.48,-12.76,159.79,0.51,161.73,4,528,4,29
0.14,0.79,-0.10,10.38,-44.31,172.55,0.81,178.45,4,532,6,27
0.17,0.79,-0.13,0.24,-48.28,174.68,0.82,181.23,5,530,4,28
0.00,0.91,-0.09,-46.63,-10.68,150.94,0.91,158.34,5,529,5,26
0.21,0.97,-0.08,-61.40,31.01,135.86,1.00,152.28,5,531,5,26
0.54,0.99,-0.02,-59.45,47.97,78.37,1.13,109.44,5,536,5,23
0.53,0.79,-0.08,-52.86,28.20,-14.71,0.96,61.69,4,543,6,22
0.30,1.09,0.09,-59.45,6.77,-48.65,1.13,77.11,3,534,4,18
0.56,1.28,0.07,-44.19,30.70,-50.90,1.40,74.07,3,521,5,18
1.07,1.17,-0.15,-22.95,58.47,-60.12,1.59,86.95,2,525,3,16
1.29,0.88,-0.27,-24.05,55.60,-29.11,1.58,67.21,2,541,5,14
1.22,0.74,-0.15,-42.60,33.81,24.78,1.44,59.77,2,547,6,13
1.24,0.78,0.05,-42.60,-1.53,77.15,1.46,88.14,2,545,6,15
1.46,0.86,0.10,6.16,-58.53,32.59,1.70,67.28,3,553,4,16
1.00,0.32,-0.29,9.40,-118.71,-59.20,1.09,132.99,3,565,6,15
0.55,0.54,-0.24,-36.25,-133.67,-53.47,0.81,148.46,3,574,7,14
0.56,0.79,-0.15,-23.44,-87.46,-45.35,0.98,101.27,3,568,6,14
0.80,0.64,-0.33,-32.17,-21.36,-98.69,1.08,105.98,4,586,7,15
2.18,-0.70,-2.34,247.44,34.55,224.12,3.27,335.63,34,707,68,16
0.11,2.05,-0.22,97.90,7.02,207.64,2.06,229.67,80,696,89,23
-0.04,0.70,0.37,119.69,-20.20,112.00,0.79,165.16,92,682,90,31
-0.00,0.56,0.29,7.81,13.06,105.10,0.63,106.20,196,644,88,44
-0.20,0.89,0.13,81.30,-19.65,3.66,0.92,83.72,345,565,92,93
0.06,1.01,0.05,-10.13,-2.01,-9.40,1.01,13.97,306,563,105,90
0.10,0.92,0.02,-11.54,-1.53,-11.72,0.92,16.51,328,571,109,77
0.10,0.98,0.04,1.28,0.98,2.50,0.99,2.98,361,562,113,84
0.04,1.00,0.05,7.32,-1.53,2.56,1.01,7.91,391,560,112,92
0.07,0.99,0.04,0.73,0.06,-0.49,0.99,0.88,388,560,116,87
0.08,0.96,0.05,1.40,0.92,0.24,0.96,1.69,459,562,115,89
0.07,1.00,0.04,0.06,1.53,1.34,1.01,2.03,731,564,114,84
0.07,0.98,0.04,2.81,1.10,0.43,0.98,3.05,561,573,108,82
0.07,0.98,0.04,4.46,0.43,-1.04,0.98,4.59,386,582,107,76
0.07,0.97,0.05,6.10,0.43,-1.34,0.97,6.26,413,594,107,73
0.07,0.98,0.04,3.42,0.92,-0.79,0.98,3.63,381,598,109,67
0.07,1.00,0.04,6.65,0.31,-1.77,1.01,6.89,289,601,109,68
0.07,0.96,0.07,7.08,0.24,-2.32,0.97,7.45,310,603,109,67
0.07,1.00,0.05,8.36,-0.43,-3.66,1.00,9.14,272,605,110,61
0.07,1.00,0.06,11.54,-1.46,-7.08,1.00,13.61,293,615,110,55
0.08,0.96,0.07,8.00,-2.44,-10.13,0.96,13.14,246,633,113,45
0.08,0.94,0.10,5.13,-1.65,-14.83,0.95,15.78,264,653,116,42
0.09,0.99,0.09,-1.71,-0.24,-15.75,1.00,15.84,264,662,114,41
0.10,1.02,0.06,-2.99,2.32,-21.12,1.03,21.45,252,668,115,39
0.12,0.95,0.07,-6.65,4.09,-24.90,0.96,26.10,239,679,120,40
0.15,0.91,0.03,-5.74,3.60,-21.91,0.92,22.93,184,677,117,40
0.18,0.76,0.03,-1.34,1.89,-10.50,0.78,10.75,183,678,119,38
0.16,1.00,0.03,4.21,0.49,5.00,1.01,6.56,183,672,117,42
0.14,0.90,0.06,8.00,-0.61,7.39,0.91,10.90,239,667,122,42
0.16,0.60,0.02,7.75,-1.40,22.28,0.62,23.63,200,655,117,48
0.22,0.98,0.30,13.67,16.97,65.92,1.05,69.43,310,613,106,67
-0.12,1.29,0.04,-10.44,-2.81,0.85,1.30,10.84,402,586,103,80
0.10,0.98,0.07,18.49,-5.62,-23.25,0.99,30.24,282,610,106,64
0.01,1.38,0.24,17.58,-6.77,-33.02,1.40,38.02,175,647,106,52
-0.08,2.05,0.31,7.39,13.18,-94.18,2.08,95.38,124,660,105,48
-0.12,1.57,0.28,-3.23,33.39,-173.28,1.60,176.50,24,625,80,38
-0.17,1.45,0.34,5.92,57.13,-209.59,1.50,217.32,9,601,50,30
-0.41,0.99,0.45,86.55,94.24,-194.58,1.16,232.88,5,568,26,25
-0.08,0.20,0.10,81.48,130.55,-154.42,0.24,218.01,5,570,17,28
-0.18,0.06,-0.15,11.72,139.65,-120.79,0.24,185.01,4,578,14,23
0.42,0.26,-0.14,6.41,109.56,-70.07,0.51,130.21,4,580,11,23
0.02,0.97,-0.21,16.54,55.60,-25.33,0.99,63.30,4,585,11,23
0.04,0.55,-0.19,65.49,-13.43,19.35,0.58,69.60,3,570,6,22
-0.04,0.60,-0.24,56.27,-74.34,59.39,0.65,110.55,3,569,4,22
0.14,0.81,-0.13,44.56,-92.47,75.13,0.83,127.20,3,579,6,21
0.24,0.89,-0.08,30.15,-89.66,55.24,0.93,109.54,2,583,5,20
0.22,0.92,-0.03,18.98,-75.01,47.00,0.95,90.53,2,580,5,21
0.16,0.87,-0.05,-5.13,-60.73,69.82,0.89,92.68,3,584,5,19
0.20,1.01,0.03,-38.57,-44.92,94.18,1.03,111.24,2,596,6,22
0.24,0.97,0.04,-50.78,-1.16,75.32,1.00,90.84,2,601,6,21
0.30,0.90,0.00,-62.07,32.53,47.55,0.95,84.69,2,606,5,19
0.40,0.87,-0.06,-73.30,46.39,18.74,0.96,88.75,2,612,6,20
0.59,0.86,-0.17,-81.18,26.61,-6.16,1.05,85.65,2,607,5,21
0.73,0.68,-0.25,-104.37,-18.01,-24.11,1.03,108.62,2,610,5,18
0.79,0.83,-0.02,-156.13,-53.04,-17.09,1.15,165.77,2,613,5,17
0.68,1.24,0.44,-166.44,-51.94,2.87,1.48,174.38,2,617,6,16
0.93,1.00,0.59,-132.02,-8.36,25.33,1.48,134.69,2,610,6,13
1.16,1.21,0.62,-103.82,13.85,44.37,1.79,113.75,3,603,5,14
1.06,1.24,0.59,38.02,8.30,62.99,1.74,74.04,3,604,6,12
0.87,0.76,-0.01,91.13,3.05,51.88,1.15,104.90,3,599,5,15
0.78,0.64,-0.35,88.13,7.02,3.72,1.07,88.49,3,606,7,13
0.59,0.49,-0.55,43.27,17.76,-60.79,0.94,76.70,3,604,6,14
0.50,0.76,-0.34,-4.09,26.37,-71.72,0.98,76.52,3,616,6,13
0.67,0.98,-0.06,19.90,28.50,-56.70,1.19,66.51,3,630,6,12
0.25,0.73,0.06,74.10,5.00,-72.14,0.77,103.54,3,649,15,11
1.22,0.52,-0.84,131.47,24.96,158.81,1.57,207.68,7,699,58,14
-0.25,1.94,0.16,71.84,-20.26,212.77,1.97,225.48,14,688,70,20
-0.07,0.95,0.29,67.75,-27.34,132.87,1.00,151.63,29,691,84,28
-0.61,3.85,-0.27,-43.03,9.22,132.69,3.91,139.80,85,649,82,44
-0.10,1.45,0.08,0.92,-9.09,11.29,1.46,14.53,248,533,91,113
0.07,1.03,0.02,-18.49,-1.10,-6.53,1.03,19.64,252,535,100,114
0.07,0.95,0.01,-8.30,-2.62,-2.44,0.96,9.04,240,530,102,116
0.03,1.10,-0.01,0.79,-5.07,-0.92,1.10,5.21,331,519,99,124
0.05,0.95,0.04,9.70,-2.26,-2.01,0.95,10.17,336,515,99,124
0.05,0.98,0.04,7.08,-0.67,-0.49,0.99,7.13,364,516,102,126
0.05,0.98,0.03,3.97,0.12,0.61,0.98,4.02,309,516,93,127
0.04,0.97,0.04,3.11,0.61,0.49,0.97,3.21,467,516,90,126
0.05,0.98,0.03,1.53,0.79,0.49,0.98,1.79,386,518,86,121
0.05,0.97,0.04,1.34,1.04,0.49,0.97,1.77,352,520,81,122
0.05,0.98,0.03,0.98,0.92,1.10,0.99,1.73,302,519,79,123
0.05,0.99,0.03,2.38,0.79,1.40,0.99,2.88,317,519,77,123
0.05,0.98,0.04,4.52,0.43,1.10,0.99,4.67,294,515,78,124
0.05,0.98,0.04,5.13,0.43,0.79,0.98,5.21,229,515,80,126
0.04,0.97,0.05,4.39,0.24,0.12,0.98,4.40,256,516,79,123
0.04,0.98,0.04,3.17,0.24,-0.55,0.98,3.23,216,516,79,124
0.06,1.00,0.04,4.27,-0.37,-0.92,1.00,4.38,365,518,78,125
0.05,0.97,0.05,5.37,-0.12,-1.95,0.98,5.72,274,519,78,124
0.05,0.97,0.05,3.78,0.18,-1.53,0.98,4.08,313,523,81,123
0.05,0.96,0.06,1.53,0.49,-0.31,0.96,1.63,370,523,79,120
0.05,0.97,0.05,-3.42,1.28,0.18,0.97,3.65,204,524,77,119
0.04,0.97,0.05,-5.62,1.59,1.28,0.97,5.97,192,521,73,124
0.04,1.00,0.04,-2.32,1.46,-0.37,1.00,2.77,193,523,79,122
0.04,0.96,0.04,0.98,1.22,-1.22,0.97,1.98,241,526,82,122
0.04,0.99,0.04,-0.55,0.98,-2.20,0.99,2.47,310,528,87,118
0.06,1.01,0.03,-0.43,0.31,-2.99,1.01,3.04,220,532,93,114
0.05,1.00,0.03,1.53,0.31,-2.93,1.00,3.32,267,533,99,115
0.05,0.99,0.05,5.19,-0.67,-3.54,0.99,6.32,225,534,100,112
0.05,1.00,0.04,7.02,-1.16,-5.19,1.00,8.80,254,537,101,107
0.06,1.04,0.04,8.36,-0.98,-5.00,1.04,9.79,389,544,110,105
0.03,0.97,0.05,15.14,-1.89,-9.03,0.97,17.73,294,554,110,98
0.06,1.04,0.05,20.45,-3.78,-14.28,1.05,25.23,336,577,110,85
0.09,1.08,0.04,34.06,-5.19,-17.40,1.08,38.59,184,612,111,72
0.03,1.32,0.14,44.86,-6.41,-26.73,1.33,52.61,96,657,101,60
0.11,1.54,0.04,78.67,21.61,-76.35,1.54,111.74,42,630,90,58
-0.09,1.89,0.23,54.50,44.01,-148.50,1.91,164.19,13,576,72,44
-0.09,1.32,0.03,85.75,51.03,-193.48,1.32,217.70,4,552,35,39
-0.07,0.83,0.24,140.20,53.22,-192.44,0.87,243.97,3,566,20,32
0.00,0.44,0.41,135.86,63.54,-150.15,0.60,212.23,2,554,15,31
-0.23,0.12,0.17,114.81,90.70,-114.75,0.31,185.94,2,552,10,34
-0.76,0.21,-0.09,47.18,113.77,-61.04,0.79,137.46,3,549,11,33
-0.59,0.26,-0.33,27.77,129.94,-2.81,0.72,132.91,3,555,8,31
-0.26,0.38,-0.29,11.11,84.17,55.05,0.55,101.19,3,562,6,29
-0.22,0.65,-0.04,11.41,23.99,111.33,0.69,114.45,3,565,7,28
-0.32,0.78,-0.03,-3.36,17.46,131.84,0.85,133.03,3,568,8,26
0.13,0.98,-0.08,-15.99,31.25,127.26,1.00,132.01,3,573,8,26
0.35,1.26,-0.06,-29.79,-3.48,131.35,1.31,134.73,3,574,7,25
0.32,1.16,0.02,-17.70,-45.29,149.29,1.20,157.01,3,571,8,23
0.30,1.05,-0.08,-26.12,-39.37,141.11,1.09,148.81,3,569,10,23
0.31,1.13,-0.02,-52.67,-14.22,101.20,1.17,114.97,4,568,11,24
0.31,0.90,-0.09,-62.99,-5.07,86.61,0.96,107.21,3,574,9,21
0.72,1.29,0.25,-64.03,-28.14,96.74,1.50,119.37,4,580,10,21
0.53,1.15,0.27,-18.98,-51.45,-11.41,1.30,56.02,4,581,12,23
0.44,0.98,0.37,-23.86,-63.29,23.32,1.13,71.55,3,589,11,20
0.53,0.81,0.42,-41.20,-38.27,7.14,1.06,56.68,4,593,10,20
0.49,0.58,0.32,-67.93,-8.24,-19.41,0.83,71.13,4,599,12,18
0.57,0.91,0.40,-79.65,14.16,-11.23,1.14,81.68,3,599,10,19
0.57,1.09,0.43,-40.04,26.49,1.22,1.30,48.02,4,600,10,18
0.85,0.69,0.22,-9.95,14.59,7.14,1.12,19.05,4,599,10,15
0.78,0.60,0.05,-24.96,-2.44,-39.49,0.98,46.78,4,602,7,16
0.66,0.45,-0.25,-64.27,-7.75,-69.58,0.84,95.04,4,598,8,14
0.53,1.12,-0.09,-128.91,22.16,-104.25,1.24,167.26,4,610,9,13
0.43,1.59,0.26,10.93,72.45,-71.53,1.67,102.40,5,624,12,16
0.69,1.46,0.28,-27.65,13.98,-88.87,1.64,94.11,8,646,21,12
1.32,0.21,-1.82,231.45,42.48,123.35,2.26,265.68,76,681,48,22
-0.08,1.22,-0.44,239.26,-28.81,104.06,1.30,262.50,257,632,61,30
-0.00,0.42,0.45,125.92,-20.51,32.35,0.62,131.61,264,610,62,43
0.14,0.64,0.07,-25.51,2.75,45.53,0.66,52.26,298,592,61,51
0.20,1.22,-0.12,0.31,-5.00,81.24,1.24,81.39,300,554,62,61
-0.02,1.50,0.00,6.96,-9.16,21.73,1.50,24.58,402,520,63,97
0.01,1.00,0.03,11.41,-4.64,-1.77,1.00,12.45,612,516,70,99
0.04,1.02,0.04,6.53,-1.59,-13.00,1.02,14.63,326,522,72,87
0.07,0.98,0.04,7.69,-0.55,-7.75,0.98,10.93,547,530,73,76
0.06,0.97,0.07,12.08,-0.31,-3.72,0.97,12.65,558,535,77,67
0.06,0.97,0.07,8.36,0.37,-2.14,0.98,8.64,450,541,78,63
0.07,1.02,0.05,9.09,0.61,-3.85,1.03,9.89,489,546,76,54
0.07,0.98,0.07,16.11,-0.24,-6.53,0.98,17.39,402,548,76,53
0.08,0.90,0.09,13.37,-0.18,-6.04,0.91,14.67,369,553,76,50
0.07,0.98,0.08,5.74,0.67,-0.43,0.98,5.79,361,550,76,48
0.08,0.93,0.09,7.20,0.43,-0.55,0.94,7.24,592,547,71,52
0.08,0.88,0.11,-6.23,1.89,12.39,0.89,13.99,259,534,74,55
0.06,0.83,0.11,-25.88,3.85,28.69,0.84,38.83,270,510,61,71
0.01,1.13,0.02,-23.56,3.48,21.97,1.13,32.40,352,489,51,84
0.03,0.98,0.05,4.70,0.06,-0.61,0.98,4.74,246,495,52,87
0.06,0.89,0.08,-6.29,0.98,3.36,0.89,7.19,220,487,45,88
0.02,1.09,0.01,-20.57,2.38,12.08,1.09,23.97,197,469,39,96
0.02,0.99,0.03,11.05,-0.85,-3.05,0.99,11.49,265,480,45,97
0.05,0.98,0.05,9.16,-0.67,-4.88,0.99,10.40,300,490,49,99
0.04,0.93,0.05,5.37,-0.79,-2.01,0.93,5.79,262,493,49,101
0.02,1.07,0.03,14.40,-1.77,-3.11,1.07,14.84,266,495,48,104
0.05,1.08,0.04,23.74,-3.17,-11.11,1.08,26.40,294,501,52,101
0.06,1.02,0.08,29.11,-4.76,-15.62,1.03,33.38,322,510,53,96
0.05,1.15,0.06,38.64,-7.57,-20.75,1.15,44.50,329,524,55,91
0.06,1.20,0.07,60.00,-11.66,-40.59,1.20,73.37,272,542,65,75
-0.03,1.23,0.26,78.37,-12.45,-79.22,1.26,112.13,263,565,73,59
-0.04,1.13,0.36,44.13,3.91,-105.65,1.19,114.56,224,602,77,55
0.07,1.61,0.18,24.66,15.75,-143.37,1.62,146.33,73,635,81,47
-0.05,1.97,0.42,49.44,37.35,-186.16,2.01,196.20,34,617,66,36
-0.20,1.50,0.30,89.05,68.30,-233.76,1.54,259.31,14,585,37,28
-0.35,0.94,0.17,130.07,95.52,-236.45,1.02,286.27,6,538,12,26
-1.02,0.24,-0.24,160.89,117.98,-203.31,1.08,284.85,4,517,7,26
-1.41,-0.62,-0.86,31.43,106.57,-25.33,1.77,113.96,3,517,4,24
-0.66,0.90,-0.22,-25.27,78.55,97.41,1.14,127.66,4,513,3,22
-0.25,0.43,-0.38,-7.26,45.72,101.68,0.62,111.72,4,507,5,21
-0.36,0.92,-0.16,-24.05,23.25,122.01,1.00,126.51,5,506,4,20
-0.35,1.02,-0.19,-28.38,33.08,148.07,1.09,154.35,5,514,7,21
-0.14,1.21,-0.22,-40.65,59.75,166.08,1.24,181.12,6,512,3,19
0.04,1.46,-0.21,-53.41,85.21,172.61,1.48,199.76,6,513,4,20
0.29,1.82,-0.19,-47.06,86.43,151.98,1.85,181.06,7,515,7,19
0.53,1.90,-0.14,-20.94,80.44,159.73,1.97,180.06,7,515,6,20
0.60,1.83,-0.16,3.60,65.31,132.69,1.93,147.94,7,527,5,19
0.61,1.55,-0.33,28.26,47.91,121.89,1.70,133.98,6,535,5,21
0.64,1.39,-0.36,16.54,23.25,101.50,1.57,105.44,5,540,6,19
0.58,1.23,-0.36,4.70,1.46,87.16,1.41,87.30,4,538,6,17
0.53,1.17,-0.31,-23.56,-11.72,71.72,1.32,76.39,4,538,6,19
0.43,1.20,-0.19,-37.54,-18.31,73.18,1.28,84.26,3,542,4,19
0.36,1.06,-0.09,-46.57,-10.01,108.28,1.13,118.29,3,531,5,18
0.40,1.15,0.19,-60.55,12.88,118.35,1.23,133.56,3,526,6,19
0.59,1.12,0.29,-51.09,40.10,126.28,1.30,142.00,3,526,6,19
0.82,1.23,0.29,-26.18,67.63,109.86,1.51,131.64,3,526,5,20
1.56,0.87,0.18,38.51,86.00,22.64,1.79,96.91,3,512,6,28
2.02,0.48,0.19,8.42,76.23,-109.99,2.08,134.09,4,493,9,52
-0.04,0.96,0.28,33.08,40.04,-169.07,1.00,176.87,5,467,13,88
-0.07,1.29,-0.03,10.50,-21.61,-196.17,1.29,197.63,7,476,15,112
0.00,1.26,-0.07,8.61,16.85,-177.00,1.27,178.01,16,435,17,120
0.27,1.21,-0.09,4.46,12.51,-51.45,1.25,53.14,47,394,19,135
0.13,0.91,0.01,2.62,-6.04,-5.86,0.92,8.82,70,392,22,139
0.07,1.02,-0.03,-15.93,-1.83,-0.92,1.02,16.06,70,381,20,135
0.06,1.00,-0.04,-8.36,-1.34,0.79,1.00,8.51,77,378,22,138
0.05,1.00,-0.05,0.06,-1.34,-0.37,1.00,1.39,98,374,20,137
0.06,0.98,-0.02,9.64,-1.65,-2.38,0.98,10.07,121,379,24,144
0.06,0.98,-0.02,9.89,-1.71,-2.56,0.98,10.36,173,386,26,146
0.06,0.98,-0.02,7.51,-1.22,-1.95,0.98,7.85,158,384,28,152
0.07,0.98,-0.01,6.35,-0.79,-1.10,0.99,6.49,136,386,29,151
0.06,0.98,-0.01,5.31,-0.43,0.06,0.98,5.33,136,385,30,153
0.06,0.97,-0.01,3.91,-0.37,0.12,0.98,3.93,204,384,30,155
0.06,0.98,-0.01,2.62,-0.18,0.06,0.98,2.63,126,381,30,154
0.06,0.98,-0.00,1.89,-0.37,-0.24,0.98,1.94,167,374,28,153
0.06,0.99,-0.01,2.50,-0.37,-0.18,0.99,2.54,134,367,28,148
0.06,0.98,-0.00,3.05,-0.37,-0.43,0.98,3.10,160,369,30,149
0.06,0.98,-0.01,3.72,-0.67,-0.37,0.98,3.80,161,370,31,152
0.06,0.98,-0.00,2.99,-0.61,-0.49,0.98,3.09,142,367,30,151
0.06,0.99,-0.00,4.15,-0.18,-0.67,0.99,4.21,188,371,30,152
0.06,0.98,-0.00,6.90,-0.31,-1.34,0.98,7.03,150,381,35,149
0.06,0.98,0.01,8.67,-0.24,-1.59,0.98,8.81,176,391,37,145
0.07,0.98,0.01,6.47,0.06,-1.22,0.98,6.58,274,399,37,150
0.06,0.98,0.01,4.27,0.06,-1.28,0.98,4.46,183,404,41,149
0.06,0.98,0.01,2.38,0.12,-1.77,0.98,2.97,342,410,40,146
0.07,0.98,0.01,2.56,0.00,-2.01,0.98,3.26,203,416,43,145
0.07,0.98,0.01,3.42,-0.12,-2.32,0.98,4.13,320,421,46,144
0.06,0.99,0.01,3.36,-0.31,-2.26,0.99,4.06,226,427,50,137
0.07,1.00,0.01,5.92,-0.55,-3.54,1.00,6.92,206,437,53,137
0.06,1.00,0.01,10.80,-1.10,-6.59,1.01,12.70,278,452,64,129
0.07,1.00,0.02,14.16,-2.08,-10.31,1.00,17.64,268,467,72,116
0.08,1.06,0.02,15.38,-2.32,-13.61,1.06,20.67,297,484,78,101
0.09,1.20,-0.00,30.58,-4.52,-24.72,1.20,39.58,386,509,90,78
0.05,1.21,0.12,40.22,-6.35,-40.16,1.22,57.19,283,560,94,58
0.09,1.50,0.17,16.24,-2.99,-72.51,1.51,74.37,103,621,96,45
0.07,1.83,0.10,2.93,6.29,-122.56,1.84,122.75,38,609,98,42
-0.00,1.97,0.15,24.60,22.09,-186.22,1.98,189.13,17,563,66,36
-0.13,2.48,0.23,42.91,29.72,-256.90,2.49,262.15,8,539,29,30
-0.12,2.68,0.47,139.22,46.39,-275.33,2.73,311.99,4,535,16,25
-0.70,1.17,-0.28,230.29,85.45,-235.47,1.39,340.27,3,529,9,27
-0.89,0.29,-0.50,10.62,102.23,-115.23,1.06,154.41,3,546,6,26
-0.59,0.79,-0.12,-2.08,119.51,1.77,1.00,119.54,3,539,7,26
-0.23,0.25,-0.35,13.55,104.92,65.80,0.49,124.58,2,527,7,27
-0.22,0.45,-0.21,-1.77,60.49,104.80,0.54,121.01,2,526,6,28
-0.30,0.49,-0.20,22.71,19.59,145.51,0.61,148.57,2,521,6,27
-0.38,0.62,-0.26,30.15,-1.53,192.99,0.78,195.34,2,520,6,27
-0.36,0.91,-0.26,23.13,4.94,241.09,1.01,242.25,3,532,8,29
-0.02,1.18,-0.39,18.80,50.84,230.83,1.24,237.11,4,540,6,26
0.44,1.63,0.06,15.50,156.37,178.34,1.69,237.70,4,541,6,25
0.92,1.41,-0.72,22.28,142.33,173.03,1.83,225.16,5,538,6,26
0.75,1.66,-0.51,13.24,101.38,153.14,1.89,184.13,6,539,8,25
0.59,1.39,-0.59,15.50,93.51,143.19,1.62,171.72,5,544,7,25
0.49,1.34,-0.57,2.44,90.64,131.59,1.54,159.80,5,545,7,25
0.56,1.13,-0.66,-0.43,70.50,127.87,1.42,146.01,4,546,7,26
0.52,1.04,-0.60,-23.13,31.92,119.20,1.31,125.55,4,542,5,25
0.41,1.08,-0.43,-47.61,1.95,104.00,1.23,114.40,3,536,3,25
0.38,1.03,-0.24,-67.81,-10.62,87.89,1.12,111.52,3,523,5,24
0.40,1.08,0.05,-88.99,-30.88,80.99,1.15,124.23,3,524,4,25
0.39,1.21,0.37,-69.09,-45.23,72.75,1.32,110.06,3,523,5,25
0.33,1.16,0.39,-19.47,-33.39,50.84,1.27,63.86,3,521,5,24
0.36,0.99,0.24,15.81,10.07,38.82,1.08,43.11,3,523,4,23
1.50,0.53,0.22,111.51,83.62,-67.44,1.61,154.84,3,514,8,47
-0.07,1.35,0.16,-21.12,139.04,-203.31,1.36,247.21,4,488,12,85
0.68,0.95,0.56,13.18,52.55,-192.75,1.30,200.22,6,503,16,109
0.05,1.50,-0.14,-5.31,-39.00,-197.08,1.51,200.97,11,454,20,125
0.34,1.37,-0.07,-8.73,48.83,-107.60,1.42,118.49,30,408,19,133
0.12,0.95,0.01,15.62,-3.11,-10.68,0.95,19.18,52,400,20,138
0.05,0.98,-0.04,-9.09,-1.34,-2.38,0.98,9.50,60,392,20,131
0.05,1.00,-0.05,-4.88,-1.40,-1.40,1.00,5.27,71,389,20,135
0.04,1.00,-0.05,2.32,-1.34,-1.77,1.00,3.21,80,389,20,134
0.05,0.99,-0.04,11.05,-1.59,-2.26,0.99,11.39,104,390,22,140
0.05,0.97,-0.02,11.90,-1.71,-1.77,0.97,12.15,124,391,25,148
0.05,0.99,-0.03,6.59,-1.59,-1.59,0.99,6.96,153,390,27,151
0.05,0.98,-0.03,6.47,-1.22,-0.98,0.99,6.66,144,385,27,151
0.05,0.98,-0.02,5.92,-0.61,-0.18,0.98,5.95,190,385,31,154
0.05,0.98,-0.02,4.70,-0.18,0.00,0.98,4.70,178,383,29,153
0.05,0.99,-0.02,4.46,0.00,-0.37,0.99,4.47,158,383,32,154
0.05,0.98,-0.01,4.46,0.24,-0.98,0.98,4.57,184,386,31,150
0.05,0.99,-0.02,4.52,0.12,-1.34,0.99,4.71,186,395,34,149
0.05,0.98,-0.01,5.37,-0.43,-1.59,0.98,5.62,198,398,36,144
0.05,0.97,-0.01,5.80,-0.55,-1.89,0.98,6.12,192,404,37,143
0.05,0.98,-0.01,6.35,-0.85,-2.32,0.98,6.81,178,414,38,147
0.06,0.98,-0.01,5.49,-1.16,-2.32,0.99,6.07,320,420,42,145
0.05,0.98,-0.00,7.26,-1.46,-2.56,0.98,7.84,304,432,44,146
0.06,0.97,0.01,6.71,-1.46,-2.81,0.97,7.42,234,440,48,137
0.06,0.99,0.00,4.94,-1.28,-2.81,0.99,5.83,278,449,55,138
0.06,0.97,0.01,5.25,-0.73,-3.11,0.98,6.15,363,456,62,135
0.06,0.98,0.00,3.97,-0.98,-3.11,0.99,5.14,212,462,63,135
0.06,0.99,0.00,4.39,-0.98,-3.85,0.99,5.92,299,473,74,132
0.06,1.00,0.01,6.35,-0.98,-5.13,1.00,8.22,357,478,75,123
0.06,1.04,-0.00,10.50,-1.89,-10.99,1.04,15.31,272,491,82,105
0.07,1.14,-0.01,19.17,-3.23,-23.50,1.14,30.49,407,522,95,75
0.10,1.00,0.07,83.80,-13.18,-55.60,1.00,101.43,222,587,104,50
0.03,1.50,0.21,-0.98,-4.70,-133.36,1.51,133.45,111,649,113,43
-0.01,2.38,-0.04,-26.92,25.15,-219.97,2.38,223.03,38,619,105,37
-0.21,2.19,-0.03,14.83,20.75,-334.84,2.20,335.81,11,600,58,27
0.29,1.71,0.29,6.41,24.72,-383.18,1.76,384.03,4,563,29,21
0.12,1.27,0.01,44.19,35.16,-319.52,1.28,324.47,2,550,11,23
-0.73,0.49,-0.25,82.09,18.19,-220.52,0.91,236.01,2,559,6,25
-0.79,0.06,-0.37,27.16,-16.11,-8.36,0.87,32.67,2,559,6,24
-0.60,0.26,-0.16,-3.17,-15.01,130.80,0.68,131.70,2,537,5,26
-0.42,0.27,-0.12,14.65,4.94,179.99,0.51,180.66,2,543,5,27
-0.23,0.25,-0.22,25.70,26.25,210.94,0.41,214.11,2,539,5,26
-0.01,0.69,-0.28,15.20,31.31,262.02,0.74,264.33,2,537,4,28
0.42,0.86,-0.35,14.71,22.64,273.62,1.02,274.95,3,530,3,28
0.65,1.07,-0.39,0.49,4.82,204.16,1.31,204.22,3,531,4,26
0.74,1.20,-0.37,-6.29,-9.40,167.36,1.46,167.74,4,536,6,27
0.65,1.25,-0.23,-29.54,-12.33,133.54,1.43,137.33,5,537,5,28
0.69,1.39,-0.06,-44.13,-1.22,120.24,1.55,128.09,5,542,5,24
0.72,1.13,-0.10,-38.27,0.49,99.73,1.34,106.82,5,544,7,25
0.85,1.12,0.29,-57.56,-3.91,80.75,1.43,99.24,5,545,7,24
0.60,0.89,0.08,-59.08,-36.13,36.93,1.08,78.48,5,541,5,23
0.51,0.89,0.14,-85.94,-42.11,4.76,1.03,95.82,4,542,6,21
0.41,0.97,0.16,-94.06,-39.79,-16.11,1.06,103.39,4,529,5,23
0.30,1.03,0.26,-98.14,-27.59,-26.12,1.10,105.24,3,514,3,20
0.25,0.94,0.39,-74.22,5.00,-16.48,1.05,76.19,3,507,4,18
0.28,0.84,0.35,-20.75,52.25,2.93,0.95,56.29,3,502,4,19
0.53,0.78,0.15,24.23,92.29,2.50,0.95,95.45,3,508,4,19
0.63,0.84,-0.00,38.57,107.42,-49.01,1.05,124.22,3,508,3,21
0.59,0.84,-0.18,55.85,110.23,-95.34,1.04,156.07,3,512,4,19
0.69,0.73,-0.39,45.59,96.62,-115.11,1.08,157.05,3,517,5,19
0.73,0.55,-0.47,-35.16,38.45,-145.57,1.03,154.61,3,528,4,17
0.50,1.40,-0.03,-55.11,-12.21,-173.77,1.48,182.71,4,539,6,19
-0.05,1.20,-0.02,24.60,-36.13,-124.82,1.20,132.25,4,557,6,18
1.00,0.10,-1.56,293.64,50.90,196.84,1.86,357.16,19,656,49,15
-0.08,3.80,0.55,35.34,15.44,182.86,3.84,186.88,54,663,80,25
0.25,2.00,0.56,125.61,2.56,131.41,2.09,181.80,132,563,72,65
-0.16,1.66,0.16,3.60,-21.12,18.31,1.67,28.18,185,473,69,136
0.03,0.89,0.10,-23.99,-0.79,-8.48,0.90,25.46,203,486,78,128
0.12,1.10,-0.04,-30.52,-0.06,-11.90,1.11,32.76,342,498,90,126
0.09,1.00,0.02,6.84,-2.14,-0.92,1.00,7.22,280,502,95,128
0.07,0.99,0.03,8.24,-0.73,1.89,0.99,8.49,347,500,96,126
0.07,0.96,0.05,3.66,0.61,0.43,0.96,3.74,347,502,94,126
0.08,0.99,0.02,-2.62,1.28,-0.06,0.99,2.92,300,511,97,115
0.08,0.97,0.03,-1.34,1.28,-0.37,0.98,1.89,298,516,97,108
0.08,0.99,0.02,-0.18,1.46,-0.18,0.99,1.49,230,523,96,104
0.08,0.97,0.03,2.81,0.98,-0.67,0.98,3.05,196,528,92,105
0.08,0.97,0.03,3.23,0.98,-0.49,0.98,3.41,373,528,95,105
0.08,0.99,0.03,5.80,0.67,-0.61,1.00,5.87,280,528,97,100
0.07,0.99,0.04,10.01,-0.06,-2.01,0.99,10.21,320,528,95,100
0.07,0.98,0.05,10.56,-1.04,-5.74,0.98,12.06,317,540,101,92
0.09,0.96,0.05,6.41,-1.10,-7.69,0.97,10.07,235,552,102,83
0.09,0.96,0.04,0.85,0.06,-5.13,0.97,5.20,248,558,104,75
0.08,0.98,0.06,5.68,0.37,-4.09,0.99,7.01,203,560,108,73
0.07,0.94,0.09,1.40,0.31,-5.13,0.95,5.32,214,563,107,69
0.11,0.93,0.04,-2.38,0.31,-4.52,0.94,5.11,271,565,108,65
0.11,0.98,0.03,-5.37,2.44,2.50,0.99,6.41,271,561,111,72
0.09,1.01,0.05,4.82,0.55,-1.77,1.01,5.17,254,558,112,71
0.09,0.94,0.06,2.26,-0.43,-7.63,0.94,7.97,257,559,115,68
0.13,0.95,0.02,-3.91,1.83,-0.18,0.96,4.32,206,556,111,71
0.09,1.06,0.05,4.88,1.28,4.82,1.07,6.98,389,553,110,81
0.10,0.96,0.06,12.70,-1.59,-4.82,0.96,13.67,333,552,109,83
0.08,1.02,0.05,16.24,-1.59,-3.72,1.03,16.73,290,550,110,84
0.08,1.07,0.08,21.00,-3.30,-10.68,1.08,23.79,309,563,113,75
0.09,0.97,0.21,40.22,-7.75,-27.10,0.99,49.12,185,615,110,66
-0.03,1.60,0.30,27.04,-1.28,-52.06,1.63,58.68,83,663,111,62
-0.18,2.11,0.29,7.57,40.28,-117.80,2.13,124.73,32,609,97,53
-0.13,1.93,0.08,57.50,65.43,-203.43,1.94,221.29,8,564,64,43
-0.28,1.39,0.35,129.39,76.35,-224.12,1.46,269.82,3,550,27,33
-0.01,0.57,0.26,161.62,94.48,-196.84,0.63,271.65,2,578,19,29
-0.28,0.40,0.15,137.88,118.96,-157.10,0.51,240.51,2,580,15,29
-0.98,-0.40,-0.58,74.28,134.58,-82.58,1.21,174.50,2,578,11,28
-0.66,0.43,-0.41,6.41,126.59,12.94,0.88,127.41,3,568,6,30
-0.09,0.39,-0.28,25.70,25.27,65.37,0.49,74.64,3,571,10,27
0.03,0.50,-0.16,57.68,-80.44,94.60,0.53,136.92,3,575,7,29
-0.18,0.56,-0.03,38.33,-126.77,102.84,0.59,167.68,3,574,8,28
-0.24,0.90,0.19,5.19,-74.40,125.12,0.95,145.66,3,571,8,26
0.33,1.01,0.07,-14.71,-30.15,121.83,1.06,126.36,3,577,8,26
0.26,1.02,0.05,-31.19,-6.29,75.50,1.05,81.93,2,581,7,25
0.06,1.09,0.09,-52.98,29.66,73.67,1.09,95.47,3,588,7,24
0.30,1.11,0.09,-59.33,76.17,87.71,1.16,130.44,3,586,7,21
0.69,1.00,-0.05,-61.71,97.84,35.77,1.22,121.08,3,596,7,22
0.78,0.98,0.02,-68.12,77.39,3.78,1.26,103.17,3,594,8,19
0.50,1.33,0.26,-43.21,75.56,53.34,1.44,102.09,3,599,7,19
0.79,0.84,-0.24,16.97,122.68,138.24,1.18,185.61,3,602,7,18
1.58,0.56,-0.28,-41.02,98.21,82.40,1.70,134.60,3,599,9,17
1.54,0.63,0.02,-106.32,-1.22,-22.46,1.66,108.68,3,604,7,16
1.18,0.99,0.04,-100.83,-68.91,-46.63,1.54,130.73,3,605,7,14
1.24,0.73,-0.17,-75.26,-102.60,-27.04,1.45,130.08,4,600,8,14
1.31,0.64,-0.15,-87.95,-109.92,-30.15,1.47,143.97,4,601,8,12
1.27,0.88,-0.11,-83.56,-87.28,-88.93,1.55,150.03,4,597,7,12
0.81,1.21,-0.01,-27.53,-72.45,-95.28,1.46,122.82,4,610,9,14
0.29,3.89,-0.50,164.79,-63.78,75.87,3.93,192.31,19,681,59,19
-0.00,3.21,1.58,66.10,-8.00,99.73,3.58,119.92,54,681,94,27
-0.07,1.42,0.68,31.19,-3.60,135.07,1.58,138.67,106,659,100,36
0.01,0.46,0.09,-20.39,3.97,156.31,0.47,157.68,186,629,82,47
-0.14,1.43,-0.17,28.32,-13.00,42.36,1.45,52.59,288,539,74,108
0.04,0.98,0.07,-5.68,-2.32,-8.06,0.99,10.12,361,534,89,109
0.08,0.99,-0.01,-12.82,-0.18,-8.48,0.99,15.37,442,549,91,94
0.10,0.98,-0.01,-1.28,0.61,0.79,0.98,1.63,320,551,94,91
0.04,1.01,0.02,6.77,-0.79,3.97,1.01,7.89,480,547,88,99
0.07,0.99,0.02,3.60,-0.31,1.40,0.99,3.88,361,548,86,98
0.06,0.97,0.02,2.75,0.06,0.73,0.97,2.84,470,549,83,97
0.06,0.99,0.01,2.08,-15.50,1.95,0.99,15.76,307,547,79,95
0.06,0.99,0.02,3.72,0.06,1.65,0.99,4.07,300,541,77,94
0.06,1.00,0.02,6.47,0.00,-0.85,1.00,6.53,298,538,79,93
0.06,0.99,0.02,9.34,-0.37,-2.38,0.99,9.64,317,539,80,95
0.06,0.98,0.03,9.64,-0.12,-3.05,0.98,10.12,296,543,84,92
0.06,0.97,0.04,8.24,-0.12,-2.50,0.97,8.61,272,548,83,88
0.06,1.05,0.02,1.89,0.24,-1.34,1.05,2.33,270,552,87,86
0.07,1.10,0.02,15.01,-2.20,-10.01,1.10,18.18,317,571,93,70
0.08,0.92,0.09,19.04,-3.85,-19.84,0.92,27.77,237,598,100,51
0.09,0.77,0.09,3.42,-0.49,-2.26,0.78,4.13,227,606,100,46
0.10,1.12,0.04,7.93,0.79,-2.69,1.12,8.41,290,597,103,52
0.09,1.05,0.06,24.54,-3.48,-16.54,1.05,29.79,276,604,109,49
0.11,0.78,0.09,23.93,-3.85,-21.91,0.79,32.67,278,612,114,44
0.12,0.73,0.12,0.79,0.67,5.62,0.75,5.71,235,609,109,53
0.08,1.29,0.02,-13.85,5.00,22.83,1.30,27.17,313,592,96,68
0.11,1.07,0.05,16.30,-3.23,-6.04,1.08,17.68,424,592,99,71
0.09,1.33,0.07,24.90,-4.15,-16.91,1.34,30.38,224,608,102,63
0.13,1.53,0.23,54.87,-4.88,-59.08,1.55,80.78,155,624,100,49
-0.15,1.82,0.41,38.15,11.60,-156.86,1.87,161.85,39,639,92,41
-0.16,1.66,0.31,23.99,54.38,-204.77,1.70,213.22,11,610,63,34
-0.40,1.17,0.29,93.75,89.66,-214.97,1.27,251.07,7,583,37,30
-0.26,0.36,0.01,114.14,123.11,-200.32,0.44,261.36,5,563,24,26
0.51,0.47,0.09,89.11,145.69,-180.91,0.70,248.79,4,569,16,28
-0.88,-0.23,-0.40,-9.40,125.24,-61.58,0.99,139.88,3,548,7,23
-0.36,0.30,-0.37,-0.67,64.39,13.73,0.60,65.84,3,552,6,23
-0.22,0.56,-0.14,6.59,-27.16,105.29,0.61,108.93,3,546,4,24
-0.16,0.46,-0.12,13.12,-54.50,126.40,0.50,138.28,3,548,4,24
-0.10,0.84,0.01,-13.37,-37.78,121.89,0.85,128.31,3,547,6,24
-0.01,0.86,-0.05,-27.28,-9.46,133.61,0.86,136.69,3,549,6,22
0.11,1.11,0.00,-27.10,-5.43,145.51,1.12,148.11,3,544,6,21
0.20,0.98,-0.03,-32.10,-8.61,138.37,1.00,142.30,3,544,7,23
0.15,1.11,0.05,-51.64,3.42,99.49,1.12,112.14,2,542,5,22
0.35,1.22,0.08,-61.28,39.43,44.43,1.27,85.35,2,545,7,22
0.59,1.16,0.03,-61.34,58.41,-15.87,1.30,86.18,2,562,6,21
0.86,1.21,0.10,-65.55,59.75,-43.40,1.49,98.75,2,581,5,20
1.26,1.06,0.07,-46.94,42.91,-11.72,1.65,64.66,2,588,7,19
1.49,0.78,0.04,-23.80,-7.57,62.50,1.68,67.31,3,581,6,17
1.67,0.48,-0.07,-12.08,-80.63,82.46,1.73,115.96,3,581,8,16
1.32,0.31,-0.19,-47.06,-106.45,-14.04,1.37,117.23,3,580,6,15
0.91,0.69,-0.09,-71.29,-91.43,-94.73,1.15,149.72,3,584,6,15
0.68,0.61,-0.08,-63.66,-53.16,-120.67,0.92,146.42,4,597,6,14
0.76,0.86,-0.03,-54.20,-24.17,-98.02,1.15,114.59,4,611,7,13
0.75,0.97,-0.26,-21.85,-10.93,-95.21,1.26,98.30,5,616,10,9
-0.88,3.97,0.82,28.75,-56.52,-43.70,4.14,77.01,7,641,38,11
0.38,0.58,-0.47,125.24,-17.52,225.77,0.83,258.78,28,665,71,17
0.08,0.75,-0.05,118.16,-23.68,210.27,0.76,242.35,65,668,82,26
0.33,3.63,-0.37,-99.37,49.01,131.16,3.66,171.70,188,591,87,57
-0.17,0.29,0.22,98.08,-21.12,0.49,0.41,100.33,336,525,97,114
0.11,1.21,-0.03,-36.01,-1.89,-23.07,1.22,42.81,547,545,107,92
0.16,0.94,-0.02,-0.24,-2.08,-23.07,0.95,23.17,388,556,116,80
0.09,1.04,0.05,19.17,-1.71,3.91,1.04,19.63,424,547,120,92
0.06,0.95,0.08,19.90,-3.36,-3.66,0.95,20.51,363,546,121,95
0.09,0.98,0.07,12.39,-1.95,-7.26,0.98,14.49,393,553,124,86
0.10,0.97,0.07,6.10,-0.92,-4.88,0.98,7.87,426,561,121,79
0.10,0.97,0.06,6.23,-0.73,-3.30,0.98,7.08,393,572,123,71
0.10,0.96,0.07,5.86,-0.61,-3.30,0.96,6.75,334,585,120,63
0.11,0.97,0.07,2.87,-0.37,-2.44,0.98,3.78,361,598,119,56
0.11,0.96,0.07,4.27,0.12,-0.92,0.97,4.37,361,606,113,54
0.11,0.98,0.07,4.21,0.55,0.31,0.98,4.26,310,611,119,51
0.11,0.97,0.08,8.67,0.12,-0.37,0.98,8.68,330,611,120,51
0.11,0.97,0.07,5.62,-0.06,-2.26,0.98,6.05,291,614,117,50
0.10,0.99,0.09,2.26,-0.98,-5.68,1.00,6.19,246,634,118,46
0.11,0.95,0.09,-1.10,-1.46,-9.52,0.97,9.70,224,655,117,41
0.11,0.97,0.11,-6.23,-0.06,-12.27,0.98,13.76,277,670,117,40
0.12,0.93,0.08,-4.58,1.65,-11.29,0.94,12.30,225,679,121,39
0.17,0.93,0.01,-3.66,3.11,3.36,0.95,5.86,237,672,120,40
0.08,0.96,0.14,11.96,2.32,5.55,0.98,13.39,197,657,118,43
0.13,0.99,0.07,5.62,1.65,-0.12,1.00,5.85,280,646,122,44
0.07,1.03,0.17,8.97,-1.04,-9.70,1.05,13.26,295,634,125,46
0.13,0.84,0.07,-20.32,0.61,-34.48,0.86,40.03,251,664,121,43
0.27,0.82,-0.15,-5.00,2.99,-6.41,0.88,8.66,240,659,117,44
0.22,0.98,0.09,24.96,3.05,30.88,1.01,39.83,388,642,110,48
-0.04,1.12,0.20,39.49,-9.46,6.90,1.13,41.19,293,627,115,57
0.11,1.30,0.15,-3.60,-4.70,-53.47,1.31,53.79,262,654,115,49
-0.09,1.96,0.34,12.51,21.85,-111.94,1.99,114.74,98,664,111,47
-0.08,1.79,0.17,1.71,45.65,-179.14,1.80,184.87,20,628,93,36
-0.17,1.64,0.18,35.46,61.40,-230.04,1.66,240.72,7,586,50,26
-0.45,1.37,0.42,130.37,82.52,-224.67,1.50,272.55,4,580,28,25
-0.29,0.33,-0.02,169.56,126.16,-188.60,0.45,283.26,3,571,20,25
-1.02,-1.00,-0.80,49.07,142.70,-117.49,1.64,191.25,3,561,8,27
-0.96,-0.17,-0.45,-11.11,116.21,-24.90,1.08,119.37,3,570,6,28
-0.45,0.63,-0.14,-0.55,26.37,99.55,0.78,102.98,3,571,6,26
-0.22,0.58,-0.08,39.49,-62.07,164.73,0.63,180.42,3,576,6,25
-0.02,0.86,-0.00,5.49,-63.23,172.12,0.86,183.45,4,575,9,24
-0.02,1.12,-0.07,-5.13,-36.38,156.80,1.12,161.05,5,575,7,25
0.35,1.38,0.05,-21.73,6.84,158.45,1.43,160.08,5,580,6,22
0.59,1.36,0.01,-26.31,24.35,151.86,1.48,156.03,6,583,8,20
0.60,1.42,0.12,-25.15,25.70,126.04,1.55,131.07,6,582,7,21
0.72,1.38,0.16,-1.04,24.66,115.54,1.56,118.15,7,582,6,19
0.84,1.27,0.13,2.56,2.14,96.74,1.53,96.80,7,588,7,22
0.89,0.76,-0.11,-0.55,-20.63,39.55,1.17,44.61,6,583,7,20
0.44,0.75,-0.10,-59.81,-13.31,-54.57,0.88,82.05,4,578,5,19
0.38,0.81,-0.05,-76.42,22.03,-67.32,0.90,104.20,4,581,7,16
0.63,0.80,-0.09,-94.79,49.99,-86.43,1.02,137.67,3,591,6,14
0.81,0.97,0.01,-101.93,53.22,-77.15,1.26,138.47,3,592,5,13
0.88,0.88,0.06,-61.83,43.09,-39.61,1.25,85.14,3,597,4,11
1.09,0.59,-0.05,-24.84,18.43,-2.50,1.25,31.03,4,591,5,11
1.18,0.79,0.00,-30.52,-18.98,-4.27,1.42,36.19,4,594,5,10
1.26,1.07,0.20,16.78,-52.06,-8.79,1.67,55.40,4,603,6,10
0.89,0.83,0.21,67.99,-73.91,-37.78,1.23,107.30,4,615,7,11
0.48,1.21,0.26,103.52,-36.38,-52.61,1.33,121.68,4,626,6,13
0.40,0.73,-0.29,97.72,0.24,-92.83,0.88,134.78,4,627,8,15
0.03,3.73,0.57,-10.50,0.85,106.81,3.77,107.33,4,662,39,12
0.27,1.05,0.00,-45.96,4.88,162.84,1.09,169.27,10,678,70,19
0.20,0.76,-0.23,-14.16,-2.44,143.37,0.82,144.09,27,688,89,24
0.46,1.25,-0.23,8.79,-4.03,144.29,1.35,144.61,76,685,97,33
-0.16,1.42,-0.38,105.04,-21.97,87.59,1.48,138.52,242,542,97,104
0.00,1.06,0.22,25.63,-6.96,-2.14,1.08,26.65,340,528,107,117
0.09,1.01,-0.01,-22.58,-1.16,-14.53,1.01,26.88,322,544,113,96
0.12,0.97,0.01,0.06,-0.79,-4.09,0.98,4.17,324,553,118,90
0.08,0.98,0.04,10.99,0.49,2.14,0.99,11.20,405,552,115,90
0.08,0.98,0.05,10.56,0.43,1.22,0.98,10.64,374,554,114,93
0.09,1.00,0.03,5.62,0.31,-1.89,1.00,5.93,400,563,112,88
0.10,0.99,0.03,7.14,-0.67,-3.30,0.99,7.89,224,582,105,81
0.09,0.96,0.05,10.25,-0.55,-2.08,0.96,10.48,220,593,101,73
0.09,0.95,0.06,10.25,0.18,-1.28,0.96,10.34,190,593,100,71
0.09,0.98,0.05,9.22,-0.37,-2.44,0.99,9.54,206,601,99,64
0.07,0.89,0.11,8.48,-1.40,-5.80,0.90,10.37,162,616,100,60
0.12,0.93,0.04,-6.96,1.77,1.10,0.94,7.26,174,611,102,60
0.08,1.01,0.05,-1.77,2.75,4.58,1.02,5.62,168,597,97,67
0.08,0.93,0.08,6.84,-0.92,-5.31,0.93,8.70,206,600,100,64
0.11,0.95,0.05,0.67,-0.37,-5.92,0.96,5.97,188,604,108,59
0.10,0.99,0.05,-2.93,2.99,3.66,0.99,5.56,210,598,107,66
0.07,1.08,0.05,5.92,-0.49,-3.66,1.08,6.98,274,593,103,69
0.10,1.07,0.04,9.09,-4.33,-18.37,1.08,20.95,276,602,108,55
0.10,0.95,0.05,12.51,-3.23,-15.93,0.96,20.51,212,616,104,51
0.13,1.09,0.07,22.89,-1.59,-1.22,1.10,22.98,188,616,94,55
0.13,1.26,0.03,14.89,-12.08,-30.40,1.26,35.94,97,641,92,49
-0.09,2.55,0.33,46.02,15.99,-122.01,2.57,131.38,42,616,84,42
-0.29,1.83,0.17,28.32,38.27,-223.08,1.86,228.11,11,574,61,31
-0.32,1.67,0.36,73.06,56.15,-277.71,1.74,292.60,4,575,25,25
-0.26,1.14,0.21,154.24,78.61,-263.00,1.19,314.86,2,562,17,23
-0.25,0.30,-0.07,152.10,96.25,-201.05,0.40,269.85,2,554,12,25
-1.50,-1.10,-0.94,40.28,102.72,-80.81,2.08,136.77,3,555,8,29
-0.80,0.10,-0.61,-37.35,104.92,23.62,1.01,113.85,3,569,6,26
-0.07,0.44,-0.27,-8.61,21.79,100.46,0.52,103.16,3,579,6,26
-0.26,0.43,-0.24,20.45,-79.41,142.33,0.55,164.26,3,580,7,25
-0.11,0.69,-0.12,-11.35,-111.57,150.09,0.71,187.36,3,582,6,25
0.06,0.89,0.00,-53.89,-100.59,120.61,0.89,166.04,3,584,7,25
0.29,1.28,0.04,-63.96,-109.92,89.90,1.31,155.75,3,592,9,22
0.34,0.81,-0.02,-81.18,-117.55,35.22,0.88,147.14,3,585,8,22
0.02,0.95,0.22,-138.31,-94.48,-10.25,0.97,167.81,2,579,6,18
0.37,0.97,0.30,-160.77,-22.95,-32.10,1.08,165.54,2,589,5,16
0.86,1.07,0.36,-179.44,41.32,-36.25,1.42,187.67,2,590,4,16
1.08,1.38,0.52,-160.03,87.89,-17.76,1.82,183.44,2,604,5,16
1.28,0.96,0.39,-72.20,100.95,6.84,1.65,124.30,2,602,7,13
1.43,0.68,0.11,-34.79,65.12,47.91,1.59,88.02,3,595,7,15
1.48,0.74,0.23,-43.09,29.60,44.01,1.67,68.33,3,602,6,13
1.53,0.84,0.29,-7.81,3.60,2.44,1.77,8.94,3,601,6,12
1.20,0.64,-0.02,38.76,-10.13,-28.69,1.36,49.27,4,609,6,11
1.19,0.45,-0.28,61.95,-5.49,-34.97,1.31,71.35,4,621,7,14
0.93,0.16,-0.43,31.92,-1.16,-84.96,1.04,90.77,4,632,7,11
-0.35,3.67,0.37,97.23,-23.62,39.73,3.70,107.66,12,671,45,11
0.06,2.06,-0.79,74.40,23.56,247.13,2.20,259.16,51,710,88,17
-0.17,1.96,-0.17,139.40,-20.14,187.07,1.98,234.17,98,684,98,27
0.09,1.87,0.81,21.06,-19.53,99.49,2.04,103.55,361,572,92,70
-0.07,0.76,0.07,58.17,-15.01,3.23,0.77,60.16,307,520,97,111
0.11,1.04,-0.05,-9.58,-0.79,-8.42,1.05,12.78,433,523,100,113
0.09,0.96,0.01,9.52,-1.83,-1.16,0.97,9.77,540,521,109,114
0.09,0.97,0.00,6.10,-3.42,4.52,0.97,8.33,439,513,102,130
0.05,1.00,0.00,6.04,-4.82,5.13,1.00,9.28,457,496,87,133
0.06,0.96,0.01,4.27,-2.32,5.13,0.97,7.07,279,472,78,139
0.06,0.98,0.02,1.28,-0.79,5.31,0.98,5.52,233,455,73,139
0.05,1.00,0.00,-0.61,0.18,5.55,1.00,5.59,176,443,66,140
0.06,0.97,0.01,-0.98,0.92,5.74,0.97,5.89,256,433,60,142
0.05,0.99,0.00,-0.43,1.22,5.55,0.99,5.70,160,426,51,144
0.04,0.99,0.01,-0.49,1.40,5.43,0.99,5.63,85,421,46,140
0.04,0.98,0.01,1.77,1.71,4.88,0.98,5.47,87,414,42,144
0.04,1.00,0.00,-2.01,1.83,3.36,1.00,4.32,74,412,35,142
0.04,0.99,0.00,-0.98,2.20,2.26,0.99,3.30,74,414,35,144
0.04,0.98,0.01,-1.53,1.83,1.65,0.98,2.90,61,412,34,143
0.04,1.00,-0.00,-0.49,1.71,0.85,1.00,1.97,63,411,33,145
0.03,0.98,0.00,1.22,1.34,0.55,0.98,1.90,68,411,33,141
0.04,0.98,0.00,1.77,1.22,-0.98,0.98,2.36,63,417,38,146
0.04,1.00,-0.01,-0.37,1.04,-1.83,1.00,2.14,81,421,39,141
0.04,0.99,0.00,1.71,0.79,-2.93,0.99,3.48,97,429,43,142
0.04,0.97,0.00,3.48,0.00,-5.19,0.97,6.25,99,447,47,139
0.04,0.98,0.01,7.87,-0.49,-5.74,0.98,9.75,150,461,56,140
0.05,0.99,0.00,7.87,-0.98,-8.18,0.99,11.39,182,481,68,137
0.05,0.95,0.03,9.40,-1.65,-9.58,0.95,13.52,239,495,77,130
0.06,1.00,0.01,7.14,-1.40,-9.77,1.01,12.18,324,509,84,121
0.07,0.99,0.02,11.35,-1.83,-10.56,0.99,15.61,240,518,89,116
0.06,0.99,0.02,20.69,-3.23,-14.16,0.99,25.28,186,531,92,104
0.07,1.09,0.02,30.64,-5.37,-18.62,1.09,36.25,230,556,98,90
0.00,0.84,0.26,48.58,-7.87,-39.92,0.88,63.37,154,601,99,73
0.05,1.42,0.13,61.16,9.22,-43.58,1.43,75.66,89,637,93,63
0.06,2.18,-0.03,48.52,31.25,-94.73,2.19,110.92,40,593,86,57
-0.16,1.92,0.17,81.54,41.69,-170.78,1.93,193.78,11,541,60,51
-0.28,1.59,0.33,123.11,58.53,-228.03,1.65,265.67,4,541,25,41
-0.37,1.01,0.19,190.49,84.41,-237.43,1.10,315.89,2,570,17,31
-0.09,0.85,0.14,175.78,103.88,-233.22,0.86,309.97,2,556,14,29
-0.84,-0.49,-0.53,154.91,111.27,-119.57,1.11,225.11,3,547,9,33
-1.99,-0.13,-0.78,-56.46,186.58,15.38,2.14,195.54,3,550,5,32
-0.50,0.36,-0.63,-61.40,169.19,107.60,0.88,209.70,3,553,4,31
-0.08,0.73,-0.29,-49.13,42.11,155.70,0.79,168.61,3,563,6,28
-0.07,0.72,-0.20,-0.55,-73.79,182.98,0.75,197.30,3,564,7,27
-0.18,0.87,-0.05,-29.54,-103.94,179.57,0.89,209.57,3,568,7,26
-0.03,1.15,-0.11,-52.19,-66.47,131.29,1.16,156.13,4,570,4,26
0.38,0.64,-0.19,-85.45,-2.32,-1.65,0.77,85.50,4,572,5,22
0.59,0.78,-0.15,-171.14,13.49,-120.18,0.99,209.56,3,579,2,20
1.03,1.18,0.12,-240.17,25.76,-126.46,1.57,272.65,3,585,5,20
1.17,1.91,0.99,-97.90,96.07,-4.88,2.45,137.25,3,600,6,17
2.06,0.51,0.05,91.74,110.29,115.05,2.13,183.89,3,603,6,15
2.68,0.01,-0.39,19.96,3.36,136.78,2.71,138.27,4,594,5,15
2.10,0.45,0.08,-37.84,-92.96,73.43,2.15,124.36,4,597,5,16
1.50,0.66,0.29,-5.98,-81.05,5.13,1.66,81.44,4,600,7,15
1.13,0.49,-0.04,59.63,-23.50,-19.23,1.24,66.92,4,612,6,15
0.54,0.72,-0.17,66.77,28.14,-56.58,0.91,91.93,4,619,6,18
0.28,0.69,-0.33,66.04,73.00,-79.35,0.81,126.43,3,622,7,17
0.78,1.05,-0.47,138.49,0.92,183.72,1.39,230.07,4,635,35,15
0.49,1.39,0.14,25.51,-20.63,247.25,1.48,249.42,11,648,65,18
-0.05,0.76,0.29,81.12,-45.59,188.72,0.81,210.41,22,651,88,23
-0.11,3.41,0.74,5.37,2.81,159.24,3.49,159.36,69,614,96,36
-0.23,1.96,-0.18,40.34,-30.70,16.78,1.98,53.40,349,501,106,112
0.09,0.88,0.02,-28.38,-0.24,-10.38,0.88,30.22,272,509,115,106
0.11,0.91,0.03,-15.62,-0.92,-14.47,0.92,21.31,278,528,122,89
0.13,1.09,-0.04,2.14,-1.34,-2.08,1.10,3.27,381,520,125,92
0.08,0.97,0.04,8.18,-1.28,-3.91,0.97,9.15,386,521,127,90
0.11,0.93,0.02,6.35,-0.24,-3.36,0.94,7.18,256,523,131,88
0.10,0.97,0.06,4.52,0.43,0.12,0.98,4.54,356,524,129,85
0.09,1.04,0.01,2.08,0.79,0.92,1.04,2.40,284,527,129,86
0.10,0.93,0.04,5.86,0.06,-2.56,0.94,6.40,286,539,126,79
0.11,0.97,0.02,0.67,1.04,-0.98,0.98,1.58,302,551,126,72
0.10,0.97,0.03,2.62,0.98,1.28,0.97,3.08,248,557,124,69
0.10,0.98,0.03,2.38,1.53,3.11,0.98,4.21,234,561,122,67
0.09,0.99,0.02,2.93,1.04,2.50,0.99,3.99,205,563,118,72
0.10,0.97,0.03,5.86,0.73,2.56,0.98,6.44,194,562,109,72
0.09,0.97,0.04,4.27,0.92,2.56,0.98,5.07,145,556,107,73
0.09,0.96,0.04,2.32,1.22,2.75,0.97,3.80,124,546,106,73
0.09,0.96,0.04,1.34,1.10,3.30,0.96,3.72,145,535,99,77
0.08,0.96,0.04,2.14,1.53,3.91,0.97,4.71,130,525,99,80
0.09,0.94,0.04,-4.09,1.95,3.05,0.95,5.46,110,517,97,82
0.08,0.99,0.02,-12.51,3.66,7.20,0.99,14.89,109,496,89,87
0.07,0.96,0.03,-2.20,0.79,-1.59,0.97,2.82,132,503,94,92
0.09,0.99,0.02,-3.23,0.24,-2.93,0.99,4.37,144,511,100,92
0.08,0.92,0.04,-0.18,-1.77,-5.86,0.93,6.12,169,521,101,88
0.10,1.10,-0.03,-5.92,-1.28,-0.67,1.10,6.09,222,522,99,94
0.07,0.95,0.03,10.31,-3.17,-4.52,0.95,11.70,176,527,99,94
0.09,0.97,0.03,16.91,-3.48,-7.32,0.97,18.75,242,532,99,88
0.08,1.22,-0.04,22.16,-4.15,-12.08,1.23,25.58,178,538,108,77
-0.01,1.56,0.30,56.76,-5.62,-45.59,1.59,73.02,126,592,99,59
-0.10,2.37,0.36,20.75,5.92,-104.68,2.40,106.88,44,641,99,53
-0.11,2.52,0.05,28.81,44.07,-194.46,2.52,201.46,17,596,84,41
-0.37,1.85,0.07,67.08,51.64,-287.60,1.89,299.80,5,571,41,33
-0.20,1.29,0.21,134.83,63.11,-314.82,1.32,348.24,2,563,24,23
0.26,0.51,-0.15,165.77,73.91,-271.18,0.59,326.32,2,537,16,23
-2.14,-1.46,-1.08,20.45,122.80,-68.54,2.81,142.11,3,528,9,29
-1.23,-0.47,-1.48,-115.42,306.88,60.00,1.98,333.32,3,543,6,25
0.13,0.87,-0.25,-119.26,176.76,131.47,0.91,250.50,4,557,7,26
0.20,0.59,0.11,1.65,-24.41,172.85,0.63,174.57,4,556,6,26
-0.28,1.05,0.27,28.87,-114.62,200.68,1.12,232.91,5,552,6,24
-0.15,0.83,0.09,39.67,-73.79,188.90,0.84,206.65,5,554,8,23
0.38,1.50,0.32,21.48,9.03,137.63,1.58,139.59,5,550,7,23
1.02,1.52,0.17,84.41,16.54,112.49,1.83,141.61,5,563,9,22
0.97,0.87,-0.03,107.36,-49.19,99.61,1.30,154.49,5,573,10,21
0.61,0.61,-0.03,-30.94,-24.54,33.75,0.86,51.95,5,585,8,21
0.63,1.07,0.20,-50.84,77.33,-16.97,1.26,94.09,4,587,9,18
1.08,1.14,0.02,-43.09,140.26,-18.62,1.57,147.90,3,583,9,19
1.48,0.84,-0.25,-19.47,126.46,-27.16,1.72,130.81,3,575,7,17
1.58,0.54,-0.31,-52.43,40.22,-49.13,1.70,82.35,3,566,7,15
1.22,0.94,-0.02,-82.34,-39.37,-44.13,1.54,101.37,3,576,6,15
1.00,0.89,0.05,-39.86,-67.50,-5.19,1.34,78.56,2,577,7,12
1.01,0.61,-0.15,-4.46,-71.04,16.11,1.19,72.99,3,582,8,15
0.93,0.46,-0.26,-20.69,-74.16,-12.57,1.07,78.01,2,589,6,13
0.78,0.75,-0.07,-51.03,-71.59,-64.03,1.08,108.76,2,604,6,16
0.51,0.94,0.18,-28.32,-59.33,-71.59,1.08,97.20,2,619,7,16
0.28,1.01,0.17,11.23,-19.90,-66.89,1.06,70.69,2,626,5,14
-1.00,1.03,0.01,59.39,18.43,-45.04,1.44,76.78,2,638,15,13
1.18,-0.19,-0.51,77.03,12.45,136.29,1.30,157.05,4,668,55,14
0.01,1.62,0.12,8.18,7.39,185.00,1.63,185.33,10,683,86,19
0.04,1.46,-0.03,-4.39,12.94,154.54,1.46,155.14,17,691,99,23
0.53,1.12,-0.29,-2.01,13.37,149.35,1.27,149.96,38,683,90,32
-0.03,3.26,0.33,-19.59,29.66,148.44,3.28,152.64,198,523,92,96
-0.12,0.43,0.06,19.35,-7.26,-0.67,0.45,20.68,266,494,97,125
0.12,0.99,-0.08,-23.07,1.46,-7.51,1.00,24.31,274,503,100,115
0.09,0.98,-0.02,8.18,-0.61,1.22,0.99,8.29,229,504,105,121
0.07,0.99,-0.01,7.57,-1.10,2.81,0.99,8.15,365,497,96,120
0.07,0.99,-0.01,6.23,-0.49,2.08,0.99,6.58,306,493,92,124
0.07,0.97,-0.00,3.66,-0.18,-1.04,0.97,3.81,248,493,90,123
0.08,0.98,-0.01,1.59,0.43,-2.32,0.98,2.84,310,500,95,120
0.08,0.97,-0.01,1.46,0.49,-1.71,0.97,2.30,313,502,94,116
0.08,0.98,-0.01,1.65,0.61,-0.92,0.98,1.98,256,503,100,115
0.08,0.99,-0.01,4.21,0.55,-0.12,1.00,4.25,362,505,96,113
0.07,0.99,-0.00,6.23,0.18,-1.16,0.99,6.34,334,507,96,112
0.07,1.00,-0.01,7.08,-0.18,-1.95,1.00,7.35,290,512,102,108
0.08,0.98,0.00,9.83,-0.43,-4.76,0.99,10.93,241,519,104,97
0.08,0.99,0.00,9.89,-0.61,-6.84,1.00,12.04,317,528,114,88
0.09,0.98,0.01,9.83,-1.10,-8.97,0.99,13.35,235,539,115,73
0.10,0.90,0.01,11.84,-1.83,-11.60,0.90,16.67,322,545,116,65
0.10,0.96,0.04,6.35,-1.04,-6.65,0.97,9.25,352,548,120,63
0.11,1.00,0.02,11.11,-1.59,-3.97,1.01,11.90,359,549,122,65
0.10,0.98,0.03,10.07,-4.64,-9.58,0.99,14.65,276,558,124,57
0.09,0.93,0.08,4.82,-4.64,-11.17,0.94,13.02,233,566,122,55
0.13,1.01,0.00,3.91,-3.91,-6.04,1.02,8.19,280,571,124,52
0.13,1.07,-0.00,13.00,-5.92,-10.80,1.07,17.91,263,582,127,51
0.04,0.93,0.15,2.99,-5.62,-28.38,0.95,29.09,238,601,127,51
0.22,0.78,-0.03,-4.21,-1.28,-8.12,0.81,9.23,298,603,127,49
0.21,1.24,-0.04,18.49,-13.79,12.27,1.26,26.13,300,603,124,56
-0.01,1.39,0.14,6.23,-17.09,-38.88,1.40,42.92,227,620,116,50
-0.00,1.65,0.32,-35.46,-10.74,-108.03,1.68,114.21,96,670,118,46
-0.06,1.96,0.11,-38.82,28.20,-230.71,1.96,235.65,54,648,111,33
0.00,1.72,-0.08,-23.68,41.32,-308.90,1.72,312.55,24,649,71,26
0.17,1.14,0.12,-8.30,44.13,-318.66,1.15,321.81,7,594,36,24
0.21,0.87,0.11,24.96,51.03,-268.43,0.90,274.38,3,565,21,20
-0.04,0.64,0.11,78.67,56.27,-202.09,0.65,224.04,2,545,14,22
-0.87,-0.22,-0.42,87.83,62.56,-86.12,0.99,138.00,3,554,9,24
-0.67,0.20,-0.24,60.49,-0.92,66.89,0.74,90.19,3,546,8,26
-0.32,0.05,-0.25,100.34,-43.95,119.38,0.41,162.03,3,550,7,25
-0.30,0.14,-0.32,78.98,-47.24,134.95,0.47,163.34,3,554,6,24
-0.16,0.34,-0.37,52.06,-24.96,142.15,0.52,153.43,3,560,5,25
0.10,0.65,-0.25,8.48,-18.37,161.32,0.70,162.58,4,565,7,24
0.38,0.95,-0.10,2.75,-39.37,160.28,1.02,165.07,4,569,7,25
0.47,0.99,0.00,8.06,-52.92,134.95,1.09,145.18,4,569,8,24
0.38,0.77,-0.08,-1.65,-39.43,81.12,0.86,90.21,4,571,9,24
0.29,0.64,-0.27,-115.05,-36.56,72.63,0.75,140.89,4,565,7,24
0.08,1.09,-0.11,-170.04,17.40,70.43,1.10,184.87,4,555,5,23
0.50,1.90,0.18,-156.62,82.21,90.64,1.98,198.75,4,555,6,23
0.87,1.15,-0.16,-39.06,106.93,22.52,1.45,116.05,4,558,7,21
0.70,1.09,-0.23,-65.49,94.42,-46.39,1.31,123.92,3,569,7,19
0.59,1.45,0.00,-52.98,98.57,-42.91,1.56,119.85,3,569,5,16
0.90,1.14,-0.12,-79.04,93.75,24.60,1.46,125.07,3,571,4,15
1.33,1.35,0.03,-28.32,63.29,91.92,1.90,115.14,4,563,5,13
1.57,0.71,-0.22,28.87,3.05,52.61,1.74,60.09,4,555,7,13
1.22,0.47,-0.24,33.81,-33.08,-1.89,1.33,47.34,4,560,5,14
1.09,0.07,-0.36,26.37,-26.73,7.45,1.15,38.28,4,563,7,15
1.66,0.66,-0.44,-4.52,-16.85,-16.85,1.85,24.25,5,562,7,15
0.93,0.60,-0.43,-43.52,-24.84,-147.46,1.19,155.74,5,558,8,15
0.27,0.64,-0.18,-58.47,13.61,-204.10,0.72,212.75,5,580,10,11
0.22,1.18,-0.14,425.35,115.91,225.10,1.20,495.00,42,638,51,12
0.43,4.00,0.54,77.58,49.99,193.30,4.06,214.20,154,638,84,18
0.09,1.21,0.83,212.16,-23.68,123.23,1.47,246.49,230,579,97,42
-0.10,1.50,0.11,5.19,-12.08,49.13,1.50,50.86,421,512,97,105
0.09,0.84,0.11,-12.15,-2.38,-12.51,0.86,17.60,392,515,106,98
0.17,1.00,-0.04,-22.52,0.00,-16.72,1.01,28.05,345,523,116,82
0.13,0.97,0.04,0.12,0.00,-2.56,0.98,2.57,713,521,115,87
0.12,0.97,0.05,4.15,-0.37,-0.98,0.98,4.28,381,522,120,83
0.13,0.98,0.03,1.65,0.43,1.83,0.99,2.50,328,522,115,87
0.12,0.96,0.05,-0.24,0.43,2.75,0.97,2.79,456,521,116,86
0.12,0.97,0.04,-1.40,0.49,2.01,0.97,2.50,453,522,117,85
0.12,0.97,0.04,-4.46,0.92,1.53,0.98,4.80,612,527,111,83
0.12,0.97,0.02,-5.37,1.22,1.65,0.98,5.75,533,529,105,80
0.12,0.97,0.03,-1.34,1.40,3.78,0.98,4.25,338,531,97,76
0.11,0.98,0.03,4.15,1.28,4.70,0.99,6.40,311,525,96,83
0.11,0.96,0.04,4.76,0.85,3.85,0.97,6.18,421,522,96,83
0.11,0.97,0.04,1.89,0.98,2.99,0.98,3.67,421,517,95,91
0.11,0.98,0.03,1.22,0.61,2.08,0.98,2.48,421,514,92,94
0.10,0.97,0.04,1.04,0.31,1.04,0.98,1.50,389,512,95,96
0.10,0.99,0.03,0.18,0.12,0.55,1.00,0.59,359,509,95,98
0.10,0.98,0.03,1.77,-0.06,-1.77,0.99,2.50,311,511,101,95
0.10,0.99,0.03,1.04,0.55,-2.44,0.99,2.71,433,514,106,90
0.10,0.97,0.04,4.46,0.31,-2.81,0.98,5.28,364,516,109,83
0.11,0.98,0.04,1.83,0.31,-4.39,0.99,4.77,604,523,110,72
0.11,0.98,0.01,3.42,0.06,-6.47,0.98,7.32,402,533,115,61
0.13,0.98,0.02,6.35,-0.12,-7.93,0.99,10.16,345,540,119,62
0.12,0.97,0.05,5.74,0.24,-7.26,0.98,9.26,366,550,118,55
0.12,0.99,0.04,7.63,-0.18,-11.23,1.00,13.58,324,561,123,50
0.13,1.02,0.05,5.55,-0.18,-17.33,1.03,18.20,326,577,123,43
0.13,1.00,0.08,3.54,0.37,-23.62,1.02,23.89,384,597,126,40
0.13,1.04,0.09,-5.13,2.69,-30.88,1.05,31.42,361,619,126,38
0.17,1.14,0.02,-8.91,5.25,-45.59,1.15,46.75,248,639,133,35
0.16,1.15,0.09,-13.00,6.84,-64.76,1.16,66.40,181,668,133,32
0.17,1.37,0.09,-26.73,12.02,-90.76,1.38,95.38,99,683,132,31
0.20,1.58,-0.01,-29.24,18.80,-131.29,1.60,135.81,46,666,131,30
0.20,2.03,-0.17,-15.14,17.09,-200.38,2.04,201.67,21,653,110,23
0.03,2.29,0.04,40.95,10.86,-303.53,2.30,306.47,8,642,51,14
0.35,2.32,0.28,16.85,22.03,-347.84,2.37,348.94,3,622,26,13
-0.15,1.31,-0.28,48.83,27.10,-311.52,1.35,316.49,2,575,13,17
-0.58,0.26,-0.40,17.64,-17.76,-211.18,0.75,212.66,2,576,6,17
-0.93,0.59,0.02,-36.38,-77.15,17.33,1.10,87.04,2,576,7,19
-0.77,0.43,0.16,0.12,-53.65,135.93,0.90,146.13,2,579,5,20
-0.55,0.17,0.01,44.19,-12.21,174.80,0.57,180.72,2,580,6,21
-0.51,0.17,-0.16,38.57,9.03,214.54,0.56,218.17,3,584,8,24
-0.38,0.54,-0.13,19.41,18.07,280.94,0.67,282.19,3,582,7,22
0.42,0.78,-0.26,8.30,-7.93,266.66,0.92,266.91,4,584,6,23
0.65,1.54,0.05,-20.14,-35.52,220.21,1.68,223.97,5,573,8,21
0.53,1.38,0.36,-6.84,-26.43,208.50,1.52,210.28,6,579,8,19
0.68,1.63,-0.17,-25.70,24.84,211.06,1.77,214.06,6,579,7,21
0.57,1.59,0.03,-51.88,43.76,190.49,1.69,202.22,5,583,7,23
0.59,1.56,0.15,-51.15,71.29,183.23,1.67,203.15,5,583,7,22
0.93,1.64,0.17,-44.56,94.06,131.35,1.89,167.58,4,583,5,23
1.34,1.15,0.15,-11.47,84.53,123.11,1.77,149.78,4,580,5,21
1.64,0.99,0.09,-17.27,41.75,115.23,1.92,123.77,4,567,7,21
1.57,0.93,-0.01,-7.45,7.81,53.65,1.83,54.72,4,565,7,22
0.71,1.58,-0.30,-67.63,-50.66,-127.38,1.76,152.86,4,515,7,48
-0.23,0.92,-0.26,-0.92,-69.95,-139.34,0.98,155.92,5,469,11,82
0.07,1.47,-0.11,-8.06,-29.24,-144.84,1.48,147.98,8,453,12,115
0.01,1.16,-0.08,19.23,-3.17,-105.53,1.17,107.31,16,427,15,135
0.04,0.99,-0.07,2.81,10.31,-62.87,1.00,63.77,28,420,17,147
0.07,1.01,-0.06,-14.16,22.03,-35.46,1.02,44.09,44,396,21,150
0.04,1.02,-0.11,-12.63,9.46,-20.14,1.03,25.59,62,371,19,149
0.05,1.00,-0.10,1.16,5.07,-13.06,1.01,14.06,84,354,20,156
0.06,0.99,-0.09,8.06,1.89,-8.12,1.00,11.59,119,346,21,158
0.07,0.98,-0.08,9.28,-0.98,-3.66,0.99,10.02,154,341,17,159
0.07,0.98,-0.07,7.75,-0.98,-1.71,0.98,8.00,123,336,18,160
0.05,0.97,-0.08,5.31,-1.16,0.00,0.98,5.44,164,335,19,156
0.06,0.98,-0.07,5.55,0.00,0.73,0.98,5.60,154,335,20,162
0.06,0.98,-0.07,4.82,-0.31,1.46,0.98,5.05,187,333,19,158
0.05,0.99,-0.07,3.91,0.00,2.08,0.99,4.42,150,330,20,160
0.05,0.99,-0.07,5.19,0.24,2.38,0.99,5.71,150,328,17,159
0.04,0.98,-0.07,6.59,1.22,1.59,0.98,6.89,118,325,19,158
0.05,0.98,-0.06,7.32,1.46,-0.55,0.98,7.49,107,318,18,159
0.05,0.98,-0.06,8.30,1.46,-1.28,0.98,8.53,120,317,18,159
0.05,0.98,-0.05,9.28,1.89,-1.83,0.98,9.64,129,315,18,158
0.05,0.98,-0.05,11.11,2.32,-2.44,0.99,11.61,106,311,17,157
0.06,0.99,-0.04,14.59,1.10,-4.39,0.99,15.27,121,327,18,152
0.05,0.98,-0.03,15.87,-1.95,-4.64,0.98,16.65,183,356,22,151
0.07,0.97,-0.03,12.94,-1.71,-5.43,0.97,14.14,190,374,28,156
0.07,0.97,-0.02,10.80,-1.83,-5.31,0.97,12.18,219,394,31,152
0.07,0.99,-0.02,8.67,-2.26,-4.94,0.99,10.23,236,413,35,145
0.07,0.98,-0.01,10.07,-2.08,-5.25,0.98,11.54,320,432,41,139
0.07,0.99,-0.01,7.81,-1.83,-6.10,0.99,10.08,366,445,46,134
0.07,1.00,-0.01,7.39,-1.71,-6.84,1.00,10.21,352,456,51,124
0.08,1.00,-0.01,13.98,-2.32,-10.50,1.00,17.63,556,466,66,110
0.09,0.97,0.01,18.62,-2.69,-12.45,0.97,22.56,342,475,72,96
0.08,0.98,0.03,19.04,-2.26,-13.18,0.99,23.27,460,486,76,83
0.06,1.02,0.07,18.80,-1.28,-16.48,1.03,25.03,588,503,86,67
0.06,1.05,0.11,6.41,3.11,-36.44,1.06,37.13,433,535,95,50
0.05,1.36,0.09,-16.11,11.54,-71.29,1.36,73.99,313,582,103,35
0.11,1.76,0.01,-33.20,15.93,-131.41,1.76,136.47,143,637,107,31
-0.02,2.18,0.09,-21.61,24.78,-225.34,2.18,227.73,53,648,96,28
0.01,2.03,0.05,-2.75,34.06,-304.32,2.03,306.23,16,637,58,24
0.29,2.15,0.40,14.83,49.44,-349.37,2.21,353.16,4,580,28,16
-0.21,2.03,0.21,97.05,65.86,-316.71,2.05,337.73,2,562,12,18
-1.12,0.89,-0.07,180.73,91.25,-250.24,1.43,321.88,2,559,6,23
-0.67,0.07,-0.49,157.78,76.11,-46.57,0.83,181.26,2,559,6,22
-0.34,0.52,-0.25,83.44,38.57,79.10,0.67,121.27,2,561,6,24
-0.30,0.43,-0.27,101.68,13.79,107.48,0.59,148.60,2,559,6,24
-0.33,0.28,-0.41,98.57,-0.55,144.90,0.60,175.25,2,557,4,24
-0.40,0.67,-0.36,70.92,0.92,239.75,0.86,250.02,3,561,5,25
0.23,0.68,-0.61,61.52,5.43,268.31,0.94,275.33,3,555,6,23
0.39,1.06,-0.60,28.32,5.92,225.22,1.28,227.07,4,551,6,24
0.62,1.21,-0.66,22.71,17.03,203.12,1.51,205.10,4,556,5,23
0.52,1.16,-0.73,-4.03,25.27,187.13,1.46,188.88,5,560,7,25
0.70,1.38,-0.61,-41.38,37.48,188.90,1.66,196.98,5,562,8,23
0.88,1.51,-0.52,-61.83,23.99,163.21,1.82,176.17,5,567,8,23
1.04,1.49,-0.44,-62.56,-19.59,125.92,1.86,141.96,5,572,8,23
0.96,1.32,-0.41,-76.35,-82.40,94.18,1.68,146.59,4,576,8,22
0.89,1.10,-0.37,-112.67,-182.07,118.04,1.47,244.49,4,578,6,23
0.83,1.25,0.26,-154.05,-258.00,125.18,1.52,325.52,4,571,7,23
0.85,1.56,0.84,-102.60,-312.93,93.32,1.97,342.29,3,569,7,22
0.57,1.03,0.74,-5.37,-338.68,61.65,1.39,344.29,3,571,7,21
0.25,1.01,0.75,30.52,-297.00,53.04,1.28,303.24,3,571,7,24
-0.96,1.36,0.87,166.38,-141.42,-59.63,1.88,226.36,4,511,7,40
-0.91,1.17,-0.32,157.96,10.99,-64.03,1.52,170.80,6,439,6,74
0.53,1.01,0.82,91.00,122.38,-161.99,1.41,222.48,13,400,13,101
0.64,1.27,0.11,38.70,21.00,-85.57,1.43,96.23,68,378,19,126
0.02,1.02,-0.01,4.21,4.27,-0.79,1.02,6.05,98,375,24,132
0.08,1.06,-0.09,-33.69,6.90,-0.43,1.07,34.39,116,381,23,129
0.09,1.00,-0.09,-12.33,4.21,2.99,1.00,13.37,110,377,22,123
0.06,1.05,-0.09,5.00,-0.31,3.42,1.05,6.07,125,371,20,128
0.07,0.97,-0.06,23.62,-0.98,-0.61,0.98,23.65,147,373,24,137
0.06,0.96,-0.02,32.35,-1.40,0.55,0.96,32.38,241,382,23,142
0.06,0.97,-0.02,21.18,-1.71,-3.91,0.97,21.60,206,393,30,143
0.06,0.98,-0.02,15.69,-1.46,-4.88,0.98,16.49,325,408,36,141
0.07,0.99,-0.00,12.57,-1.71,-6.29,0.99,14.16,253,427,41,143
0.06,0.99,-0.01,11.66,-2.44,-9.58,0.99,15.29,270,440,48,139
0.08,1.00,-0.00,14.65,-3.11,-13.00,1.00,19.83,395,453,57,130
0.09,0.98,0.01,16.97,-3.97,-14.59,0.99,22.73,376,462,65,112
0.09,0.97,0.02,12.57,-3.30,-13.06,0.98,18.43,384,467,70,101
0.11,0.96,0.02,7.87,-2.44,-12.21,0.97,14.73,526,473,68,86
0.11,0.99,0.01,7.08,-2.32,-12.27,1.00,14.35,681,475,71,76
0.12,0.97,0.01,6.04,-2.50,-9.83,0.98,11.80,397,477,70,69
0.13,1.00,0.03,5.49,-2.50,-5.43,1.01,8.12,690,479,65,69
0.12,0.99,0.03,9.34,-1.83,-2.75,1.00,9.90,604,481,63,72
0.11,0.94,0.06,12.33,-0.55,-2.20,0.95,12.54,320,481,69,73
0.12,0.99,0.06,7.87,-0.61,-2.62,1.00,8.32,699,484,71,72
0.13,0.97,0.06,11.29,-1.34,-4.21,0.98,12.13,547,484,71,72
0.12,0.98,0.07,11.60,-1.34,-3.48,0.99,12.18,408,486,71,69
0.12,0.94,0.07,10.13,-1.22,-3.42,0.95,10.76,492,487,73,68
0.13,0.96,0.08,5.92,-0.92,-2.93,0.97,6.67,376,491,70,66
0.14,0.98,0.07,4.39,-1.40,-4.58,0.99,6.50,826,492,76,55
0.14,0.96,0.07,6.10,-1.89,-3.97,0.98,7.52,410,493,72,51
0.13,0.95,0.10,5.07,-1.77,-4.70,0.97,7.13,496,493,76,48
0.13,0.98,0.08,2.01,-1.28,-4.27,0.99,4.89,628,496,77,43
0.13,0.97,0.07,2.20,-1.22,-6.23,0.98,6.71,354,500,81,42
0.15,0.96,0.07,0.73,-0.98,-6.35,0.97,6.46,717,503,81,38
0.14,0.98,0.08,-2.38,-0.31,-7.26,0.99,7.65,632,507,82,33
0.14,0.98,0.08,-5.25,0.31,-8.42,0.99,9.93,561,514,84,32
0.15,0.98,0.08,-6.71,0.92,-9.22,1.00,11.44,358,522,84,29
0.15,1.00,0.07,-8.91,1.16,-11.90,1.02,14.91,508,533,84,25
0.15,1.07,0.06,-12.21,2.62,-19.71,1.08,23.34,456,555,88,22
0.15,1.12,0.07,-15.50,7.02,-33.39,1.13,37.47,352,587,82,20
0.18,1.28,-0.01,-18.01,11.41,-65.86,1.29,69.22,400,611,82,17
0.19,1.35,0.11,-15.32,13.18,-101.62,1.36,103.61,127,626,81,15
0.23,1.40,0.00,-25.94,21.00,-134.77,1.42,138.84,63,631,66,13
0.30,1.56,-0.01,-37.23,23.01,-187.56,1.59,192.60,30,626,54,12
0.44,1.57,-0.09,-40.34,25.51,-218.32,1.63,223.48,8,592,28,12
0.45,1.63,0.00,-27.71,12.51,-231.93,1.69,233.92,4,582,14,12
0.34,1.17,-0.20,29.54,2.62,-227.05,1.23,228.98,3,561,9,14
-0.20,0.49,-0.51,38.15,-15.20,-197.45,0.73,201.67,3,561,7,17
-0.43,0.36,-0.51,9.28,-85.45,-65.73,0.76,108.21,3,576,8,17
-0.46,0.37,-0.40,1.71,-123.96,89.17,0.71,152.71,3,567,7,18
-0.42,0.19,-0.38,-3.23,-126.95,140.08,0.60,189.07,3,579,5,19
-0.21,0.21,-0.38,-34.00,-115.17,166.44,0.48,205.24,3,580,5,20
-0.08,0.50,-0.18,-91.37,-104.92,193.73,0.54,238.51,3,572,6,19
0.25,0.92,0.28,-129.27,-86.00,186.10,1.00,242.36,3,580,5,18
0.42,1.19,0.63,-127.56,-61.10,137.21,1.41,197.06,4,576,6,18
0.64,1.44,0.83,-115.36,-50.54,118.04,1.78,172.61,5,572,6,16
0.71,1.55,0.91,-81.54,-47.49,112.24,1.93,146.64,5,574,5,18
0.62,1.32,0.67,-34.24,-38.33,116.52,1.61,127.35,5,580,7,17
0.51,1.18,0.43,-18.01,-18.80,119.81,1.36,122.61,5,581,7,19
0.63,1.09,0.22,-9.58,-21.00,92.96,1.28,95.78,4,587,6,18
0.58,1.09,0.16,-4.09,-49.44,83.13,1.24,96.81,4,599,6,21
0.58,1.11,0.12,2.32,-80.26,68.42,1.26,105.49,4,603,5,18
0.60,0.94,0.03,15.81,-114.56,47.67,1.11,125.09,3,599,6,20
0.49,0.84,-0.00,-8.30,-142.15,28.56,0.97,145.23,3,592,6,21
0.35,1.03,0.13,-19.47,-142.40,9.46,1.09,144.03,3,602,7,21
0.22,0.83,0.12,-6.65,-113.59,-11.29,0.87,114.34,3,595,5,21
0.13,1.00,0.14,-21.55,-65.67,-14.83,1.02,70.69,3,580,7,22
-0.18,1.94,-0.21,25.15,4.46,-13.98,1.96,29.11,4,534,6,31
0.07,1.03,0.13,38.57,22.22,-13.37,1.04,46.48,5,505,8,46
0.03,1.04,-0.02,8.73,1.65,-23.99,1.04,25.58,7,477,9,59
0.06,0.93,0.04,14.40,2.93,0.06,0.93,14.70,8,463,8,66
-0.00,0.98,0.00,-0.67,-1.10,0.85,0.98,1.55,8,459,8,68
0.02,0.97,0.00,-3.42,-1.65,-1.89,0.97,4.24,8,461,10,66
-0.00,0.97,-0.01,-3.23,-0.49,-2.26,0.97,3.98,8,463,9,60
0.03,0.96,0.01,-6.77,3.42,-6.96,0.97,10.30,9,453,8,63
0.06,1.01,0.01,-19.47,4.09,-6.59,1.01,20.96,17,437,13,72
-0.01,1.07,-0.08,-20.63,0.55,-6.96,1.07,21.78,43,417,19,89
0.06,1.16,-0.09,-9.16,-1.22,-4.46,1.16,10.25,92,409,25,113
0.04,0.97,-0.01,14.22,-3.05,-0.61,0.97,14.56,129,396,30,133
0.03,0.99,-0.03,7.14,-2.62,0.00,0.99,7.61,224,382,29,141
0.03,0.99,-0.03,4.03,-2.50,0.92,0.99,4.83,202,369,22,143
0.03,0.97,-0.02,1.71,-1.46,1.59,0.97,2.75,178,353,19,152
0.03,0.98,-0.03,-3.72,-0.73,0.92,0.98,3.90,164,336,16,154
0.03,0.99,-0.03,-3.97,-0.73,1.34,0.99,4.25,150,324,15,153
0.03,0.99,-0.04,0.18,-1.22,1.89,0.99,2.26,138,319,11,152
0.02,0.99,-0.04,5.55,-2.26,0.73,0.99,6.04,138,324,12,151
0.02,0.98,-0.03,7.81,-1.16,-2.26,0.98,8.21,133,327,14,154
0.03,0.98,-0.02,7.20,-0.92,-2.32,0.98,7.62,154,335,13,153
0.03,0.99,-0.02,7.81,-1.04,-2.32,0.99,8.22,164,340,15,147
0.03,0.98,-0.02,11.29,-1.04,-2.38,0.98,11.59,187,352,18,149
0.04,0.98,-0.01,13.12,-1.16,-2.38,0.98,13.39,208,363,18,150
0.04,0.98,0.00,12.39,-1.77,-2.32,0.98,12.73,310,377,20,146
0.04,0.98,0.00,11.05,-2.50,-2.44,0.98,11.59,200,386,23,150
0.03,0.99,0.01,12.51,-2.93,-2.50,0.99,13.09,302,393,23,149
0.04,0.99,0.01,15.01,-2.87,-2.87,1.00,15.55,293,407,30,145
0.03,0.99,0.02,18.43,-2.01,-4.33,0.99,19.04,337,422,36,141
0.04,1.02,0.01,19.71,-1.22,-6.96,1.02,20.94,297,441,41,128
0.04,1.07,0.04,31.19,-0.92,-17.46,1.07,35.75,375,465,50,114
0.06,1.25,-0.01,40.71,-4.46,-36.74,1.25,55.02,246,503,67,81
0.05,1.07,0.13,27.53,-13.61,-64.70,1.08,71.62,214,568,74,48
0.07,1.58,0.05,-36.80,-10.44,-124.69,1.58,130.43,61,621,79,40
0.17,1.52,-0.06,-57.74,5.92,-190.19,1.53,198.85,28,607,64,29
0.07,1.93,0.03,-115.54,-8.61,-271.79,1.93,295.45,13,583,36,25
0.21,1.48,-0.11,-88.75,-2.62,-294.98,1.50,308.05,5,558,19,23
0.34,1.47,-0.21,-109.62,-33.94,-264.95,1.52,288.74,3,535,8,23
-0.23,0.86,-0.30,-73.12,-98.94,-157.23,0.94,199.64,2,535,5,24
-0.61,0.61,-0.22,-53.22,-187.01,-1.83,0.89,194.45,2,541,7,25
-0.55,0.37,-0.18,-44.43,-201.23,63.23,0.69,215.56,2,532,3,25
-0.57,0.33,-0.14,-51.51,-179.63,78.80,0.67,202.80,2,534,5,25
-0.61,0.39,-0.08,-69.46,-138.92,101.93,0.73,185.77,2,533,4,25
-0.57,0.71,0.04,-98.33,-95.15,144.04,0.91,198.67,2,539,5,27
-0.39,0.94,0.14,-100.22,-61.89,178.47,1.03,213.83,3,540,4,28
-0.13,1.05,0.08,-92.35,-51.88,180.66,1.06,209.43,3,544,6,27
0.13,1.26,0.21,-92.77,-54.44,150.02,1.28,184.60,4,556,6,29
0.13,1.52,0.31,-92.77,-56.40,150.27,1.55,185.39,4,562,5,28
0.18,1.59,0.35,-78.31,-60.91,166.69,1.64,193.98,4,566,6,28
0.48,1.49,0.37,-75.01,-78.55,177.43,1.61,208.03,4,571,6,27
0.64,1.56,0.66,-73.12,-105.41,176.39,1.81,218.11,4,571,5,26
0.88,1.53,0.80,-38.94,-113.46,153.02,1.94,194.43,4,575,6,26
1.02,1.32,0.62,5.49,-93.69,103.09,1.78,139.41,4,576,7,26
1.15,0.97,0.29,28.99,-56.15,71.66,1.53,95.54,3,570,6,28
1.37,2.91,0.84,22.64,-10.25,7.08,3.33,25.85,3,558,7,33
0.08,0.75,-0.03,160.46,68.48,-76.54,0.75,190.51,4,512,4,50
-0.08,0.98,0.23,33.39,117.13,-104.74,1.01,160.63,5,477,8,77
0.84,1.26,0.49,24.41,56.82,-126.16,1.59,140.50,6,449,9,90
0.05,1.40,-0.16,-44.07,5.98,-75.20,1.41,87.36,14,409,11,108
0.18,0.76,0.09,24.54,6.23,-22.71,0.78,34.00,49,376,17,123
0.07,1.06,-0.05,11.90,-4.33,-11.23,1.07,16.93,117,381,25,138
0.05,0.92,0.00,19.90,-4.15,-2.99,0.92,20.54,178,385,29,141
0.05,0.98,-0.02,4.52,-2.56,-0.73,0.98,5.24,196,385,28,147
0.05,0.98,-0.02,4.88,-1.95,0.98,0.98,5.35,180,385,32,147
0.05,0.97,-0.01,4.21,-1.22,1.71,0.97,4.71,261,381,29,150
0.04,0.98,-0.02,0.37,-0.37,0.98,0.98,1.11,192,376,27,145
0.05,0.99,-0.02,-0.12,-0.18,0.43,0.99,0.48,167,376,27,144
0.05,1.00,-0.02,2.93,-0.18,0.06,1.00,2.94,202,376,28,150
0.05,0.98,-0.02,6.41,-0.31,-0.12,0.98,6.42,236,377,29,148
0.04,0.98,-0.01,5.19,-0.12,-0.12,0.98,5.19,194,378,31,149
0.05,0.97,-0.01,1.89,0.43,-0.37,0.97,1.97,182,380,32,144
0.05,0.98,-0.01,0.12,0.24,-0.43,0.98,0.51,228,382,32,147
0.05,0.99,-0.02,3.30,-0.18,-0.73,1.00,3.38,172,387,33,146
0.05,0.99,-0.01,7.81,-0.49,-1.28,0.99,7.93,230,392,36,143
0.04,0.98,0.00,10.80,-0.79,-2.01,0.98,11.02,336,400,38,143
0.04,1.00,-0.00,8.54,-0.61,-2.56,1.00,8.94,201,410,41,140
0.05,0.99,0.00,13.24,-0.55,-4.64,0.99,14.04,301,424,48,137
0.06,0.97,0.02,15.08,-0.55,-6.23,0.97,16.32,384,440,61,126
0.06,0.99,0.02,11.41,-0.31,-5.00,0.99,12.47,248,457,70,127
0.06,1.02,0.02,18.98,-1.22,-7.57,1.02,20.47,277,470,79,121
0.06,1.06,0.02,23.01,-1.34,-14.16,1.07,27.05,362,485,88,105
0.08,1.08,-0.01,34.79,-3.48,-27.59,1.08,44.54,274,520,95,73
0.04,1.25,0.11,46.94,-7.26,-58.65,1.26,75.47,243,581,101,53
0.06,1.56,0.16,5.37,-3.72,-94.36,1.57,94.59,78,643,105,46
-0.04,1.71,0.26,-10.99,19.17,-139.95,1.73,141.69,31,615,102,41
0.07,1.79,0.03,-16.24,23.32,-197.51,1.79,199.54,13,590,69,33
0.07,1.74,-0.01,-6.04,12.88,-271.55,1.74,271.92,6,570,39,25
0.55,1.62,0.05,-10.19,5.98,-307.62,1.71,307.84,4,558,20,22
0.34,1.26,-0.22,-22.58,-5.86,-293.27,1.32,294.20,2,535,12,23
-0.39,0.65,-0.50,-33.02,-59.08,-225.10,0.91,235.05,2,528,5,26
-0.83,0.70,-0.29,-71.78,-156.25,-64.33,1.12,183.59,2,528,5,24
-0.96,0.50,-0.03,-63.90,-167.24,65.67,1.08,190.70,2,520,5,26
-0.76,0.34,0.02,-55.48,-108.40,99.61,0.83,157.32,2,525,5,28
-0.53,0.40,0.07,-85.57,-80.99,122.25,0.67,169.79,2,522,6,28
-0.47,0.83,0.25,-103.03,-74.04,160.89,0.99,204.89,2,529,6,28
-0.44,1.12,0.43,-95.89,-68.54,198.61,1.28,230.95,3,530,6,29
-0.25,1.32,0.50,-80.44,-62.81,212.77,1.43,235.98,3,531,4,26
-0.06,1.46,0.56,-79.22,-56.70,209.90,1.56,231.41,3,536,4,27
0.04,1.58,0.48,-68.60,-22.03,188.78,1.65,202.07,3,541,5,27
0.13,1.80,0.33,-70.43,9.09,182.92,1.83,196.23,4,551,8,27
0.60,1.69,0.12,-46.63,-8.61,212.71,1.80,217.93,4,551,6,27
0.84,1.59,0.14,-64.94,-71.11,209.17,1.80,230.27,4,551,5,28
1.13,1.43,0.45,-57.80,-91.74,174.74,1.88,205.65,3,545,6,29
1.43,1.24,0.52,-40.28,-101.62,126.28,1.97,167.02,3,546,5,27
1.92,0.89,0.32,-13.43,-115.97,80.44,2.14,141.77,4,540,5,30
0.57,2.40,1.02,-0.79,-83.80,22.09,2.67,86.67,4,526,6,33
-2.07,-0.44,-0.46,192.50,90.76,-44.86,2.17,217.50,4,448,8,76
-0.05,0.27,0.19,-21.30,200.01,-182.68,0.33,271.72,4,474,13,101
1.35,1.33,0.86,-30.15,117.74,-173.03,2.08,211.45,6,478,17,125
0.07,1.67,-0.14,-46.14,-55.60,-215.52,1.67,227.31,15,427,16,141
0.36,1.43,-0.00,40.04,50.66,-64.27,1.48,91.10,46,365,17,149
0.17,0.83,0.04,50.72,-5.43,-26.73,0.84,57.59,94,366,24,153
0.10,0.95,0.01,21.73,-4.76,-8.61,0.96,23.85,136,382,28,155
0.07,0.95,0.02,10.38,-3.54,-1.83,0.95,11.12,182,383,33,153
0.07,0.97,0.01,0.98,-2.69,-0.12,0.97,2.86,211,381,32,152
0.06,1.00,-0.00,-1.16,-2.01,0.73,1.00,2.44,178,375,33,156
0.06,1.02,-0.01,6.41,-1.59,-1.34,1.02,6.74,224,385,34,154
0.07,0.98,0.01,16.11,-1.22,-3.23,0.99,16.48,329,396,39,149
0.08,0.96,0.02,14.53,-1.10,-4.64,0.97,15.29,228,410,44,142
0.08,0.96,0.03,8.54,-0.43,-3.91,0.97,9.41,220,424,44,140
0.08,0.98,0.03,5.86,-0.06,-5.55,0.98,8.07,177,436,54,134
0.09,0.97,0.03,6.10,-0.43,-5.55,0.98,8.26,267,445,62,124
0.09,0.98,0.03,6.90,-0.61,-4.21,0.99,8.10,224,452,64,126
0.09,0.97,0.04,7.69,-0.49,-4.52,0.98,8.93,260,460,69,124
0.09,0.98,0.04,7.20,-0.37,-5.13,0.99,8.85,455,470,75,118
0.10,0.99,0.04,8.18,-0.49,-5.86,0.99,10.07,320,475,81,111
0.10,0.98,0.04,11.11,-0.85,-6.29,0.99,12.79,354,479,88,106
0.11,0.97,0.05,14.47,-1.71,-7.93,0.98,16.59,268,486,91,107
0.11,1.03,0.04,15.93,-2.44,-11.05,1.03,19.54,313,489,94,101
0.12,1.00,0.05,12.63,-2.93,-14.16,1.01,19.20,349,503,103,91
0.12,1.06,0.06,19.41,-4.70,-21.30,1.07,29.20,248,527,106,74
0.13,1.03,0.09,12.94,-5.19,-31.86,1.04,34.78,309,571,114,53
0.16,1.30,0.08,-9.16,-5.37,-60.55,1.31,61.47,198,624,120,47
0.20,1.36,0.04,-17.33,-2.26,-90.58,1.38,92.25,88,649,122,45
0.18,1.48,0.05,-22.46,4.15,-132.08,1.50,134.04,47,632,120,41
0.25,1.55,-0.09,-30.70,1.34,-182.31,1.57,184.88,23,615,104,37
0.44,1.59,-0.43,-67.26,-28.99,-259.22,1.71,269.37,12,609,69,29
0.33,1.88,-0.12,-116.03,-55.30,-333.74,1.91,357.64,7,602,36,19
0.44,1.07,-0.43,-100.52,-72.20,-304.75,1.24,328.92,2,570,18,21
-0.01,1.10,-0.41,-153.20,-122.19,-259.52,1.18,325.20,2,530,9,23
-0.84,0.88,-0.33,-123.23,-245.36,-104.25,1.26,293.69,2,533,5,23
-1.22,0.73,-0.02,-112.98,-256.29,56.88,1.42,285.80,2,530,7,25
-0.93,0.41,-0.01,-82.46,-173.89,117.19,1.02,225.32,2,528,5,24
-0.64,0.41,-0.06,-100.52,-92.10,123.23,0.77,183.78,2,530,5,24
-0.44,0.54,-0.08,-133.42,-45.04,134.28,0.70,194.58,2,535,5,26
-0.40,1.14,0.26,-164.37,-41.50,175.90,1.23,244.30,2,534,6,25
-0.28,1.25,0.44,-139.28,-61.83,215.27,1.36,263.75,3,532,7,28
-0.07,1.51,0.84,-135.07,-76.05,199.89,1.72,252.95,3,543,8,25
0.11,1.55,0.94,-111.69,-60.73,148.56,1.82,195.53,4,541,7,26
0.08,1.66,0.78,-94.30,-61.58,151.86,1.84,189.06,5,543,6,28
0.19,1.62,0.63,-64.15,-73.43,171.02,1.75,196.86,5,545,7,25
0.11,1.50,0.47,-56.21,-72.57,204.47,1.57,224.13,4,551,8,27
0.14,1.61,0.56,-59.33,-40.47,216.74,1.71,228.32,4,552,6,26
0.38,1.63,0.61,-39.49,-1.34,201.29,1.78,205.14,4,548,6,26
0.74,1.45,0.56,-2.38,15.56,178.83,1.72,179.52,4,549,7,28
1.20,1.03,0.17,27.40,16.48,135.25,1.59,138.98,4,544,8,28
1.64,0.64,0.37,-6.90,-5.25,73.00,1.80,73.51,4,541,6,28
0.80,1.08,0.53,144.71,-37.72,-139.47,1.45,204.49,4,481,4,62
-0.36,1.02,-0.24,43.82,-70.07,-269.59,1.10,281.98,7,465,13,115
0.26,2.27,0.08,6.35,-13.43,-297.12,2.29,297.49,18,433,15,147
0.45,1.69,-0.12,12.27,91.19,-174.32,1.75,197.11,69,363,16,149
