-,-,-
0.21,0.95,-0.01,1.95,1.22,0.85,0.98,2.46,164,647,101,27
0.21,0.95,-0.00,3.91,1.46,3.78,0.98,5.63,164,647,99,25
0.20,0.97,-0.00,6.53,1.65,6.23,0.99,9.17,184,651,99,28
0.20,0.96,0.01,8.06,1.28,6.59,0.98,10.49,152,648,95,28
0.20,0.97,0.01,7.20,1.16,5.74,0.99,9.28,153,649,94,30
0.19,0.97,0.01,6.84,0.85,3.91,0.99,7.92,170,649,96,29
0.19,0.98,0.03,4.39,0.79,1.04,0.99,4.58,165,648,94,30
0.19,0.96,0.01,1.04,1.04,-1.89,0.98,2.39,177,648,98,31
0.19,0.96,0.02,-0.67,1.16,-2.62,0.98,2.95,163,648,100,27
0.20,0.95,0.01,-1.53,1.22,-2.14,0.97,2.90,165,647,99,31
0.20,0.96,-0.01,0.61,1.10,-0.12,0.98,1.26,222,646,100,30
0.20,0.97,-0.00,6.04,1.22,1.83,0.99,6.43,224,645,101,31
0.18,0.93,0.05,10.01,1.10,2.20,0.95,10.31,215,643,103,28
0.18,0.97,0.06,2.01,2.01,-0.31,0.98,2.86,284,636,109,32
0.19,0.97,0.02,-7.45,1.34,-4.52,0.99,8.81,231,630,109,33
0.21,0.91,-0.01,-8.24,1.53,-4.64,0.94,9.58,261,628,113,33
0.20,0.85,0.01,-8.12,2.87,3.17,0.88,9.18,421,621,118,35
0.20,0.93,-0.02,-8.36,4.82,19.47,0.96,21.73,318,612,120,37
0.18,1.04,-0.03,2.87,3.23,21.55,1.06,21.97,320,605,122,40
0.15,1.02,0.02,14.71,-0.67,14.71,1.03,20.81,437,600,122,41
0.15,0.97,0.02,9.83,-1.04,6.84,0.98,12.02,324,593,119,44
0.15,0.98,0.01,2.99,-0.18,3.42,1.00,4.55,401,593,122,47
0.16,0.98,0.00,3.85,0.18,1.04,0.99,3.99,576,593,118,44
0.17,0.98,-0.00,5.74,-0.24,1.40,0.99,5.91,368,595,118,44
0.17,0.96,0.01,9.77,-0.92,4.76,0.97,10.90,465,597,113,44
0.15,0.95,0.03,10.68,-1.53,6.53,0.96,12.61,365,599,113,43
0.15,0.96,0.03,9.03,-2.14,7.51,0.97,11.94,465,594,111,44
0.14,0.98,0.03,8.12,-2.69,6.77,0.99,10.91,295,591,109,44
0.13,0.98,0.04,6.35,-2.81,4.33,0.99,8.18,337,586,110,45
0.13,0.97,0.04,5.07,-2.44,0.98,0.98,5.71,391,580,113,46
0.13,0.98,0.04,1.53,-1.71,-1.77,0.99,2.90,432,578,117,46
0.13,0.98,0.05,1.04,-0.79,-4.39,0.99,4.58,396,576,115,45
0.14,0.98,0.04,-1.83,-0.12,-6.59,0.99,6.84,341,581,122,44
0.14,1.01,0.04,-4.88,0.31,-9.95,1.02,11.09,432,585,124,41
0.14,0.99,0.05,-6.90,1.16,-14.16,1.00,15.79,398,595,127,38
0.15,1.01,0.03,-9.03,2.20,-20.51,1.02,22.52,372,609,128,35
0.17,1.02,-0.00,-5.31,1.16,-25.57,1.03,26.14,372,630,131,35
0.19,1.12,-0.00,-1.10,0.49,-31.98,1.14,32.01,304,654,131,34
0.19,1.19,0.02,9.28,-0.67,-44.49,1.20,45.46,221,676,134,33
0.22,1.36,-0.08,21.73,0.55,-63.72,1.38,67.33,119,706,122,32
0.35,1.47,-0.19,42.54,3.60,-78.00,1.53,88.92,49,677,112,29
0.38,1.62,-0.22,75.20,-10.80,-101.44,1.67,126.73,24,648,96,26
0.40,1.73,-0.34,115.84,-40.28,-140.81,1.81,186.73,12,644,58,19
0.22,1.52,-0.17,117.92,-70.19,-203.25,1.54,245.24,5,646,33,14
0.26,2.32,0.19,147.34,-63.78,-253.23,2.34,299.84,2,638,17,12
-0.18,1.88,-0.14,171.94,-65.00,-248.35,1.89,308.98,2,629,9,15
-1.93,-0.42,-0.85,122.86,51.76,-146.91,2.16,198.39,3,619,8,20
-1.08,1.28,-0.38,-23.19,239.32,64.39,1.71,248.91,3,616,8,18
-0.22,0.45,-0.79,10.25,300.23,128.36,0.94,326.68,3,604,7,18
0.13,0.81,-0.67,-45.10,239.01,174.38,1.06,299.28,4,604,9,18
0.31,1.23,-0.38,-54.20,138.00,221.31,1.32,266.39,4,595,8,19
0.58,1.15,-0.24,-18.74,53.59,220.46,1.31,227.65,5,579,8,21
0.21,0.94,-0.35,-20.14,33.39,143.86,1.02,149.05,6,573,8,20
0.17,1.23,-0.52,-25.70,117.61,156.92,1.35,197.78,6,569,6,23
0.62,1.42,-0.51,-46.94,157.71,178.28,1.63,242.62,8,568,5,23
0.70,1.43,-0.52,-26.67,165.04,182.31,1.67,247.36,7,570,7,23
0.97,1.40,-0.54,-16.05,133.36,177.49,1.79,222.59,8,571,7,23
1.01,1.48,-0.40,5.55,83.31,180.11,1.84,198.53,7,570,8,23
1.00,1.32,-0.35,26.79,37.78,175.05,1.70,181.07,6,568,7,22
0.97,1.09,-0.33,38.15,15.14,131.16,1.49,137.44,6,575,8,22
0.97,0.96,-0.16,44.49,22.83,63.05,1.37,80.47,6,587,8,22
0.90,0.84,-0.12,33.45,41.87,11.72,1.24,54.86,5,600,9,22
1.05,0.94,0.08,41.38,36.99,-11.96,1.42,56.78,4,610,12,22
1.17,0.85,0.10,63.29,10.74,-43.95,1.45,77.80,4,616,9,23
0.99,0.47,-0.01,52.86,-3.23,-127.93,1.09,138.46,4,622,11,21
0.71,0.64,0.18,2.26,0.31,-177.49,0.97,177.50,3,620,9,22
0.38,0.85,0.35,17.70,19.41,-164.49,0.99,166.57,3,623,6,20
0.36,0.44,0.26,60.97,32.35,-85.82,0.62,110.13,5,656,17,21
0.34,-0.02,-0.28,57.13,21.85,53.22,0.44,81.08,8,653,31,23
0.04,1.77,-0.03,18.31,2.81,1.71,1.77,18.60,16,668,45,25
0.01,1.52,0.03,31.86,-5.19,-43.33,1.52,54.04,23,679,60,27
0.10,1.03,0.17,27.59,-1.83,-87.59,1.05,91.85,26,682,70,28
0.20,0.32,0.18,-19.04,8.12,-53.16,0.42,57.05,27,693,76,29
0.26,0.68,-0.13,-39.92,4.03,-5.98,0.74,40.56,39,704,94,30
0.28,1.26,-0.21,2.14,-0.37,17.94,1.30,18.07,77,694,107,32
0.14,1.04,0.18,29.48,-4.15,5.80,1.07,30.33,106,685,119,36
0.17,1.04,0.08,-3.72,-0.85,-8.79,1.06,9.58,146,680,125,35
0.21,1.01,0.01,-9.16,1.53,-19.17,1.04,21.29,144,687,129,35
0.23,0.96,0.00,-5.43,1.16,-18.43,0.99,19.25,178,691,131,35
0.22,0.93,0.03,0.06,1.40,-14.47,0.96,14.53,140,696,133,34
0.23,0.88,0.03,-0.24,1.77,-4.39,0.91,4.74,141,699,133,34
0.22,0.91,0.06,-13.55,3.85,-2.81,0.94,14.36,156,698,133,34
0.29,0.94,-0.10,-9.46,3.66,-0.49,0.99,10.16,162,696,133,30
0.26,0.83,-0.04,10.93,0.43,13.31,0.87,17.22,162,694,131,34
0.24,0.99,-0.01,25.45,0.98,31.74,1.02,40.69,172,700,126,34
0.19,1.05,0.08,35.22,-2.08,31.31,1.07,47.17,193,692,125,31
0.17,1.04,0.08,30.15,-5.07,21.55,1.06,37.40,168,688,124,36
0.14,1.02,0.13,20.14,-4.76,9.77,1.04,22.88,155,687,122,33
0.16,1.00,0.09,13.31,-2.69,-1.95,1.01,13.71,153,691,118,32
0.17,0.95,0.08,8.00,-1.59,-7.08,0.96,10.80,130,696,120,31
0.19,1.02,0.06,9.46,-1.53,-7.39,1.04,12.10,120,697,118,30
0.17,0.93,0.11,11.23,-2.01,-7.26,0.95,13.53,130,700,120,27
0.21,0.95,0.07,11.47,-2.08,-3.60,0.97,12.20,103,701,122,28
0.23,0.96,0.04,16.66,-4.33,0.55,0.98,17.23,116,698,124,29
0.15,0.87,0.20,18.86,-6.35,1.59,0.90,19.96,130,687,125,29
0.16,0.85,0.20,4.15,-2.14,2.44,0.89,5.27,166,680,125,30
0.16,1.03,0.14,-12.33,0.49,1.65,1.05,12.45,182,673,130,31
0.17,1.03,0.13,-12.45,1.83,-7.26,1.05,14.53,251,677,132,31
0.19,0.94,0.10,-13.92,2.56,-9.46,0.96,17.02,266,676,132,31
0.21,0.94,0.09,-11.60,2.14,-7.75,0.96,14.11,303,677,132,31
0.19,1.01,0.09,-8.42,2.99,-6.77,1.03,11.22,246,674,135,33
0.20,1.04,0.08,-2.69,3.30,-11.54,1.07,12.29,271,678,141,32
0.20,1.11,0.09,-1.89,3.60,-22.09,1.14,22.47,246,688,137,30
0.19,1.38,0.09,-0.61,5.74,-45.35,1.40,45.71,161,718,142,26
0.18,1.66,0.03,5.68,11.29,-85.21,1.67,86.14,51,709,134,26
0.25,1.79,-0.16,18.19,17.09,-136.11,1.82,138.38,20,693,124,22
0.14,1.53,-0.04,43.70,3.17,-199.46,1.53,204.22,8,672,96,17
0.29,1.42,0.09,33.39,-7.20,-270.57,1.46,272.72,4,633,34,12
1.16,1.36,-0.53,-109.38,-36.68,-272.22,1.87,295.65,2,605,15,11
0.99,1.57,-0.56,-124.51,-96.86,-222.05,1.94,272.38,3,603,6,15
0.78,1.30,-0.14,-118.47,-120.00,-39.73,1.53,173.24,3,603,6,16
0.77,1.39,-0.15,-89.66,-77.15,83.56,1.59,144.82,2,596,4,15
0.63,1.64,0.08,-104.19,-46.57,114.81,1.76,161.88,3,587,5,16
0.37,1.45,0.17,-50.84,-25.21,90.33,1.51,106.68,3,583,8,18
-0.06,0.71,0.04,-16.85,-18.07,88.20,0.71,91.59,3,574,6,20
-0.31,0.54,0.12,-23.32,-14.34,112.79,0.64,116.07,4,571,6,20
-0.42,0.13,0.01,-12.63,17.03,101.50,0.44,103.69,4,566,5,24
-0.45,-0.02,-0.23,-44.92,89.23,96.86,0.51,139.15,4,566,5,25
-0.33,-0.28,-0.45,-97.60,142.27,111.45,0.63,205.40,4,567,6,24
-0.01,0.10,-0.17,-144.23,146.18,112.98,0.20,234.38,5,553,7,24
0.29,0.66,0.35,-113.95,116.27,107.60,0.81,195.15,5,553,7,24
0.77,0.82,0.52,-7.63,49.99,89.97,1.24,103.20,5,555,8,23
0.88,0.88,0.52,85.94,-50.42,77.03,1.35,125.94,6,570,9,26
0.77,0.70,0.44,148.50,-109.80,62.07,1.13,194.84,5,595,12,24
0.40,0.02,0.07,115.23,-99.37,52.25,0.41,160.88,5,593,13,24
1.02,1.05,0.21,25.21,-4.03,44.68,1.47,51.46,5,600,16,24
1.61,1.01,0.02,9.03,10.50,8.61,1.90,16.31,5,598,13,25
1.48,1.09,0.20,2.50,2.44,-18.92,1.85,19.24,5,604,15,25
1.13,0.87,0.34,21.67,1.34,-62.32,1.47,65.99,6,606,13,26
0.32,0.37,0.24,34.79,0.61,-87.46,0.54,94.13,6,609,16,26
-0.74,-0.57,-0.00,32.65,23.13,-99.79,0.94,107.52,6,621,28,24
0.68,0.80,-0.62,-76.23,25.09,162.90,1.22,181.60,33,641,65,30
0.27,0.61,0.00,121.83,-8.54,20.45,0.67,123.83,73,636,90,37
0.08,1.02,0.37,-9.22,-2.87,-39.06,1.09,40.24,85,641,96,35
0.37,1.02,-0.24,-62.26,5.13,-52.19,1.12,81.40,79,664,106,32
0.35,0.69,-0.08,-6.47,1.40,-17.40,0.78,18.61,92,676,114,34
0.31,0.97,-0.10,3.85,0.49,-1.71,1.02,4.24,101,675,120,34
0.27,0.92,0.02,11.29,0.61,2.75,0.96,11.64,109,672,125,35
0.27,1.00,0.03,7.57,0.49,2.81,1.03,8.09,144,668,126,35
0.27,1.01,0.01,0.43,-0.73,-6.35,1.05,6.40,132,667,129,34
0.29,0.90,-0.00,0.67,-1.04,-10.86,0.94,10.93,168,669,127,35
0.30,0.97,-0.02,-2.44,-0.12,-7.81,1.02,8.19,138,673,131,33
0.30,0.93,0.01,3.54,-0.67,-8.54,0.98,9.27,126,681,132,29
0.31,0.93,-0.02,1.71,-0.49,-8.06,0.98,8.25,122,676,133,29
0.29,0.96,0.05,-8.00,-0.98,-11.90,1.00,14.37,158,672,131,27
0.32,1.02,-0.05,-8.67,-0.85,-17.15,1.07,19.24,176,675,130,26
0.33,0.92,-0.01,-1.77,-1.83,-19.78,0.98,19.94,136,686,129,27
0.35,0.95,-0.05,1.46,-2.01,-18.49,1.01,18.66,144,693,125,22
0.35,0.89,-0.01,6.41,-2.93,-15.38,0.95,16.92,128,697,125,20
0.35,0.87,-0.00,6.23,-2.32,-11.23,0.93,13.05,108,701,130,20
0.37,0.88,-0.04,7.32,-1.16,-3.48,0.96,8.19,107,704,129,19
0.39,0.91,-0.06,18.37,-2.32,5.55,1.00,19.33,99,702,129,21
0.34,0.88,0.02,25.27,-6.53,9.09,0.94,27.64,110,693,124,20
0.30,0.90,0.10,15.93,-2.26,8.54,0.95,18.22,101,691,129,20
0.32,0.95,0.07,2.75,2.75,5.00,1.00,6.34,110,691,129,21
0.34,0.90,0.02,-3.97,2.44,-2.38,0.96,5.23,113,694,130,20
0.33,0.91,0.03,-8.97,2.32,-2.38,0.97,9.57,111,695,134,22
0.34,0.98,0.01,-13.06,3.23,-5.49,1.04,14.53,121,697,133,24
0.34,0.98,-0.01,-13.06,4.09,-10.25,1.03,17.10,133,702,137,25
0.34,0.94,0.05,-12.15,4.58,-17.21,1.00,21.56,122,706,138,23
0.35,1.16,-0.05,-14.77,5.49,-29.36,1.21,33.32,86,712,136,24
0.33,1.15,0.02,-8.00,5.00,-51.57,1.20,52.43,55,713,134,20
0.36,1.32,-0.13,-4.88,9.70,-88.44,1.38,89.10,30,714,127,17
0.47,1.43,-0.17,22.46,5.43,-121.64,1.51,123.82,14,722,102,14
0.59,1.50,0.05,27.22,6.65,-152.71,1.61,155.26,6,679,47,9
0.95,1.87,-0.11,-21.67,2.44,-127.50,2.10,129.35,4,612,15,12
0.96,1.42,-0.50,12.27,-32.65,-78.67,1.78,86.06,4,593,8,17
0.99,1.66,0.06,-23.13,-62.07,-14.59,1.93,67.83,4,600,7,19
0.93,1.58,0.32,6.77,-74.89,5.37,1.86,75.39,4,600,6,21
0.47,1.53,0.50,8.42,-94.54,-9.70,1.67,95.41,3,598,7,20
-0.01,1.30,0.50,52.06,-104.06,1.65,1.39,116.37,3,587,8,24
-0.26,0.91,0.38,77.39,-72.57,46.08,1.02,115.67,3,593,9,23
-0.35,0.43,0.04,73.30,-21.18,59.94,0.55,97.03,3,595,7,24
-0.32,0.39,-0.13,34.79,33.63,75.38,0.52,89.57,4,604,8,27
-0.07,0.25,-0.33,2.20,69.15,94.42,0.42,117.06,4,596,8,25
-0.00,0.34,-0.33,-41.32,73.43,96.13,0.48,127.83,4,584,7,24
-0.01,0.35,-0.31,-50.42,64.82,103.33,0.46,131.99,5,575,7,25
0.07,0.44,-0.28,-54.26,54.26,120.54,0.53,142.90,5,570,6,26
0.18,0.37,-0.32,-49.07,35.58,121.58,0.52,135.85,5,564,5,25
0.14,0.58,-0.13,-49.01,10.80,119.81,0.61,129.90,5,559,7,26
0.18,0.60,-0.09,-31.37,1.28,109.31,0.64,113.73,6,560,8,25
0.30,0.71,-0.08,-15.81,11.35,77.39,0.77,79.80,6,562,9,25
0.73,1.19,-0.02,6.35,4.39,23.56,1.40,24.79,6,572,9,24
1.11,1.02,0.17,48.95,-15.20,-1.04,1.52,51.27,6,582,10,22
0.72,0.54,0.07,52.80,-38.64,-13.12,0.91,66.73,5,591,13,22
0.54,0.84,0.26,-15.38,-7.75,11.23,1.04,20.56,5,594,12,24
0.82,0.79,0.25,-23.25,47.42,21.06,1.16,56.86,5,595,12,21
0.98,0.79,0.22,-31.43,75.20,-26.37,1.28,85.66,5,596,12,22
0.92,0.79,0.37,-10.44,46.51,-45.78,1.27,66.09,6,597,13,21
3.10,1.36,1.43,18.49,26.06,-116.33,3.68,120.64,7,631,32,22
-0.00,1.91,0.56,-29.48,-4.52,10.50,1.99,31.62,10,639,46,17
0.26,1.37,0.00,-11.05,5.86,-35.77,1.39,37.89,12,656,64,20
0.21,0.72,0.14,-14.53,6.77,-59.88,0.76,61.98,17,664,74,22
0.29,0.49,0.12,-39.98,14.53,-27.04,0.58,50.40,26,682,86,24
0.45,1.10,-0.33,-50.11,4.76,-5.19,1.23,50.60,40,705,110,25
0.34,1.08,-0.11,-8.42,-2.93,-2.62,1.14,9.30,61,707,118,28
0.27,0.88,0.07,-4.15,-0.67,0.06,0.92,4.20,85,692,122,28
0.31,0.99,-0.06,-18.92,1.46,-0.37,1.04,18.98,136,679,129,28
0.29,0.98,-0.03,-9.58,0.06,-1.77,1.02,9.74,215,664,135,29
0.27,1.02,0.03,-6.84,-1.04,-10.68,1.06,12.72,266,663,131,30
0.33,0.87,-0.08,-17.94,2.38,-12.45,0.93,21.97,282,664,134,27
0.32,0.89,-0.10,-8.00,2.38,-2.62,0.95,8.75,259,662,136,26
0.32,1.00,-0.08,-6.71,2.93,4.09,1.05,8.39,272,654,136,29
0.29,1.01,-0.04,3.72,1.46,-0.43,1.05,4.02,330,652,136,29
0.31,0.94,-0.08,2.75,0.43,-3.60,0.99,4.55,289,654,134,25
0.32,0.92,-0.07,4.27,1.16,-2.32,0.97,5.00,222,660,136,26
0.30,0.93,-0.08,10.44,1.16,0.37,0.98,10.51,326,667,129,25
0.31,0.98,-0.07,14.89,0.31,2.50,1.03,15.10,213,677,134,25
0.30,0.95,-0.03,11.35,-0.85,-3.91,1.00,12.04,202,684,134,23
0.31,0.90,-0.04,3.30,-0.49,-6.90,0.96,7.66,221,691,133,23
0.32,0.89,-0.06,1.59,0.43,-5.31,0.95,5.56,186,695,128,20
0.32,0.90,-0.06,4.52,0.67,-0.67,0.96,4.62,193,697,133,21
0.30,0.92,-0.08,8.54,0.00,3.97,0.97,9.42,202,699,134,20
0.31,0.92,-0.02,9.83,0.37,6.04,0.97,11.54,202,696,130,19
0.30,0.93,-0.01,7.08,0.92,7.45,0.98,10.32,188,697,133,18
0.30,0.98,-0.03,8.67,0.31,4.82,1.03,9.92,166,696,130,19
0.29,0.91,0.04,9.52,-0.79,-3.42,0.96,10.15,242,694,132,21
0.31,0.92,-0.05,-5.92,1.16,-4.88,0.97,7.76,213,693,134,22
0.31,0.91,-0.03,2.75,0.31,-2.69,0.96,3.85,243,691,137,22
0.30,0.95,-0.01,2.81,0.37,-2.20,0.99,3.58,224,686,138,24
0.29,0.98,-0.01,-0.55,1.16,-4.82,1.02,4.99,224,686,139,24
0.29,0.99,0.06,-5.74,1.83,-13.18,1.04,14.49,214,692,136,25
0.29,1.06,0.03,-18.80,5.31,-27.47,1.10,33.70,169,718,139,24
0.29,1.45,-0.05,-29.30,10.25,-55.48,1.47,63.57,82,734,137,21
0.34,1.61,-0.19,-14.71,12.70,-104.74,1.66,106.52,34,718,132,19
0.34,1.52,-0.14,4.64,11.72,-153.81,1.56,154.32,13,702,98,13
0.41,1.43,0.08,-5.55,26.61,-213.13,1.49,214.86,5,668,44,6
0.71,1.71,-0.08,-25.27,34.85,-228.88,1.85,232.89,3,636,18,5
1.28,0.99,-0.31,-3.36,29.79,-226.68,1.65,228.66,3,616,11,9
1.70,0.84,-0.39,-16.30,45.04,-215.09,1.94,220.36,3,635,8,13
1.80,1.00,-0.90,15.08,-16.36,-70.86,2.25,74.27,2,639,7,12
1.65,1.11,-0.76,-29.30,-106.26,1.40,2.12,110.24,3,642,7,13
1.07,1.22,-0.26,-56.64,-158.45,19.53,1.65,169.40,2,643,4,14
0.23,1.31,0.38,-48.10,-148.44,0.00,1.39,156.03,3,642,7,15
-0.30,0.72,0.38,33.81,-67.44,-17.33,0.87,77.41,3,642,5,18
-0.57,0.15,0.02,27.28,17.70,50.11,0.59,59.74,4,638,7,21
-0.54,0.15,-0.10,12.82,39.00,112.85,0.57,120.09,4,645,5,20
-0.41,-0.01,-0.19,8.61,35.64,146.55,0.45,151.06,4,639,7,23
-0.29,-0.06,-0.22,-6.53,14.10,164.98,0.37,165.71,4,626,6,23
-0.14,0.08,-0.17,-21.67,-7.51,171.75,0.23,173.28,4,623,7,22
-0.03,0.22,-0.11,-26.25,-25.70,175.90,0.24,179.70,4,617,8,22
0.22,0.40,-0.07,-30.40,-41.08,186.40,0.46,193.28,5,612,8,23
0.49,0.57,0.06,-32.65,-58.47,179.26,0.75,191.36,5,603,7,24
0.72,0.71,0.24,-27.53,-46.39,139.83,1.04,149.87,5,599,9,22
1.29,0.83,0.47,-8.00,-6.41,89.42,1.61,90.00,5,598,11,23
1.50,0.73,0.62,37.90,-9.28,77.27,1.78,86.56,5,595,12,24
1.86,0.65,0.47,33.63,29.42,1.95,2.02,44.72,6,582,11,23
1.38,0.24,0.30,36.87,50.96,-83.50,1.43,104.54,7,590,14,25
1.27,1.16,-0.88,71.66,-18.74,-70.01,1.93,101.91,10,620,37,23
-0.16,2.67,0.13,-30.88,-1.46,83.92,2.68,89.44,30,642,59,25
0.10,1.75,0.22,9.77,-2.50,1.22,1.77,10.15,56,648,73,31
0.18,0.80,0.20,-0.37,1.83,-44.68,0.84,44.72,46,668,76,30
0.35,0.59,-0.01,-21.97,8.42,-32.35,0.69,40.00,44,676,78,27
0.35,0.71,-0.02,-20.26,2.69,11.23,0.79,23.32,60,679,92,29
0.26,1.00,-0.02,-6.53,1.71,23.99,1.03,24.92,85,672,98,30
0.25,1.05,0.01,5.31,1.53,20.08,1.08,20.83,141,663,103,30
0.20,1.07,0.09,-1.34,1.77,9.40,1.09,9.66,162,660,107,33
0.24,1.01,0.03,-8.12,1.28,-5.07,1.04,9.65,169,659,112,33
0.26,0.95,0.02,-5.31,0.85,-7.93,0.99,9.59,218,660,111,33
0.25,0.96,0.01,-2.87,0.55,-5.49,0.99,6.22,183,661,113,31
0.26,0.96,0.02,-0.18,-0.12,-6.47,0.99,6.47,211,663,111,31
0.27,0.92,0.02,1.83,-0.37,-5.00,0.96,5.34,177,665,117,29
0.24,0.98,0.06,0.43,0.06,-6.04,1.01,6.06,183,668,117,28
0.27,0.90,0.04,-3.66,-0.49,-9.58,0.94,10.27,212,661,113,28
0.28,0.86,0.03,-6.16,1.28,-3.66,0.90,7.28,205,657,115,27
0.27,1.00,0.02,1.40,0.06,-0.73,1.03,1.58,212,660,117,28
0.27,1.05,0.02,3.11,0.06,-5.86,1.09,6.64,204,663,117,27
0.25,0.94,0.05,1.16,-0.37,-15.20,0.98,15.25,246,668,118,26
0.28,0.94,0.02,-5.92,0.24,-18.55,0.98,19.48,197,670,115,23
0.30,0.98,0.01,-5.98,0.24,-20.20,1.02,21.07,205,673,119,22
0.30,0.96,0.00,-4.27,-0.31,-23.07,1.01,23.47,157,677,122,21
0.29,0.85,0.04,-3.60,-1.40,-23.62,0.90,23.93,142,682,122,18
0.32,0.82,0.01,-15.38,0.61,-13.61,0.88,20.55,168,676,121,20
0.35,0.94,-0.03,-11.60,0.73,-10.86,1.01,15.91,225,671,124,19
0.32,0.76,0.04,-9.64,1.10,-9.64,0.83,13.68,208,668,125,21
0.36,0.84,-0.05,-14.77,4.58,3.17,0.91,15.79,322,661,129,19
0.36,0.84,-0.05,-5.25,4.94,17.52,0.92,18.94,310,653,130,22
0.34,1.04,-0.05,8.42,3.85,27.71,1.09,29.22,312,647,133,26
0.28,1.09,0.02,18.37,1.53,21.91,1.12,28.63,338,643,134,27
0.25,1.17,0.06,14.28,1.22,-3.05,1.20,14.66,411,648,132,28
0.26,1.46,0.00,-0.31,3.60,-57.80,1.48,57.91,293,681,135,24
0.24,1.64,0.02,-17.21,9.09,-116.70,1.66,118.31,83,699,126,19
0.26,1.71,-0.21,-14.71,16.72,-191.77,1.75,193.06,25,715,108,11
0.99,1.67,-0.16,-0.55,23.32,-266.91,1.94,267.92,8,684,38,4
0.86,2.15,-0.15,-43.21,-4.70,-218.51,2.32,222.79,4,626,13,8
2.17,1.30,-0.81,87.40,-66.16,-178.89,2.66,209.81,4,606,5,15
0.63,1.18,-0.18,-24.35,-204.47,-33.57,1.35,208.63,3,619,5,15
-0.07,2.28,0.73,-50.48,-134.34,41.26,2.40,149.32,3,616,3,15
0.02,1.55,0.30,73.36,-2.87,62.74,1.58,96.58,3,620,6,18
-0.10,0.65,-0.04,36.44,35.83,80.99,0.66,95.77,4,612,4,19
-0.42,0.52,0.06,7.39,28.20,126.95,0.67,130.26,4,602,7,22
-0.55,-0.06,-0.10,8.67,63.90,137.39,0.56,151.77,4,598,6,22
-0.43,-0.33,-0.32,-38.88,117.00,138.43,0.63,185.37,4,588,6,24
-0.26,0.20,-0.25,-84.29,143.68,148.01,0.41,222.83,5,574,8,23
0.32,0.42,-0.26,-59.88,116.27,161.62,0.59,207.91,5,570,5,24
0.34,0.54,-0.17,-17.88,40.28,160.03,0.66,165.99,5,573,3,25
0.39,0.42,-0.18,12.33,-13.79,160.28,0.60,161.34,5,572,6,25
0.52,0.57,-0.10,19.47,-28.75,133.54,0.78,137.98,5,574,7,24
0.73,0.69,-0.14,35.22,-28.02,58.47,1.01,73.78,4,585,8,24
0.83,1.00,0.03,89.17,-77.39,25.45,1.30,120.79,4,595,7,22
0.90,0.70,0.17,39.67,-91.92,-11.05,1.15,100.72,4,599,7,25
1.16,0.68,0.38,17.27,-57.74,-69.58,1.39,92.05,4,608,7,23
1.31,0.80,0.60,1.34,-26.00,-133.00,1.64,135.52,3,609,6,22
2.99,1.42,1.37,9.09,8.00,-172.24,3.58,172.67,4,649,24,23
0.22,0.46,-0.28,26.67,30.88,65.37,0.58,77.06,4,642,23,16
0.37,1.36,-0.04,-7.45,9.77,-19.41,1.41,22.97,6,673,45,19
0.16,1.17,0.13,5.43,3.91,-20.69,1.19,21.75,10,683,62,20
0.21,0.51,0.33,-11.90,5.31,-36.87,0.64,39.10,11,685,72,21
0.25,0.78,0.09,-73.18,13.98,-21.73,0.82,77.61,17,719,88,23
0.46,1.18,-0.35,-39.31,2.62,-11.41,1.32,41.01,27,742,104,26
0.30,0.82,0.07,-10.56,-0.24,-10.62,0.87,14.98,39,748,119,25
0.35,0.82,-0.08,-41.50,1.89,-12.82,0.89,43.48,59,754,129,27
0.37,1.01,-0.14,-46.57,3.91,-12.70,1.08,48.43,83,744,128,24
0.34,1.06,-0.10,-27.65,2.81,-14.89,1.12,31.53,118,740,133,22
0.35,0.94,-0.11,-16.91,0.43,-17.82,1.01,24.57,133,731,136,19
0.38,0.87,-0.14,-9.34,-0.06,-16.05,0.96,18.57,158,732,138,19
0.39,0.88,-0.14,-0.06,-0.49,-5.37,0.98,5.39,187,725,135,16
0.37,0.83,-0.05,6.65,-0.43,3.30,0.91,7.44,204,716,137,18
0.36,0.94,-0.13,6.53,0.55,6.90,1.02,9.51,221,707,140,18
0.35,0.94,-0.10,10.74,0.61,10.13,1.01,14.78,230,697,139,21
0.34,0.94,-0.07,10.68,0.55,9.09,1.00,14.04,298,686,135,20
0.37,0.94,-0.15,14.10,0.55,10.93,1.02,17.85,256,687,136,20
0.34,0.96,-0.09,28.38,-2.14,15.26,1.02,32.29,295,681,135,20
0.31,0.91,-0.01,24.29,-3.42,9.40,0.96,26.27,251,677,135,22
0.31,0.90,-0.01,5.92,-0.12,6.29,0.95,8.64,334,667,129,23
0.31,0.96,-0.03,-2.93,1.22,1.83,1.01,3.66,316,662,131,21
0.32,0.97,-0.05,-7.08,0.06,-7.93,1.03,10.63,312,659,131,19
0.31,0.90,-0.02,-13.37,-0.73,-14.65,0.95,19.84,358,662,132,21
0.36,0.86,-0.11,-21.61,3.91,-12.45,0.94,25.24,316,663,129,16
0.36,0.92,-0.13,-16.17,5.37,-6.59,1.00,18.27,416,664,133,17
0.35,0.90,-0.09,-9.70,3.66,-5.00,0.97,11.52,388,662,136,16
0.37,0.88,-0.13,-9.46,4.70,-1.89,0.96,10.73,321,660,136,17
0.38,0.90,-0.17,1.46,3.42,6.65,1.00,7.62,342,656,141,19
0.36,0.87,-0.13,17.52,2.75,15.62,0.95,23.63,304,650,144,20
0.33,0.98,-0.09,23.07,1.40,20.75,1.04,31.06,397,641,146,23
0.28,1.09,-0.03,26.37,-2.99,2.20,1.12,26.63,321,640,139,23
0.29,1.32,0.02,11.47,-7.02,-29.60,1.35,32.51,393,663,146,19
0.29,1.63,-0.02,-18.55,-6.29,-87.22,1.66,89.39,185,703,143,15
0.36,1.63,-0.24,-25.27,5.74,-148.74,1.68,150.98,62,704,125,9
0.55,1.84,-0.30,-35.34,12.76,-217.10,1.95,220.33,22,681,55,2
1.47,1.74,-1.15,-163.82,0.06,-269.23,2.55,315.15,5,633,15,3
1.78,1.85,-0.42,-128.30,-44.25,-250.55,2.60,284.94,3,586,7,6
1.32,1.57,-0.18,-97.23,-78.86,-153.87,2.06,198.36,3,590,6,8
1.11,1.69,0.00,-35.71,-89.90,-35.22,2.02,102.95,3,597,4,10
0.47,1.71,0.22,28.87,-133.30,52.31,1.79,146.08,3,615,6,12
-0.35,1.20,0.31,67.81,-149.35,118.84,1.29,202.55,3,618,7,16
-0.70,0.43,-0.05,118.84,-128.78,141.78,0.83,225.41,4,620,6,19
-0.82,-0.11,-0.36,101.56,-80.26,177.73,0.90,219.88,4,609,7,21
-0.54,-0.40,-0.63,41.32,-18.98,180.30,0.92,185.94,4,594,7,21
-0.36,-0.14,-0.56,-30.03,28.50,161.80,0.68,167.02,5,587,6,22
-0.18,-0.00,-0.52,-69.46,51.39,169.86,0.55,190.57,5,583,7,22
0.01,0.35,-0.35,-94.85,55.30,183.11,0.50,213.50,5,573,5,22
0.29,0.41,-0.29,-99.55,57.68,161.01,0.58,197.89,6,565,6,20
0.46,0.84,-0.07,-116.64,50.17,103.82,0.96,164.01,6,561,4,18
1.08,1.01,0.05,-28.87,25.27,60.06,1.48,71.27,6,562,5,20
1.18,0.98,0.12,6.53,-20.69,-13.49,1.54,25.55,5,579,6,15
0.86,0.80,0.14,68.97,-42.85,-51.57,1.18,96.19,4,595,5,16
1.00,0.57,0.13,43.03,-12.70,-54.63,1.16,70.69,4,615,6,18
1.11,0.78,0.28,45.78,7.45,-42.79,1.39,63.10,4,628,7,18
1.29,0.40,0.11,39.25,7.69,-39.12,1.36,55.95,5,624,9,16
2.25,0.47,0.31,13.79,9.16,-104.25,2.32,105.55,4,639,21,17
0.43,-0.48,0.04,21.18,-10.74,74.40,0.64,78.10,8,679,53,16
0.22,1.10,0.07,14.28,1.46,31.07,1.12,34.22,13,688,84,17
0.38,1.37,-0.15,11.35,-2.87,-0.79,1.43,11.74,19,694,103,19
0.28,0.74,0.12,19.23,-3.78,-9.70,0.80,21.87,23,692,110,21
0.34,0.68,0.02,7.39,-1.65,9.16,0.76,11.88,28,704,121,22
0.29,0.98,0.06,1.04,-0.12,18.31,1.02,18.34,36,705,128,24
0.31,0.93,0.03,-5.19,0.61,8.48,0.98,9.96,41,708,133,24
0.28,0.98,0.08,-12.21,0.12,-0.31,1.03,12.21,45,707,132,23
0.30,1.00,-0.01,-21.67,3.11,-7.08,1.04,23.01,48,720,134,24
0.31,0.94,-0.01,-15.44,1.95,-9.03,0.99,18.00,54,722,134,23
0.36,0.88,-0.09,-5.43,-0.31,1.22,0.95,5.58,54,720,138,23
0.30,0.91,-0.03,3.60,-2.08,20.08,0.96,20.51,59,722,131,23
0.27,1.06,-0.03,16.85,-3.23,24.90,1.10,30.24,70,722,137,24
0.25,1.00,0.06,20.08,-1.95,15.62,1.03,25.52,74,718,134,25
0.27,0.90,0.03,15.44,-0.61,13.43,0.94,20.47,69,719,134,25
0.27,1.03,0.00,16.60,-2.01,16.42,1.06,23.44,63,721,129,24
0.23,1.00,0.07,19.59,-4.21,10.74,1.03,22.74,57,718,128,23
0.24,0.97,0.07,16.11,-1.95,5.31,1.00,17.08,53,720,121,20
0.22,0.94,0.11,11.23,-0.61,0.12,0.97,11.25,48,719,117,20
0.23,0.94,0.09,4.21,2.50,-4.27,0.97,6.50,48,718,123,20
0.25,0.97,0.05,0.31,2.87,-6.59,1.00,7.20,48,719,123,22
0.27,0.91,0.04,2.69,2.01,-6.23,0.95,7.07,44,719,122,19
0.26,0.98,0.05,5.31,0.92,-5.25,1.02,7.52,42,721,122,18
0.26,0.96,0.05,8.54,0.06,-9.03,0.99,12.43,39,716,120,19
0.25,0.76,0.12,5.25,0.92,-9.83,0.81,11.18,39,715,126,21
0.28,0.93,0.05,-4.88,2.14,-3.17,0.98,6.20,43,714,127,19
0.27,0.98,0.05,-2.93,2.14,-5.00,1.02,6.18,46,714,132,22
0.31,0.95,0.02,1.40,0.85,-7.20,1.00,7.39,52,709,135,21
0.27,1.01,0.05,2.99,-0.18,-10.25,1.04,10.68,61,707,134,22
0.24,1.31,0.06,1.04,3.42,-34.36,1.33,34.55,46,700,136,20
0.29,1.53,0.00,6.35,1.16,-72.14,1.55,72.43,27,662,121,18
0.27,1.62,-0.03,12.08,-3.60,-126.22,1.64,126.85,15,642,107,14
0.44,1.37,-0.13,8.67,-11.66,-186.46,1.45,187.03,7,644,59,6
1.15,1.54,-0.49,-113.28,-28.56,-219.42,1.99,248.58,3,595,21,8
1.35,1.31,-0.87,-107.48,-81.42,-207.15,2.08,247.17,2,584,8,10
1.68,1.26,-0.18,-145.45,-118.10,-275.15,2.11,332.88,2,570,6,11
1.01,1.70,0.22,-108.52,-87.22,-147.22,2.00,202.62,2,584,5,12
1.01,1.45,0.23,-26.31,-24.66,-64.82,1.78,74.17,2,590,7,13
0.68,1.20,0.20,-2.38,6.53,-38.15,1.40,38.78,2,609,5,13
-0.02,1.04,0.21,17.27,20.14,1.89,1.06,26.60,3,610,5,14
-0.28,0.63,-0.00,50.84,26.92,56.15,0.69,80.39,3,605,6,16
-0.45,0.22,-0.12,40.71,29.66,90.27,0.52,103.37,3,600,4,16
-0.50,0.10,-0.08,16.97,32.04,113.34,0.52,119.00,4,598,6,18
-0.46,0.07,-0.05,5.07,26.98,133.24,0.47,136.04,4,597,6,20
-0.26,0.03,-0.10,-0.12,4.58,149.54,0.28,149.61,4,591,3,19
-0.18,0.29,0.03,-19.71,-43.52,167.05,0.35,173.75,4,592,5,19
-0.06,0.46,0.09,-7.26,-69.70,179.81,0.47,192.98,4,586,5,19
0.05,0.53,0.14,-12.63,-75.62,192.38,0.55,207.10,4,583,5,19
0.18,0.75,0.22,-20.63,-35.64,169.01,0.80,173.95,4,579,6,20
0.57,0.88,0.10,-31.19,10.38,128.48,1.06,132.62,4,577,7,18
0.75,1.20,0.22,-36.74,21.85,77.15,1.44,88.20,4,576,8,17
0.90,1.28,0.35,14.22,28.50,46.69,1.60,56.52,4,583,8,18
1.09,0.97,0.19,61.22,20.51,-0.85,1.47,64.57,4,605,10,17
1.42,0.85,0.28,81.30,-5.43,-22.16,1.67,84.44,4,608,11,19
1.05,0.34,0.18,70.31,-70.25,-73.67,1.12,123.72,5,600,12,20
0.19,0.59,0.58,12.02,-56.76,-73.49,0.85,93.63,5,607,12,20
3.19,0.53,1.15,10.93,25.15,-107.06,3.43,110.51,6,620,35,24
-0.34,2.43,0.43,-86.30,6.23,31.92,2.49,92.23,7,664,49,17
0.48,1.09,-0.15,11.90,-3.85,-19.41,1.20,23.09,9,665,69,22
0.25,0.56,0.28,13.67,-4.94,-23.38,0.67,27.53,11,658,85,22
0.25,0.43,0.25,-21.55,11.78,-2.26,0.56,24.66,12,665,93,23
0.36,0.94,-0.04,-44.62,15.56,22.09,1.01,52.16,16,685,109,26
0.35,1.08,-0.07,-28.44,8.12,21.85,1.14,36.77,22,702,114,25
0.29,0.96,0.04,-15.87,3.17,13.31,1.00,20.95,27,712,123,23
0.29,1.17,0.00,-21.30,2.01,5.49,1.21,22.09,36,719,130,23
0.30,1.08,-0.03,-4.27,-0.61,-12.76,1.12,13.47,40,722,131,24
0.30,0.86,-0.00,-7.75,0.92,-8.12,0.91,11.26,45,721,132,24
0.32,0.90,-0.07,-1.16,1.22,1.89,0.96,2.53,46,722,135,23
0.33,0.70,-0.03,13.55,-0.85,22.58,0.77,26.35,45,725,130,25
0.25,0.92,0.04,24.66,-4.39,49.56,0.95,55.53,49,725,131,25
0.21,1.14,0.04,29.85,-3.17,50.84,1.16,59.04,58,709,124,25
0.20,1.13,0.14,33.26,1.16,41.75,1.16,53.39,73,685,118,26
0.12,1.06,0.14,24.54,-2.99,19.47,1.08,31.47,66,680,112,27
0.18,0.95,0.11,7.81,-0.79,-3.17,0.97,8.47,51,700,111,27
0.20,0.96,0.08,1.83,0.37,-7.20,0.99,7.44,36,714,111,24
0.21,1.04,0.05,7.57,1.53,-10.13,1.07,12.74,30,718,107,22
0.21,1.00,0.08,12.39,-0.24,-13.98,1.02,18.68,23,715,106,20
0.20,0.94,0.13,11.29,-0.85,-15.44,0.97,19.15,21,708,99,19
0.23,0.93,0.09,7.08,0.67,-14.77,0.96,16.39,20,704,105,18
0.24,0.91,0.09,10.07,-0.18,-12.27,0.95,15.87,19,702,100,19
0.23,0.85,0.13,8.67,0.12,-8.54,0.90,12.17,17,703,98,17
0.25,0.89,0.09,7.57,0.00,-2.69,0.93,8.03,18,702,102,17
0.19,0.85,0.21,6.41,0.92,-2.08,0.89,6.80,21,698,102,20
0.24,0.88,0.13,-10.93,4.82,4.70,0.92,12.83,23,705,112,20
0.21,0.95,0.15,-5.55,2.08,6.29,0.99,8.64,27,705,113,23
0.23,1.04,0.08,-8.18,3.23,3.05,1.07,9.31,34,702,118,24
0.27,1.21,-0.00,1.22,2.81,-4.64,1.24,5.56,35,708,115,23
0.21,1.39,0.09,21.06,2.62,-21.79,1.41,30.42,28,702,113,24
0.26,1.53,0.01,37.54,3.36,-49.99,1.55,62.60,15,675,93,21
0.19,1.48,0.08,50.42,-2.26,-90.45,1.50,103.58,8,649,80,17
0.23,1.41,0.09,51.64,-8.06,-131.90,1.43,141.87,4,658,51,15
0.37,1.23,0.11,43.58,-14.28,-172.18,1.29,178.18,3,651,26,11
0.70,1.29,0.01,-23.68,-31.25,-181.46,1.46,185.65,2,620,14,14
0.87,1.18,-0.32,-62.99,-61.89,-180.11,1.50,200.60,2,586,8,14
1.51,0.96,0.20,-61.52,-62.13,-214.84,1.80,231.96,3,601,5,16
1.18,2.11,0.40,-54.14,-44.07,-40.89,2.45,80.90,3,618,5,15
1.30,1.44,0.06,2.62,5.92,-55.79,1.94,56.16,3,609,5,15
0.86,1.53,0.18,-36.01,8.85,-79.65,1.76,87.86,3,605,6,15
0.32,1.38,0.30,-20.63,9.28,-45.23,1.45,50.57,3,596,5,18
-0.13,0.92,0.15,-0.67,17.15,-1.10,0.94,17.20,3,593,4,19
-0.42,0.56,0.01,-5.19,16.72,62.81,0.70,65.20,3,593,7,19
-0.63,0.31,-0.05,-15.93,48.83,120.79,0.71,131.25,4,586,6,20
-0.60,-0.13,-0.23,-70.80,105.16,124.39,0.65,177.61,4,578,6,22
-0.54,0.02,-0.11,-108.03,141.36,120.30,0.55,214.77,5,564,6,22
-0.43,0.12,-0.07,-88.68,150.09,154.66,0.45,233.05,5,549,6,23
-0.07,0.23,-0.15,-62.13,130.31,175.96,0.28,227.61,5,543,7,22
0.24,0.51,-0.03,-29.24,87.46,166.20,0.56,190.07,6,536,7,23
0.72,0.78,0.01,17.52,22.71,137.33,1.06,140.29,6,542,6,22
0.87,0.97,0.17,88.20,-58.11,91.43,1.31,139.69,5,555,12,20
0.94,0.86,0.24,148.01,-103.03,43.76,1.29,185.57,5,575,14,19
0.44,-0.81,-0.41,128.30,-79.28,-18.62,1.01,151.96,6,586,14,21
0.60,1.69,0.75,-80.69,57.86,-7.26,1.94,99.56,5,598,14,17
2.07,0.66,0.07,37.17,63.23,27.22,2.17,78.24,6,595,14,19
1.38,0.62,0.08,34.97,2.20,-21.00,1.52,40.85,6,594,14,17
0.78,0.39,0.10,19.23,7.02,-54.87,0.88,58.56,6,597,16,18
3.03,1.82,1.39,44.80,27.59,-73.79,3.80,90.63,8,674,59,21
-0.38,3.01,0.07,20.87,3.78,156.25,3.04,157.68,15,691,75,19
0.40,1.62,-0.22,42.72,-12.45,2.87,1.68,44.59,24,692,92,22
0.03,0.95,0.35,10.19,0.37,-51.33,1.01,52.33,23,697,98,22
0.32,0.60,-0.01,-37.05,14.83,-46.08,0.68,60.96,20,712,106,21
0.48,0.82,-0.18,-7.08,0.12,-12.51,0.97,14.38,23,725,113,21
0.30,0.85,0.02,12.45,-5.25,-0.73,0.90,13.53,30,723,115,22
0.28,0.81,0.04,6.47,-4.09,7.45,0.86,10.68,38,715,122,23
0.27,0.96,0.00,-0.24,-3.42,16.48,1.00,16.83,52,715,130,23
0.26,1.03,-0.01,-2.26,-2.08,13.61,1.06,13.95,61,713,129,23
0.24,1.05,0.03,-1.40,-0.98,5.37,1.08,5.64,82,709,132,21
0.25,0.96,0.04,-9.03,0.85,-4.21,0.99,10.00,89,707,134,24
0.27,0.94,-0.01,-20.20,3.72,-9.28,0.98,22.54,102,708,134,22
0.28,0.97,-0.05,-23.19,5.00,-11.29,1.01,26.28,89,719,135,24
0.29,0.97,-0.06,-14.10,4.88,-13.92,1.02,20.40,85,720,135,23
0.30,0.91,-0.06,-14.95,5.31,-12.76,0.96,20.36,96,719,138,21
0.33,0.92,-0.12,-8.73,2.93,-7.20,0.98,11.69,103,718,137,21
0.33,0.86,-0.09,-0.31,3.72,-1.46,0.93,4.01,111,712,139,21
0.30,0.96,-0.08,5.13,0.73,7.20,1.01,8.87,113,706,139,21
0.28,0.97,-0.02,5.13,-0.06,2.44,1.01,5.68,121,702,140,21
0.32,0.97,-0.06,-0.06,0.61,-1.65,1.02,1.76,150,702,139,23
0.30,0.91,-0.06,2.81,0.24,-1.71,0.96,3.30,130,699,136,23
0.30,0.96,-0.07,6.77,-0.18,0.18,1.01,6.78,155,703,137,21
0.28,0.92,-0.01,4.94,-0.06,-2.20,0.96,5.41,160,699,139,20
0.30,0.94,-0.06,5.07,0.24,-1.16,0.99,5.20,136,699,133,17
0.29,0.92,-0.04,7.26,0.24,0.24,0.97,7.27,137,701,134,18
0.29,0.94,-0.03,6.41,1.04,2.38,0.99,6.91,133,701,137,18
0.28,0.96,-0.02,6.84,0.49,0.85,1.00,6.91,150,701,135,19
0.30,0.92,-0.02,5.07,0.98,1.65,0.97,5.42,137,697,136,17
0.30,0.94,-0.05,7.08,1.10,4.21,0.99,8.31,156,696,137,19
0.29,0.95,-0.06,11.60,0.61,4.46,1.00,12.44,151,700,134,19
0.30,1.00,-0.05,15.20,-0.43,2.81,1.05,15.46,155,705,132,20
0.32,1.10,-0.05,17.64,-5.74,-7.39,1.15,19.96,129,704,129,19
0.24,1.09,0.07,12.39,-7.32,-21.55,1.12,25.91,96,704,129,18
0.24,1.07,0.12,4.27,-1.65,-37.48,1.10,37.75,75,700,132,19
0.31,1.13,-0.00,-6.35,2.87,-55.97,1.17,56.40,44,676,130,19
0.30,1.11,0.01,-11.66,2.62,-78.55,1.16,79.46,32,674,125,19
0.30,1.31,0.05,-22.52,2.75,-112.24,1.35,114.51,24,681,121,16
0.35,1.52,0.02,-31.56,5.55,-163.70,1.56,166.80,17,681,102,7
0.39,1.50,0.15,-42.48,20.26,-219.06,1.56,224.05,9,668,51,2
0.69,1.26,0.11,-97.78,41.14,-252.93,1.44,274.27,4,646,31,5
0.56,1.24,-0.05,-141.24,40.71,-245.06,1.36,285.76,2,584,15,9
-0.58,1.38,0.16,-127.87,3.36,-156.43,1.51,202.07,2,577,7,13
-0.44,1.23,0.22,27.59,-80.26,46.63,1.33,96.84,2,588,8,14
-0.27,0.52,-0.07,93.87,-118.41,109.31,0.59,186.50,2,601,6,13
-0.39,0.42,-0.10,73.00,-130.25,146.61,0.58,209.25,3,612,7,14
-0.52,0.78,-0.00,61.10,-103.27,199.04,0.94,232.41,3,608,6,16
-0.10,0.56,-0.26,71.72,-48.16,233.03,0.63,248.53,3,605,8,16
0.20,0.55,-0.37,5.00,-14.22,175.54,0.69,176.18,4,618,8,17
0.26,1.20,-0.05,-32.78,8.79,165.34,1.23,168.79,5,617,8,16
0.64,1.27,-0.08,-12.94,10.68,170.78,1.42,171.60,6,608,9,15
0.95,-1.32,-1.11,132.93,-38.09,150.76,1.97,204.57,6,605,10,15
0.36,2.36,0.49,-89.42,-38.76,116.33,2.44,151.76,6,615,8,14
0.85,0.85,-0.31,38.39,26.98,104.61,1.25,114.66,6,619,9,14
0.74,1.08,-0.18,-22.89,18.92,87.65,1.32,92.54,6,623,10,16
0.71,1.02,-0.08,-29.24,-0.55,84.29,1.24,89.22,5,625,10,16
0.68,0.94,-0.06,-41.14,-15.56,51.82,1.16,67.97,6,626,9,14
0.69,0.99,0.02,-46.33,-30.88,21.97,1.21,59.86,5,626,9,11
0.75,0.96,-0.00,-43.88,-52.06,6.35,1.21,68.39,5,621,11,14
1.01,0.78,-0.13,-48.89,-80.51,-34.97,1.28,100.47,5,623,10,9
1.08,0.69,-0.14,-113.22,-99.24,-53.89,1.29,159.91,5,625,10,12
1.17,0.86,0.02,-119.81,-98.94,-55.18,1.45,164.89,6,619,10,12
1.15,0.82,0.04,-88.62,-90.33,-73.49,1.41,146.34,6,618,9,10
-1.19,3.77,1.40,-10.07,-111.39,-58.65,4.20,126.29,8,602,12,9
0.36,-0.43,-0.33,148.93,-38.27,13.55,0.65,154.36,13,639,37,14
0.26,0.56,-0.13,101.14,-16.30,54.69,0.64,116.12,36,672,63,17
0.16,1.15,-0.12,48.10,-1.89,51.09,1.17,70.19,95,658,86,23
0.08,1.06,0.13,48.40,-3.60,18.01,1.07,51.77,141,646,92,27
0.12,0.99,0.07,0.85,1.28,-4.39,1.00,4.66,179,640,105,27
0.17,0.95,-0.01,0.37,0.18,-10.13,0.96,10.14,216,637,111,28
0.17,0.94,-0.02,-5.62,1.59,-5.68,0.96,8.14,230,636,116,28
0.17,0.95,-0.04,-5.55,2.14,-2.08,0.96,6.30,277,635,117,30
0.17,0.95,-0.04,-1.65,2.32,2.26,0.97,3.63,236,634,123,28
0.17,0.99,-0.05,5.49,2.99,7.14,1.01,9.49,361,632,122,30
0.15,0.98,-0.00,11.11,1.77,5.86,0.99,12.68,299,628,126,29
0.15,0.97,-0.01,8.36,0.49,2.87,0.98,8.85,426,624,126,28
0.17,0.98,-0.04,10.31,-0.06,2.75,0.99,10.67,320,628,127,31
0.16,0.96,-0.01,16.54,-2.01,8.00,0.97,18.48,297,624,126,31
0.14,0.99,0.02,15.93,-3.30,5.62,1.00,17.21,266,620,127,32
0.66,0.58,-0.35,17.15,-4.76,6.16,0.95,18.84,299,620,126,30
0.16,1.69,0.21,-4.46,1.40,0.24,1.71,4.68,320,621,127,32
0.15,0.74,-0.03,12.21,-0.92,0.49,0.75,12.25,424,626,120,30
0.15,1.06,0.03,5.74,-0.92,-0.12,1.07,5.81,391,628,123,30
0.13,0.96,0.05,11.05,-1.59,-2.75,0.97,11.49,299,630,123,29
0.14,0.97,0.05,3.60,-0.73,-7.75,0.98,8.58,237,636,127,27
0.14,0.97,0.04,-2.32,-0.31,-9.40,0.98,9.69,236,641,122,27
0.16,0.99,0.02,-5.07,1.59,-9.40,1.00,10.79,363,649,126,25
0.16,0.91,0.02,-3.85,2.14,-8.97,0.93,9.99,363,653,128,23
0.18,0.95,0.00,-4.70,3.60,-3.91,0.96,7.09,266,654,127,23
0.17,1.00,0.00,0.12,2.69,-2.01,1.01,3.36,339,651,130,24
0.17,1.03,0.01,6.04,1.22,-5.74,1.05,8.42,320,650,131,25
0.17,1.02,0.03,6.71,-0.55,-13.49,1.03,15.08,269,652,134,23
0.20,1.05,0.02,3.66,-1.71,-21.00,1.07,21.38,243,665,132,24
0.23,1.07,-0.02,0.43,-4.70,-31.98,1.10,32.33,243,681,136,26
0.25,1.13,0.00,-2.75,-8.18,-45.23,1.16,46.04,160,695,131,24
0.17,1.21,0.09,-6.47,-9.16,-75.50,1.22,76.33,111,701,134,25
0.25,1.28,-0.00,-13.92,-1.65,-102.97,1.31,103.92,70,684,132,23
0.17,1.41,0.08,-13.49,-0.24,-137.57,1.42,138.23,41,681,128,21
0.21,1.54,-0.02,-14.16,0.43,-193.91,1.56,194.43,23,681,119,17
0.36,1.56,-0.10,-22.58,-3.30,-271.97,1.60,272.93,14,688,75,8
0.53,1.83,0.32,-84.90,10.13,-335.27,1.93,346.00,5,694,40,3
0.54,1.02,-0.14,-90.70,23.01,-330.75,1.16,343.73,2,639,22,5
0.26,1.12,-0.27,-145.81,-9.28,-320.80,1.18,352.51,2,603,10,12
-0.08,0.82,-0.27,-159.61,-61.22,-262.15,0.87,312.96,2,608,8,12
-1.05,1.11,0.36,-99.85,-98.51,24.05,1.57,142.31,2,610,6,11
-0.71,0.72,0.01,43.46,-13.61,162.35,1.01,168.62,2,609,7,12
-0.14,0.56,-0.25,36.56,8.97,232.18,0.63,235.21,2,601,5,13
0.02,0.72,-0.24,-0.43,-4.58,278.75,0.75,278.79,2,602,4,15
0.11,1.01,-0.13,-22.22,-26.98,311.34,1.02,313.30,3,600,5,14
0.37,1.02,-0.06,-19.04,-46.26,298.52,1.09,302.69,3,586,6,16
0.49,1.00,0.01,-31.92,-62.01,226.50,1.11,237.00,4,578,6,14
0.30,1.31,0.27,-48.58,-68.30,192.69,1.37,210.13,4,580,5,14
0.33,1.46,0.32,-29.42,-40.89,169.68,1.53,177.00,4,587,8,12
0.42,1.63,0.34,-0.12,1.59,162.05,1.71,162.06,4,601,8,13
1.04,1.33,0.06,32.84,54.50,165.28,1.69,177.11,4,609,7,14
2.78,1.22,0.32,-7.87,66.53,102.29,3.05,122.28,5,607,7,13
3.48,0.83,0.33,21.55,36.32,26.49,3.60,49.85,5,610,11,11
2.91,0.57,0.19,43.95,-33.02,-68.66,2.98,87.96,5,612,10,12
0.09,-0.96,-0.36,26.00,-48.52,-121.70,1.02,133.58,7,640,22,15
-0.53,0.84,0.28,66.53,-10.38,1.65,1.03,67.35,13,662,39,14
0.29,1.58,-0.25,-37.41,10.86,-17.64,1.63,42.77,50,654,71,22
0.20,1.19,-0.04,5.25,7.57,0.79,1.20,9.24,120,641,91,26
0.11,0.92,0.09,11.60,2.75,1.71,0.93,12.04,192,627,104,28
0.14,1.08,-0.02,-18.49,1.10,-11.47,1.09,21.79,322,619,111,30
0.16,0.92,-0.02,-10.50,0.18,-15.26,0.94,18.52,275,620,116,28
0.18,0.95,-0.07,-8.97,1.65,-5.74,0.97,10.78,262,616,120,27
0.17,0.97,-0.07,0.85,1.59,1.10,0.98,2.11,396,616,122,27
0.16,0.97,-0.04,9.70,1.04,5.74,0.99,11.32,280,613,123,29
0.15,1.00,-0.02,12.39,0.24,7.32,1.01,14.40,343,613,118,30
0.14,0.98,0.00,12.39,-1.65,2.81,0.99,12.81,429,609,124,28
0.14,0.99,-0.02,8.18,-1.77,-0.49,1.00,8.38,432,611,123,29
0.13,1.00,-0.03,10.86,-2.26,-2.50,1.01,11.38,432,615,121,28
0.15,0.99,0.00,11.23,-1.65,-7.51,1.00,13.61,341,623,126,27
0.16,0.97,0.00,10.07,-1.65,-9.34,0.99,13.83,322,632,120,26
0.16,0.95,0.01,9.34,-1.46,-9.77,0.96,13.59,345,638,125,22
0.17,0.97,0.02,6.96,-1.16,-9.83,0.98,12.10,320,643,123,21
0.17,0.96,0.02,5.37,-0.61,-9.70,0.97,11.11,301,650,121,24
0.17,0.96,0.02,2.81,-0.85,-10.25,0.97,10.67,266,652,128,22
0.18,0.95,0.01,2.14,-0.49,-9.77,0.97,10.01,284,650,130,22
0.18,0.95,0.02,1.04,-0.06,-8.06,0.97,8.12,306,651,128,22
0.19,1.01,0.01,-2.20,0.12,-10.31,1.03,10.55,288,652,131,24
0.23,1.05,-0.02,-1.22,-1.10,-20.45,1.08,20.51,289,661,137,23
0.21,1.12,0.03,0.43,-3.23,-30.58,1.14,30.75,262,675,135,24
0.25,1.18,-0.05,-3.17,-8.12,-48.34,1.21,49.12,207,688,138,21
0.22,1.29,-0.01,-5.43,-10.56,-76.78,1.31,77.69,136,696,131,20
0.20,1.38,-0.02,-14.89,-4.46,-114.44,1.40,115.49,64,683,131,19
0.22,1.40,0.03,-19.90,-4.09,-160.46,1.42,161.74,36,687,122,14
0.32,1.49,-0.07,-20.94,-3.97,-208.56,1.53,209.64,20,685,78,5
0.54,1.59,-0.19,-34.30,-4.33,-255.86,1.69,258.18,8,675,43,4
0.59,1.87,0.07,-51.76,-6.53,-280.70,1.97,285.51,3,638,21,2
0.39,1.24,-0.29,-60.67,-34.06,-280.70,1.33,289.19,2,609,11,9
-0.24,0.67,-0.44,-73.67,-75.87,-249.69,0.84,271.16,2,599,5,10
-0.87,0.80,-0.10,-86.24,-143.37,-87.28,1.19,188.71,2,625,6,13
-0.94,0.66,0.02,-14.16,-109.07,95.76,1.15,145.83,2,620,6,11
-0.49,0.43,-0.24,4.82,-52.25,189.64,0.69,196.76,2,609,6,12
-0.26,0.62,-0.26,-29.54,-26.55,229.13,0.72,232.54,2,607,6,12
-0.03,0.80,-0.25,-47.36,-21.91,243.77,0.84,249.30,3,602,6,13
0.00,0.94,-0.19,-66.83,-32.65,247.31,0.96,258.26,3,601,4,14
0.24,1.12,-0.00,-87.10,-45.47,227.91,1.15,248.18,4,594,6,13
0.29,1.42,0.35,-103.15,-50.66,169.43,1.49,204.73,4,591,6,14
0.45,1.46,0.51,-78.19,-31.43,146.24,1.61,168.78,5,591,9,15
0.85,1.72,0.59,-47.18,-30.33,151.67,2.01,161.71,5,596,8,13
1.04,1.22,0.39,0.37,-30.76,129.03,1.65,132.65,5,603,9,14
1.29,1.03,0.28,-14.40,-17.64,108.09,1.68,110.47,5,618,8,12
1.62,1.11,0.36,-35.52,2.38,66.71,2.00,75.62,5,621,10,14
2.05,1.01,0.37,-13.55,5.43,19.84,2.31,24.63,4,628,11,14
2.12,0.61,0.20,-6.90,-41.69,-53.10,2.21,67.86,4,635,11,13
1.48,0.65,0.26,-17.09,-83.44,-135.07,1.64,159.68,5,639,19,12
0.66,-0.83,0.24,122.31,-68.05,11.66,1.09,140.46,7,630,28,16
-0.32,1.41,0.87,43.88,-33.39,-10.01,1.69,56.04,12,667,51,18
-0.05,1.50,0.35,-41.32,17.88,12.27,1.54,46.67,31,673,73,21
0.31,1.44,-0.35,-14.89,15.44,9.09,1.51,23.30,74,667,90,25
0.12,0.92,0.15,41.02,3.97,8.61,0.94,42.10,142,646,105,29
0.13,1.04,0.03,0.85,5.19,9.46,1.05,10.82,213,634,107,34
0.14,0.97,-0.01,-1.83,2.14,-0.92,0.98,2.96,207,629,112,33
0.15,0.98,-0.03,-5.13,3.05,0.31,1.00,5.97,302,628,116,33
0.16,1.00,-0.06,0.67,2.75,1.22,1.02,3.08,256,630,119,33
0.15,0.99,-0.03,9.70,2.62,4.39,1.00,10.97,352,625,125,34
0.14,0.98,0.00,13.00,1.65,6.16,0.99,14.48,273,623,123,33
0.13,0.98,0.01,11.78,0.18,5.55,0.98,13.02,244,620,124,36
0.12,1.00,0.01,7.69,0.37,3.17,1.01,8.33,259,617,120,34
0.13,0.99,0.01,8.30,-0.49,-1.83,1.00,8.51,221,622,119,31
0.13,0.97,0.01,7.63,-0.49,-3.30,0.98,8.33,288,629,118,30
0.13,0.98,0.01,7.45,-0.49,-5.19,0.99,9.09,328,642,122,28
0.14,0.97,0.01,7.81,-0.37,-5.86,0.98,9.77,208,650,121,27
0.14,0.95,0.03,6.96,-0.06,-4.33,0.96,8.20,201,657,120,26
0.14,0.95,0.01,5.00,0.49,-1.22,0.96,5.17,221,659,123,24
0.16,0.99,0.02,11.05,-0.06,-1.22,1.00,11.11,201,656,123,25
0.15,0.97,0.03,13.24,-1.22,-2.69,0.98,13.57,183,661,126,24
0.15,0.98,0.04,10.93,-1.46,-3.48,0.99,11.56,184,664,125,23
0.15,1.00,0.05,12.63,-2.56,-4.39,1.01,13.62,231,664,129,24
0.15,1.03,0.05,13.92,-3.97,-9.58,1.04,17.36,233,671,125,25
0.15,1.03,0.08,12.39,-4.15,-18.86,1.05,22.94,189,680,126,24
0.14,1.12,0.11,2.26,-2.87,-28.20,1.14,28.43,153,697,131,23
0.18,1.16,0.06,-0.85,-2.44,-43.95,1.18,44.02,97,712,127,22
0.18,1.31,0.02,-3.97,0.73,-63.72,1.33,63.85,51,710,118,22
0.17,1.41,-0.02,8.61,0.67,-98.08,1.42,98.46,25,679,112,20
0.26,1.57,-0.15,27.83,-6.53,-134.09,1.60,137.11,12,663,97,13
0.44,1.58,-0.35,53.77,-26.49,-190.31,1.67,199.52,6,660,55,10
0.42,1.82,-0.15,16.11,-54.20,-274.72,1.87,280.48,3,665,30,6
0.32,1.76,0.02,10.50,-56.15,-286.13,1.79,291.78,2,630,19,11
-0.02,1.53,-0.29,-10.56,-75.01,-269.96,1.56,280.39,2,587,10,15
-0.60,0.81,-0.46,-30.09,-130.62,-138.00,1.11,192.38,2,597,10,16
-0.53,0.85,-0.10,-57.07,-112.92,31.25,1.01,130.32,2,584,7,17
-0.14,0.66,-0.16,-59.27,-50.60,60.42,0.69,98.61,2,585,7,17
0.12,0.58,-0.18,-100.46,-10.01,68.05,0.62,121.76,2,575,7,16
0.35,0.78,0.04,-137.63,-15.32,91.25,0.86,165.84,3,570,8,17
0.49,0.97,0.28,-145.26,-26.67,106.20,1.12,181.91,2,560,5,16
0.50,0.98,0.44,-129.76,-36.74,110.53,1.18,174.37,3,558,6,16
0.49,1.04,0.52,-109.50,-38.70,113.10,1.26,162.11,3,551,7,17
0.48,1.04,0.56,-88.56,-30.52,117.61,1.27,150.36,3,552,7,18
0.46,1.02,0.54,-65.98,-12.76,112.12,1.24,130.72,3,551,6,17
0.39,0.84,0.43,-47.18,9.64,113.46,1.02,123.26,3,552,7,17
0.41,0.72,0.34,-38.33,35.03,106.81,0.89,118.77,3,550,6,18
0.53,0.65,0.29,-20.32,41.93,93.93,0.89,104.86,3,556,6,18
0.63,0.55,0.29,-17.70,31.13,82.03,0.88,89.51,3,559,7,19
0.57,0.70,0.35,-2.14,35.34,58.04,0.97,67.99,3,565,7,19
0.61,0.72,0.29,5.13,44.43,40.77,0.99,60.52,3,567,5,19
0.55,0.79,0.33,19.10,50.35,29.54,1.02,61.43,3,569,5,17
0.59,0.69,0.21,29.79,54.93,14.71,0.93,64.20,3,573,5,17
0.60,0.74,0.20,19.23,55.54,-15.08,0.97,60.68,3,575,7,18
0.47,0.94,0.27,23.68,64.03,-42.05,1.08,80.18,3,584,7,17
0.40,0.93,0.19,60.00,73.30,-35.40,1.03,101.12,3,589,7,17
0.48,0.86,0.05,79.41,75.81,-24.78,0.99,112.54,3,588,7,16
0.42,1.05,0.08,96.80,64.21,10.07,1.13,116.60,3,591,9,18
0.60,0.66,-0.20,120.48,53.65,29.66,0.92,135.18,4,588,7,17
0.28,0.54,-0.21,74.95,53.16,-54.32,0.64,106.75,4,590,9,19
0.51,1.78,-0.90,11.90,-8.54,-46.33,2.06,48.59,6,608,34,19
0.16,2.01,-0.21,-130.49,27.22,99.30,2.03,166.23,14,606,46,26
0.17,1.73,-0.14,55.18,-8.97,-48.83,1.74,74.22,15,630,60,25
-0.07,1.15,0.47,32.84,-5.19,-90.70,1.24,96.60,11,646,63,21
0.15,0.40,0.32,-26.98,20.57,-77.76,0.54,84.84,9,640,68,21
0.22,0.44,0.30,-65.00,35.46,-28.93,0.58,79.50,9,657,82,22
0.37,0.88,-0.05,-72.63,39.06,-6.35,0.95,82.71,14,697,95,25
0.53,0.91,-0.40,-56.09,22.64,4.03,1.13,60.62,21,725,107,26
0.36,1.07,-0.28,-26.55,5.13,9.03,1.16,28.51,32,734,118,29
0.24,0.93,0.01,-7.57,0.55,15.56,0.96,17.32,40,733,121,27
0.26,1.20,-0.09,-12.63,1.71,5.19,1.23,13.76,54,722,127,26
0.28,0.93,-0.03,-9.40,2.93,-7.32,0.97,12.27,60,723,125,26
0.30,0.94,-0.11,-6.04,1.83,-5.68,1.00,8.49,61,722,131,25
0.29,0.89,-0.08,7.75,0.37,2.62,0.94,8.19,65,718,130,25
0.27,0.93,-0.02,11.90,0.73,9.58,0.97,15.30,80,712,134,24
0.25,0.95,-0.03,11.35,0.37,4.58,0.99,12.25,89,704,128,24
0.27,0.93,-0.03,4.94,1.22,4.64,0.96,6.89,110,696,132,25
0.26,0.96,-0.04,5.00,1.71,5.74,0.99,7.80,104,695,132,27
0.26,0.93,-0.03,6.65,1.28,5.92,0.97,9.00,125,691,134,26
0.28,0.95,-0.06,7.26,1.28,8.36,0.99,11.15,109,687,134,26
0.28,1.06,-0.07,17.94,-0.67,11.66,1.09,21.41,111,682,128,27
0.26,0.97,-0.07,27.16,-8.73,0.73,1.00,28.54,99,684,130,25
0.19,0.82,0.13,10.13,-8.18,-9.03,0.86,15.85,110,686,134,25
0.26,0.97,-0.02,2.69,-0.43,2.75,1.00,3.87,103,685,132,26
0.26,0.98,0.01,10.80,-6.23,-0.73,1.02,12.49,102,684,131,25
0.18,0.97,0.12,6.23,-5.19,-2.14,0.99,8.38,116,683,128,26
0.26,0.91,-0.01,1.22,-0.12,0.85,0.94,1.50,116,678,133,26
0.25,0.99,0.02,6.71,-0.73,3.91,1.02,7.80,128,675,133,25
0.25,0.97,0.01,6.59,-1.34,-0.98,1.00,6.80,128,673,134,23
0.25,0.91,0.04,2.62,-1.04,-2.87,0.94,4.02,155,672,135,26
0.26,0.99,-0.01,4.70,-1.34,1.40,1.02,5.09,150,674,135,25
0.24,0.96,0.04,1.77,-1.40,-1.59,0.99,2.76,132,668,136,27
0.25,0.96,0.04,-2.81,-0.98,-7.87,1.00,8.42,173,667,136,28
0.27,0.92,0.00,-5.62,-1.46,-10.56,0.96,12.05,168,665,135,29
0.26,0.93,0.03,-5.31,-0.79,-6.84,0.97,8.69,172,666,141,27
0.26,0.95,0.01,-6.84,-0.67,-7.51,0.99,10.18,186,666,139,28
0.26,0.98,0.02,-8.12,0.00,-8.67,1.01,11.87,203,665,142,28
0.28,0.95,-0.00,-7.45,1.10,-10.44,0.99,12.87,214,666,140,28
0.27,0.96,0.01,-3.17,2.20,-11.60,1.00,12.22,216,667,145,28
0.30,1.15,-0.02,-0.31,3.05,-17.15,1.19,17.42,207,690,147,27
0.17,1.65,0.00,-2.44,1.59,-45.96,1.65,46.05,116,724,145,25
0.24,1.75,-0.03,-9.58,7.81,-117.98,1.77,118.63,29,721,140,18
0.33,1.79,-0.27,24.17,-1.71,-190.49,1.84,192.03,9,707,109,12
0.48,1.34,0.10,21.73,-18.01,-256.71,1.43,258.26,4,673,44,1
1.02,0.94,-0.51,-83.13,-20.02,-241.88,1.48,256.55,3,630,19,6
1.72,1.21,-0.56,-128.85,-69.52,-168.76,2.17,223.42,2,606,7,9
0.99,1.22,-0.03,-82.58,-118.77,-72.33,1.57,161.73,2,616,6,11
0.88,1.19,-0.10,-17.03,-72.63,6.71,1.48,74.90,2,615,6,12
0.71,1.10,-0.20,-23.74,-50.78,39.49,1.33,68.57,2,612,6,12
0.35,1.30,-0.05,-37.29,-49.19,68.79,1.34,92.43,2,611,6,12
0.08,1.31,0.03,-7.08,-37.96,70.19,1.31,80.11,3,602,6,16
-0.15,0.43,-0.28,16.85,-36.93,58.78,0.54,71.43,3,594,6,16
-0.53,0.44,-0.12,-16.85,-46.45,95.15,0.70,107.22,4,592,6,17
-0.47,0.27,-0.08,-18.07,-30.64,106.32,0.55,112.12,4,580,7,20
-0.40,0.25,-0.02,-43.88,-15.62,111.51,0.47,120.85,4,578,6,20
-0.32,0.48,0.16,-61.95,-6.71,133.54,0.60,147.37,4,583,6,19
0.09,0.51,0.23,-55.11,-9.89,159.79,0.57,169.32,5,574,6,20
0.15,0.63,0.39,-47.61,-22.89,135.74,0.76,145.66,5,569,6,21
0.33,0.64,0.41,-21.42,-27.65,126.95,0.83,131.68,5,564,8,20
0.44,0.78,0.49,-6.59,-29.60,90.58,1.02,95.52,5,568,7,20
0.55,0.81,0.61,13.92,-24.60,59.63,1.15,65.99,5,571,10,18
0.73,0.78,0.51,30.70,1.65,49.99,1.18,58.69,5,586,8,20
0.76,0.64,0.34,27.10,22.89,34.30,1.05,49.34,5,584,7,19
0.66,0.87,0.27,-5.86,55.97,16.66,1.13,58.69,5,585,8,18
0.66,0.95,0.18,2.62,78.74,12.15,1.17,79.71,5,583,7,17
0.70,0.84,0.04,17.46,85.02,-2.32,1.10,86.83,5,581,8,16
0.66,0.90,0.00,13.98,91.43,-48.22,1.12,104.31,5,581,7,16
0.74,0.93,-0.08,46.57,87.71,-91.98,1.19,135.36,5,582,8,16
0.74,1.00,-0.02,66.65,41.08,-100.10,1.24,127.08,4,592,9,18
1.46,-0.91,-0.15,55.66,-19.23,-76.60,1.72,96.62,5,627,29,18
-0.32,2.31,0.45,-38.33,-11.96,56.15,2.38,69.03,7,628,44,17
0.33,0.98,-0.01,36.68,4.15,-30.09,1.04,47.63,8,630,55,17
0.26,0.74,0.21,0.49,14.65,-69.46,0.81,70.99,7,641,58,18
0.33,0.21,0.22,-22.71,27.83,-56.09,0.45,66.61,6,657,60,18
0.38,0.56,0.08,-56.15,38.02,-18.68,0.68,70.34,7,660,81,19
0.57,0.99,-0.33,-54.38,27.77,0.12,1.18,61.06,9,680,96,22
0.50,1.01,-0.26,-15.69,3.17,13.49,1.16,20.93,13,689,109,19
0.29,0.81,0.13,10.19,-8.06,23.56,0.87,26.90,17,694,114,20
0.24,0.98,0.15,-14.04,0.24,19.84,1.02,24.30,23,700,115,22
0.33,1.08,-0.03,-17.88,1.77,5.80,1.13,18.88,27,712,120,23
0.29,0.96,0.03,-16.05,0.18,-2.20,1.00,16.20,32,718,126,21
0.31,0.92,0.01,-19.53,0.67,-2.50,0.97,19.70,38,720,127,22
0.32,0.96,-0.03,-17.52,0.31,-0.92,1.01,17.54,44,727,133,22
0.32,0.97,-0.05,-10.80,1.65,3.23,1.02,11.40,52,720,135,21
0.30,0.97,-0.00,-1.46,0.67,3.72,1.01,4.06,60,715,133,23
0.30,0.97,-0.02,-1.95,0.37,2.08,1.02,2.87,73,711,136,21
0.32,0.86,-0.03,0.06,0.61,3.17,0.91,3.23,69,706,135,25
0.32,0.98,-0.04,5.49,0.85,8.36,1.03,10.04,78,703,138,24
0.29,0.94,0.00,8.06,0.43,3.97,0.99,8.99,94,702,137,25
0.29,0.93,0.01,5.74,0.31,2.69,0.97,6.34,90,705,136,24
0.29,0.94,-0.03,4.15,0.37,2.93,0.99,5.09,86,704,133,25
0.28,0.89,-0.00,8.48,-0.12,3.78,0.93,9.29,79,706,135,26
0.30,0.94,-0.01,8.36,0.12,8.61,0.99,12.00,86,704,136,25
0.28,0.97,0.02,11.05,-0.18,7.93,1.01,13.60,81,703,132,26
0.27,0.99,0.01,8.48,-0.24,2.69,1.02,8.90,94,705,132,24
0.27,0.97,0.02,7.87,-0.24,-3.30,1.01,8.54,79,707,129,26
0.31,1.00,-0.04,7.02,-2.62,-12.02,1.05,14.17,78,716,135,23
0.30,0.96,-0.00,3.42,-7.45,-19.47,1.00,21.12,69,723,135,19
0.26,1.03,0.08,-1.89,-6.65,-25.39,1.06,26.32,60,729,133,19
0.28,1.00,0.07,-3.05,-0.79,-32.04,1.04,32.20,51,731,135,18
0.32,0.79,0.06,-7.32,1.53,-33.75,0.85,34.57,38,722,131,21
0.36,0.74,0.02,-14.16,3.54,-20.45,0.82,25.12,31,732,137,17
0.38,0.86,-0.05,-13.31,3.72,-9.28,0.94,16.64,35,741,138,19
0.35,0.75,0.04,-10.93,3.72,-1.77,0.83,11.68,45,740,139,19
0.36,0.80,0.01,-14.77,3.30,10.38,0.88,18.35,60,732,143,21
0.38,1.10,-0.14,-5.92,4.64,17.52,1.17,19.06,85,713,139,21
0.33,1.02,-0.02,3.30,3.60,13.92,1.07,14.75,109,701,142,25
0.32,1.07,-0.01,6.53,2.87,4.94,1.12,8.68,117,695,149,26
0.30,1.21,0.03,4.94,1.83,-13.85,1.25,14.82,97,718,143,25
0.29,1.63,-0.07,4.52,3.60,-50.96,1.66,51.29,43,727,137,21
0.44,1.54,-0.26,29.30,4.21,-97.11,1.63,101.52,15,719,125,16
0.29,1.50,-0.03,38.76,-11.60,-156.07,1.53,161.22,8,709,97,8
0.43,1.22,0.18,6.10,-11.29,-208.62,1.31,209.01,5,659,40,3
0.98,1.24,-0.05,-107.91,-4.64,-212.83,1.58,238.67,3,628,18,3
0.98,1.24,-0.25,-91.31,-31.80,-140.38,1.61,170.46,2,610,7,7
1.08,0.87,-0.20,-33.20,-56.52,-63.96,1.40,91.59,2,615,4,11
1.00,1.70,-0.11,-43.27,-59.27,59.57,1.98,94.52,2,620,4,12
0.76,1.79,-0.07,-16.48,-50.78,64.45,1.95,83.69,2,617,4,11
0.52,1.73,0.05,0.92,-41.87,38.57,1.80,56.94,2,616,6,12
0.16,1.15,-0.12,28.81,-36.44,12.39,1.17,48.07,3,608,4,14
-0.17,0.61,-0.19,8.79,-43.95,32.04,0.66,55.09,3,601,4,18
-0.35,0.28,-0.10,-18.31,-48.28,61.89,0.46,80.60,3,591,3,19
-0.35,0.30,0.08,-33.94,-38.70,85.08,0.47,99.44,3,591,6,19
-0.27,0.09,0.06,-44.01,-25.76,92.04,0.29,105.22,4,582,6,20
-0.25,0.13,0.11,-42.60,-21.42,103.15,0.30,113.64,4,578,5,20
-0.20,0.20,0.07,-37.41,-16.97,119.57,0.29,126.43,4,578,5,19
-0.10,0.36,0.14,-35.77,-13.49,138.24,0.40,143.43,4,576,4,20
0.02,0.41,0.16,-19.35,1.40,135.38,0.45,136.76,4,574,6,21
0.20,0.56,0.14,-14.22,8.12,126.83,0.61,127.88,4,577,6,20
0.34,0.85,0.21,1.10,16.24,114.93,0.94,116.08,5,582,7,19
0.64,1.17,0.28,14.95,48.46,96.50,1.37,109.01,5,594,6,20
1.03,0.93,0.04,72.94,90.09,72.45,1.39,136.69,4,600,9,19
1.40,1.00,-0.03,38.27,101.56,39.00,1.72,115.33,4,602,10,17
1.49,1.00,0.04,59.94,79.59,3.78,1.79,99.71,4,602,9,19
1.11,0.71,-0.02,44.98,61.16,-53.16,1.31,92.68,4,602,11,18
0.75,0.59,0.01,23.25,70.62,-91.61,0.95,117.99,4,615,10,16
0.46,0.25,-0.06,14.22,83.62,-124.39,0.53,150.56,3,621,10,17
0.62,1.77,-0.94,21.85,-10.07,-104.00,2.10,106.75,5,648,35,18
-0.20,2.54,0.16,-76.90,18.74,66.22,2.55,103.20,11,690,59,16
0.46,1.75,-0.40,-38.09,13.85,-1.10,1.85,40.54,20,706,75,21
0.24,1.17,-0.01,20.81,0.18,-54.69,1.19,58.51,20,690,84,22
0.19,0.54,0.27,-1.40,4.39,-39.06,0.64,39.33,17,686,88,22
0.31,0.64,0.06,-52.31,9.89,-11.47,0.71,54.46,20,715,99,24
0.41,0.93,-0.28,-50.48,10.80,4.70,1.05,51.83,28,731,110,24
0.33,0.96,-0.14,-16.24,5.86,18.43,1.03,25.25,36,735,113,25
0.28,1.00,-0.00,-10.31,4.39,20.51,1.04,23.37,48,732,119,25
0.31,1.13,-0.12,-15.14,4.76,6.35,1.18,17.09,62,726,122,25
0.28,0.96,-0.07,-9.64,3.11,-5.74,1.01,11.64,73,724,118,24
0.30,0.90,-0.09,-13.12,2.44,-5.00,0.95,14.26,74,723,125,23
0.32,0.93,-0.13,-5.31,1.89,-0.61,0.99,5.67,93,725,127,22
0.30,0.93,-0.09,4.39,-0.12,7.20,0.98,8.44,102,717,129,22
0.29,0.93,-0.10,9.09,-0.85,10.38,0.98,13.82,133,713,125,22
0.27,0.98,-0.06,13.00,-2.20,8.30,1.02,15.58,161,712,128,21
0.26,0.97,-0.05,7.02,-2.38,3.42,1.01,8.16,169,706,132,23
0.26,1.00,-0.08,4.64,-2.44,-1.53,1.04,5.46,158,702,134,23
0.25,0.93,-0.02,2.69,-1.95,-5.92,0.96,6.79,204,700,132,22
0.28,0.93,-0.08,-2.56,-0.49,-3.48,0.97,4.35,213,701,133,23
0.28,0.93,-0.09,4.09,-0.37,1.83,0.98,4.50,199,698,134,22
0.26,0.98,-0.04,8.42,-0.73,3.23,1.02,9.05,235,699,135,23
0.27,0.91,-0.05,5.55,-0.06,1.89,0.95,5.87,182,703,133,21
0.27,0.89,-0.05,3.17,1.53,5.98,0.94,6.94,169,702,132,23
0.26,0.96,-0.05,6.59,1.34,7.02,1.00,9.72,208,702,133,22
0.26,0.93,-0.04,3.11,1.83,5.74,0.97,6.78,169,702,134,20
0.26,0.97,-0.07,4.76,1.71,7.02,1.01,8.65,182,702,127,22
0.24,0.99,-0.03,5.80,0.49,2.93,1.02,6.51,188,701,131,19
0.26,0.92,-0.04,2.38,0.92,-0.67,0.95,2.64,203,702,132,20
0.26,1.00,-0.07,2.20,1.10,0.12,1.04,2.46,222,699,129,19
0.24,1.00,-0.03,5.43,-0.24,-5.86,1.03,7.99,168,704,130,20
0.25,0.96,-0.02,-4.21,0.12,-14.10,0.99,14.72,169,707,131,20
0.27,0.87,-0.04,-14.34,1.89,-15.81,0.91,21.43,169,705,129,18
0.28,0.84,-0.06,-13.85,2.26,-9.34,0.89,16.86,196,698,136,22
0.29,0.84,-0.08,-17.52,2.62,-2.08,0.90,17.83,238,688,139,23
0.31,0.97,-0.18,-4.33,2.26,8.18,1.03,9.53,267,675,140,23
0.26,1.00,-0.03,13.79,0.24,12.21,1.03,18.42,384,668,142,24
0.23,1.05,-0.03,9.09,-0.31,3.23,1.07,9.66,388,665,140,27
0.25,1.13,-0.05,4.33,0.98,-9.77,1.16,10.73,360,668,142,25
0.23,1.29,-0.00,2.38,1.16,-36.13,1.31,36.23,254,692,140,23
0.28,1.58,-0.10,-11.47,1.04,-80.08,1.61,80.90,94,728,136,18
0.27,1.61,-0.16,1.46,-0.43,-142.40,1.64,142.40,28,706,119,13
0.57,1.18,-0.27,9.64,5.92,-186.77,1.34,187.11,9,668,50,5
1.03,1.48,-0.48,-92.10,-13.24,-154.72,1.86,180.55,5,615,15,8
1.32,1.11,-0.59,-33.51,-59.39,-85.02,1.83,108.99,4,593,7,10
1.24,1.60,-0.46,-58.65,-128.66,-10.01,2.07,141.76,4,602,9,13
0.91,1.47,-0.23,-49.19,-158.45,-16.72,1.74,166.75,3,599,9,15
0.28,1.92,0.29,-17.94,-137.27,-6.71,1.96,138.60,3,603,6,14
0.06,1.41,0.19,43.64,-68.36,-1.71,1.43,81.12,3,601,7,17
-0.13,1.22,0.21,28.99,-18.01,-5.55,1.24,34.58,3,603,7,20
-0.27,1.09,0.32,29.24,11.78,29.97,1.17,43.49,4,597,7,20
-0.19,0.77,0.24,38.15,25.63,47.06,0.83,65.78,3,588,9,20
-0.11,0.45,0.05,25.94,34.42,47.42,0.46,64.09,4,577,6,20
-0.17,0.28,-0.09,10.99,31.68,52.86,0.34,62.59,4,571,7,22
-0.10,0.18,-0.21,7.87,18.74,82.15,0.29,84.63,4,570,7,23
-0.04,0.08,-0.29,-1.16,-3.97,102.05,0.30,102.13,4,570,7,21
-0.06,0.14,-0.30,-12.15,-21.00,113.46,0.33,116.03,4,567,5,23
0.05,0.21,-0.31,-23.93,-33.45,123.96,0.37,130.61,4,568,5,25
0.13,0.38,-0.23,-39.18,-43.03,128.72,0.46,141.27,4,566,7,24
0.25,0.55,-0.12,-56.34,-43.33,128.36,0.62,146.72,4,564,6,22
0.65,0.61,-0.08,-56.58,-41.08,104.68,0.89,125.88,4,561,8,21
0.66,1.12,0.39,-57.98,-42.85,62.44,1.36,95.38,4,557,7,20
0.60,1.08,0.53,-13.98,-31.13,39.37,1.35,52.10,4,561,5,20
0.72,1.12,0.66,-3.42,-12.45,44.13,1.49,45.98,4,565,7,18
0.85,1.11,0.61,35.83,19.59,18.62,1.52,44.88,4,568,8,19
0.69,0.93,0.39,59.57,42.91,-23.68,1.22,77.14,5,590,11,19
0.74,0.63,0.11,64.88,42.60,-15.32,0.98,79.11,4,596,12,19
0.68,1.12,0.27,58.47,39.98,-43.03,1.34,82.88,4,596,13,19
0.71,0.61,0.00,57.25,24.17,-56.21,0.94,83.80,4,593,14,21
0.29,0.60,0.05,38.94,47.18,-71.17,0.66,93.85,4,590,13,19
0.02,3.94,1.09,-146.42,22.77,30.52,4.08,151.29,5,624,25,19
0.18,1.60,-0.07,-82.52,29.05,51.57,1.61,101.56,9,643,43,18
0.25,1.85,-0.26,4.33,3.05,-28.87,1.88,29.35,13,661,57,21
0.12,1.06,0.13,14.53,-5.62,-74.77,1.07,76.37,11,656,57,20
0.12,0.27,0.37,-8.30,1.89,-72.45,0.47,72.95,12,669,67,21
0.27,0.35,0.17,-69.09,17.27,-34.97,0.47,79.34,17,700,81,19
0.39,1.17,-0.35,-92.29,10.80,-7.51,1.28,93.22,27,726,100,20
0.37,1.09,-0.28,-0.31,0.18,-0.12,1.18,0.38,45,729,112,21
0.26,0.82,-0.02,-21.55,1.10,14.22,0.86,25.84,73,719,117,23
0.29,1.17,-0.19,-12.33,2.14,12.57,1.22,17.74,93,711,126,23
0.21,1.05,0.00,1.28,-0.98,-1.59,1.07,2.26,128,706,124,24
0.26,0.98,-0.08,-10.38,0.55,-13.49,1.02,17.03,171,700,131,23
0.28,0.92,-0.08,-5.25,1.34,-12.45,0.97,13.58,161,702,129,21
0.28,0.86,-0.09,-4.52,2.26,-5.49,0.91,7.46,180,703,133,24
0.30,0.90,-0.13,1.95,3.30,4.39,0.96,5.83,158,702,133,24
0.28,0.91,-0.12,10.01,2.87,16.85,0.96,19.80,195,700,135,23
0.26,0.99,-0.07,16.60,1.59,12.82,1.03,21.03,167,699,128,24
0.24,0.95,-0.09,6.96,2.01,10.93,0.98,13.11,202,697,131,25
0.25,0.93,-0.10,9.16,1.53,17.21,0.97,19.55,222,696,129,22
0.24,1.04,-0.04,15.26,2.75,14.47,1.07,21.20,221,691,130,24
0.21,0.97,-0.06,15.14,-0.55,7.45,0.99,16.88,284,685,129,24
0.22,0.97,-0.03,11.78,-0.79,3.30,1.00,12.26,171,687,130,23
0.22,0.96,-0.03,7.87,-1.46,-0.79,0.99,8.05,193,685,131,22
0.23,0.96,-0.04,3.48,-0.61,-2.14,0.99,4.13,228,686,128,22
0.23,0.95,-0.04,2.20,0.43,-1.89,0.98,2.93,178,688,124,24
0.23,0.94,-0.03,2.56,0.49,-1.10,0.97,2.83,165,691,126,23
0.23,1.00,-0.05,1.22,1.22,-0.43,1.02,1.78,177,692,126,23
0.23,1.01,-0.03,3.85,0.43,-5.13,1.04,6.42,179,697,124,20
0.22,0.97,-0.01,0.49,-0.79,-15.62,0.99,15.65,172,706,127,20
0.24,0.96,-0.04,-6.84,0.18,-19.78,0.99,20.92,132,711,126,20
0.26,0.94,-0.06,-9.22,1.46,-21.55,0.98,23.48,138,717,127,20
0.26,0.88,-0.02,-11.35,2.26,-20.81,0.92,23.82,130,719,136,19
0.29,0.91,-0.09,-12.27,3.54,-15.87,0.96,20.37,135,723,135,20
0.29,0.91,-0.08,-7.08,2.44,-12.45,0.96,14.53,158,721,136,20
0.30,0.94,-0.09,-4.70,1.77,-10.62,0.99,11.75,154,716,135,21
0.30,0.88,-0.07,3.42,0.00,-6.71,0.93,7.53,154,713,140,20
0.30,0.88,-0.05,2.87,0.49,0.37,0.93,2.93,206,706,139,20
0.30,0.94,-0.09,6.84,0.55,4.64,0.99,8.28,226,703,144,22
0.28,1.02,-0.04,9.40,0.06,1.83,1.06,9.58,208,697,144,21
0.29,1.10,-0.07,8.54,0.18,-8.48,1.14,12.04,220,704,139,23
0.27,1.28,-0.05,7.75,-2.14,-31.56,1.31,32.56,119,731,144,21
0.22,1.53,-0.06,0.61,0.24,-67.69,1.55,67.69,42,731,137,18
0.29,1.78,-0.20,16.85,5.80,-120.06,1.81,121.37,13,714,119,15
0.44,1.67,-0.28,47.36,-5.43,-196.29,1.75,202.00,5,684,53,6
0.93,1.12,-0.47,-49.87,-16.72,-223.45,1.53,229.56,3,645,19,8
0.37,1.31,-0.64,-95.09,-51.03,-166.63,1.50,198.52,3,628,6,12
1.13,1.06,-0.40,-86.85,65.61,-111.02,1.60,155.48,3,644,4,15
1.76,1.82,0.13,28.75,17.27,23.13,2.54,40.74,3,656,6,14
1.37,0.86,-0.16,71.23,-103.76,30.94,1.63,129.60,3,655,6,15
0.45,1.36,0.43,-0.37,-165.34,13.37,1.49,165.88,3,657,6,16
-0.20,1.44,0.57,72.63,-110.23,-1.59,1.56,132.02,3,645,6,20
-0.36,0.68,0.04,99.55,-21.55,20.02,0.77,103.80,3,639,8,20
-0.43,0.49,-0.14,62.87,29.11,44.19,0.67,82.17,4,637,5,21
-0.44,0.63,-0.26,49.68,65.06,75.44,0.81,111.32,3,635,6,22
-0.23,-0.00,-0.59,36.68,68.48,89.29,0.64,118.36,3,618,7,26
-0.29,0.17,-0.48,-19.35,58.47,98.45,0.59,116.13,3,619,7,25
-0.18,0.22,-0.41,-38.64,49.93,128.23,0.50,142.93,3,619,6,23
0.16,0.33,-0.22,-50.17,18.25,144.47,0.43,154.02,3,608,6,24
0.32,0.50,0.10,-36.50,-40.34,150.51,0.60,160.04,3,596,6,24
0.42,0.40,0.19,-16.48,-94.36,146.48,0.61,175.02,3,598,6,24
0.39,0.63,0.43,-7.26,-117.00,134.03,0.86,178.07,3,597,6,25
0.72,0.38,0.46,-9.64,-72.94,113.28,0.93,135.08,3,589,8,24
0.76,0.88,0.54,0.92,-2.93,54.69,1.28,54.77,3,586,6,23
1.32,0.96,0.56,-0.85,-5.31,23.19,1.72,23.81,3,590,7,21
1.25,0.68,0.50,18.07,-24.96,-40.10,1.51,50.57,3,605,8,23
0.91,0.48,0.36,7.75,-11.11,-128.54,1.09,129.25,2,607,6,20
0.53,0.26,0.27,-9.40,22.58,-176.82,0.65,178.50,2,605,6,20
0.79,1.56,-0.84,9.70,-12.02,-148.44,1.94,149.24,4,642,33,21
0.11,2.16,-0.69,-20.20,40.16,157.04,2.27,163.35,6,656,51,18
0.48,2.85,-0.78,-47.91,18.31,37.84,2.99,63.74,17,646,74,25
0.19,0.65,0.16,68.60,-17.33,-48.71,0.69,85.90,19,682,84,20
0.08,0.43,0.34,-70.43,21.00,-54.87,0.55,91.72,18,700,91,20
0.53,1.24,-0.59,-55.91,9.64,-44.25,1.47,71.95,21,726,100,22
0.31,0.88,-0.03,12.08,-6.16,-43.03,0.93,45.12,27,727,114,19
0.26,0.50,0.19,-9.16,-5.62,-20.39,0.59,23.04,37,722,124,19
0.36,0.98,-0.17,-34.55,-0.49,-1.83,1.06,34.60,53,723,132,20
0.33,0.95,-0.11,-4.09,-0.61,1.59,1.01,4.43,66,717,133,20
0.32,0.92,-0.05,-3.42,0.24,5.86,0.98,6.79,91,710,136,21
0.30,0.99,-0.07,3.60,1.59,8.36,1.04,9.24,114,706,134,23
0.30,0.99,-0.03,2.50,1.65,4.58,1.03,5.47,109,704,132,22
0.30,0.91,-0.06,-1.10,2.56,-0.06,0.96,2.79,103,708,130,22
0.31,0.98,-0.09,-1.71,5.13,6.41,1.03,8.38,90,718,135,23
0.30,0.91,-0.03,1.28,5.07,2.81,0.96,5.93,90,722,136,22
0.33,0.88,-0.10,-3.36,5.98,4.82,0.95,8.38,75,724,133,22
0.31,0.92,-0.09,0.24,5.37,9.40,0.98,10.83,84,723,134,24
0.31,0.95,-0.11,4.27,4.03,10.07,1.00,11.66,78,719,133,26
0.29,0.93,-0.07,8.06,3.42,8.97,0.98,12.53,73,717,128,26
0.29,0.94,-0.08,4.58,4.33,9.58,0.99,11.47,76,718,131,24
0.28,0.96,-0.11,9.58,2.08,9.28,1.01,13.50,85,714,129,24
0.28,0.95,-0.09,16.24,2.26,10.01,0.99,19.21,81,702,128,25
0.27,0.93,-0.06,7.57,2.81,14.95,0.97,16.99,93,698,124,25
0.26,0.99,-0.05,11.54,1.46,13.67,1.03,17.95,102,689,128,27
0.25,0.96,-0.03,13.00,-0.31,8.79,0.99,15.70,128,679,125,26
0.24,0.97,-0.04,11.72,-0.55,5.68,1.00,13.03,121,673,126,26
0.24,1.00,-0.05,13.06,-1.71,2.20,1.03,13.35,141,668,130,28
0.24,1.00,-0.02,13.00,-1.89,-3.54,1.03,13.61,125,668,128,25
0.24,0.97,-0.00,11.47,-2.50,-11.29,0.99,16.29,112,680,125,24
0.26,1.00,-0.01,7.08,-2.56,-16.36,1.03,18.01,103,697,132,23
0.25,0.93,0.02,-2.62,-3.66,-23.44,0.97,23.87,83,715,134,21
0.26,0.91,0.05,-17.94,-1.28,-25.15,0.95,30.92,94,713,134,20
0.31,0.94,-0.06,-22.95,1.65,-26.79,0.99,35.32,94,716,137,20
0.33,0.86,-0.06,-17.70,1.65,-22.09,0.92,28.36,109,711,139,21
0.34,0.80,-0.07,-8.06,1.83,-8.61,0.87,11.93,112,703,135,21
0.33,0.88,-0.09,-4.52,2.50,4.39,0.95,6.78,152,695,142,22
0.33,0.93,-0.08,1.65,3.78,12.88,0.99,13.52,174,681,138,24
0.31,1.00,-0.06,5.62,3.30,16.30,1.05,17.55,222,668,143,26
0.28,1.09,-0.05,12.63,1.65,8.42,1.12,15.27,221,663,144,27
0.25,1.15,0.03,14.77,-1.53,-20.08,1.18,24.97,229,678,139,25
0.26,1.54,-0.11,-2.62,-3.54,-64.45,1.56,64.60,91,719,140,20
0.26,1.69,-0.06,-2.20,6.53,-110.66,1.71,110.87,32,687,128,17
0.27,1.51,-0.09,8.67,0.79,-175.54,1.54,175.75,14,667,111,11
0.41,1.57,0.10,4.82,1.71,-228.58,1.62,228.63,6,650,48,3
1.02,1.80,0.01,-40.34,18.80,-211.85,2.07,216.48,3,615,16,3
0.83,1.29,-0.38,15.26,3.66,-126.65,1.58,127.62,3,579,5,9
1.23,1.14,-0.36,-36.80,-27.77,-47.24,1.72,66.01,3,595,9,9
1.04,1.76,-0.12,-52.12,-43.88,-42.66,2.05,80.39,3,598,7,12
0.73,1.75,-0.26,-8.48,-53.22,-3.78,1.91,54.03,3,600,4,12
0.19,1.50,-0.07,-24.23,-55.91,24.35,1.51,65.62,3,593,7,14
-0.16,1.11,0.03,-11.23,-45.29,50.96,1.12,69.10,3,583,5,16
-0.18,0.62,-0.04,-5.19,-37.54,101.81,0.64,108.63,3,572,6,19
-0.16,0.37,-0.06,-19.78,-40.65,121.58,0.41,129.71,3,553,4,21
-0.16,0.02,-0.09,-22.64,-41.02,111.63,0.18,121.07,4,547,4,23
-0.29,-0.16,-0.04,-39.06,-40.71,110.47,0.33,124.05,4,543,5,22
-0.27,-0.11,0.09,-50.72,-41.44,130.86,0.30,146.34,4,543,5,24
-0.16,-0.01,0.19,-49.07,-41.38,143.37,0.25,157.09,5,540,6,22
0.04,0.13,0.26,-46.14,-44.43,148.01,0.29,161.28,5,540,4,23
0.19,0.50,0.47,-33.02,-31.74,127.81,0.71,135.77,5,544,8,22
0.68,0.44,0.28,-15.26,-14.53,119.81,0.85,121.65,5,548,7,21
0.66,1.14,0.67,-14.16,-8.24,103.88,1.48,105.17,6,551,7,23
1.18,0.93,0.32,5.86,34.91,79.96,1.54,87.44,6,557,7,21
1.45,1.60,0.53,60.12,60.30,-3.54,2.22,85.23,5,579,6,21
1.13,1.16,0.30,163.09,55.60,-75.50,1.64,188.12,5,603,11,21
1.01,0.01,-0.28,123.23,41.75,-88.44,1.05,157.32,4,598,9,24
0.72,0.54,0.07,45.90,64.82,-78.80,0.90,111.88,4,593,9,21
1.09,1.77,-0.75,-8.24,29.36,59.88,2.21,67.19,6,640,40,21
0.12,2.08,-0.28,-14.77,6.10,33.45,2.10,37.07,11,651,71,20
0.00,1.40,0.36,-5.68,-1.77,0.67,1.44,5.98,20,675,89,22
0.11,0.94,0.29,-43.58,13.37,-21.48,0.99,50.39,25,694,97,24
0.35,0.94,-0.19,-63.96,20.75,-18.62,1.02,69.78,31,713,107,24
0.36,1.04,-0.26,-20.94,6.04,-2.81,1.13,21.97,39,722,115,25
0.20,0.83,0.11,5.43,0.12,6.96,0.86,8.83,44,720,118,25
0.22,1.08,-0.04,-8.91,1.59,8.79,1.10,12.62,64,717,122,27
0.20,1.08,0.00,-4.94,0.55,-4.94,1.10,7.01,62,717,122,24
0.21,0.99,0.03,-11.78,1.89,-30.09,1.01,32.37,56,723,126,25
0.23,1.02,-0.00,-16.48,4.27,-22.34,1.04,28.09,50,731,123,25
0.26,0.92,-0.04,-13.37,4.52,-22.16,0.96,26.27,41,734,126,26
0.24,0.97,-0.07,-12.51,4.39,-19.78,1.00,23.81,39,735,128,24
0.30,0.89,-0.08,-11.41,3.97,-17.33,0.95,21.13,38,735,131,26
0.28,0.89,-0.05,-11.84,3.36,-9.83,0.93,15.75,41,743,130,25
0.29,0.93,-0.11,-9.09,1.83,-4.52,0.98,10.32,45,739,132,23
0.29,0.95,-0.09,1.28,0.49,0.24,1.00,1.39,49,741,127,24
0.26,0.93,-0.01,3.85,0.43,0.67,0.96,3.93,51,740,133,23
0.29,0.98,-0.09,-1.22,1.71,-1.89,1.03,2.83,52,735,129,23
0.26,0.89,-0.04,-1.46,2.93,-1.59,0.93,3.64,52,737,132,24
0.25,0.93,-0.09,0.06,2.44,0.18,0.96,2.45,52,737,130,24
0.28,0.87,-0.05,2.32,2.44,4.46,0.92,5.58,57,736,134,25
0.27,0.93,-0.10,1.71,2.50,8.18,0.97,8.72,64,732,133,24
0.27,0.96,-0.07,3.05,1.95,7.20,1.00,8.06,64,729,131,24
0.27,0.97,-0.06,1.16,3.11,4.27,1.01,5.41,72,724,131,28
0.26,0.99,-0.06,0.00,2.26,-1.04,1.03,2.49,68,725,130,26
0.26,0.94,-0.05,-3.48,2.75,-5.00,0.98,6.69,65,734,134,27
0.28,0.90,-0.08,-3.85,4.21,-2.14,0.95,6.09,64,731,131,23
0.27,0.94,-0.09,1.59,3.30,4.39,0.98,5.72,66,731,133,27
0.25,0.96,-0.07,4.46,2.38,2.32,1.00,5.56,71,723,130,25
0.27,0.96,-0.08,2.69,2.50,1.10,1.00,3.83,65,722,132,27
0.27,0.98,-0.08,2.99,1.77,-0.67,1.02,3.54,73,717,131,23
0.25,0.91,-0.05,4.46,1.16,-3.30,0.94,5.66,69,717,131,25
0.27,0.96,-0.07,-0.43,1.16,-4.21,1.00,4.39,68,716,133,25
0.28,0.93,-0.08,0.98,1.04,-4.21,0.97,4.45,68,718,134,28
0.28,0.96,-0.09,1.34,0.73,-3.97,1.00,4.25,72,718,134,24
0.28,0.96,-0.07,2.01,0.43,-5.86,1.00,6.21,75,717,133,24
0.28,0.93,-0.06,1.53,0.12,-6.65,0.97,6.83,66,719,138,25
0.29,0.91,-0.09,-0.18,0.06,-3.91,0.96,3.91,79,715,137,25
0.28,0.89,-0.05,2.81,-0.06,-1.40,0.93,3.14,73,715,135,24
0.29,0.84,-0.06,2.62,0.00,4.33,0.89,5.07,91,709,139,24
0.31,1.00,-0.18,7.69,-0.67,14.95,1.06,16.83,125,697,139,24
0.25,1.11,-0.04,21.55,-1.59,10.68,1.14,24.10,153,697,140,24
0.24,1.19,-0.04,14.10,-3.17,-8.61,1.22,16.82,108,707,136,23
0.26,1.29,-0.05,5.74,-4.39,-36.50,1.31,37.21,65,727,136,22
0.28,1.36,-0.13,3.78,-1.65,-65.61,1.39,65.74,24,707,132,20
0.28,1.46,-0.14,25.76,-3.05,-111.08,1.49,114.07,11,690,118,17
0.36,1.46,-0.17,45.78,-10.25,-157.29,1.51,164.13,5,669,77,9
0.57,1.20,-0.17,45.96,-17.52,-184.45,1.34,190.89,3,653,31,4
0.69,0.93,-0.21,-8.36,-33.26,-190.25,1.18,193.31,2,642,18,3
1.11,1.50,-0.41,-63.96,-50.48,-181.82,1.91,199.25,2,607,11,8
1.00,0.46,-0.15,-25.39,-0.67,-222.78,1.11,224.22,2,623,6,11
1.34,1.28,0.20,-26.49,92.10,-85.69,1.86,128.56,2,627,6,10
1.75,1.33,-0.02,40.16,84.72,-53.53,2.20,107.96,2,623,7,9
1.34,0.79,-0.20,30.21,1.28,-67.63,1.57,74.08,3,621,8,12
0.64,1.08,0.08,-17.58,-81.18,-3.60,1.26,83.14,3,621,6,14
-0.25,1.35,0.45,14.77,-70.25,71.11,1.45,101.04,2,626,6,14
-0.24,0.66,0.07,94.30,-20.94,117.49,0.70,152.10,3,624,6,19
-0.26,0.04,-0.27,70.07,4.03,107.12,0.38,128.06,3,612,7,20
-0.41,0.19,-0.16,7.87,22.40,117.80,0.48,120.17,3,611,5,18
-0.23,0.21,-0.11,-8.18,34.00,133.18,0.33,137.69,3,605,7,23
-0.06,0.17,-0.13,-18.19,21.79,139.89,0.22,142.74,4,604,5,21
0.11,0.28,-0.08,-31.86,-8.12,137.63,0.31,141.51,4,598,5,22
0.21,0.50,0.01,-38.21,-66.10,137.57,0.55,157.34,4,584,7,22
0.13,0.71,0.22,3.42,-124.57,166.02,0.75,207.58,4,576,6,21
0.22,0.64,0.19,-9.09,-118.53,146.36,0.71,188.56,4,576,4,19
0.18,0.76,0.26,-16.30,-68.36,122.80,0.82,141.49,4,573,4,21
0.58,0.69,0.09,-30.15,-11.35,95.40,0.91,100.69,4,572,8,21
0.72,1.31,0.53,-40.47,-5.55,68.85,1.58,80.05,4,574,6,22
1.03,0.93,0.38,28.99,-2.38,43.95,1.44,52.70,4,585,8,18
0.81,0.89,0.41,30.82,-15.44,19.53,1.28,39.62,4,600,7,19
0.66,0.66,0.31,37.72,2.50,1.16,0.98,37.82,4,594,9,21
0.89,0.41,0.09,17.70,27.53,-70.86,0.98,78.05,4,596,10,19
0.68,0.34,0.08,-7.45,18.37,-154.66,0.76,155.93,3,613,11,18
0.54,0.28,-0.01,-133.54,42.72,243.59,0.61,281.06,6,638,35,21
-0.25,2.21,0.37,-0.85,-7.63,41.20,2.25,41.91,10,647,54,21
-0.02,1.52,0.17,14.77,0.24,-8.36,1.53,16.97,15,650,69,25
0.10,0.48,0.29,-10.62,10.50,-48.22,0.57,50.48,14,668,76,23
0.25,0.64,0.06,-48.46,20.39,-37.72,0.69,64.71,14,689,82,21
0.40,0.95,-0.16,-53.28,20.14,-23.62,1.05,61.67,21,715,97,25
0.34,1.09,-0.21,-31.62,4.76,-11.72,1.16,34.05,29,723,107,25
