-,-,-
0.45,0.91,-0.14,-0.49,-0.06,2.26,1.02,2.31,77,855,229,3
0.45,0.90,-0.14,-0.49,-0.43,-0.37,1.02,0.75,75,853,238,3
0.45,0.89,-0.14,-0.43,-0.49,-2.50,1.01,2.59,75,855,227,3
0.45,0.87,-0.13,-1.16,-0.37,-4.64,0.99,4.80,72,854,236,3
0.45,0.88,-0.15,-0.43,-0.73,-5.80,1.00,5.86,73,854,228,4
0.45,0.85,-0.13,0.31,-1.10,-6.41,0.97,6.51,77,856,221,3
0.46,0.86,-0.14,-0.79,-0.67,-5.98,0.98,6.07,78,856,233,3
0.46,0.86,-0.13,-1.53,-0.43,-5.25,0.99,5.48,75,855,228,3
0.46,0.85,-0.13,-1.53,-0.12,-4.70,0.97,4.94,76,854,233,2
0.46,0.84,-0.13,-2.08,0.12,-3.11,0.97,3.74,77,855,239,1
0.47,0.84,-0.14,-1.34,0.18,-1.46,0.97,2.00,75,856,234,2
0.46,0.83,-0.14,-0.55,-0.12,0.79,0.96,0.97,75,854,237,2
0.46,0.85,-0.14,0.73,-0.12,3.85,0.98,3.92,77,854,242,3
0.46,0.86,-0.13,2.26,-0.37,4.21,0.98,4.79,81,855,238,3
0.45,0.84,-0.11,1.59,-0.31,4.88,0.96,5.14,82,856,241,2
0.45,0.83,-0.12,-2.20,0.73,6.04,0.95,6.47,80,851,241,3
0.45,0.84,-0.14,-4.33,1.34,7.51,0.96,8.77,85,849,250,3
0.44,0.83,-0.13,-4.15,1.95,10.50,0.94,11.46,88,847,252,3
0.46,0.89,-0.22,-0.92,0.79,10.99,1.03,11.05,92,845,256,1
0.42,0.85,-0.09,4.15,-2.38,10.31,0.96,11.37,100,845,247,4
0.42,0.89,-0.12,-6.65,0.37,9.40,0.99,11.52,114,841,260,4
0.45,0.97,-0.20,5.19,-2.62,5.98,1.08,8.34,125,841,259,3
0.42,0.93,-0.14,10.80,-5.00,0.92,1.03,11.94,130,840,262,3
0.43,0.96,-0.15,7.26,-4.21,-2.14,1.06,8.66,118,839,263,3
0.43,0.94,-0.14,8.79,-4.39,-6.41,1.04,11.73,130,840,263,3
0.42,0.88,-0.10,10.44,-5.00,-8.61,0.98,14.42,119,841,259,2
0.43,0.85,-0.11,7.51,-3.97,-7.63,0.96,11.42,113,843,260,2
0.44,0.85,-0.11,7.87,-3.30,-6.41,0.96,10.67,113,846,259,3
0.44,0.88,-0.11,7.32,-3.60,-3.78,0.99,9.00,114,847,252,4
0.45,0.89,-0.11,8.61,-4.33,-2.01,1.00,9.84,109,843,258,3
0.45,0.86,-0.10,11.11,-5.07,0.55,0.97,12.22,105,842,256,3
0.44,0.88,-0.09,12.39,-5.86,1.77,0.99,13.82,116,842,255,2
0.44,0.88,-0.07,13.43,-6.90,1.83,0.98,15.21,117,844,247,4
0.44,0.86,-0.05,12.27,-6.29,3.05,0.97,14.12,112,837,260,3
0.42,0.85,-0.03,8.12,-4.76,5.62,0.95,10.96,111,838,258,3
0.43,0.91,-0.04,2.99,-2.75,5.13,1.01,6.54,118,832,260,3
0.43,0.92,-0.04,1.65,-2.08,2.38,1.02,3.56,128,837,247,5
0.42,0.92,-0.03,-0.12,-0.79,-1.71,1.01,1.89,117,834,259,3
0.42,0.94,-0.05,-2.14,0.06,-4.27,1.04,4.78,129,835,257,3
0.42,0.93,-0.04,-2.75,0.49,-8.73,1.02,9.16,117,838,253,3
0.43,0.85,-0.03,-1.89,1.34,-10.62,0.96,10.87,117,843,260,2
0.43,0.87,-0.03,-6.16,3.05,-8.97,0.97,11.31,115,845,255,2
0.43,0.87,-0.04,-8.42,3.97,-8.67,0.98,12.72,121,845,265,2
0.46,0.93,-0.08,-8.85,5.13,-11.05,1.04,15.06,114,847,265,3
0.45,1.02,-0.06,-7.75,3.30,-18.01,1.12,19.88,109,849,262,3
0.46,1.08,-0.09,-10.62,3.48,-37.96,1.18,39.57,101,857,265,4
0.47,1.18,-0.07,-19.53,6.10,-58.11,1.27,61.60,88,859,247,5
0.50,1.13,-0.07,-16.85,4.33,-86.12,1.24,87.86,74,862,264,4
0.55,1.07,-0.14,-19.78,2.50,-108.46,1.21,110.28,60,865,251,3
0.71,1.09,-0.33,-10.68,-1.04,-124.76,1.34,125.22,40,854,233,3
0.82,1.28,-0.30,11.23,-11.90,-132.57,1.55,133.57,21,837,161,2
0.90,0.71,-0.31,41.63,-22.64,-128.11,1.19,136.60,6,803,95,1
0.77,0.79,-0.12,37.29,-27.22,-86.12,1.11,97.72,2,770,31,0
0.77,0.72,-0.10,17.52,-46.45,-63.72,1.05,80.77,1,766,5,0
0.48,0.67,0.29,39.49,-2.26,-15.38,0.87,42.44,0,0,0,0
0.87,0.59,-0.37,83.92,92.53,-13.06,1.11,125.60,0,0,0,0
1.28,0.74,-0.54,13.85,81.73,7.69,1.58,83.25,0,0,0,0
1.43,1.21,-0.44,-19.53,12.76,37.78,1.93,44.40,0,0,0,0
1.42,1.46,-0.42,11.72,-55.18,73.36,2.08,92.54,0,0,0,0
1.53,1.59,-0.57,23.62,-99.43,55.24,2.28,116.17,0,0,0,0
0.81,1.35,-0.31,5.00,-115.60,4.27,1.61,115.79,0,0,1,0
0.21,1.39,0.04,5.00,-75.50,0.12,1.41,75.67,1,772,0,0
-0.13,0.80,-0.05,37.90,-2.08,-0.49,0.82,37.96,1,762,4,2
-0.30,0.39,-0.14,-3.30,21.24,22.83,0.51,31.35,1,757,2,6
-0.50,0.29,-0.02,-20.51,34.24,40.16,0.58,56.62,1,743,2,7
-0.48,0.12,-0.10,-15.44,49.99,75.74,0.51,92.06,1,739,3,5
-0.49,0.02,-0.14,-26.55,63.90,95.03,0.51,117.56,1,738,4,8
-0.36,-0.05,-0.25,-39.06,85.75,117.43,0.44,150.57,1,728,3,8
-0.04,0.15,-0.16,-54.50,95.21,130.74,0.22,170.67,1,723,2,7
0.40,0.25,-0.17,-49.19,99.12,127.81,0.50,169.06,1,728,3,9
0.89,0.34,-0.11,-57.43,78.92,112.24,0.96,148.75,1,735,4,5
1.45,0.79,0.10,-49.62,48.58,87.34,1.65,111.58,1,742,3,3
1.52,1.02,0.23,-26.06,26.12,50.54,1.84,62.58,1,759,5,2
1.70,0.99,0.09,21.79,5.43,1.16,1.97,22.49,1,769,2,0
1.43,0.85,0.07,31.98,-25.76,-76.42,1.67,86.75,0,0,0,0
1.13,0.67,0.12,28.56,-30.03,-107.42,1.32,115.14,0,0,0,1
1.03,1.49,0.37,20.51,-37.17,-125.85,1.85,132.82,2,826,18,0
0.47,0.21,-0.07,178.83,6.47,-14.16,0.52,179.51,8,823,73,0
0.29,1.96,0.73,-9.03,-23.19,69.27,2.11,73.61,31,827,138,1
0.36,1.05,0.21,53.04,-18.31,-19.10,1.13,59.27,53,827,169,1
0.36,0.54,0.21,-4.21,0.18,-30.09,0.69,30.38,62,830,196,3
0.50,0.57,-0.10,-33.39,14.83,-0.37,0.76,36.53,72,833,207,3
0.52,1.09,-0.21,-12.08,7.02,17.82,1.22,22.65,97,828,238,3
0.44,0.91,0.01,14.34,-3.36,10.19,1.02,17.91,109,819,252,3
0.43,0.97,0.02,-0.31,-0.06,4.09,1.06,4.10,112,814,255,3
0.46,0.93,-0.06,-6.23,1.71,-5.55,1.03,8.52,127,813,254,3
0.46,0.80,-0.05,-7.02,1.59,-8.61,0.92,11.22,127,814,239,3
0.48,0.85,-0.09,-8.30,2.08,-2.93,0.98,9.04,130,815,244,4
0.47,0.86,-0.07,-1.65,-1.10,-3.05,0.99,3.64,138,815,247,3
0.46,0.82,-0.04,-1.59,-1.53,-1.22,0.94,2.52,142,811,236,4
0.46,0.78,-0.05,-3.54,-0.79,3.17,0.91,4.82,164,806,246,5
0.47,0.89,-0.08,-5.25,-0.73,9.64,1.01,11.00,155,801,244,4
0.46,0.91,-0.09,0.31,-2.14,9.46,1.03,9.70,182,799,243,4
0.45,0.85,-0.05,6.84,-4.09,10.99,0.96,13.57,187,792,236,4
0.44,0.86,-0.05,6.90,-3.97,12.94,0.97,15.19,202,785,244,3
0.44,0.91,-0.05,9.09,-3.91,14.28,1.01,17.38,210,785,236,3
0.43,0.84,-0.05,14.71,-4.64,15.44,0.94,21.83,229,780,233,4
0.42,0.89,-0.01,14.59,-4.76,18.49,0.98,24.03,193,780,248,3
0.41,0.90,-0.02,12.02,-4.03,16.60,0.99,20.89,172,780,253,3
0.40,0.96,-0.02,9.77,-3.72,13.12,1.04,16.78,173,779,248,3
0.39,0.95,0.01,8.85,-3.91,6.77,1.03,11.81,184,783,250,3
0.38,0.89,-0.00,5.98,-3.42,2.20,0.97,7.23,172,787,253,3
0.38,0.86,0.04,2.56,-1.89,-0.18,0.94,3.19,178,786,250,3
0.40,0.93,-0.02,-1.22,-0.43,-1.46,1.01,1.95,179,787,247,4
0.41,0.92,-0.02,-0.61,-0.92,-1.89,1.00,2.19,174,791,244,3
0.40,0.89,0.00,2.69,-1.83,-1.89,0.98,3.76,174,795,255,3
0.38,0.76,0.08,2.26,-1.16,-2.32,0.85,3.44,207,794,255,3
0.39,0.89,0.01,-8.54,2.99,2.08,0.97,9.29,202,792,243,3
0.40,1.02,-0.04,-3.91,1.40,-2.69,1.09,4.94,203,800,258,3
0.42,1.06,-0.06,3.05,-1.83,-12.51,1.14,13.01,204,809,248,3
0.40,1.16,-0.02,8.85,-5.62,-28.50,1.22,30.37,162,826,262,3
0.40,1.09,0.03,10.68,-6.77,-48.58,1.17,50.20,141,837,262,3
0.37,1.06,0.15,-8.12,1.10,-78.86,1.13,79.28,123,850,263,3
0.46,1.37,-0.02,-16.72,7.45,-112.73,1.44,114.21,86,859,246,3
0.53,1.59,-0.08,-10.50,-3.36,-161.50,1.68,161.87,51,851,231,3
0.85,1.50,-0.07,-15.69,1.53,-202.03,1.73,202.64,23,819,165,1
0.95,0.73,-0.16,5.62,2.93,-188.11,1.21,188.22,6,785,60,0
1.04,0.42,-0.52,22.83,-15.56,-112.61,1.23,115.95,2,748,10,0
1.27,0.73,-0.43,21.91,-36.01,-26.37,1.53,49.72,1,738,0,0
1.41,0.51,-0.75,36.50,-23.25,6.04,1.68,43.70,1,749,0,0
1.70,0.62,-0.88,-71.66,-77.45,43.88,2.01,114.28,1,759,0,0
1.05,2.02,0.24,-126.22,-129.76,39.73,2.29,185.33,1,772,2,0
0.82,1.98,0.32,-1.83,-139.34,16.36,2.17,140.31,1,772,0,0
0.29,1.20,0.11,72.45,-125.61,-51.45,1.24,153.86,1,775,0,0
-0.27,0.50,0.03,71.72,-87.52,-52.67,0.57,124.81,1,788,0,0
-0.50,0.35,0.09,19.29,-31.86,1.22,0.62,37.26,1,789,1,0
-0.59,0.44,0.23,-3.54,30.64,28.93,0.77,42.29,1,788,4,1
-0.58,0.20,0.04,2.38,81.36,50.17,0.61,95.61,1,785,6,1
-0.58,-0.01,-0.12,-9.64,101.93,88.32,0.59,135.21,1,784,4,3
-0.49,0.02,-0.21,-31.31,102.72,100.40,0.53,147.01,1,787,3,3
-0.22,0.07,-0.19,-35.40,91.61,121.03,0.30,155.87,1,781,4,1
0.10,0.12,-0.16,-41.44,91.86,131.53,0.22,165.70,1,779,3,2
0.56,0.31,-0.19,-53.96,95.40,120.73,0.67,163.06,1,780,4,0
1.25,0.66,-0.23,-48.65,87.04,105.16,1.43,144.92,1,782,4,0
1.85,0.56,-0.21,-47.30,59.94,69.46,1.94,103.22,1,787,3,0
2.12,0.80,0.09,-29.54,21.55,6.71,2.26,37.17,1,781,0,0
1.89,0.40,0.20,-0.73,-0.79,-75.01,1.94,75.02,1,784,0,0
1.54,1.67,0.59,141.91,-81.36,-19.10,2.35,164.69,5,819,57,0
0.41,0.96,0.29,49.44,-35.40,133.85,1.08,147.01,26,826,150,1
0.35,2.64,0.23,50.05,-20.14,49.74,2.67,73.38,57,825,200,3
0.29,1.38,0.36,3.23,-1.95,-26.98,1.45,27.24,65,822,216,4
0.50,0.70,-0.08,-21.55,11.90,-45.17,0.87,51.44,55,837,234,2
0.52,0.65,-0.12,-7.87,2.01,-13.18,0.84,15.49,55,841,235,2
0.45,0.90,0.05,5.13,-2.81,1.16,1.00,5.96,60,837,237,3
0.47,0.94,-0.00,-2.08,-0.37,-3.05,1.05,3.71,68,837,249,3
0.46,1.00,0.04,-2.93,-1.04,-17.58,1.10,17.85,79,837,253,2
0.47,0.81,0.00,-10.19,1.89,-23.68,0.94,25.85,76,842,249,3
0.51,0.77,-0.04,-9.46,1.83,-17.82,0.93,20.26,80,847,260,4
0.49,0.79,0.01,-8.54,1.40,-10.99,0.93,13.99,78,848,263,4
0.50,0.82,0.01,-14.83,4.76,-4.76,0.96,16.29,80,852,270,3
0.50,0.87,-0.00,-15.20,5.86,-1.59,1.00,16.37,87,853,258,4
0.50,0.82,-0.01,-15.81,7.20,-3.36,0.96,17.69,78,859,261,3
0.50,0.80,-0.04,-21.48,9.64,-0.67,0.95,23.56,75,861,258,2
0.53,0.96,-0.13,-22.03,8.36,1.89,1.11,23.64,73,863,265,4
0.50,0.94,-0.03,-9.22,2.20,-4.15,1.07,10.34,71,867,260,3
0.52,0.95,-0.13,-5.19,-0.31,-11.05,1.09,12.21,64,869,262,3
0.50,0.91,-0.03,0.79,-3.42,-18.55,1.04,18.88,60,868,255,3
0.52,0.82,-0.05,-3.17,-2.38,-26.98,0.97,27.27,60,870,249,3
0.50,0.74,0.02,-8.61,-0.98,-26.18,0.89,27.58,64,867,243,2
0.54,0.73,-0.06,-14.28,2.38,-19.23,0.91,24.07,74,861,255,2
0.57,0.83,-0.14,-7.45,0.18,-9.89,1.02,12.38,78,864,258,4
0.55,0.76,-0.08,3.72,-3.36,-3.60,0.94,6.17,92,860,262,2
0.55,0.77,-0.05,7.51,-4.33,7.08,0.95,11.19,98,863,255,3
0.54,0.89,-0.09,-1.04,0.37,11.72,1.05,11.77,108,861,249,3
0.58,1.09,-0.20,3.97,-1.10,7.81,1.25,8.83,106,860,266,4
0.57,1.01,-0.12,24.48,-10.31,-3.72,1.17,26.82,112,861,261,5
0.51,1.31,0.01,22.16,-14.77,-28.02,1.41,38.65,96,862,256,3
0.52,1.61,0.04,1.95,-8.42,-80.32,1.69,80.79,81,866,259,3
0.61,1.70,-0.20,-2.44,-7.63,-148.62,1.82,148.84,48,851,235,3
0.81,1.60,-0.06,-4.27,-6.53,-206.36,1.80,206.51,17,817,141,1
1.12,0.75,-0.62,-47.61,-26.43,-153.20,1.49,162.59,4,793,53,0
1.05,0.42,0.06,-53.96,-43.27,-61.22,1.14,92.37,1,778,10,0
1.63,0.96,0.26,-34.97,-24.66,-16.91,1.91,46.01,1,779,1,0
1.74,1.11,-0.02,4.70,-21.85,12.21,2.07,25.47,1,787,5,0
1.57,1.27,-0.11,5.55,-44.80,-3.54,2.02,45.28,1,792,2,0
1.20,1.19,-0.12,10.68,-64.70,-14.65,1.70,67.19,0,0,2,0
0.84,1.24,-0.02,14.89,-75.50,-1.89,1.49,76.98,1,799,2,0
0.56,1.11,-0.02,22.64,-75.07,-16.97,1.24,80.23,1,798,3,0
0.13,0.72,-0.00,23.01,-65.80,-39.67,0.74,80.20,1,799,2,0
-0.14,0.47,0.01,17.09,-43.15,5.62,0.49,46.75,1,795,4,0
-0.28,0.37,0.08,10.25,-21.00,29.66,0.47,37.76,1,795,5,0
-0.36,0.24,-0.00,21.55,3.30,56.46,0.43,60.52,1,792,4,0
-0.35,0.09,-0.17,24.11,24.23,84.96,0.40,91.58,1,789,5,0
-0.29,0.04,-0.29,16.36,43.52,103.52,0.41,113.48,1,784,3,0
-0.27,-0.04,-0.38,4.27,65.86,103.09,0.47,122.40,1,783,4,0
-0.10,-0.10,-0.55,-14.16,88.93,113.34,0.57,144.76,1,785,4,0
0.35,-0.03,-0.62,-45.65,94.42,119.38,0.71,158.91,1,780,3,0
0.76,0.15,-0.46,-87.52,79.96,108.64,0.91,160.80,1,779,1,0
1.36,0.66,-0.04,-83.80,75.56,98.08,1.51,149.51,1,779,4,0
1.64,0.81,-0.05,-68.60,60.36,76.84,1.83,119.39,1,776,1,0
1.69,0.73,0.10,-47.42,44.19,36.68,1.84,74.48,1,777,3,0
1.70,0.77,0.23,-41.56,31.56,-9.95,1.88,53.13,1,779,4,0
1.46,0.64,0.34,-24.84,15.93,-85.88,1.63,90.81,1,779,0,0
0.96,0.59,0.50,2.99,-16.11,-141.17,1.23,142.12,3,816,27,0
1.40,-0.87,0.12,203.74,-60.18,-4.94,1.65,212.50,18,847,149,0
0.17,0.63,0.56,82.64,-25.76,221.80,0.86,238.09,49,834,199,3
0.32,0.89,0.19,88.20,-12.88,29.42,0.97,93.86,82,825,237,3
0.35,0.59,0.14,13.85,2.26,-38.57,0.70,41.05,80,830,235,3
0.49,0.30,-0.12,-31.37,16.97,-28.63,0.58,45.73,70,840,241,4
0.54,0.92,-0.18,-26.73,9.83,4.64,1.08,28.86,85,839,248,5
0.43,0.93,-0.03,-4.15,0.85,1.04,1.03,4.36,97,834,254,3
0.45,0.91,-0.03,-17.94,3.05,-7.02,1.01,19.51,117,832,260,4
0.48,0.95,-0.11,-23.62,4.46,-17.09,1.07,29.49,119,833,251,4
0.48,0.85,-0.14,-16.54,1.59,-21.48,0.99,27.16,125,837,243,5
0.48,0.74,-0.07,-17.76,3.78,-16.30,0.88,24.40,121,839,248,5
0.50,0.84,-0.13,-20.02,5.37,-9.70,0.99,22.89,124,844,259,2
0.48,0.88,-0.08,-22.34,6.23,-11.66,1.01,25.96,133,848,255,3
0.52,0.92,-0.18,-28.75,9.34,-18.01,1.07,35.18,128,855,253,5
0.52,0.76,-0.16,-22.77,7.32,-18.37,0.94,30.16,125,858,255,3
0.54,0.80,-0.20,-15.93,4.39,-10.38,0.98,19.51,125,861,249,3
0.55,0.75,-0.21,-3.05,-0.06,-3.72,0.95,4.81,133,861,243,4
0.56,0.89,-0.24,7.20,-3.23,4.82,1.08,9.25,123,861,249,3
0.52,0.90,-0.18,20.45,-10.50,5.74,1.06,23.69,116,861,249,2
0.51,0.88,-0.12,29.42,-13.98,-0.55,1.02,32.58,108,859,246,3
0.49,0.74,-0.04,24.84,-12.21,-1.46,0.89,27.72,105,859,248,4
0.51,0.72,-0.09,10.01,-5.43,4.58,0.89,12.27,109,856,247,3
0.52,0.78,-0.16,19.10,-6.47,14.89,0.95,25.07,106,855,242,3
0.49,0.77,-0.07,27.22,-8.48,16.72,0.92,33.06,114,853,239,3
0.50,0.64,-0.07,29.05,-7.32,28.38,0.82,41.27,123,849,257,3
0.48,0.95,-0.10,22.89,-6.96,35.46,1.07,42.78,134,847,267,4
0.49,0.83,-0.04,32.53,-9.28,28.26,0.97,44.08,158,841,261,3
0.43,1.10,0.08,20.20,-8.85,6.77,1.18,23.07,168,839,276,2
0.40,1.47,0.07,-7.81,-0.67,-33.87,1.52,34.77,158,843,269,3
0.39,1.68,0.05,-34.85,10.13,-98.14,1.73,104.64,123,855,273,3
0.55,1.68,-0.16,-40.28,3.36,-172.24,1.78,176.92,66,851,251,3
0.92,1.35,-0.54,-49.19,9.34,-210.63,1.72,216.50,17,813,128,0
1.15,0.89,-0.31,-82.70,-10.56,-138.85,1.49,161.96,2,773,33,0
1.61,1.15,-0.07,10.01,-36.93,-23.74,1.98,45.03,1,779,6,0
1.26,0.99,-0.18,52.43,-74.52,12.82,1.61,92.02,1,800,8,0
1.26,0.95,-0.23,-10.25,-53.71,-24.54,1.59,59.93,1,803,9,0
0.95,1.42,-0.00,-3.05,-40.77,-27.89,1.71,49.49,1,803,6,0
0.81,1.30,-0.14,26.31,-38.45,-25.76,1.54,53.24,1,803,6,0
0.53,0.94,-0.29,15.75,-52.19,-36.32,1.12,65.50,1,802,6,0
0.15,0.89,-0.09,-4.58,-66.65,-13.43,0.91,68.14,1,798,5,0
-0.11,0.77,0.08,8.97,-54.69,17.52,0.78,58.12,1,793,7,0
-0.25,0.57,0.04,33.87,-20.45,40.28,0.62,56.46,1,791,6,0
-0.28,0.25,-0.13,40.71,12.82,54.50,0.40,69.23,1,787,7,0
-0.32,0.03,-0.22,21.00,41.81,67.81,0.39,82.38,1,783,7,0
-0.32,-0.06,-0.32,5.19,63.54,79.65,0.46,102.02,1,782,8,0
-0.16,-0.13,-0.46,-15.75,74.22,98.75,0.51,124.53,1,781,9,0
0.07,0.00,-0.43,-39.31,73.97,108.70,0.44,137.24,1,779,9,0
0.47,0.06,-0.37,-53.77,73.43,108.95,0.60,141.96,1,774,7,0
0.85,0.22,-0.31,-73.79,68.05,97.78,0.93,140.13,1,772,5,0
1.22,0.67,-0.08,-79.65,41.81,87.83,1.40,125.72,1,773,5,0
1.37,0.68,0.20,-62.01,24.11,60.97,1.55,90.25,1,776,6,0
1.62,0.77,0.29,-39.00,29.85,-25.82,1.81,55.48,1,778,6,0
1.47,0.54,0.52,-14.16,20.57,-93.20,1.65,96.49,1,779,1,0
0.70,1.90,0.78,37.66,-62.62,-141.42,2.17,159.18,4,824,33,0
1.31,-1.28,-1.99,179.81,9.83,93.63,2.71,202.96,26,835,135,2
0.32,3.61,-0.31,24.41,-20.57,149.78,3.64,153.14,69,838,207,1
0.43,0.65,0.08,101.75,-23.86,-31.56,0.79,109.17,91,831,238,2
0.40,0.49,0.14,10.25,-4.09,-47.91,0.65,49.17,89,834,248,3
0.51,0.45,-0.08,-15.75,5.25,-18.07,0.68,24.53,100,834,255,2
0.53,1.06,-0.16,-5.43,-1.34,-2.50,1.20,6.13,118,831,268,4
0.49,0.88,-0.01,6.96,-7.45,-15.93,1.01,18.91,125,826,272,4
0.47,0.81,0.07,-5.80,-1.46,-13.98,0.93,15.20,135,830,268,4
0.51,0.87,-0.05,-11.90,2.56,-13.92,1.01,18.49,140,826,273,4
0.51,0.79,-0.02,-4.76,-0.06,-12.08,0.94,12.99,137,828,270,3
0.50,0.67,-0.01,-3.17,0.18,-2.93,0.84,4.32,141,828,267,4
0.52,0.66,-0.05,-4.52,0.67,10.56,0.84,11.50,153,825,262,4
0.52,0.73,-0.06,-1.40,-0.61,27.10,0.89,27.14,178,819,258,4
0.46,0.88,0.01,1.10,-2.01,35.34,0.99,35.41,190,811,262,4
0.46,1.01,-0.03,-1.22,-0.37,28.63,1.11,28.65,189,806,266,3
0.44,0.96,-0.01,-0.31,0.67,18.86,1.05,18.87,196,805,259,2
0.43,0.94,-0.02,-3.05,1.95,10.99,1.04,11.57,189,806,245,3
0.47,0.92,-0.02,-6.16,3.36,7.02,1.03,9.93,194,812,254,5
0.43,0.85,-0.05,-1.95,1.77,4.46,0.96,5.18,194,811,243,2
0.44,0.83,-0.07,-0.24,0.73,5.13,0.94,5.18,163,817,241,3
0.43,0.78,-0.03,2.56,-0.85,7.39,0.89,7.86,163,818,229,2
0.43,0.79,-0.06,0.43,-0.73,14.10,0.90,14.12,187,817,232,3
0.41,0.78,-0.04,0.73,-0.18,22.34,0.88,22.35,186,811,241,3
0.40,0.98,-0.03,1.95,-0.18,29.85,1.05,29.91,217,804,247,4
0.35,0.92,0.04,3.97,-0.98,26.25,0.99,26.56,230,794,253,2
0.36,1.12,-0.03,-8.30,2.93,19.59,1.18,21.48,251,789,254,3
0.38,1.40,-0.13,-7.02,1.10,-6.77,1.46,9.82,234,793,247,4
0.36,1.43,-0.06,4.33,-3.66,-49.56,1.48,49.88,215,815,266,4
0.32,1.36,0.06,-1.59,-2.14,-93.20,1.40,93.24,160,847,259,3
0.35,1.63,-0.05,-15.44,2.75,-146.00,1.67,146.84,101,864,252,3
0.39,1.83,-0.14,-15.56,-3.36,-212.22,1.87,212.82,50,846,225,2
0.73,1.65,-0.39,-48.10,-0.49,-264.77,1.85,269.10,13,799,116,1
0.85,-0.06,-0.45,-118.35,-27.83,-161.07,0.97,201.80,3,769,42,0
0.45,0.86,0.57,-108.15,-34.18,-37.78,1.13,119.55,1,749,5,0
1.03,1.11,0.24,4.58,0.12,-26.12,1.53,26.52,1,764,4,0
1.80,1.02,-0.34,38.27,-9.95,-11.05,2.10,41.06,1,765,3,0
1.65,1.12,-0.37,49.50,-73.97,-10.44,2.03,89.62,1,768,0,0
1.36,1.17,-0.28,57.62,-106.75,1.71,1.82,121.32,1,772,0,0
0.98,1.33,-0.13,56.34,-106.57,10.50,1.65,121.00,1,787,1,0
0.66,1.26,-0.13,57.92,-86.67,-25.21,1.43,107.25,1,786,2,0
-0.07,0.70,-0.15,36.74,-48.65,-42.66,0.72,74.41,1,792,2,0
-0.34,0.52,-0.11,35.34,-13.49,-2.69,0.64,37.92,1,792,6,0
-0.35,0.28,-0.15,34.48,14.40,27.65,0.48,46.49,1,791,5,0
-0.48,0.03,-0.18,18.62,32.10,53.65,0.51,65.23,1,788,3,0
-0.40,-0.03,-0.22,4.03,45.17,96.07,0.46,106.23,1,785,7,0
-0.30,-0.05,-0.26,-6.04,56.34,109.25,0.39,123.07,1,785,7,0
-0.18,-0.12,-0.35,-14.47,64.09,120.67,0.41,137.39,1,782,8,0
0.16,-0.12,-0.44,-34.06,63.05,131.04,0.48,149.36,1,780,8,0
0.48,-0.04,-0.22,-82.89,55.73,123.05,0.53,158.48,1,777,5,0
0.95,0.73,0.30,-106.63,65.12,104.74,1.23,163.04,1,774,2,0
1.47,0.77,0.40,-69.52,82.76,70.80,1.70,129.21,1,773,0,0
1.85,0.64,0.12,-14.34,56.09,52.73,1.96,78.31,1,773,1,0
2.05,0.71,0.14,-2.26,-2.50,13.24,2.17,13.67,1,773,0,0
1.40,0.71,0.38,13.67,-28.38,-84.05,1.62,89.76,1,774,0,0
0.66,0.44,0.29,32.10,-5.31,-118.65,0.85,123.03,0,0,0,0
0.16,0.69,0.61,113.34,-21.73,-69.64,0.93,134.79,5,822,76,0
1.00,0.38,-0.91,13.24,-0.73,179.87,1.40,180.36,18,843,191,2
0.36,2.24,0.36,72.20,-17.46,84.11,2.30,112.21,36,837,218,3
0.38,1.17,0.28,0.61,-1.71,-5.37,1.26,5.67,45,838,231,3
0.54,0.61,-0.11,-36.62,14.10,-20.26,0.82,44.16,49,849,249,4
0.58,0.96,-0.20,-21.97,5.80,2.87,1.14,22.91,60,852,250,3
0.48,0.88,0.05,-1.65,-1.40,2.69,1.01,3.45,71,846,250,4
0.49,0.94,0.00,-10.86,0.37,-1.59,1.06,10.99,81,843,254,4
0.50,0.97,-0.03,-11.41,0.92,-12.51,1.09,16.96,82,844,244,3
0.51,0.73,-0.03,-8.61,0.98,-17.03,0.88,19.10,84,846,255,3
0.52,0.63,-0.02,-8.97,1.95,-6.59,0.82,11.30,88,847,251,4
0.52,0.73,-0.04,-13.24,2.81,6.29,0.90,14.93,98,843,254,4
0.50,0.86,-0.03,-15.99,3.60,12.08,1.00,20.36,109,840,246,2
0.49,0.83,-0.05,-17.33,4.76,13.12,0.97,22.26,128,837,243,1
0.51,0.82,-0.12,-14.28,5.07,17.88,0.97,23.44,144,834,239,2
0.49,0.82,-0.07,-4.09,1.46,22.46,0.95,22.88,144,827,236,5
0.48,0.90,-0.09,-2.44,0.37,24.60,1.02,24.72,153,823,237,3
0.47,0.97,-0.08,1.53,-1.34,19.29,1.08,19.39,166,818,229,3
0.47,0.94,-0.09,3.60,-1.71,10.19,1.06,10.94,171,815,223,2
0.48,0.87,-0.08,5.37,-2.44,5.00,1.00,7.74,189,815,227,3
0.44,0.87,-0.07,3.66,-2.14,4.33,0.98,6.06,158,814,220,2
0.45,0.88,-0.06,6.77,-2.99,3.72,0.99,8.29,182,813,221,3
0.44,0.81,-0.05,11.90,-3.66,5.43,0.93,13.59,176,812,217,2
0.43,0.87,-0.03,8.54,-3.05,9.09,0.97,12.85,203,811,226,2
0.43,0.92,-0.02,5.07,-1.65,9.09,1.01,10.54,203,803,230,2
0.43,0.82,-0.03,3.85,-0.67,8.30,0.92,9.17,213,800,237,4
0.42,0.85,-0.00,-6.47,2.14,9.95,0.95,12.06,213,794,237,2
0.44,1.16,-0.10,-8.42,0.43,-1.16,1.24,8.51,277,795,226,3
0.43,1.17,-0.09,0.31,-2.62,-24.60,1.25,24.74,215,808,237,3
0.42,1.36,-0.04,-3.66,-3.78,-62.19,1.43,62.42,165,833,239,3
0.38,1.53,-0.01,-13.67,-0.12,-114.01,1.57,114.83,133,851,230,4
0.57,1.84,-0.24,-32.78,2.44,-187.62,1.94,190.48,96,851,218,3
0.88,1.46,-0.63,-47.67,-1.40,-248.35,1.82,252.89,32,817,125,0
1.21,0.18,-1.12,-121.83,-27.10,-192.99,1.66,229.83,5,778,47,0
0.74,0.53,0.18,-158.63,-58.78,-34.79,0.93,172.71,1,741,8,0
1.58,1.42,0.49,-14.47,-15.87,-33.63,2.18,39.90,1,759,3,0
1.63,1.32,-0.21,72.39,19.84,-10.38,2.11,75.77,1,767,3,0
1.75,1.21,-0.55,88.62,-20.45,7.87,2.20,91.29,1,770,0,0
1.55,1.27,-0.55,93.99,-73.73,16.17,2.07,120.55,1,779,0,0
1.29,1.37,-0.49,84.29,-108.76,-0.12,1.94,137.60,1,784,0,0
0.70,1.02,-0.37,58.04,-124.08,-53.10,1.29,146.92,1,789,1,0
0.06,0.66,-0.23,31.37,-110.72,-59.33,0.70,129.47,1,788,2,0
-0.22,0.56,-0.13,20.51,-78.61,-16.24,0.62,82.85,1,787,4,0
-0.45,0.37,-0.05,14.53,-19.59,19.90,0.58,31.48,1,784,5,0
-0.56,0.02,-0.20,3.91,19.47,54.26,0.60,57.78,1,784,6,0
-0.53,-0.09,-0.22,-15.50,44.68,82.52,0.58,95.11,1,775,7,1
-0.54,-0.07,-0.19,-31.13,65.92,93.44,0.57,118.52,1,769,8,1
-0.45,-0.17,-0.28,-33.08,87.10,110.96,0.55,144.89,2,764,8,1
-0.15,-0.13,-0.36,-43.88,92.59,128.36,0.41,164.24,2,755,7,3
0.19,0.06,-0.27,-62.26,80.51,135.19,0.34,169.22,2,752,7,1
0.56,0.26,-0.06,-79.53,61.89,123.84,0.62,159.66,1,749,5,0
1.07,0.67,0.33,-86.30,56.03,95.64,1.31,140.48,1,752,2,0
1.45,0.97,0.44,-54.02,60.97,67.81,1.80,105.99,1,765,0,0
1.90,0.61,0.06,-13.85,53.28,40.59,1.99,68.40,1,769,0,0
2.17,0.87,-0.00,-22.83,3.42,-7.08,2.34,24.14,1,765,0,0
1.64,1.02,0.27,-11.05,-39.18,-102.36,1.95,110.16,1,770,0,0
-0.25,0.96,0.76,44.07,-56.58,-147.77,1.25,164.25,3,807,19,0
1.21,-0.76,-0.84,210.88,28.26,20.75,1.65,213.77,22,839,133,1
0.08,3.25,0.72,-14.65,-9.58,193.60,3.33,194.39,66,836,191,1
0.31,1.29,0.46,132.57,-36.56,-9.28,1.40,137.83,105,817,215,4
0.30,0.58,0.12,-31.19,15.75,-18.68,0.66,39.62,96,820,227,2
0.57,0.74,-0.26,-46.63,20.32,4.82,0.96,51.10,115,821,233,3
0.47,1.00,-0.13,4.09,-3.85,13.92,1.12,15.01,130,812,239,3
0.40,0.89,0.09,3.48,-4.70,6.23,0.98,8.54,153,800,242,3
0.43,1.04,-0.03,-16.05,2.44,-4.39,1.13,16.82,168,800,243,2
0.45,0.94,-0.06,-16.11,3.05,-17.15,1.04,23.73,181,806,244,3
0.44,0.83,-0.01,-12.57,2.87,-19.41,0.94,23.30,160,814,242,3
0.45,0.71,-0.01,-18.80,6.96,-13.98,0.84,24.44,162,822,240,3
0.47,0.91,-0.10,-25.15,10.13,-8.30,1.03,28.35,153,832,237,4
0.49,0.87,-0.13,-15.01,5.68,-11.47,1.00,19.73,150,839,228,3
0.49,0.86,-0.14,-8.97,2.75,-11.35,1.00,14.73,143,846,229,3
0.50,0.77,-0.12,-3.78,0.67,-5.80,0.92,6.96,130,850,232,3
0.50,0.89,-0.15,2.87,-2.01,1.59,1.03,3.85,127,853,220,4
0.48,0.87,-0.13,13.18,-6.47,2.56,1.00,14.91,123,856,229,4
0.48,0.90,-0.10,13.06,-6.84,1.65,1.03,14.83,117,855,227,3
0.47,0.92,-0.09,11.84,-7.20,-0.49,1.04,13.87,107,855,224,3
0.46,0.89,-0.04,12.08,-5.92,-5.19,1.00,14.42,114,852,223,4
0.51,0.74,-0.00,8.97,-4.21,-4.58,0.90,10.92,120,851,227,2
0.47,0.82,-0.08,2.99,-2.69,-0.43,0.94,4.04,125,850,225,3
0.49,0.83,-0.05,1.04,0.00,3.91,0.97,4.04,134,850,224,5
0.51,0.95,-0.17,6.16,-1.95,-1.04,1.09,6.55,135,851,240,4
0.49,1.09,-0.09,12.15,-6.90,-9.64,1.20,16.97,137,853,240,3
0.47,1.11,0.00,21.06,-12.02,-29.48,1.21,38.17,137,856,245,3
0.44,1.20,0.07,20.75,-12.27,-60.36,1.28,65.00,109,861,245,3
0.48,1.57,0.05,3.66,-4.03,-109.99,1.64,110.12,86,863,233,3
0.57,1.72,-0.12,-15.44,-5.55,-193.30,1.81,193.99,45,845,218,3
1.18,1.05,-0.43,-0.85,-5.80,-225.34,1.64,225.42,17,819,110,0
1.04,0.34,-0.50,-30.82,-28.81,-138.85,1.20,145.12,4,787,38,0
1.39,0.55,-0.12,-29.97,-52.92,-55.24,1.50,82.16,1,753,2,0
1.38,0.89,0.32,2.62,-61.22,-70.25,1.67,93.22,1,766,1,0
1.37,0.81,0.06,43.95,-16.30,-28.08,1.60,54.64,0,0,0,0
1.48,0.90,-0.21,46.75,-21.55,23.86,1.74,56.74,0,0,0,0
1.39,1.35,-0.17,21.24,-49.50,53.16,1.95,75.68,0,0,0,0
1.11,1.53,-0.13,19.78,-70.74,14.65,1.90,74.90,0,0,0,0
0.20,0.97,-0.02,-2.62,-70.31,-21.73,0.99,73.64,1,772,1,0
-0.34,0.75,0.08,12.57,-53.34,20.26,0.83,58.43,1,761,1,0
-0.64,0.46,0.12,25.57,-20.51,53.34,0.80,62.61,1,753,1,0
-0.75,0.15,0.02,39.92,26.55,76.78,0.77,90.52,1,746,4,0
-0.70,-0.29,-0.29,23.56,64.70,91.25,0.81,114.31,1,733,3,3
-0.49,-0.20,-0.39,-16.17,82.95,116.21,0.66,143.69,2,723,3,4
-0.24,-0.22,-0.50,-24.96,85.57,125.49,0.60,153.93,2,718,3,2
0.01,-0.28,-0.51,-47.55,73.43,138.31,0.58,163.65,2,712,0,2
0.56,0.13,-0.20,-77.39,72.39,135.19,0.61,171.78,2,711,2,2
1.21,0.25,-0.13,-77.39,73.00,99.98,1.25,145.99,2,715,0,1
1.66,0.72,0.09,-80.02,49.93,45.10,1.81,104.55,1,730,0,0
1.83,0.88,0.27,-50.29,33.08,6.23,2.05,60.52,1,740,0,0
1.99,0.69,0.26,-18.19,11.66,-28.93,2.12,36.11,1,737,0,0
2.21,1.58,0.55,-13.24,-41.20,-99.55,2.78,108.55,4,791,29,0
1.20,-1.52,-0.31,240.72,-30.09,12.63,1.96,242.92,21,822,136,0
0.24,2.22,0.23,37.60,-17.33,128.30,2.25,134.81,57,827,193,2
0.42,1.24,0.03,6.96,-2.44,-6.53,1.31,9.85,86,821,226,2
0.44,0.44,0.06,8.18,-1.65,-21.55,0.62,23.10,98,822,235,5
0.44,0.72,-0.00,-23.50,5.62,6.77,0.85,25.09,116,818,243,4
0.49,1.16,-0.19,-20.20,4.70,9.28,1.27,22.72,144,815,240,3
0.43,0.94,-0.00,0.73,-3.11,-1.34,1.03,3.47,152,808,239,5
0.43,0.98,-0.03,-10.31,0.67,-6.10,1.07,12.00,150,812,241,4
0.45,0.94,-0.08,-8.54,0.06,-14.83,1.05,17.12,144,813,237,4
0.44,0.84,-0.03,-5.31,-0.85,-16.48,0.95,17.33,151,819,244,4
0.46,0.79,-0.05,-7.39,-0.43,-10.38,0.91,12.74,141,823,237,4
0.47,0.81,-0.08,-5.19,-1.10,-2.56,0.94,5.89,160,823,245,5
0.45,0.92,-0.06,-7.93,-0.67,2.87,1.02,8.46,160,824,243,6
0.46,0.91,-0.07,-6.53,0.18,0.37,1.03,6.54,166,823,242,5
0.45,0.90,-0.05,-2.75,-0.43,-1.10,1.01,2.99,177,827,238,4
0.46,0.89,-0.07,-5.92,0.85,-2.75,1.01,6.58,171,830,227,3
0.47,0.91,-0.11,-3.66,0.00,-2.87,1.03,4.65,170,834,233,2
0.47,0.88,-0.10,1.65,-1.53,-3.60,1.00,4.24,150,838,217,2
0.47,0.89,-0.07,6.04,-3.97,-0.49,1.01,7.24,139,837,224,3
0.45,0.87,-0.04,10.44,-5.62,2.62,0.98,12.14,145,834,219,2
0.44,0.75,-0.01,14.04,-4.52,5.37,0.87,15.69,151,834,229,4
0.45,0.87,-0.02,8.18,-3.17,10.68,0.98,13.82,155,831,231,3
0.44,0.97,-0.05,6.29,-2.44,9.40,1.06,11.57,177,827,229,2
0.45,0.87,-0.04,8.30,-2.20,5.55,0.98,10.23,202,824,240,4
0.42,0.93,0.01,7.26,-3.60,6.29,1.02,10.26,178,822,235,3
0.44,0.86,-0.02,7.81,-1.77,-1.28,0.97,8.11,183,823,247,3
0.45,0.85,-0.02,2.32,0.31,-1.77,0.96,2.93,213,825,250,4
0.43,1.30,-0.03,-4.58,0.00,-19.71,1.37,20.24,181,832,239,5
0.40,1.34,0.05,-18.13,5.13,-58.04,1.40,61.02,160,846,254,4
0.42,1.54,-0.02,-33.14,11.17,-112.12,1.60,117.45,124,857,247,4
0.52,1.79,-0.08,-42.36,12.15,-183.90,1.86,189.10,86,850,229,2
0.76,1.76,-0.29,-52.73,6.23,-235.11,1.94,241.03,37,828,154,0
1.18,0.23,-0.69,-23.93,0.85,-210.08,1.38,211.44,6,793,63,0
0.88,-0.13,-0.30,-25.94,-26.92,-74.46,0.94,83.32,2,759,11,0
1.72,1.10,-0.24,-24.41,-39.79,7.20,2.06,47.24,1,752,1,0
1.53,1.08,-0.30,18.31,-54.81,-3.78,1.89,57.91,1,773,3,0
1.61,1.50,-0.29,4.94,-69.21,19.96,2.22,72.20,1,767,0,0
1.31,1.75,-0.16,15.32,-82.58,21.67,2.19,86.74,1,770,0,0
0.89,1.60,-0.21,34.36,-90.58,-17.70,1.84,98.48,1,770,0,0
0.11,1.04,-0.18,23.93,-91.19,-63.48,1.06,113.65,1,774,3,0
-0.40,0.55,-0.10,29.97,-73.36,-20.63,0.68,81.89,1,773,3,0
-0.51,0.32,-0.06,27.04,-41.56,25.82,0.61,55.90,1,771,4,0
-0.65,0.14,-0.00,17.27,-0.79,52.80,0.66,55.55,1,769,6,0
-0.56,-0.11,-0.15,14.40,39.06,79.04,0.59,89.34,1,765,5,0
-0.45,-0.22,-0.25,-17.64,69.27,89.60,0.56,114.62,1,762,4,0
-0.35,-0.17,-0.27,-30.64,78.61,102.17,0.47,132.51,1,762,4,0
-0.10,-0.05,-0.32,-38.15,80.20,121.95,0.34,150.86,1,759,7,0
0.28,0.09,-0.29,-48.52,73.00,122.99,0.41,151.03,1,760,6,0
0.75,0.21,-0.22,-57.62,65.86,121.58,0.81,149.80,1,763,4,0
1.26,0.46,-0.01,-58.23,48.89,104.74,1.34,129.42,1,763,1,0
1.60,0.76,0.21,-47.18,44.92,74.22,1.79,98.75,1,767,3,0
2.22,0.78,0.07,-38.09,41.32,18.31,2.36,59.10,1,767,3,0
1.81,0.72,0.32,11.47,10.31,-92.71,1.97,93.99,1,766,0,0
0.44,1.28,0.78,89.72,-86.55,-52.55,1.56,135.29,5,801,43,0
0.56,0.50,0.00,61.40,-32.23,139.65,0.75,155.92,27,820,162,1
0.09,3.90,0.34,-39.61,-6.23,133.42,3.91,139.32,65,826,198,2
0.38,1.68,-0.00,-10.01,2.38,-3.78,1.72,10.96,81,823,214,3
0.46,0.38,-0.08,6.47,-0.37,-29.97,0.60,30.66,81,824,222,3
0.45,0.73,-0.03,-7.63,-1.04,4.46,0.86,8.90,116,822,236,4
0.42,1.09,-0.03,-12.39,-2.44,7.26,1.16,14.57,134,814,243,3
0.40,1.07,-0.02,-9.52,-3.17,-11.47,1.14,15.24,152,807,236,3
0.42,0.93,-0.01,-10.13,-1.89,-21.97,1.02,24.27,174,805,245,3
0.42,0.90,-0.00,-17.64,1.71,-24.54,1.00,30.27,179,806,246,3
0.45,0.88,-0.06,-17.27,3.17,-26.98,0.99,32.19,160,815,240,3
0.46,0.77,-0.05,-14.16,3.17,-22.52,0.90,26.79,160,824,248,3
0.49,0.89,-0.12,-12.70,2.50,-16.17,1.02,20.71,172,829,248,4
0.50,0.77,-0.11,-6.53,0.06,-12.02,0.92,13.68,179,832,236,3
0.48,0.79,-0.05,-8.30,0.12,-5.00,0.92,9.69,180,833,240,3
0.50,0.86,-0.13,-11.41,1.22,0.12,1.00,11.48,173,831,234,4
0.49,0.87,-0.11,1.46,-2.75,6.47,1.00,7.18,204,829,220,4
0.49,0.89,-0.10,5.92,-4.39,10.19,1.02,12.58,197,824,224,2
0.46,0.84,-0.05,10.44,-5.68,11.11,0.96,16.26,183,821,222,3
0.47,0.84,-0.08,11.84,-5.37,13.67,0.96,18.87,203,819,210,2
0.44,0.91,-0.04,14.10,-7.93,15.20,1.01,22.20,194,816,223,3
0.43,0.87,0.00,15.38,-9.83,11.78,0.97,21.72,209,812,217,3
0.40,0.94,0.06,10.50,-5.43,13.18,1.02,17.71,236,810,227,5
0.42,0.97,0.00,7.75,-2.14,10.19,1.06,12.98,217,807,224,3
0.43,0.95,-0.01,3.66,0.12,3.66,1.04,5.18,226,806,226,4
0.40,0.92,0.04,-3.85,2.44,1.65,1.00,4.84,237,807,240,3
0.43,1.00,-0.04,-9.46,5.00,-0.18,1.10,10.70,231,812,243,2
0.45,1.05,-0.09,-1.83,0.31,-9.09,1.15,9.28,213,819,251,5
0.42,1.10,0.02,6.41,-3.05,-28.50,1.17,29.37,194,831,273,3
0.41,1.32,0.02,-9.09,-0.61,-58.59,1.38,59.30,165,844,255,5
0.38,1.59,0.07,-30.64,7.45,-113.89,1.64,118.18,139,852,262,4
0.41,1.76,0.05,-48.65,14.53,-191.83,1.81,198.44,86,847,243,4
0.90,1.84,-0.58,-73.85,7.51,-236.45,2.13,247.83,30,819,151,0
0.96,0.34,-0.70,-88.75,-41.69,-134.16,1.23,166.17,5,779,50,0
0.67,0.61,0.14,-62.99,-66.35,-33.94,0.92,97.57,1,754,8,0
1.30,0.97,0.24,1.89,-27.59,-14.71,1.63,31.32,1,762,2,0
1.22,0.85,0.03,25.70,19.84,-14.22,1.49,35.44,1,772,3,0
1.67,0.84,-0.21,27.53,32.35,16.60,1.88,45.60,1,765,0,0
1.66,1.56,-0.28,34.79,-6.04,58.53,2.30,68.36,1,767,0,0
1.54,1.76,-0.38,68.54,-53.53,40.53,2.37,95.95,1,771,0,0
0.96,1.29,-0.45,69.89,-97.96,-52.73,1.67,131.38,1,771,0,0
0.01,0.75,-0.20,43.15,-105.71,-57.98,0.78,128.06,1,767,0,0
-0.56,0.48,-0.12,41.14,-69.58,6.90,0.74,81.12,1,764,2,0
-0.64,0.32,-0.12,44.31,-20.75,46.57,0.72,67.55,1,759,2,0
-0.62,0.08,-0.24,30.33,21.06,72.75,0.67,81.59,1,749,2,0
-0.58,-0.05,-0.28,1.65,49.07,83.68,0.65,97.02,1,738,1,1
-0.56,-0.05,-0.28,-11.17,73.18,97.72,0.63,122.59,2,737,3,0
-0.43,-0.13,-0.38,-24.54,95.15,112.49,0.59,149.36,2,734,4,1
-0.10,-0.01,-0.35,-42.48,104.06,127.75,0.37,170.16,2,733,3,0
0.49,0.13,-0.30,-51.82,84.41,129.88,0.59,163.34,2,734,5,0
1.43,0.43,0.02,-19.29,42.66,104.92,1.50,114.89,1,755,5,0
1.83,0.41,0.30,-31.37,9.64,55.54,1.90,64.51,1,761,6,0
2.08,0.56,0.63,-33.57,36.25,-7.57,2.24,49.99,1,766,5,0
3.42,1.36,0.66,21.48,15.62,-104.00,3.74,107.34,3,803,34,0
0.70,-0.78,-0.39,123.35,-3.97,116.64,1.12,169.81,19,815,136,0
-0.18,3.94,0.50,-24.17,-20.81,144.96,3.98,148.43,53,833,207,4
0.33,1.07,0.22,67.44,-15.75,-13.31,1.14,70.52,68,827,225,1
0.36,0.28,0.22,30.76,-5.80,-46.14,0.50,55.76,67,829,234,1
0.50,0.63,-0.07,-19.10,4.03,1.46,0.80,19.58,80,832,242,4
0.45,1.03,-0.02,0.12,-2.69,15.26,1.13,15.49,106,822,247,3
0.42,0.92,0.07,1.53,-5.31,9.03,1.01,10.59,118,817,251,3
0.40,1.09,0.02,-10.19,-1.83,-0.37,1.16,10.36,147,813,254,4
0.43,0.97,-0.01,-7.20,-0.73,-14.10,1.06,15.85,142,813,265,4
0.43,0.80,0.04,-5.19,-0.61,-14.47,0.91,15.38,137,816,259,3
0.44,0.78,0.00,-7.02,0.55,-5.55,0.90,8.97,141,817,264,1
0.44,0.84,-0.01,-5.13,0.06,4.03,0.95,6.52,154,818,260,3
0.45,0.86,-0.03,1.04,0.06,13.18,0.97,13.22,154,820,264,3
0.43,0.86,-0.02,9.40,-2.44,18.01,0.96,20.46,155,819,262,3
0.41,0.87,0.03,11.66,-3.36,20.63,0.96,23.93,144,820,255,3
0.40,0.90,0.03,9.46,-2.93,20.20,0.98,22.50,141,818,259,4
0.40,1.02,0.00,6.71,-2.93,13.98,1.09,15.78,147,815,255,2
0.37,1.02,0.06,5.13,-3.85,2.44,1.09,6.86,161,818,253,2
0.41,1.01,-0.01,-1.10,-1.46,-5.55,1.09,5.85,140,818,250,4
0.43,0.91,-0.00,-0.18,-1.46,-11.90,1.00,11.99,147,820,246,4
0.40,0.81,0.05,-1.16,-1.28,-13.92,0.90,14.02,137,828,246,4
0.39,0.83,0.07,-8.91,0.67,-8.67,0.92,12.45,130,831,247,3
0.42,0.90,0.00,-11.35,1.65,-5.55,0.99,12.75,134,828,254,4
0.42,0.91,-0.00,-8.24,1.46,-7.02,1.01,10.92,160,832,247,3
0.40,1.01,0.03,-12.51,2.69,-9.09,1.09,15.70,157,837,254,3
0.42,1.06,0.01,-6.35,2.20,-22.40,1.14,23.39,138,841,259,3
0.45,1.10,-0.04,-9.34,2.38,-37.05,1.19,38.28,149,850,263,3
0.43,1.34,0.01,-15.75,2.93,-58.35,1.40,60.51,112,857,268,4
0.39,1.23,0.16,-13.55,6.96,-114.26,1.30,115.27,89,864,263,3
0.47,1.71,-0.07,-27.59,14.10,-182.98,1.78,185.59,58,859,244,3
0.94,1.83,-0.13,-40.47,12.82,-238.89,2.07,242.63,25,826,171,0
1.15,0.65,-0.46,20.32,16.05,-215.88,1.40,217.43,5,801,71,0
0.83,0.17,-0.19,57.68,-12.45,-96.13,0.87,112.80,2,787,15,0
1.67,0.44,-0.51,8.67,-31.43,4.52,1.80,32.92,0,0,0,0
1.11,0.87,-0.08,-26.37,-52.00,13.49,1.41,59.84,0,0,0,0
1.19,1.07,0.01,-25.15,-40.34,21.97,1.60,52.37,0,0,1,0
0.91,1.37,0.11,8.12,-38.15,29.79,1.65,49.07,0,0,0,0
0.65,1.43,0.02,75.50,-42.11,19.47,1.57,88.62,0,0,0,0
0.19,0.75,-0.24,73.18,-52.00,-19.84,0.82,91.94,1,780,0,0
-0.43,0.74,-0.01,45.41,-51.51,-22.89,0.85,72.39,1,770,0,0
-0.70,0.70,0.07,72.69,-16.72,15.50,1.00,76.19,1,772,2,0
-0.74,0.41,-0.14,102.97,32.59,37.54,0.86,114.34,1,774,3,0
-0.64,0.24,-0.38,95.34,75.32,59.08,0.78,135.10,1,775,3,0
-0.48,0.20,-0.57,70.31,99.85,82.95,0.77,147.63,1,781,2,0
-0.21,0.25,-0.73,43.46,102.72,106.02,0.80,153.88,1,787,3,0
0.01,0.39,-0.73,8.73,78.25,123.29,0.83,146.29,1,790,1,0
0.16,0.58,-0.66,-3.54,62.50,135.86,0.89,149.59,1,795,0,0
0.24,0.74,-0.57,-17.33,60.12,147.71,0.97,160.41,0,0,0,0
0.33,0.87,-0.48,-33.02,77.21,153.93,1.05,175.35,1,805,0,0
0.58,0.99,-0.39,-56.09,106.93,148.99,1.21,191.78,0,0,0,0
1.21,1.23,-0.29,-78.55,143.07,115.54,1.74,199.97,1,800,0,0
2.04,1.24,-0.18,-79.28,163.39,33.51,2.40,184.68,1,792,0,0
2.47,0.82,-0.06,-62.93,147.40,-31.19,2.61,163.28,1,785,0,0
4.00,0.76,-0.27,-12.76,99.61,-86.18,4.08,132.33,2,799,12,0
3.13,-1.97,-0.30,226.44,-77.82,-83.37,3.71,253.54,18,816,91,0
0.35,2.34,-0.30,12.70,-26.25,112.37,2.39,116.09,44,835,155,0
0.44,0.68,-0.08,91.74,-10.25,-23.68,0.82,95.30,70,836,221,2
0.24,1.25,0.29,-16.36,-1.40,-19.23,1.31,25.28,81,838,232,3
0.36,0.97,0.03,-52.61,14.77,-22.89,1.04,59.25,98,846,246,2
0.46,0.84,-0.19,-46.02,17.21,-25.57,0.97,55.39,110,855,249,3
0.44,0.97,-0.17,-24.23,8.48,-18.43,1.08,31.61,113,854,255,3
0.44,0.89,-0.11,-7.51,2.14,-17.70,1.00,19.34,123,855,253,3
0.43,0.89,-0.09,-0.67,-0.18,-13.18,1.00,13.20,119,856,257,2
0.42,0.89,-0.02,-2.81,0.43,-15.26,0.98,15.52,122,858,254,4
0.44,0.98,-0.08,-10.13,2.38,-21.30,1.08,23.71,122,859,261,5
0.46,0.90,-0.11,-8.18,1.22,-27.83,1.02,29.03,101,864,257,1
0.48,0.81,-0.13,-1.10,-1.53,-27.59,0.95,27.65,98,863,257,4
0.48,0.79,-0.08,4.82,-4.03,-21.24,0.93,22.15,96,866,260,2
0.49,0.79,-0.09,2.75,-2.81,-14.34,0.93,14.87,100,864,255,3
0.50,0.74,-0.09,4.46,-2.56,-5.86,0.90,7.79,96,864,249,3
0.47,0.83,-0.13,5.55,-3.23,3.85,0.96,7.49,108,863,251,2
0.49,0.82,-0.08,14.04,-5.68,9.09,0.96,17.66,111,858,255,3
0.47,0.94,-0.05,16.78,-7.63,6.84,1.05,19.66,102,858,258,4
0.47,0.91,-0.01,11.17,-5.37,1.34,1.03,12.47,111,860,259,3
0.47,1.00,-0.02,8.12,-3.17,-10.86,1.11,13.93,101,858,264,3
0.48,1.11,-0.04,2.14,-1.28,-29.97,1.21,30.07,94,864,263,3
0.50,1.20,-0.04,1.10,-1.83,-56.82,1.30,56.86,83,866,262,4
0.54,1.46,-0.12,-2.26,-1.28,-93.38,1.56,93.42,66,860,259,3
0.63,1.66,-0.27,10.93,-8.67,-160.40,1.80,161.01,40,847,242,3
0.76,1.98,-0.28,29.48,-26.37,-214.97,2.15,218.57,19,824,174,0
0.92,1.52,-0.38,37.41,-36.13,-244.63,1.82,250.10,6,792,94,0
0.74,1.86,-0.39,12.51,-54.93,-261.84,2.04,267.83,2,790,36,0
-0.17,0.05,-0.61,29.17,-71.78,-265.62,0.64,276.69,1,808,16,3
-0.89,1.05,-0.24,-26.49,-82.34,-14.95,1.40,87.78,0,0,2,0
-0.68,1.04,0.02,37.96,-40.16,100.46,1.25,114.66,0,0,3,0
-0.23,0.71,-0.28,60.06,-1.46,132.02,0.79,145.05,1,806,1,0
-0.07,0.44,-0.39,43.40,11.84,142.21,0.59,149.16,1,808,4,0
-0.03,0.54,-0.31,8.24,23.80,161.68,0.63,163.63,1,809,2,0
0.17,0.65,-0.28,-0.67,38.27,180.11,0.73,184.14,0,0,1,0
0.36,0.69,-0.29,-10.31,55.91,185.73,0.83,194.24,1,807,1,0
0.55,0.70,-0.27,-29.24,73.61,185.61,0.93,201.80,0,0,1,0
0.65,0.93,-0.15,-44.74,95.46,180.48,1.15,209.02,0,0,0,0
0.73,1.07,-0.15,-31.80,124.57,152.83,1.31,199.72,0,0,0,0
0.86,0.93,-0.26,-27.28,140.93,125.92,1.29,190.95,0,0,0,0
1.18,1.03,-0.32,-42.66,142.94,109.19,1.60,184.87,0,0,0,0
1.50,1.01,-0.38,-46.81,126.59,68.79,1.85,151.48,1,795,0,0
1.90,0.66,-0.49,-54.75,104.74,40.53,2.07,124.94,0,0,0,0
2.52,0.55,-0.32,-67.20,68.54,4.58,2.60,96.10,1,782,0,0
3.41,0.40,0.00,-61.46,20.20,-68.97,3.43,94.57,2,794,0,0
0.09,-0.71,1.30,256.16,-72.20,-44.80,1.49,269.89,12,791,35,0
0.63,0.41,-1.27,163.02,35.64,86.12,1.48,187.79,59,796,82,0
-0.00,2.86,0.27,22.16,-15.87,64.27,2.87,69.81,162,785,143,0
0.16,1.29,0.27,15.20,-9.28,-9.52,1.33,20.19,208,774,193,3
0.21,1.29,-0.02,-7.63,-0.12,-32.17,1.31,33.06,268,772,205,2
0.28,0.99,-0.07,-16.60,0.49,-49.26,1.03,51.98,200,785,220,3
0.31,0.77,-0.07,-9.58,-0.55,-38.94,0.83,40.11,219,792,233,2
0.32,0.87,-0.08,-9.89,0.00,-21.79,0.93,23.93,212,796,240,4
0.32,1.00,-0.08,-5.92,-0.67,-16.91,1.05,17.93,214,801,243,3
0.31,0.97,-0.05,-3.91,-1.16,-21.06,1.02,21.45,200,806,255,2
0.32,0.92,-0.04,-7.45,0.00,-24.72,0.97,25.82,209,818,252,5
0.35,0.94,-0.09,-11.17,1.71,-26.92,1.01,29.19,166,830,254,3
0.38,0.96,-0.14,-5.68,0.24,-28.99,1.04,29.54,157,841,255,3
0.38,0.92,-0.10,5.31,-3.42,-28.87,1.00,29.55,144,846,255,2
0.40,0.84,-0.06,7.69,-5.00,-25.15,0.93,26.77,149,851,254,3
0.40,0.86,-0.07,4.39,-3.85,-18.68,0.95,19.57,141,850,249,3
0.42,0.91,-0.10,3.97,-4.03,-13.18,1.01,14.34,140,851,255,2
0.41,0.79,-0.04,9.09,-4.58,-9.40,0.89,13.86,130,850,258,0
0.41,0.89,-0.05,6.10,-4.64,-3.91,0.98,8.60,141,852,254,3
0.42,0.89,-0.06,8.91,-5.19,-2.20,0.99,10.54,148,849,258,4
0.42,0.92,-0.05,10.80,-6.35,-1.65,1.01,12.64,153,847,254,3
0.42,0.90,-0.03,12.94,-6.84,-5.19,0.99,15.53,153,848,261,4
0.41,1.08,-0.03,10.74,-5.43,-13.06,1.15,17.76,133,850,265,3
0.42,1.13,-0.03,12.57,-6.10,-31.37,1.21,34.34,146,852,266,3
0.39,1.21,0.07,8.24,-5.19,-56.88,1.27,57.71,116,855,266,4
0.45,1.46,-0.02,0.18,1.16,-98.75,1.53,98.76,97,857,260,4
0.49,1.77,-0.12,-0.61,0.43,-155.27,1.84,155.28,63,851,249,2
0.66,1.99,-0.28,2.69,-6.77,-216.55,2.11,216.68,32,829,194,3
0.86,1.71,-0.22,26.12,-14.28,-264.28,1.92,265.95,10,799,101,0
0.53,1.89,-0.16,7.81,-30.52,-266.85,1.97,268.70,4,780,35,0
0.46,1.64,-0.56,57.68,-54.99,-283.02,1.80,294.03,1,782,7,0
-1.29,-0.95,-0.67,25.21,-61.77,-60.61,1.74,90.13,1,777,2,5
-0.66,1.16,0.06,-2.20,-29.60,137.82,1.33,140.98,1,798,0,2
-0.18,1.04,-0.11,78.86,7.45,168.88,1.06,186.54,1,799,0,0
-0.04,0.52,-0.41,93.51,25.94,148.86,0.66,177.70,1,801,0,0
-0.13,0.50,-0.44,55.36,36.01,150.09,0.68,163.97,1,805,0,0
0.00,0.65,-0.50,39.61,53.10,175.90,0.82,187.96,1,807,0,0
0.27,0.74,-0.60,29.91,63.66,197.27,0.99,209.43,1,803,0,0
0.45,0.78,-0.69,3.48,64.39,202.58,1.13,212.59,1,808,0,0
0.65,0.98,-0.54,-23.86,69.15,201.17,1.29,214.06,1,801,0,0
0.63,1.39,-0.25,-33.87,107.30,187.93,1.55,219.04,0,0,0,0
0.75,1.32,-0.40,2.87,179.44,153.93,1.57,236.44,0,0,0,0
1.21,1.00,-0.69,-6.53,235.11,124.82,1.71,266.27,0,0,0,0
1.89,0.94,-0.71,-65.55,242.74,51.15,2.23,256.58,1,799,0,0
2.26,0.89,-0.44,-86.79,208.74,-11.90,2.47,226.38,1,793,0,0
2.66,0.29,-0.45,-61.16,145.02,-32.53,2.71,160.71,1,780,0,0
2.80,0.19,-0.21,-100.28,1.83,-87.46,2.81,133.08,2,784,0,0
-0.11,-0.75,1.21,210.39,-47.12,-38.39,1.43,218.99,13,795,37,0
0.69,-0.31,-1.48,201.60,42.48,97.72,1.66,228.03,68,801,77,0
0.04,2.22,0.10,44.19,-9.09,85.75,2.23,96.90,176,758,120,0
0.15,1.41,-0.02,26.79,-8.42,31.19,1.42,41.97,272,715,175,1
0.19,0.98,-0.03,45.04,-10.93,0.79,1.00,46.36,307,703,211,2
0.14,0.82,0.17,18.25,-3.72,0.00,0.85,18.63,354,701,228,4
0.17,1.13,-0.01,-18.62,3.54,-7.45,1.15,20.36,335,702,231,3
0.20,1.11,-0.11,-22.16,2.08,-25.88,1.14,34.13,360,713,239,3
0.20,1.08,-0.07,-17.21,-0.31,-40.41,1.10,43.92,272,736,242,4
0.22,1.00,-0.05,-19.47,0.92,-46.75,1.02,50.65,253,761,239,2
0.25,0.99,-0.09,-21.18,2.20,-51.57,1.02,55.80,214,788,243,1
0.28,0.95,-0.12,-16.85,1.34,-54.02,1.00,56.60,193,813,242,1
0.32,0.88,-0.14,-8.06,-0.79,-51.27,0.95,51.90,156,831,237,3
0.35,0.79,-0.09,2.01,-2.81,-42.11,0.87,42.26,136,843,243,3
0.35,0.72,-0.10,4.39,-2.38,-27.65,0.81,28.10,133,844,239,3
0.36,0.74,-0.09,1.22,-1.95,-10.31,0.83,10.57,129,843,239,3
0.37,0.86,-0.12,2.81,-2.08,4.82,0.95,5.95,154,840,247,3
0.36,0.96,-0.11,10.74,-4.15,10.38,1.04,15.50,150,838,249,1
0.36,1.02,-0.10,17.21,-6.29,9.89,1.08,20.82,164,835,251,4
0.34,1.03,-0.06,21.61,-7.87,4.27,1.08,23.39,182,833,248,3
0.33,1.06,-0.02,20.32,-8.36,-7.02,1.11,23.07,160,837,255,6
0.33,1.17,-0.02,10.68,-5.92,-22.77,1.22,25.83,152,845,255,4
0.35,1.22,-0.04,10.56,-5.80,-46.26,1.27,47.81,137,851,256,4
0.37,1.13,-0.03,15.87,-7.45,-72.14,1.19,74.24,113,855,254,4
0.35,1.32,0.08,5.74,-5.55,-110.41,1.36,110.70,86,858,255,3
0.44,1.98,-0.23,-1.53,-1.65,-170.96,2.04,170.97,58,853,244,3
0.82,2.31,-0.41,10.80,-15.20,-236.57,2.49,237.31,30,831,173,1
0.95,2.08,-0.74,39.31,-46.33,-262.08,2.40,269.03,7,796,72,0
0.65,2.00,-0.65,56.15,-82.21,-262.51,2.20,280.76,2,770,13,0
-0.32,0.23,-1.04,52.61,-114.75,-232.67,1.11,264.70,1,764,1,0
-0.49,0.69,-0.56,-2.08,-80.93,-11.96,1.02,81.84,1,800,0,0
0.01,1.06,-0.38,12.76,-5.68,96.56,1.13,97.56,1,794,0,0
-0.05,0.59,-0.39,0.49,28.93,88.44,0.70,93.05,1,792,0,0
-0.12,0.61,-0.25,-32.17,73.00,127.50,0.66,150.40,1,789,3,0
0.18,0.71,-0.24,-32.23,99.61,161.44,0.77,192.41,1,774,3,0
0.47,0.68,-0.34,-30.27,109.86,178.10,0.89,211.44,1,762,2,0
0.64,0.61,-0.37,-38.45,96.37,182.25,0.96,209.72,1,755,1,0
0.65,0.65,-0.22,-44.56,82.09,175.23,0.94,198.57,1,736,2,0
0.73,0.62,-0.10,-46.08,87.16,156.68,0.96,185.12,1,730,1,0
0.93,0.66,-0.01,-50.90,104.19,128.60,1.14,173.16,1,725,0,0
1.15,0.55,-0.04,-38.94,113.95,102.91,1.27,158.40,1,724,0,0
1.44,0.59,-0.02,-35.64,85.21,70.98,1.55,116.49,1,727,0,0
1.69,0.73,0.10,-25.15,58.59,34.06,1.84,72.29,1,738,0,0
1.62,0.83,0.06,-10.38,24.72,3.60,1.83,27.05,1,750,0,0
1.28,0.88,0.23,8.48,2.14,-27.16,1.57,28.53,1,758,0,0
1.21,0.96,0.21,46.94,9.40,-51.21,1.56,70.10,1,764,2,0
1.02,0.76,0.08,52.00,7.81,-112.30,1.28,124.01,1,767,0,0
1.38,0.74,0.35,50.48,-0.67,-152.10,1.60,160.26,1,783,12,0
0.43,0.40,-0.38,203.49,-3.78,-55.05,0.70,210.84,6,778,46,0
0.73,0.28,-0.77,53.47,-26.12,25.33,1.10,64.67,20,801,125,0
0.50,1.65,-0.27,51.76,-20.81,-2.26,1.75,55.83,32,811,182,0
0.40,0.20,0.07,52.61,-17.46,-27.34,0.45,61.81,39,814,211,1
0.33,0.05,0.20,-2.50,0.00,19.10,0.39,19.27,53,813,236,3
0.49,1.24,-0.29,-39.00,11.96,61.58,1.36,73.87,94,816,253,1
0.38,1.32,-0.07,8.91,-1.95,37.23,1.37,38.33,121,804,256,2
0.29,1.08,0.20,-0.92,0.24,17.21,1.14,17.24,157,797,262,4
0.37,1.10,-0.06,-20.45,8.48,-2.81,1.17,22.31,133,801,261,1
0.37,0.91,-0.06,-17.03,5.49,-14.40,0.99,22.97,144,808,254,3
0.38,0.87,-0.06,-14.22,2.56,-8.85,0.95,16.95,124,812,257,2
0.38,0.89,-0.07,-9.28,0.61,-4.94,0.97,10.53,134,817,251,3
0.38,0.90,-0.08,-3.97,-1.40,-1.77,0.98,4.57,128,816,255,4
0.37,0.87,-0.04,0.12,-2.99,1.34,0.94,3.28,132,813,255,4
0.37,0.90,-0.05,1.04,-3.66,6.35,0.98,7.40,139,811,253,2
0.36,0.84,-0.02,5.31,-5.00,8.36,0.91,11.10,154,804,253,3
0.35,0.91,-0.02,0.61,-4.09,12.08,0.97,12.77,167,797,249,2
0.35,1.02,-0.04,0.85,-4.15,8.54,1.08,9.54,168,793,246,4
0.35,0.98,-0.02,3.72,-3.48,1.10,1.04,5.21,168,792,240,3
0.35,0.96,-0.02,4.64,-3.48,-2.44,1.02,6.29,174,797,243,4
0.34,0.98,-0.00,5.80,-2.62,-4.70,1.03,7.91,162,800,244,2
0.36,0.95,-0.03,10.50,-1.16,-4.15,1.01,11.35,140,806,242,2
0.37,0.94,-0.03,18.92,-2.32,-3.23,1.01,19.34,136,813,245,2
0.31,0.89,0.06,19.78,-7.87,-5.68,0.95,22.03,136,814,249,3
0.34,0.88,0.06,1.53,-0.92,-7.63,0.94,7.83,136,816,251,3
0.35,0.93,0.04,-8.85,4.03,-10.99,0.99,14.67,139,822,255,3
0.39,0.89,-0.04,-11.96,5.62,-15.44,0.97,20.32,136,831,259,3
0.38,0.89,-0.02,-12.02,3.42,-8.61,0.96,15.18,149,833,269,3
0.41,1.16,-0.06,-8.97,1.40,-11.96,1.23,15.02,140,840,271,4
0.36,1.27,0.01,-3.91,-0.67,-35.83,1.32,36.05,124,849,274,3
0.36,1.46,-0.03,-11.96,2.01,-77.09,1.50,78.04,90,860,263,3
0.39,1.70,-0.08,-18.37,0.92,-133.85,1.75,135.11,58,860,261,4
0.52,1.70,-0.15,-15.87,-7.08,-200.74,1.78,201.50,28,845,230,4
0.65,1.65,0.11,-16.42,-1.77,-238.04,1.77,238.61,8,807,124,0
0.97,0.18,-0.52,-33.94,21.91,-191.35,1.12,195.56,2,772,41,0
0.71,-0.09,-0.03,-36.68,-2.62,-43.82,0.72,57.21,1,762,7,0
1.18,1.09,0.01,6.47,-8.97,-24.72,1.61,27.08,1,766,4,0
1.11,1.05,-0.29,43.64,-8.91,-25.15,1.55,51.15,1,754,2,0
1.04,0.70,-0.48,39.31,-31.13,-32.29,1.34,59.64,1,749,0,0
1.04,0.79,-0.41,5.98,-55.11,-17.27,1.37,58.07,0,0,0,0
0.99,0.96,-0.19,-13.43,-69.46,-0.49,1.39,70.75,0,0,0,0
1.00,1.18,-0.03,0.00,-66.22,14.40,1.55,67.77,0,0,0,0
0.98,1.14,-0.03,29.05,-47.73,-10.44,1.51,56.84,0,0,0,0
0.63,0.65,-0.13,21.12,-24.72,-52.92,0.91,62.11,0,0,0,0
0.24,0.57,-0.10,-11.60,-3.60,-25.88,0.63,28.59,1,775,0,0
0.06,0.54,-0.05,-16.60,3.91,9.70,0.55,19.62,1,770,0,0
-0.09,0.46,-0.03,-9.40,12.21,37.60,0.47,40.63,1,764,3,0
-0.17,0.28,-0.07,-0.55,17.33,58.53,0.34,61.05,1,753,2,0
-0.28,0.19,-0.08,-10.50,26.18,86.43,0.35,90.91,1,746,3,0
-0.20,0.26,-0.04,-11.96,43.64,102.05,0.33,111.63,1,745,1,0
-0.12,0.18,-0.14,-5.98,68.91,110.60,0.26,130.44,1,740,1,0
0.13,0.09,-0.27,-18.43,85.69,112.61,0.31,142.70,1,738,1,0
0.37,0.16,-0.16,-37.66,80.32,107.18,0.43,139.13,1,738,4,0
0.68,0.38,-0.06,-26.12,62.99,107.91,0.78,127.65,1,740,3,0
1.07,0.42,-0.06,-11.84,37.54,103.21,1.15,110.46,1,747,3,0
1.27,0.64,0.02,-22.34,14.59,90.76,1.43,94.60,1,751,2,0
1.48,0.71,0.09,-16.54,0.12,58.11,1.64,60.41,1,756,3,0
1.53,0.89,0.19,-19.65,-6.29,10.93,1.78,23.35,1,760,0,0
1.59,1.03,0.22,-20.75,-7.81,-65.86,1.91,69.49,1,768,0,0
1.20,1.23,0.70,8.73,-21.73,-143.55,1.86,145.45,2,806,24,0
0.53,0.30,-0.13,195.31,2.26,-10.50,0.63,195.61,11,816,105,0
0.44,2.04,0.16,42.97,-20.69,98.39,2.10,109.34,39,835,192,1
0.42,1.49,0.18,73.06,-27.95,5.37,1.56,78.41,64,838,225,2
0.41,0.57,0.21,10.25,-5.80,-26.98,0.73,29.44,76,836,241,3
0.51,0.73,-0.05,-20.94,8.00,-6.29,0.90,23.28,92,841,249,2
0.53,0.95,-0.11,-9.46,3.97,-0.49,1.09,10.27,103,841,262,4
0.47,0.85,0.04,-0.43,-0.67,-3.36,0.97,3.45,105,841,264,3
0.48,0.83,0.02,-8.24,2.81,-2.99,0.96,9.20,109,842,268,2
0.49,0.86,-0.01,-10.50,4.58,-3.85,0.99,12.08,103,843,267,3
0.48,0.84,-0.04,-9.52,4.39,-1.22,0.97,10.56,115,846,267,4
0.49,0.82,-0.04,-8.42,3.05,1.77,0.95,9.13,107,849,266,4
0.48,0.80,-0.03,-5.74,1.10,7.57,0.94,9.56,109,848,264,2
0.49,0.86,-0.05,-4.03,0.00,11.96,1.00,12.62,113,848,263,2
0.48,0.92,-0.04,-2.32,-0.79,10.68,1.04,10.96,111,844,261,4
0.47,0.95,-0.05,-1.53,-1.71,5.31,1.06,5.78,126,842,258,3
0.46,0.91,-0.02,-0.61,-2.08,-1.22,1.02,2.48,123,844,254,3
0.47,0.87,-0.03,-1.53,-1.89,-4.88,0.99,5.45,125,843,251,3
0.47,0.83,-0.03,-2.20,-1.65,-3.42,0.95,4.38,140,843,246,5
0.47,0.75,-0.06,1.89,-1.77,0.37,0.89,2.62,128,844,246,3
0.50,0.82,-0.05,9.64,-4.03,11.78,0.96,15.75,119,840,248,4
0.46,0.81,0.01,16.36,-6.04,18.07,0.93,25.11,131,838,247,3
0.45,0.86,0.00,10.25,-2.56,23.01,0.97,25.32,152,833,249,5
0.42,0.97,0.03,4.58,-1.95,18.43,1.06,19.09,170,829,257,4
0.42,0.96,0.02,-0.18,0.06,10.68,1.05,10.68,185,827,259,6
0.45,1.08,-0.05,-4.88,0.67,1.83,1.17,5.26,206,828,261,4
0.44,1.19,-0.03,3.42,-2.32,-29.05,1.27,29.34,168,835,268,2
0.41,1.31,0.04,-7.87,-0.49,-60.97,1.38,61.48,148,847,271,4
0.39,1.36,0.06,-18.62,3.97,-105.47,1.42,107.17,128,857,267,3
0.51,1.66,0.06,-45.10,16.36,-156.25,1.73,163.45,86,856,257,4
0.68,1.77,-0.06,-56.95,16.78,-222.60,1.89,230.38,43,833,189,1
1.12,0.98,-0.61,-56.03,29.72,-217.10,1.61,226.18,9,801,81,0
1.06,-0.09,-0.13,-0.61,-9.89,-92.65,1.08,93.18,3,755,13,0
2.22,0.96,-0.52,-5.74,-37.72,26.25,2.48,46.31,1,747,2,0
1.67,1.08,-0.19,-17.33,-91.61,1.40,2.00,93.25,1,765,4,0
1.40,1.62,0.11,-5.98,-86.00,-18.62,2.15,88.19,1,766,2,0
0.91,1.59,-0.00,46.33,-68.48,-28.56,1.83,87.47,1,770,0,0
0.73,1.23,-0.34,74.22,-65.06,-45.17,1.47,108.54,1,777,0,0
0.35,0.72,-0.45,36.50,-81.91,-72.94,0.92,115.59,1,776,2,0
-0.06,0.47,-0.23,-12.82,-96.50,-36.56,0.53,103.98,1,776,0,0
-0.28,0.55,0.10,-27.47,-83.37,0.12,0.63,87.78,1,777,1,0
-0.46,0.40,0.20,-11.84,-39.61,20.63,0.64,46.20,1,769,3,0
-0.55,0.26,0.14,-15.62,4.39,52.80,0.62,55.23,1,767,3,0
-0.43,0.26,0.06,-19.78,48.34,90.27,0.51,104.29,1,761,5,0
-0.19,0.20,-0.20,-21.42,65.86,107.60,0.34,127.96,1,753,6,0
0.02,0.20,-0.36,-29.72,63.54,119.32,0.42,138.41,1,744,3,0
0.12,0.19,-0.35,-36.80,55.85,128.30,0.42,144.68,2,741,7,0
0.33,0.19,-0.26,-46.14,64.27,125.61,0.46,148.45,1,739,5,0
0.60,0.23,-0.20,-62.93,75.38,106.51,0.67,144.86,1,736,3,0
0.95,0.51,0.02,-59.88,74.46,96.44,1.08,135.76,1,739,4,0
1.40,0.39,-0.06,-38.27,69.09,64.45,1.46,101.94,1,742,2,0
1.61,0.58,0.04,-40.04,37.54,27.71,1.71,61.48,1,752,0,0
1.83,0.78,0.13,-36.19,22.64,-21.18,2.00,47.66,1,758,0,0
1.55,0.88,0.27,-23.32,5.49,-76.90,1.81,80.55,1,762,0,0
0.33,1.59,0.94,35.95,-65.25,-86.06,1.87,113.82,3,792,26,0
1.15,-0.36,-0.33,149.96,-15.50,-23.01,1.25,152.51,12,820,107,0
0.38,1.66,0.39,32.96,-14.34,92.47,1.75,99.21,32,836,174,2
0.49,1.21,0.09,73.61,-20.63,16.24,1.31,78.15,48,837,230,2
0.40,0.64,0.27,22.52,-8.30,-7.51,0.80,25.15,53,838,247,4
0.48,0.73,-0.02,-23.13,7.69,17.82,0.88,30.20,64,844,248,2
0.51,1.09,-0.12,-0.73,0.79,19.47,1.21,19.50,76,840,258,4
0.43,0.89,0.07,8.54,-3.36,9.40,0.99,13.14,84,837,255,2
0.45,0.89,0.02,-9.40,1.28,1.22,1.00,9.56,86,836,261,3
0.48,0.88,-0.07,-12.15,1.95,-2.93,1.00,12.65,97,837,264,2
0.46,0.83,-0.02,-5.62,-0.55,-1.28,0.95,5.79,108,837,263,6
0.46,0.83,-0.04,-2.56,-1.22,2.93,0.95,4.08,116,835,264,3
0.45,0.87,-0.01,-2.75,-1.95,6.10,0.98,6.97,114,834,263,4
0.46,0.90,-0.04,-3.66,-1.53,8.36,1.01,9.26,122,830,263,2
0.45,0.83,-0.03,2.87,-3.05,9.58,0.94,10.46,141,827,260,4
0.43,0.84,-0.02,1.77,-3.11,17.03,0.94,17.40,145,822,263,3
0.43,0.96,-0.03,4.33,-3.60,15.81,1.05,16.78,175,815,261,3
0.41,0.91,0.02,6.84,-4.03,8.42,1.00,11.57,179,813,258,4
0.41,0.92,0.01,-0.79,-1.71,8.12,1.00,8.33,167,812,261,2
0.42,0.98,-0.03,-1.10,-1.59,3.42,1.07,3.93,164,810,259,3
0.42,0.94,-0.03,1.77,-2.26,-2.69,1.03,3.93,163,814,250,2
0.44,0.91,-0.01,2.44,-2.26,-6.35,1.01,7.17,153,817,254,4
0.42,0.88,-0.02,2.81,-2.62,-5.98,0.97,7.11,154,819,255,2
0.43,0.91,-0.03,3.85,-2.62,-5.80,1.01,7.44,154,820,253,4
0.38,0.75,0.01,7.63,-2.87,-2.56,0.85,8.54,154,824,249,3
0.41,0.85,0.03,3.17,-1.28,4.82,0.94,5.91,158,822,255,3
0.43,0.98,-0.02,0.12,0.73,0.92,1.07,1.18,154,823,258,2
0.39,0.90,0.07,-0.24,-0.61,-2.14,0.99,2.24,165,820,261,4
0.41,0.94,0.02,-8.36,1.46,-4.70,1.03,9.70,196,826,264,3
0.45,0.91,-0.04,-5.19,1.89,-10.44,1.01,11.81,185,829,272,3
0.42,1.19,0.00,-5.86,0.31,-20.63,1.26,21.45,146,841,276,3
0.40,1.42,0.05,-12.57,3.97,-70.74,1.48,71.96,126,854,268,5
0.40,1.51,0.01,-26.31,9.52,-128.54,1.56,131.55,89,862,267,3
0.46,1.69,-0.00,-36.50,10.44,-195.31,1.75,198.97,60,852,246,4
0.78,1.50,-0.02,-53.83,20.02,-246.77,1.69,253.36,28,822,186,2
1.20,0.40,-0.40,-37.23,27.34,-221.98,1.33,226.74,6,795,90,0
0.83,-0.05,-0.08,-28.14,8.30,-87.22,0.84,92.02,2,761,28,0
1.23,1.23,0.19,4.82,12.08,0.00,1.75,13.01,1,732,0,0
1.43,1.05,-0.25,71.53,12.94,-25.82,1.79,77.14,1,761,4,0
2.03,0.98,-0.75,47.18,-21.85,-2.38,2.38,52.05,1,769,0,0
1.70,1.46,-0.57,18.37,-73.36,23.99,2.31,79.34,1,770,0,0
1.30,1.72,-0.40,20.20,-110.11,7.75,2.19,112.21,1,778,0,0
0.52,1.22,-0.38,21.24,-131.41,-74.65,1.38,152.62,1,779,0,0
-0.39,0.62,-0.21,2.56,-120.73,-65.37,0.77,137.31,1,777,4,0
-0.71,0.46,-0.07,0.85,-82.70,3.66,0.85,82.79,1,776,5,0
-0.84,0.26,0.00,4.70,-32.59,53.28,0.88,62.64,1,772,8,0
-0.89,-0.02,-0.08,-1.89,15.81,79.65,0.89,81.23,1,768,8,0
-0.74,-0.11,-0.19,-22.77,57.56,113.89,0.77,129.62,1,764,8,0
-0.44,-0.03,-0.27,-40.41,68.85,120.54,0.52,144.58,2,754,9,0
-0.16,-0.13,-0.40,-45.65,75.74,124.69,0.45,152.87,2,750,7,0
0.30,-0.15,-0.43,-70.25,80.93,105.47,0.54,150.36,2,745,10,0
0.80,0.18,-0.25,-70.86,64.33,107.06,0.86,143.60,2,742,10,0
1.47,0.48,-0.12,-64.45,48.77,89.17,1.55,120.35,2,737,12,0
1.92,0.65,0.10,-59.81,41.38,60.55,2.03,94.64,2,742,10,0
1.86,0.80,0.39,-45.35,12.70,37.96,2.06,60.49,2,743,12,0
1.57,0.88,0.50,-14.83,-14.71,15.75,1.87,26.16,2,745,11,0
1.26,0.89,0.57,28.75,-32.84,-60.18,1.64,74.34,2,769,11,0
1.18,0.44,-0.22,152.47,-30.09,-22.22,1.28,156.99,11,829,99,0
0.45,1.06,0.30,77.45,-26.49,94.18,1.19,124.78,32,836,178,2
0.43,1.33,0.24,100.77,-30.33,25.02,1.41,108.17,47,830,218,1
0.35,0.53,0.44,31.13,-11.66,2.87,0.77,33.36,56,823,239,3
0.41,0.52,0.13,-21.85,7.45,30.58,0.68,38.31,69,822,248,2
0.49,1.20,-0.14,-26.55,10.44,41.63,1.31,50.46,89,819,252,2
0.42,1.03,0.03,4.64,-1.22,24.23,1.11,24.70,100,812,254,3
0.40,1.00,0.07,-11.72,2.75,11.96,1.08,16.97,120,809,247,3
0.42,1.02,-0.02,-11.11,2.56,-1.22,1.10,11.47,115,813,256,3
0.42,0.85,0.00,-7.51,0.92,-6.16,0.95,9.76,115,816,257,4
0.42,0.81,-0.00,-8.06,0.43,-1.59,0.91,8.22,120,817,251,1
0.43,0.81,-0.03,-6.84,-0.37,4.64,0.91,8.27,115,813,252,3
0.41,0.86,-0.01,-5.68,-1.89,12.21,0.95,13.59,141,808,249,4
0.41,0.83,-0.02,-1.89,-2.93,17.33,0.93,17.68,168,795,251,4
0.38,0.90,0.00,-0.43,-3.72,21.85,0.98,22.17,168,786,245,3
0.38,0.88,0.01,2.20,-3.78,22.77,0.96,23.18,179,777,252,2
0.36,1.01,0.01,-3.54,-2.14,21.67,1.07,22.06,215,777,248,4
0.35,1.04,0.00,-3.30,-1.28,15.14,1.10,15.54,215,770,252,1
0.36,1.05,0.00,-3.48,-1.10,3.11,1.11,4.80,233,768,245,3
0.36,1.01,0.01,-4.64,-0.79,-7.81,1.07,9.12,256,776,243,2
0.36,0.94,-0.03,-5.43,-0.06,-15.08,1.01,16.02,208,785,245,2
0.36,0.96,-0.05,-4.46,-1.53,-20.75,1.02,21.28,200,794,243,4
0.37,0.86,0.01,0.06,-2.56,-24.78,0.94,24.91,212,807,244,3
0.40,0.88,-0.03,-0.12,-1.71,-19.71,0.97,19.79,175,811,235,2
0.40,0.89,-0.02,5.55,-2.69,-14.47,0.97,15.73,160,815,245,2
0.41,0.85,0.01,1.71,-0.49,-7.57,0.94,7.77,182,819,250,2
0.40,0.97,0.00,-1.16,0.12,-3.60,1.05,3.79,156,818,248,3
0.39,0.93,0.05,-0.85,0.24,-8.00,1.01,8.04,163,819,259,4
0.42,0.90,0.01,-2.50,2.01,-13.18,0.99,13.57,159,827,264,2
0.44,1.12,-0.06,-6.41,1.28,-19.04,1.21,20.13,148,839,264,3
0.41,1.18,0.03,-6.04,0.12,-38.45,1.25,38.92,145,849,269,3
0.40,1.32,0.04,-16.72,4.76,-70.07,1.38,72.19,118,857,254,3
0.44,1.58,-0.06,-32.47,10.93,-139.34,1.64,143.49,83,865,261,3
0.44,1.63,0.03,-31.43,2.81,-207.46,1.68,209.85,50,851,227,3
1.05,1.00,-0.40,-40.65,25.51,-228.70,1.50,233.68,12,812,130,0
0.76,0.17,-0.16,-52.98,-2.87,-127.14,0.80,137.76,3,776,45,0
0.70,0.77,0.00,-17.82,-4.33,0.06,1.04,18.34,1,756,3,0
0.91,1.09,-0.05,30.94,-0.06,2.32,1.42,31.03,1,778,7,0
1.16,1.16,-0.37,41.14,9.34,-3.23,1.68,42.31,1,776,5,0
1.32,0.78,-0.62,32.47,-18.98,-5.68,1.65,38.04,1,781,1,0
1.26,1.02,-0.48,-7.69,-85.75,23.01,1.69,89.12,1,778,1,0
1.09,1.48,-0.12,8.48,-108.28,45.35,1.84,117.70,1,784,2,0
0.87,1.32,-0.08,34.97,-110.35,-11.23,1.59,116.30,1,782,3,0
0.20,0.84,-0.03,43.40,-82.64,-60.36,0.86,111.16,1,784,4,0
-0.08,0.50,-0.08,36.44,-37.35,-23.80,0.51,57.36,1,787,7,0
-0.15,0.43,-0.07,26.86,-0.73,6.29,0.46,27.59,1,785,9,0
-0.21,0.28,-0.11,17.88,24.41,30.46,0.37,42.94,1,777,9,0
-0.27,0.07,-0.17,5.43,39.55,49.44,0.33,63.54,1,777,8,0
-0.32,0.07,-0.12,-6.84,54.26,65.55,0.35,85.37,1,775,8,0
-0.31,-0.07,-0.25,-10.74,87.77,86.00,0.41,123.35,1,772,10,0
0.09,0.04,-0.38,-35.40,87.77,108.28,0.39,143.81,1,771,9,0
0.34,0.25,-0.19,-41.87,76.11,115.48,0.46,144.50,1,766,8,0
0.61,0.30,-0.16,-35.58,69.89,109.68,0.70,134.83,1,766,9,0
1.17,0.48,0.00,-43.64,62.19,100.83,1.27,126.25,1,768,7,0
1.17,0.75,0.06,-38.33,51.27,89.90,1.39,110.37,1,764,9,0
1.37,0.73,0.19,-18.13,46.20,66.10,1.57,82.66,1,770,8,0
1.60,0.66,0.15,-11.23,34.91,28.56,1.74,46.49,1,769,5,0
1.66,0.64,0.20,-6.47,9.77,-68.24,1.79,69.24,1,766,0,0
0.29,1.60,0.94,22.40,-30.46,-119.08,1.88,124.94,2,796,26,0
1.51,-1.05,-1.26,194.64,19.59,65.61,2.23,206.33,22,827,119,1
0.25,3.00,-0.27,39.37,-13.06,167.66,3.02,172.72,72,819,205,1
0.30,1.19,0.27,110.35,-28.87,2.01,1.26,114.08,115,802,225,2
0.30,0.54,0.30,11.96,-1.89,-32.78,0.69,34.94,108,812,235,3
0.48,0.53,-0.17,-31.86,14.04,-12.39,0.74,36.95,101,815,239,2
0.45,1.06,-0.13,-6.77,0.79,8.12,1.16,10.60,136,809,242,3
0.38,0.85,0.07,2.56,-3.23,2.32,0.93,4.73,165,801,251,3
0.39,1.04,-0.01,-14.04,1.28,-1.77,1.11,14.21,174,797,255,2
0.41,0.89,-0.02,-11.47,0.85,-8.67,0.98,14.41,174,798,252,3
0.40,0.89,-0.03,-13.49,1.46,-3.66,0.98,14.05,180,799,255,3
0.42,0.92,-0.05,-7.02,0.31,-2.26,1.01,7.38,164,799,252,3
0.42,0.92,-0.05,-1.16,-1.10,-1.59,1.01,2.25,169,802,257,3
0.42,0.95,-0.06,3.42,-2.26,-1.16,1.04,4.26,181,807,255,5
0.40,0.89,-0.02,8.42,-3.54,-2.20,0.98,9.40,160,808,253,4
0.41,0.87,-0.01,5.98,-2.14,0.37,0.96,6.36,160,809,254,4
0.39,0.99,0.01,1.04,-0.98,-2.32,1.06,2.72,145,816,248,3
0.40,0.98,0.01,-1.71,-0.24,-12.21,1.06,12.33,146,827,251,3
0.41,0.93,-0.01,-6.10,0.85,-18.37,1.01,19.38,116,837,242,3
0.42,0.87,-0.01,-6.04,1.46,-20.26,0.96,21.20,99,845,238,4
0.44,0.79,-0.02,-4.82,0.61,-18.13,0.91,18.77,92,848,238,3
0.45,0.77,-0.05,-4.27,0.06,-10.62,0.90,11.45,85,850,237,4
0.44,0.80,-0.03,-4.21,0.12,-1.53,0.92,4.48,98,847,237,3
0.46,0.78,-0.06,-0.37,0.31,7.87,0.91,7.89,107,846,239,3
0.44,0.83,-0.05,1.22,0.31,18.19,0.94,18.23,121,839,251,3
0.42,0.94,-0.00,-0.73,1.16,17.40,1.03,17.45,143,837,256,3
0.43,1.09,-0.08,-2.81,-0.24,7.39,1.17,7.90,153,832,259,3
0.44,1.18,-0.10,3.17,-3.30,-6.90,1.27,8.28,169,835,264,2
0.41,1.28,-0.02,11.17,-8.00,-31.86,1.35,34.70,160,844,259,4
0.36,1.36,0.11,4.21,-5.68,-72.63,1.41,72.97,120,854,262,3
0.44,1.52,0.03,-22.34,7.45,-125.61,1.58,127.80,74,859,251,3
0.54,1.66,0.02,-39.25,18.86,-183.72,1.75,188.81,32,838,187,1
0.83,2.01,-0.12,-60.91,20.87,-219.91,2.17,229.14,9,805,106,0
0.89,1.17,-0.17,1.10,5.55,-160.40,1.48,160.50,2,772,37,0
1.04,0.23,-0.22,-1.89,1.65,-52.49,1.09,52.55,1,767,0,0
1.19,0.89,-0.12,-12.94,-14.28,-3.30,1.49,19.55,0,0,1,0
1.51,1.24,-0.19,-6.90,-13.43,33.87,1.96,37.09,0,0,1,0
1.56,1.50,-0.25,17.70,-33.94,23.99,2.18,45.17,0,0,0,0
1.41,1.40,-0.44,41.32,-68.60,-26.37,2.04,84.32,0,0,0,0
0.75,1.01,-0.38,20.94,-100.89,-71.41,1.31,125.37,1,779,0,0
0.21,0.82,-0.22,0.43,-105.35,-45.59,0.87,114.79,1,772,0,0
-0.03,0.77,-0.06,-2.62,-81.24,2.69,0.78,81.32,1,768,2,0
-0.32,0.49,-0.01,5.19,-52.49,16.78,0.58,55.35,1,762,3,0
-0.50,0.23,-0.04,-14.16,-26.61,48.40,0.55,57.02,1,754,4,0
-0.57,0.25,0.08,-20.87,-1.59,67.38,0.63,70.56,1,742,5,0
-0.57,0.03,-0.03,-13.67,29.79,83.98,0.57,90.15,2,738,7,0
-0.46,-0.08,-0.18,-21.97,56.34,100.52,0.50,117.31,2,735,6,0
-0.24,-0.09,-0.31,-36.80,68.05,118.84,0.41,141.80,2,731,7,0
0.08,0.06,-0.27,-48.52,65.73,125.85,0.29,150.05,2,734,6,0
0.45,0.06,-0.26,-57.50,64.39,116.94,0.53,145.35,1,738,4,0
1.03,0.58,-0.15,-67.81,55.42,102.36,1.19,134.71,1,749,3,0
1.63,0.67,0.04,-56.82,48.65,79.28,1.76,109.00,1,758,4,0
1.85,0.90,0.24,-37.78,49.01,39.49,2.07,73.41,1,767,2,0
1.93,0.65,0.15,-16.60,51.45,-30.46,2.04,62.05,1,763,0,0
2.41,0.43,0.55,-30.21,37.78,-119.75,2.51,129.15,1,787,5,0
0.54,0.63,1.40,172.30,-0.92,0.31,1.63,172.30,13,820,79,0
0.79,0.52,-1.65,66.83,38.02,185.67,1.91,200.96,65,828,155,1
0.52,2.51,-0.65,66.04,-9.95,62.56,2.65,91.51,119,816,216,1
0.37,0.63,0.33,85.08,-28.20,-35.28,0.80,96.33,119,812,231,3
0.34,0.39,0.11,-8.67,1.83,12.21,0.53,15.08,124,809,247,3
0.45,1.24,-0.23,-19.71,4.15,22.64,1.34,30.31,156,800,253,3
0.36,1.00,0.04,16.66,-8.12,3.78,1.07,18.92,173,796,257,5
0.35,1.07,0.09,-1.46,-3.60,-7.20,1.13,8.18,179,796,258,3
0.38,1.01,-0.01,-11.35,0.79,-23.50,1.08,26.11,193,801,255,4
0.41,0.81,-0.02,-10.19,0.92,-24.17,0.91,26.25,186,812,256,3
0.43,0.78,-0.06,-7.81,0.18,-13.43,0.89,15.54,180,816,261,3
0.41,0.88,-0.03,-4.88,-1.40,-5.68,0.97,7.62,170,813,255,2
0.42,0.88,-0.05,-11.66,1.28,-6.53,0.98,13.42,187,814,261,2
0.43,0.84,-0.04,-7.02,0.00,-3.97,0.94,8.06,196,811,259,3
0.41,0.88,-0.03,-7.63,-0.06,0.49,0.97,7.65,183,811,261,4
0.42,0.94,-0.06,-5.74,0.12,2.50,1.03,6.26,183,812,255,4
0.43,0.91,-0.06,5.55,-2.50,-0.12,1.01,6.09,177,812,254,4
0.40,0.90,-0.00,2.99,-1.83,-1.95,0.99,4.01,177,815,251,4
0.42,0.94,-0.04,-1.95,-0.06,-2.56,1.03,3.22,180,822,248,3
0.42,0.85,-0.04,2.26,-0.67,-2.14,0.95,3.18,156,830,246,2
0.42,0.84,-0.04,2.81,-0.55,3.11,0.94,4.23,155,831,243,3
0.41,0.81,-0.02,8.24,-1.77,10.19,0.91,13.23,153,827,238,4
0.40,0.74,-0.01,11.96,-1.53,22.46,0.84,25.49,138,825,240,3
0.39,0.85,-0.05,8.97,-1.83,36.93,0.94,38.04,162,815,243,3
0.36,0.89,-0.03,9.77,-3.05,41.14,0.96,42.39,193,805,244,3
0.33,1.02,0.03,7.69,-2.87,36.25,1.08,37.17,234,795,246,2
0.33,1.23,-0.02,6.35,-3.54,19.23,1.28,20.55,237,794,259,2
0.31,1.23,0.05,9.46,-4.21,-8.91,1.27,13.66,217,799,258,3
0.31,1.35,0.05,-2.08,-1.10,-51.64,1.39,51.69,212,816,260,3
0.28,1.33,0.13,-11.17,2.01,-95.09,1.37,95.77,153,845,256,3
0.33,1.52,0.01,-34.55,11.23,-146.91,1.55,151.34,92,855,252,3
0.54,1.73,0.03,-45.23,18.43,-207.70,1.82,213.37,36,835,201,2
0.72,1.92,-0.04,-48.46,22.52,-240.05,2.05,245.93,12,797,107,0
0.66,1.29,0.06,-19.17,17.09,-200.38,1.45,202.02,3,763,34,0
0.72,0.38,-0.26,37.23,19.90,-119.02,0.86,126.28,1,736,2,0
1.65,0.57,-0.40,0.24,5.74,-38.39,1.79,38.82,1,744,0,0
1.74,0.75,-0.42,-50.17,-16.36,7.39,1.94,53.28,1,751,0,0
1.62,1.48,-0.26,-45.96,-51.45,-0.98,2.21,69.00,1,747,0,0
1.34,1.62,-0.31,19.10,-87.40,-14.10,2.12,90.57,1,759,0,0
0.85,1.05,-0.56,49.26,-120.54,-49.38,1.46,139.27,1,763,0,0
0.16,0.65,-0.48,5.37,-137.02,-57.56,0.83,148.72,1,772,0,0
-0.35,0.46,-0.17,-21.55,-118.65,-10.13,0.60,121.02,1,772,1,0
-0.48,0.56,0.06,-11.05,-67.20,30.70,0.74,74.70,1,766,3,0
-0.53,0.12,-0.12,9.58,-5.98,55.42,0.55,56.56,1,755,3,0
-0.40,0.01,-0.23,-23.50,26.18,84.53,0.46,91.56,1,748,3,0
-0.43,0.09,-0.09,-48.34,43.58,101.99,0.45,120.99,1,737,4,0
-0.32,0.01,-0.15,-39.18,58.65,116.21,0.36,135.94,1,730,3,0
-0.22,-0.02,-0.23,-44.56,69.52,122.07,0.32,147.37,2,724,2,0
0.06,0.12,-0.20,-58.29,72.39,133.67,0.25,162.80,2,720,2,0
0.56,0.33,-0.06,-57.07,73.49,127.14,0.65,157.55,2,715,0,0
1.50,0.70,-0.04,-64.51,65.73,88.44,1.66,127.69,2,710,2,0
1.51,0.90,0.35,-58.47,46.69,17.46,1.79,76.84,1,716,0,0
1.54,0.64,0.39,-23.32,57.07,-11.96,1.72,62.80,1,719,0,0
1.72,0.67,0.51,-20.75,86.85,-73.55,1.91,115.69,1,732,0,0
1.29,1.01,0.53,124.94,-6.65,-54.08,1.72,136.30,4,784,28,0
1.19,-1.20,-1.18,199.04,35.71,65.31,2.06,212.50,28,815,107,0
0.08,3.26,0.19,10.80,-13.00,172.91,3.27,173.74,88,825,172,1
0.35,1.90,0.07,99.61,-32.41,28.38,1.93,108.53,113,810,218,3
0.26,0.55,0.41,50.29,-19.59,-25.57,0.74,59.73,119,811,233,3
0.42,0.57,-0.07,-21.36,6.84,2.56,0.71,22.58,130,811,236,4
0.48,1.10,-0.14,-8.18,1.59,15.62,1.21,17.71,152,804,249,4
0.40,0.96,0.06,11.47,-6.47,2.44,1.05,13.40,172,797,252,2
0.40,1.04,0.03,-10.56,0.31,-2.08,1.11,10.77,185,797,248,2
0.43,0.98,-0.06,-6.84,0.55,-9.95,1.07,12.08,200,799,255,2
0.41,0.83,0.01,-1.46,-1.59,-10.31,0.92,10.54,174,801,257,3
0.43,0.87,-0.02,-3.97,-0.55,-6.71,0.97,7.82,179,804,257,3
0.41,0.84,0.00,-0.06,-1.89,-5.13,0.94,5.47,180,801,253,3
0.41,0.96,0.02,-5.13,-0.12,-6.77,1.04,8.50,188,808,260,5
0.43,0.81,-0.00,-4.70,-0.31,-13.43,0.92,14.23,176,812,263,4
0.43,0.82,-0.02,-7.81,0.18,-8.42,0.93,11.49,178,816,263,5
0.44,1.04,-0.07,-15.87,2.32,-13.31,1.13,20.84,183,826,264,5
0.43,1.09,-0.03,-7.93,-1.16,-29.42,1.17,30.49,145,836,258,4
0.48,1.00,0.00,-13.98,1.46,-46.51,1.11,48.59,147,849,255,4
0.47,0.89,-0.03,-16.42,1.65,-59.27,1.01,61.52,122,854,243,4
0.50,0.76,-0.04,-24.72,4.70,-62.07,0.91,66.98,114,853,227,2
0.53,0.52,-0.03,-27.71,8.79,-48.10,0.74,56.20,96,853,216,2
0.60,0.59,-0.21,-16.05,6.35,-19.84,0.86,26.30,98,853,214,2
0.62,0.63,-0.23,14.77,-4.94,8.79,0.91,17.88,110,853,225,3
0.56,0.61,-0.12,42.48,-17.64,40.71,0.83,61.43,112,851,236,3
0.54,0.78,-0.12,56.21,-21.91,50.48,0.96,78.66,126,848,245,3
0.48,0.91,0.01,60.55,-30.94,44.43,1.03,81.23,140,840,257,2
0.37,0.83,0.28,41.75,-24.05,36.56,0.95,60.48,153,836,263,4
0.40,0.92,0.21,9.64,-5.62,31.49,1.02,33.41,180,829,271,3
0.45,1.22,0.07,-2.44,-0.43,13.49,1.30,13.71,185,829,272,3
0.40,1.42,0.15,-16.30,4.58,-19.78,1.48,26.03,194,831,272,3
0.38,1.44,0.16,-28.50,14.28,-73.97,1.50,80.55,148,852,270,4
0.39,1.50,0.14,-50.29,28.99,-151.67,1.56,162.40,97,858,255,3
0.61,1.51,-0.06,-69.89,34.30,-210.51,1.63,224.44,42,835,209,1
0.92,1.25,-0.15,-74.71,39.67,-216.74,1.56,232.66,11,805,113,0
0.86,0.21,0.18,-49.99,19.78,-115.05,0.91,126.99,3,768,36,0
2.25,1.05,-0.25,24.72,-10.07,19.59,2.50,33.11,2,742,5,0
1.92,0.91,-0.35,36.44,-66.28,46.20,2.15,88.63,2,750,8,0
1.63,1.62,-0.26,-5.19,-83.31,26.55,2.31,87.60,1,760,6,0
1.30,1.97,-0.15,9.28,-89.48,-17.09,2.37,91.57,1,770,4,0
0.71,1.77,-0.17,46.51,-88.56,-83.56,1.91,130.34,1,772,5,0
0.25,0.98,-0.45,64.09,-86.49,-55.60,1.11,121.16,1,770,7,0
-0.22,0.66,-0.25,31.01,-78.98,-18.74,0.74,86.89,1,764,8,0
-0.45,0.48,-0.16,29.36,-46.57,15.20,0.68,57.11,1,764,7,0
-0.58,0.07,-0.26,16.11,-5.55,36.19,0.64,40.01,1,752,6,0
-0.56,-0.01,-0.25,-20.75,21.73,69.40,0.62,75.62,1,743,6,0
-0.53,-0.04,-0.22,-36.87,42.05,94.91,0.57,110.16,2,732,6,0
-0.38,-0.04,-0.30,-39.98,57.25,118.77,0.48,137.78,2,726,6,0
-0.21,-0.03,-0.38,-50.29,61.95,132.08,0.44,154.31,2,719,6,0
0.07,0.10,-0.37,-65.49,50.23,150.09,0.39,171.28,2,714,6,0
0.60,0.35,-0.12,-70.07,51.33,137.08,0.70,162.29,2,712,3,0
1.23,0.61,0.01,-75.38,45.47,114.20,1.37,144.19,2,716,3,0
1.86,0.89,0.34,-67.14,39.18,73.30,2.09,106.85,2,733,1,0
2.32,0.64,0.28,-41.44,34.73,1.83,2.43,54.10,1,737,0,0
2.12,0.53,0.38,-48.34,16.05,-90.70,2.22,104.02,1,740,0,0
1.20,1.07,1.01,-28.50,-4.82,-160.16,1.90,162.74,4,789,29,0
1.05,-1.46,-1.01,302.43,25.15,30.09,2.07,304.96,32,824,130,1
-0.11,3.11,0.80,15.44,-19.96,129.94,3.22,132.37,82,824,215,2
0.36,1.47,0.08,68.48,-27.83,-12.08,1.51,74.90,111,811,229,4
0.35,0.32,0.25,10.13,-0.06,-39.55,0.54,40.83,108,815,243,3
0.46,0.57,-0.05,-37.41,17.40,-1.71,0.74,41.30,105,820,248,3
0.51,1.16,-0.19,-17.09,8.97,8.54,1.28,21.11,115,826,248,4
0.42,0.87,0.04,6.23,-1.16,-2.26,0.97,6.72,114,828,255,3
0.41,0.95,0.07,-8.48,3.60,-4.03,1.04,10.06,112,828,255,3
0.45,0.96,-0.03,-14.89,5.98,-12.33,1.06,20.24,97,840,250,3
0.45,0.87,-0.01,-12.21,3.85,-18.13,0.98,22.19,92,844,251,4
0.45,0.78,-0.01,-13.37,3.78,-14.04,0.90,19.75,95,849,255,4
0.47,0.82,-0.05,-9.64,1.89,-6.23,0.95,11.63,89,851,255,3
