-,-,-
0.07,0.99,-0.01,-1.34,-0.61,-0.67,0.99,1.62,427,571,145,73
0.07,0.99,-0.01,-1.04,-0.43,-0.61,0.99,1.28,361,568,151,73
0.07,0.99,-0.01,-0.85,-0.31,-0.73,1.00,1.17,473,565,144,73
0.07,0.99,-0.01,-0.18,-0.37,-0.85,0.99,0.95,529,564,140,79
0.07,0.99,-0.01,-0.67,-0.24,-0.79,0.99,1.07,430,564,140,79
0.07,0.99,-0.01,-0.73,-0.12,-0.61,0.99,0.96,364,561,140,79
0.07,0.99,-0.01,-0.98,-0.06,-0.67,0.99,1.19,292,564,140,79
0.07,0.99,-0.01,-1.22,0.00,-0.85,0.99,1.49,361,564,133,79
0.07,0.99,-0.00,-1.10,-0.12,-0.98,0.99,1.47,290,567,131,74
0.07,0.99,-0.01,-1.10,-0.43,-1.10,0.99,1.61,331,571,133,72
0.06,0.99,-0.01,-1.10,-0.55,-1.53,0.99,1.96,286,574,127,63
0.06,0.99,-0.01,-1.16,-0.43,-1.71,0.99,2.11,267,581,135,53
0.02,1.08,0.01,-3.30,-1.04,-1.95,1.08,3.97,467,592,138,38
0.08,0.99,-0.02,-2.14,-2.75,-2.62,1.00,4.36,267,608,135,24
0.07,1.02,-0.05,1.04,-4.46,-5.86,1.03,7.43,228,633,138,13
0.07,1.03,-0.02,12.94,-6.90,-13.00,1.03,19.60,178,653,137,3
0.12,1.21,-0.13,-11.60,-15.81,-32.23,1.22,37.72,114,703,137,2
0.07,1.67,-0.13,-20.87,-30.64,-50.54,1.67,62.68,80,730,123,0
0.21,1.24,-0.29,13.73,-34.48,-77.45,1.29,85.89,33,730,93,0
0.21,1.22,-0.37,14.40,-57.31,-90.58,1.29,108.15,12,751,64,0
0.31,1.03,-0.49,14.83,-86.06,-93.93,1.18,128.26,4,725,29,0
0.11,0.89,-0.35,33.57,-109.74,-62.93,0.96,130.88,2,705,8,1
-0.60,0.51,-0.40,25.51,-20.94,-31.31,0.88,45.49,1,695,0,5
-0.09,0.68,-0.44,-56.15,54.99,16.05,0.82,80.22,1,719,0,3
0.09,0.74,-0.35,-62.50,48.77,13.61,0.83,80.43,1,734,0,4
0.06,0.77,-0.19,-71.47,14.59,25.88,0.80,77.40,1,740,0,4
0.12,1.05,0.05,-65.67,-22.28,37.54,1.06,78.86,1,757,0,6
0.02,0.93,0.09,-40.22,-61.95,43.21,0.93,85.57,1,772,0,7
-0.13,0.95,0.20,-49.68,-74.34,69.95,0.98,113.52,1,775,0,7
0.06,0.97,0.10,-45.65,-58.65,70.80,0.98,102.65,1,772,0,3
0.12,0.96,0.08,-78.80,-43.27,36.32,0.97,96.96,1,766,0,3
0.20,1.25,0.24,-49.26,-9.52,12.94,1.29,51.81,1,765,0,2
0.31,0.99,0.12,-38.57,32.10,-21.67,1.04,54.66,1,770,0,0
0.39,1.04,0.17,-47.06,62.68,-42.91,1.12,89.36,1,769,0,0
0.53,0.97,0.12,-27.04,79.77,-50.23,1.12,98.07,1,772,0,0
0.68,0.76,-0.00,-11.17,75.74,-49.62,1.02,91.24,1,771,0,0
0.74,0.71,-0.08,-12.63,45.65,-49.07,1.03,68.21,1,773,0,0
0.54,0.79,-0.10,-11.66,5.19,-56.27,0.96,57.70,0,0,0,0
0.27,0.84,-0.12,-4.15,-20.57,-64.70,0.89,68.01,0,0,0,0
0.12,0.92,-0.20,-0.37,-28.26,-61.22,0.95,67.43,0,0,0,0
0.13,0.78,-0.32,-0.24,-26.86,-43.21,0.85,50.88,0,0,0,0
0.23,0.75,-0.35,-17.21,-31.92,-18.13,0.86,40.54,0,0,0,0
0.37,0.82,-0.28,-28.44,-40.95,-1.95,0.94,49.90,0,0,0,0
0.52,0.82,-0.23,-28.63,-47.97,-0.55,1.00,55.87,1,771,0,0
0.71,0.85,-0.28,-15.56,-56.46,-0.85,1.14,58.57,1,771,0,0
0.66,0.74,-0.32,-8.48,-52.49,-50.72,1.04,73.48,2,793,6,0
0.11,1.80,0.31,179.50,4.58,7.57,1.83,179.72,16,833,70,0
1.11,-1.09,-1.74,-16.78,9.03,182.13,2.34,183.12,61,836,167,1
-0.04,2.04,0.11,30.33,5.98,190.12,2.05,192.62,185,737,194,2
0.07,0.54,-0.00,68.97,12.39,168.88,0.54,182.84,349,665,175,1
0.40,0.69,-0.60,163.15,6.47,67.69,1.00,176.75,668,551,175,44
-0.04,0.63,0.23,41.14,-0.43,7.87,0.67,41.89,515,525,190,111
0.06,0.83,0.11,12.33,-2.75,-2.69,0.84,12.91,462,529,196,103
0.09,1.08,-0.04,-11.78,-1.83,-4.64,1.09,12.79,518,552,200,78
0.09,0.97,0.00,-1.71,-2.62,-5.00,0.97,5.90,393,574,204,65
0.09,0.97,0.01,-0.37,-0.79,0.12,0.98,0.88,418,576,198,63
0.09,0.98,0.00,-1.71,-0.06,2.75,0.99,3.24,376,581,187,70
0.07,1.00,-0.00,-0.92,0.00,2.50,1.00,2.66,374,577,192,76
0.08,0.99,0.00,-0.06,-0.18,1.71,1.00,1.72,342,573,189,82
0.08,0.99,-0.00,0.92,-0.37,1.40,1.00,1.72,361,570,179,90
0.07,0.99,0.01,2.87,-0.67,1.65,0.99,3.38,267,568,161,99
0.07,1.00,0.02,1.95,-1.10,-0.18,1.00,2.25,248,575,172,99
0.07,1.00,0.01,-0.31,-1.22,-2.93,1.00,3.19,202,590,178,86
0.08,1.02,0.00,0.31,-2.50,-7.93,1.02,8.33,203,616,183,57
0.08,1.03,-0.02,3.66,-3.36,-12.39,1.04,13.35,197,631,185,39
0.08,0.87,0.07,25.27,-5.19,-21.61,0.88,33.65,238,644,198,25
0.12,0.90,0.06,17.82,-4.64,-21.06,0.91,27.97,225,645,201,14
0.09,1.11,0.10,14.34,-4.88,-24.41,1.12,28.73,249,673,209,5
0.15,1.01,-0.04,10.13,-5.25,-35.77,1.02,37.54,221,703,217,3
0.14,1.10,0.05,15.44,-4.88,-26.12,1.11,30.74,214,719,226,3
0.15,1.35,0.09,12.45,-4.76,-40.65,1.36,42.78,162,742,231,3
0.23,1.21,-0.02,24.66,-4.52,-69.46,1.23,73.84,143,766,236,5
0.20,1.18,0.07,33.94,-7.69,-83.68,1.20,90.63,96,789,236,3
0.19,1.41,0.18,28.26,-6.90,-106.87,1.44,110.76,74,801,231,3
0.16,1.63,0.20,20.02,-0.24,-144.65,1.65,146.03,39,807,215,2
0.15,1.41,0.08,20.02,6.53,-196.84,1.42,197.96,18,805,193,1
0.35,0.98,-0.08,33.81,-0.18,-221.19,1.05,223.76,8,784,143,2
0.54,0.75,-0.06,54.32,-12.82,-202.33,0.93,209.89,4,791,91,0
0.74,0.72,-0.20,78.92,-25.27,-160.03,1.05,180.22,2,797,56,0
0.18,1.00,-0.28,102.54,-50.54,-131.59,1.05,174.31,2,787,31,0
-1.84,-0.84,-0.51,120.97,-49.26,54.63,2.09,141.58,1,758,9,8
-1.10,-0.41,-0.65,-35.58,24.84,86.98,1.34,97.20,0,0,0,9
-0.68,0.99,-0.27,-103.70,63.84,134.83,1.23,181.68,1,755,0,6
-0.39,0.69,-0.40,-84.35,69.15,145.08,0.89,181.51,1,754,0,5
-0.10,0.87,-0.44,-119.38,61.28,160.10,0.98,208.90,1,750,0,3
0.14,1.21,-0.32,-153.32,49.26,152.59,1.26,221.85,1,753,0,0
0.45,1.57,-0.13,-159.00,41.38,131.59,1.64,210.50,1,751,0,0
0.64,1.49,0.00,-116.94,44.68,104.86,1.62,163.30,0,0,0,0
1.06,1.39,-0.13,-97.47,67.81,87.59,1.75,147.55,0,0,0,0
1.77,1.39,-0.38,-110.35,59.27,20.14,2.29,126.87,0,0,0,0
1.93,1.08,-0.19,-149.11,32.59,-29.54,2.22,155.46,1,784,0,0
1.68,0.94,0.00,-145.32,2.62,-27.10,1.93,147.85,0,0,0,0
1.12,0.93,0.26,-137.15,-27.22,-15.20,1.48,140.65,1,795,0,0
0.72,1.03,0.42,-92.53,-50.11,-14.16,1.32,106.18,1,797,0,0
0.48,1.04,0.32,-9.64,-57.13,-16.11,1.19,60.14,1,796,0,0
0.50,0.87,0.05,43.88,-47.36,-18.92,1.00,67.28,1,797,0,0
0.61,0.81,-0.08,51.82,-31.92,-22.89,1.01,65.02,1,798,1,0
0.75,0.80,-0.20,76.29,-28.50,-45.47,1.12,93.28,1,800,0,0
0.76,0.42,-0.33,70.50,-43.64,-62.01,0.93,103.54,1,792,0,0
0.02,1.23,0.39,207.58,63.42,20.20,1.29,217.99,9,839,55,0
1.74,-1.81,-3.86,215.33,93.69,259.46,4.61,349.95,61,842,149,2
-0.12,3.96,-0.70,53.71,10.44,326.90,4.02,331.45,231,0,142,2
0.19,0.17,-0.05,168.09,-8.73,147.52,0.26,223.82,330,618,141,0
-0.28,-1.07,0.39,241.52,-11.05,26.61,1.17,243.23,421,514,179,108
0.05,0.74,0.15,51.64,-7.32,-7.69,0.76,52.72,512,524,200,106
0.10,1.21,-0.09,-8.67,-2.75,-6.96,1.21,11.45,518,536,211,91
0.09,1.03,-0.01,-2.14,-0.61,-0.49,1.03,2.27,576,536,212,90
0.09,0.95,0.02,-3.91,-0.18,2.20,0.96,4.49,648,536,206,85
0.08,0.99,0.01,-6.77,0.18,4.64,0.99,8.21,568,536,197,84
0.09,1.00,-0.01,-9.03,0.24,5.00,1.00,10.33,612,532,185,81
0.08,1.00,-0.01,-5.74,0.12,4.27,1.00,7.15,476,523,155,88
0.08,1.00,-0.02,-1.22,-0.37,2.99,1.00,3.25,384,517,129,95
0.07,1.00,-0.01,3.60,-0.67,1.65,1.00,4.02,407,507,107,106
0.07,1.00,0.00,6.35,-1.22,-15.38,1.00,16.68,490,503,99,118
0.07,0.99,0.00,5.62,-1.16,-0.37,1.00,5.75,548,504,95,135
0.08,0.99,0.00,5.98,-0.98,-0.18,1.00,6.06,395,512,97,142
0.07,0.98,0.02,4.88,-1.04,-0.24,0.99,5.00,432,524,105,147
0.07,0.98,0.02,1.77,-0.43,-0.37,0.99,1.86,304,526,114,149
0.07,0.99,0.01,-0.06,-0.43,-0.55,0.99,0.70,299,530,125,145
0.07,0.99,0.01,-0.61,-0.55,-0.79,0.99,1.14,277,537,129,143
0.07,0.99,0.02,-0.55,-0.37,-1.04,0.99,1.23,279,544,139,147
0.07,0.99,0.02,-1.04,-0.18,-1.59,0.99,1.90,266,547,144,137
0.07,1.00,0.01,-3.05,-0.43,-2.44,1.00,3.93,290,547,146,128
0.07,1.05,-0.01,-7.69,-1.46,-5.37,1.06,9.49,248,556,156,103
0.09,1.04,-0.01,-2.75,-3.54,-12.33,1.05,13.12,336,569,166,70
0.09,1.00,0.00,1.77,-4.64,-19.47,1.01,20.09,349,586,182,36
0.10,1.07,-0.03,23.50,-6.96,-29.42,1.08,38.29,386,611,199,14
0.10,0.84,0.06,32.04,-8.18,-32.84,0.84,46.60,338,615,212,11
0.10,1.11,0.08,13.55,-4.03,-22.34,1.12,26.44,376,645,213,6
0.13,1.03,0.10,25.82,-4.15,-39.61,1.05,47.46,251,693,223,3
0.11,1.35,0.15,6.96,-0.98,-67.93,1.36,68.29,232,730,225,2
0.07,1.91,0.16,-16.30,8.73,-122.44,1.92,123.82,129,791,212,4
0.13,1.61,-0.05,-3.11,13.79,-190.98,1.62,191.50,56,817,216,3
0.13,1.11,-0.06,16.66,5.49,-222.53,1.12,223.22,24,822,194,2
0.33,0.72,-0.11,44.01,-2.08,-217.53,0.80,221.95,10,806,143,0
0.44,0.82,0.00,73.85,-10.62,-179.26,0.94,194.17,5,800,107,0
0.54,0.67,-0.01,123.17,-8.00,-135.86,0.86,183.56,2,796,63,0
0.55,0.67,-0.09,126.83,-11.72,-105.83,0.87,165.60,1,803,45,0
0.45,0.80,0.06,124.08,-15.62,-100.95,0.92,160.72,1,800,28,0
-0.43,-0.17,-0.11,84.05,-4.64,-14.59,0.48,85.43,1,790,15,5
-0.99,0.27,-0.25,27.95,32.59,56.52,1.06,70.98,0,0,0,6
-0.78,0.47,-0.38,-55.73,56.34,99.18,0.98,126.95,1,736,0,7
-0.42,0.71,-0.22,-54.50,44.01,135.31,0.85,152.37,1,731,0,4
-0.22,0.74,-0.33,-62.81,29.79,152.95,0.84,168.01,1,727,0,5
0.20,0.90,-0.48,-72.57,-5.00,163.76,1.04,179.19,1,734,0,4
0.43,0.96,-0.53,-94.30,-69.58,162.23,1.17,200.13,1,742,0,2
0.45,1.24,-0.15,-117.31,-113.89,140.69,1.33,215.70,0,0,0,0
0.52,1.50,0.27,-118.84,-36.25,89.05,1.61,152.86,0,0,0,0
0.82,0.98,0.03,-102.48,37.48,43.46,1.27,117.45,0,0,0,0
1.02,1.06,0.07,-137.82,63.42,12.88,1.47,152.25,0,0,0,0
1.33,1.24,0.11,-147.71,56.21,-18.37,1.82,159.10,0,0,0,0
1.34,0.99,0.14,-138.00,21.67,-54.81,1.67,150.06,0,0,0,0
1.16,0.89,0.17,-134.46,-8.36,-58.11,1.47,146.72,0,0,0,0
1.11,0.94,0.32,-102.84,-34.24,-25.88,1.49,111.44,0,0,0,0
0.95,0.75,0.38,-34.42,-51.94,-14.28,1.27,63.93,1,777,0,0
1.02,0.71,0.39,-29.72,-2.20,-71.47,1.30,77.44,1,773,0,0
1.33,0.88,0.29,47.49,12.57,-120.12,1.62,129.77,1,769,0,0
-0.60,0.67,1.29,272.95,18.01,-35.46,1.57,275.83,9,818,38,0
2.35,-1.33,-3.61,201.35,88.13,244.93,4.51,329.10,76,850,172,3
-0.14,4.00,-0.41,111.63,1.95,342.16,4.02,359.92,189,803,211,3
-0.04,-0.30,0.57,141.17,-8.30,150.94,0.64,206.84,284,688,197,2
-0.12,4.00,-0.58,33.14,22.09,184.33,4.04,188.58,579,556,182,42
-0.13,1.48,-0.06,12.94,-5.80,6.59,1.49,15.64,384,530,186,110
0.08,0.70,0.15,17.70,-6.84,-10.86,0.72,21.86,384,564,207,100
0.10,1.00,-0.00,-3.54,-1.22,-3.72,1.01,5.28,459,583,210,84
0.09,0.94,0.04,-4.27,-0.24,-1.46,0.95,4.52,391,592,212,73
0.09,0.98,0.01,-8.30,1.16,2.08,0.98,8.63,332,595,208,67
0.10,0.99,0.01,-7.69,0.67,3.54,0.99,8.49,376,590,203,68
0.08,0.99,0.00,-6.35,0.24,4.58,0.99,7.83,410,588,188,71
0.08,1.00,-0.00,-2.87,0.06,4.33,1.01,5.20,320,584,176,77
0.06,1.00,-0.00,-0.12,-0.06,3.36,1.00,3.36,338,576,167,89
0.06,1.00,0.00,1.95,-0.43,2.14,1.00,2.93,309,572,150,97
0.08,0.99,0.01,2.87,-0.85,0.43,1.00,3.02,352,570,155,103
0.07,0.99,0.01,1.77,-0.92,-1.71,0.99,2.63,286,572,168,107
0.07,1.00,0.00,0.43,-0.61,-1.89,1.00,2.03,288,581,176,105
0.07,1.00,0.00,1.89,-1.34,-2.26,1.00,3.24,267,587,176,92
0.08,1.02,0.01,1.65,-2.14,-5.92,1.02,6.51,361,600,190,75
0.10,1.03,0.00,4.33,-3.72,-15.38,1.03,16.41,250,621,199,42
0.09,1.14,-0.02,19.59,-6.84,-30.03,1.15,36.50,246,653,209,16
0.10,0.88,0.07,37.84,-9.03,-34.91,0.89,52.27,240,678,214,7
0.20,1.02,-0.13,28.93,-13.12,-41.32,1.05,52.12,171,724,219,3
0.07,1.12,0.19,20.94,-6.47,-86.79,1.14,89.52,139,755,227,2
0.20,0.54,0.04,10.99,-0.24,-93.81,0.58,94.45,125,772,226,3
0.21,0.92,0.16,-11.78,2.01,-63.72,0.96,64.83,134,779,225,2
0.27,1.28,0.09,-17.82,7.32,-68.73,1.31,71.38,132,789,231,4
0.23,1.55,0.20,-22.89,12.51,-102.29,1.58,105.57,108,806,235,3
0.27,1.64,0.12,-32.53,18.25,-143.07,1.66,147.85,76,821,230,3
0.22,1.63,0.06,-36.56,19.29,-207.40,1.65,211.48,43,821,195,2
0.33,0.99,-0.12,-16.66,14.47,-243.59,1.05,244.59,20,801,166,0
0.36,1.02,0.07,47.73,12.33,-211.18,1.09,216.86,9,785,108,0
0.63,0.83,-0.33,126.83,23.07,-162.84,1.09,207.69,4,785,77,0
0.45,0.69,-0.55,152.65,0.31,-133.61,0.99,202.86,3,771,55,0
-0.40,-0.43,-0.94,125.00,-34.12,-56.95,1.11,141.53,2,739,30,0
-0.91,-0.53,-0.83,67.02,-98.88,73.30,1.34,140.15,1,691,0,1
-1.00,-0.11,-0.34,-12.51,-115.42,102.91,1.07,155.14,1,712,0,2
-0.67,0.56,-0.17,-49.68,-54.57,163.94,0.89,179.78,1,721,0,2
-0.37,0.54,-0.26,-89.66,-7.14,158.87,0.70,182.57,1,729,0,0
-0.06,1.05,-0.15,-130.62,15.62,164.12,1.06,210.34,1,731,0,0
0.28,1.40,-0.06,-125.43,14.83,157.35,1.43,201.77,1,737,0,0
0.38,1.45,0.12,-121.89,15.20,139.40,1.50,185.80,1,739,0,0
0.35,1.59,0.27,-92.10,66.47,113.89,1.66,160.85,0,0,0,0
0.83,1.36,-0.14,-71.72,130.98,68.42,1.60,164.26,0,0,0,0
1.44,1.41,-0.40,-108.34,122.19,-7.14,2.05,163.46,0,0,0,0
1.43,1.21,-0.27,-141.24,80.26,-52.98,1.89,170.87,0,0,0,0
1.29,1.18,-0.08,-143.86,47.67,-31.56,1.76,154.80,0,0,0,0
1.09,0.85,0.02,-105.71,23.07,36.74,1.38,114.27,0,0,0,0
1.21,0.46,-0.19,-71.17,-39.67,106.93,1.31,134.44,1,779,0,0
1.32,0.59,-0.08,-88.62,-103.64,108.28,1.45,174.12,1,766,0,0
1.30,1.09,0.18,-67.87,-137.33,65.12,1.71,166.45,1,768,0,0
0.94,1.14,0.18,16.48,-127.99,-20.87,1.49,130.72,1,777,2,0
0.58,0.90,-0.12,80.75,-70.31,-110.96,1.08,154.20,1,782,0,0
0.45,0.52,-0.52,95.64,1.83,-174.07,0.86,198.63,1,778,1,0
0.60,0.23,-0.99,33.51,27.89,-219.24,1.18,223.53,1,767,0,0
-0.92,0.73,0.90,231.45,-32.65,-5.13,1.48,233.79,18,817,58,0
1.66,0.92,-0.79,182.07,3.72,328.37,2.06,375.48,98,842,170,4
-0.32,4.00,0.20,-18.55,-10.38,267.15,4.02,268.00,250,760,191,2
-0.07,1.36,0.02,22.77,12.39,229.25,1.36,230.71,32736,0,166,1
0.47,3.20,-1.16,18.80,14.65,100.95,3.43,103.73,388,524,131,31
0.05,1.70,-0.17,-30.40,-7.45,-12.15,1.71,33.57,462,530,179,86
0.09,0.70,0.16,6.84,-5.62,-9.70,0.72,13.13,421,565,205,63
0.11,0.98,0.03,-0.79,-1.89,-5.49,0.98,5.86,518,591,211,43
0.13,0.92,0.02,9.77,-2.75,-11.23,0.92,15.13,521,615,212,28
0.13,0.94,0.02,2.32,-1.40,-2.01,0.95,3.38,465,622,213,21
0.12,0.97,0.03,0.00,-1.04,-1.04,0.98,1.47,416,633,213,16
0.12,0.97,0.02,-5.37,0.06,0.31,0.98,5.38,332,639,214,12
0.12,1.01,0.00,-5.07,0.12,0.49,1.01,5.09,344,624,207,8
0.12,0.95,0.02,-1.89,-0.12,0.31,0.96,1.92,278,630,213,7
0.13,0.98,-0.01,-1.28,-0.31,2.32,0.99,2.67,274,628,201,9
0.11,0.92,0.03,0.43,-0.43,2.93,0.93,2.99,337,617,189,18
0.11,1.18,-0.04,-7.69,0.55,5.86,1.18,9.68,307,619,192,26
0.10,1.02,0.02,13.06,-2.50,-8.97,1.02,16.04,276,620,203,22
0.12,0.94,0.04,9.22,-2.50,-10.74,0.95,14.37,313,609,207,15
0.12,1.06,0.00,6.59,-2.44,-9.28,1.06,11.64,320,613,209,7
0.13,0.98,0.06,17.70,-3.97,-16.11,0.99,24.26,288,629,214,3
0.12,1.13,0.13,12.57,-4.94,-24.90,1.15,28.33,282,670,220,2
0.15,1.10,0.07,-12.15,1.83,-51.70,1.11,53.14,231,711,217,3
0.21,0.91,0.00,-1.95,2.20,-46.39,0.94,46.48,200,734,221,1
0.22,1.15,-0.01,7.69,-0.06,-47.97,1.17,48.59,180,751,227,2
0.26,0.95,0.00,20.94,-2.14,-57.56,0.99,61.28,137,767,222,4
0.25,1.06,0.09,10.74,-1.34,-64.64,1.10,65.54,127,785,226,3
0.20,1.98,0.24,-9.83,4.70,-110.47,2.01,111.01,89,808,230,3
0.12,1.96,0.15,-21.91,14.95,-189.70,1.96,191.54,54,822,223,3
0.13,1.34,0.03,-15.69,15.87,-259.09,1.35,260.05,27,819,195,1
0.35,0.68,-0.06,-5.92,13.43,-271.18,0.76,271.58,12,798,135,0
0.37,1.18,0.21,19.04,11.96,-232.67,1.25,233.75,6,790,93,0
0.19,0.96,0.19,128.91,31.01,-174.13,0.99,218.86,3,780,63,0
-0.44,-0.77,-0.76,199.52,34.55,-76.17,1.16,216.35,3,746,35,0
-0.41,-0.91,-0.95,94.91,-71.29,83.74,1.38,145.27,3,697,8,0
-0.81,0.24,-0.07,18.43,-114.62,127.44,0.85,172.39,1,651,0,0
-0.70,0.57,-0.22,3.91,-74.65,164.67,0.93,180.84,1,677,0,0
-0.34,0.64,-0.28,-35.64,-31.56,172.12,0.78,178.58,2,687,0,0
-0.06,0.86,-0.30,-66.96,-5.19,166.14,0.91,179.20,1,698,0,0
0.29,1.10,-0.33,-90.15,-1.46,150.82,1.19,175.71,1,703,0,0
0.50,1.33,-0.16,-107.36,-20.02,124.33,1.43,165.48,1,725,0,0
0.38,1.26,0.09,-95.64,-9.89,97.53,1.32,136.96,1,745,0,0
0.44,1.31,0.13,-96.98,48.28,82.03,1.39,135.89,0,0,0,0
0.83,1.51,-0.13,-89.48,113.53,49.68,1.73,152.85,0,0,0,0
1.45,1.22,-0.28,-93.93,94.24,14.10,1.92,133.80,0,0,0,0
1.38,1.09,-0.05,-100.46,39.98,17.33,1.76,109.51,0,0,0,0
0.91,-0.61,0.31,9.83,-20.51,53.89,1.14,58.50,1,766,0,0
1.16,0.90,-0.01,-108.46,-93.44,83.56,1.47,165.76,1,767,0,0
1.06,0.85,0.05,-108.22,-145.81,62.62,1.36,192.08,1,768,0,0
0.88,0.98,0.46,-97.35,-145.57,7.75,1.40,175.29,1,766,0,0
0.80,1.34,0.82,-43.15,-66.22,-85.02,1.77,116.09,1,770,0,0
0.68,1.22,0.34,68.54,32.84,-176.70,1.44,192.35,0,0,0,0
0.75,0.22,-0.52,91.25,24.48,-195.56,0.93,217.18,1,767,0,0
-0.05,0.77,0.97,310.42,6.65,24.41,1.24,311.45,13,817,58,0
0.18,0.27,0.03,22.77,31.80,246.40,0.33,249.48,71,843,163,2
-0.31,4.00,-0.00,-40.53,10.01,286.32,4.01,289.34,205,756,162,2
0.16,0.01,0.01,108.83,5.37,172.30,0.16,203.86,391,633,138,1
0.07,-1.72,0.17,343.20,-5.49,34.55,1.73,344.98,410,505,139,129
0.08,0.50,0.30,56.88,-8.30,-5.55,0.58,57.75,717,519,162,136
0.10,1.18,-0.07,-9.83,-2.50,-6.16,1.18,11.87,561,537,171,118
0.09,0.96,0.04,3.36,-1.59,-1.77,0.96,4.11,418,547,174,112
0.08,0.97,0.03,-1.71,-0.06,2.01,0.97,2.64,442,542,172,112
0.07,0.99,0.01,-3.42,0.24,2.93,1.00,4.51,361,547,169,112
0.09,0.98,0.02,-5.74,0.18,2.69,0.98,6.34,389,556,160,109
0.09,1.00,0.00,-2.87,-0.18,2.87,1.01,4.06,302,552,159,111
0.08,0.99,0.01,-0.37,-0.55,1.89,0.99,2.00,378,547,151,115
0.07,1.00,0.00,0.79,-0.55,0.73,1.00,1.21,376,544,144,115
0.07,0.99,0.02,1.59,-0.31,-0.12,0.99,1.62,317,543,149,125
0.08,0.98,0.02,1.59,-0.61,-0.49,0.99,1.77,310,544,143,126
0.07,0.99,0.01,0.92,-0.49,-0.49,0.99,1.15,290,550,150,126
0.07,1.00,0.02,1.46,-0.73,-0.49,1.00,1.71,360,551,149,127
0.07,0.99,0.02,0.18,-0.73,-1.46,0.99,1.65,211,554,147,126
0.07,0.99,0.02,-1.16,-0.79,-2.99,1.00,3.30,257,554,162,120
0.07,1.01,0.02,-2.62,-1.46,-5.49,1.01,6.26,267,562,169,100
0.09,1.04,-0.00,-5.55,-2.93,-12.76,1.05,14.22,340,574,175,56
0.09,1.15,-0.02,-2.87,-7.32,-25.76,1.15,26.93,388,603,193,24
0.17,0.92,-0.06,26.61,-10.68,-41.99,0.94,50.85,324,631,209,3
0.15,1.42,-0.06,3.54,-15.56,-70.37,1.43,72.16,217,701,218,4
0.19,1.27,0.02,10.99,-13.55,-86.18,1.28,87.93,168,740,215,4
0.07,1.51,0.20,14.34,-6.84,-98.69,1.52,99.96,127,770,223,2
0.28,0.87,-0.01,33.02,-3.54,-116.33,0.91,120.98,96,782,222,2
0.23,1.21,0.23,16.30,-2.99,-116.70,1.26,117.87,81,799,222,2
0.20,1.61,0.24,-3.78,8.91,-149.41,1.64,149.73,42,812,213,2
0.20,1.62,0.19,-13.85,17.94,-212.28,1.64,213.49,18,803,194,1
0.38,1.13,0.01,-1.28,18.49,-248.11,1.20,248.80,9,792,150,0
0.29,1.57,0.25,99.79,16.36,-210.57,1.62,233.59,3,792,90,0
0.17,1.11,-0.56,239.69,28.99,-159.55,1.25,289.39,2,784,57,0
-1.20,-1.97,-1.44,232.79,-6.84,-50.60,2.72,238.32,2,724,22,6
-0.98,-0.16,-0.94,-18.86,-65.37,77.58,1.37,103.18,1,662,0,5
-1.13,1.01,-0.16,-87.59,-30.70,154.97,1.52,180.63,1,705,0,2
-0.42,0.49,-0.36,-54.75,16.42,165.71,0.74,175.29,1,702,0,2
-0.26,0.78,-0.24,-104.92,29.72,176.94,0.86,207.85,1,711,0,2
0.04,1.19,-0.16,-120.85,43.15,172.91,1.20,215.33,1,712,0,0
0.35,1.36,-0.09,-114.44,56.70,138.61,1.40,188.48,1,722,0,0
0.60,1.20,0.01,-73.12,79.10,112.37,1.34,155.66,1,749,0,0
0.98,1.12,-0.13,-81.60,92.53,91.80,1.50,153.78,0,0,0,0
1.47,1.37,-0.26,-100.65,77.33,42.05,2.03,133.71,0,0,0,0
1.66,1.19,-0.17,-107.48,40.28,-13.31,2.05,115.55,0,0,0,0
1.66,1.10,-0.01,-107.48,-5.80,-26.18,1.99,110.78,1,802,0,0
1.54,0.90,0.11,-77.33,-66.77,-15.14,1.79,103.29,0,0,0,0
1.21,0.43,0.13,-58.53,-136.29,12.27,1.30,148.84,1,798,0,0
1.03,0.36,0.15,-63.60,-175.60,65.12,1.11,197.79,0,0,0,0
1.19,0.98,0.33,-57.43,-132.26,4.15,1.57,144.25,0,0,0,0
1.35,0.73,0.07,-14.28,-68.60,-135.13,1.53,152.22,1,750,0,0
-0.39,1.30,1.03,15.44,-20.51,-198.12,1.70,199.78,3,795,13,0
2.18,-2.25,-3.90,335.21,84.96,177.73,5.00,388.81,37,839,129,2
-0.29,0.96,-0.42,94.67,26.31,390.38,1.09,402.56,148,801,170,2
0.09,2.51,-0.83,59.81,37.84,267.27,2.64,276.49,320,656,180,3
-0.21,1.48,1.26,199.04,21.61,93.32,1.95,220.89,644,525,175,100
-0.03,0.57,0.43,18.80,-7.87,-1.16,0.72,20.41,445,533,211,140
0.09,0.57,-0.13,-18.92,-1.77,-9.64,0.60,21.31,465,562,218,98
0.10,1.06,-0.05,-7.20,-4.09,-9.70,1.06,12.76,471,582,228,70
0.10,0.96,0.02,-6.96,-0.92,-3.36,0.96,7.78,368,596,221,56
0.09,1.02,-0.02,-9.16,1.83,4.15,1.03,10.22,398,595,216,58
0.09,0.98,-0.01,-6.65,-0.43,2.20,0.98,7.02,318,602,201,49
0.09,0.98,-0.02,-6.41,0.18,3.60,0.99,7.35,361,597,204,53
0.09,0.99,-0.02,-3.97,0.73,4.15,0.99,5.79,402,582,191,60
0.08,1.00,-0.03,-1.95,0.79,4.21,1.00,4.71,315,573,179,75
0.06,1.02,-0.02,2.99,-0.24,1.53,1.02,3.37,681,563,180,90
0.07,0.99,-0.00,3.42,-0.61,-0.37,0.99,3.49,315,562,172,98
0.08,0.98,-0.00,1.04,-0.12,-0.73,0.99,1.28,400,559,184,101
0.07,0.99,-0.00,-0.49,-0.31,-0.49,0.99,0.75,480,557,182,101
0.07,1.02,-0.01,-2.08,-1.59,-3.30,1.02,4.21,369,560,174,83
0.09,1.06,-0.05,1.89,-4.94,-13.85,1.06,14.83,354,579,192,47
0.07,1.25,-0.04,7.32,-8.30,-23.38,1.25,25.87,334,615,198,17
0.07,1.15,0.04,29.48,-7.51,-27.95,1.15,41.31,322,650,212,3
0.14,1.04,0.03,0.79,-4.82,-40.04,1.05,40.34,222,697,212,3
0.15,1.10,0.04,3.30,-2.08,-51.82,1.11,51.97,218,726,221,3
0.16,1.27,-0.04,4.09,-0.37,-70.43,1.28,70.55,147,749,225,3
0.21,1.09,-0.01,11.96,-0.85,-76.35,1.11,77.29,117,777,232,3
0.26,1.05,0.04,18.31,-1.95,-79.90,1.08,81.99,96,789,226,3
0.23,1.45,0.13,4.03,0.31,-102.23,1.48,102.31,75,809,217,3
0.11,2.01,0.22,-20.94,10.80,-158.02,2.03,159.77,48,823,205,3
0.10,1.64,0.08,-23.32,14.22,-240.91,1.65,242.45,22,815,196,2
0.26,1.15,-0.09,-1.77,10.74,-280.64,1.19,280.85,10,792,143,0
0.22,1.34,0.06,119.38,16.36,-231.14,1.36,260.66,4,790,95,0
0.28,0.89,-0.58,206.12,27.34,-173.77,1.10,270.97,2,789,67,0
-1.03,-1.37,-1.29,225.59,-2.20,-61.83,2.14,233.92,2,741,27,4
-0.76,-0.36,-1.34,7.75,-72.14,94.18,1.59,118.89,1,662,0,5
-1.26,0.81,-0.17,-67.20,-71.11,145.87,1.51,175.64,1,697,0,4
-0.55,0.52,-0.32,-39.06,3.91,167.66,0.83,172.20,1,707,0,2
-0.27,0.71,-0.31,-96.37,42.30,163.94,0.82,194.82,1,708,0,1
0.00,1.13,-0.24,-122.50,60.06,150.94,1.16,203.46,1,718,0,2
0.30,1.29,-0.25,-121.28,62.07,122.56,1.34,183.25,1,732,0,0
0.62,1.45,-0.08,-73.55,66.59,112.92,1.58,150.31,0,0,0,0
0.98,1.02,-0.27,-42.66,74.28,104.25,1.44,134.93,0,0,0,0
1.41,1.08,-0.43,-84.72,66.10,74.77,1.82,130.91,0,0,0,0
1.66,1.12,-0.41,-114.69,40.47,26.12,2.05,124.39,0,0,0,0
1.57,1.06,-0.32,-115.05,7.45,6.71,1.92,115.49,0,0,0,0
1.44,0.79,-0.35,-104.25,-29.91,15.87,1.68,109.61,0,0,0,0
1.28,0.74,-0.30,-131.71,-70.62,28.26,1.50,152.10,0,0,0,0
1.04,0.92,0.07,-155.64,-97.29,27.59,1.39,185.61,0,0,0,0
0.93,1.28,0.59,-81.97,-87.95,11.78,1.69,120.80,1,789,0,0
1.00,1.28,0.45,27.59,-80.81,-54.26,1.69,101.17,1,791,0,0
0.71,0.85,0.11,80.20,-88.26,-136.96,1.11,181.60,1,787,0,0
0.19,0.29,0.04,55.91,-48.58,-172.85,0.35,188.05,1,778,0,0
0.26,1.19,0.49,259.40,60.00,14.34,1.31,266.63,12,824,64,0
2.13,-2.40,-3.37,188.66,99.85,205.93,4.65,296.60,81,852,171,3
0.11,3.76,-1.87,1.89,54.02,363.77,4.20,367.76,195,787,171,1
0.07,0.09,-0.15,169.98,-1.65,213.68,0.19,273.05,286,662,165,1
-0.30,4.00,-1.64,377.62,-12.15,47.30,4.33,380.77,745,521,158,80
-0.04,-0.02,0.60,85.75,-19.59,-5.13,0.60,88.11,410,521,183,141
0.07,0.65,0.12,13.18,-3.30,-8.48,0.67,16.02,462,554,205,110
0.09,1.09,-0.10,-2.81,-4.82,-12.94,1.10,14.09,468,598,207,71
0.10,0.90,0.01,-1.22,-3.66,-8.00,0.91,8.88,396,619,203,55
0.08,1.00,-0.02,-4.52,1.22,4.94,1.00,6.81,374,610,205,60
0.08,0.96,-0.01,-4.33,0.49,2.26,0.96,4.91,282,622,201,60
0.08,1.00,-0.04,-6.84,1.04,5.74,1.01,8.98,296,616,192,64
0.09,1.02,-0.05,-2.08,0.73,5.00,1.02,5.47,336,607,181,74
0.07,0.99,-0.03,0.00,0.73,4.82,0.99,4.88,267,598,165,85
0.07,0.98,-0.03,1.77,0.31,2.99,0.99,3.49,219,590,162,97
0.06,1.00,-0.02,2.50,-0.43,-0.92,1.00,2.70,222,589,172,103
0.07,1.00,-0.03,1.65,-1.46,-4.52,1.00,5.03,254,587,180,98
0.07,0.99,-0.02,1.16,-2.08,-6.29,0.99,6.72,317,587,186,79
0.08,1.02,-0.03,0.85,-3.23,-10.25,1.02,10.79,284,593,191,56
0.08,1.13,-0.06,5.19,-5.92,-18.07,1.14,19.71,291,617,194,34
0.10,1.04,-0.03,43.27,-9.95,-36.50,1.04,57.48,237,649,193,14
0.15,1.13,-0.11,38.21,-15.62,-46.08,1.15,61.87,204,708,203,4
0.06,1.01,0.18,36.44,-13.73,-76.90,1.03,86.20,144,741,214,4
0.14,1.01,0.10,26.92,-3.72,-79.35,1.03,83.87,116,764,206,1
0.20,1.56,-0.01,17.03,-2.93,-94.12,1.57,95.69,90,791,203,2
0.24,1.21,-0.04,37.35,-6.77,-137.39,1.23,142.54,68,801,210,2
0.21,1.32,0.19,27.16,-9.28,-151.25,1.35,153.94,46,801,205,2
0.10,1.67,0.27,16.91,-1.89,-195.92,1.69,196.66,21,793,187,3
0.27,1.41,0.01,16.30,5.68,-253.72,1.44,254.31,8,786,138,2
0.48,0.99,-0.14,58.84,-8.85,-241.58,1.11,248.80,3,779,89,0
0.60,1.05,-0.54,110.23,-27.53,-190.92,1.32,222.17,2,792,58,0
-0.33,0.56,-0.97,168.52,-61.16,-151.86,1.17,234.94,2,770,38,2
-2.19,-2.21,-1.13,129.76,-94.60,57.19,3.31,170.47,1,721,0,11
-1.62,-0.20,-0.26,-70.31,-42.30,126.95,1.65,151.16,1,755,0,8
-0.82,0.88,-0.21,-101.93,52.19,161.13,1.22,197.68,1,753,0,6
-0.29,0.58,-0.58,-127.87,75.44,171.51,0.87,226.84,1,744,0,5
-0.02,1.27,-0.32,-181.46,55.05,188.78,1.31,267.57,1,739,0,3
0.25,1.67,-0.07,-137.82,58.65,165.10,1.69,222.92,1,745,0,2
0.90,1.31,-0.15,-113.95,60.06,127.08,1.59,180.94,1,760,0,0
1.24,1.24,-0.12,-117.00,44.25,66.96,1.76,141.88,0,0,0,0
1.50,1.33,-0.17,-132.87,30.27,16.17,2.02,137.24,0,0,0,0
1.64,1.22,-0.09,-135.13,20.39,-8.06,2.05,136.90,0,0,0,0
1.64,1.11,-0.06,-115.17,12.57,1.95,1.98,115.87,0,0,0,0
1.56,0.78,-0.06,-94.85,-3.23,21.79,1.74,97.37,0,0,0,0
1.43,0.75,0.06,-95.58,-30.27,28.87,1.62,104.33,0,0,0,0
1.33,0.91,0.28,-74.28,-55.18,14.04,1.63,93.59,1,797,0,0
1.27,1.20,0.43,21.00,-81.91,-33.94,1.80,91.11,1,800,0,0
0.60,0.89,0.26,88.20,-65.55,-115.48,1.11,159.41,0,0,0,0
0.36,0.83,-0.07,85.75,13.49,-190.25,0.91,209.12,1,821,0,0
0.10,0.16,0.15,393.01,77.51,29.17,0.25,401.64,16,825,82,0
-0.05,0.72,-0.05,-56.82,57.19,316.71,0.72,326.81,82,844,171,2
-0.42,4.00,-0.24,-64.70,38.70,330.93,4.03,339.41,236,721,158,1
0.00,1.00,0.10,111.57,15.99,208.56,1.00,237.07,524,617,148,1
0.03,1.08,0.80,263.61,-6.04,67.93,1.35,272.29,745,516,161,73
0.08,0.21,0.50,71.47,-11.23,-0.37,0.55,72.35,456,526,196,114
0.08,1.17,-0.09,-11.84,-3.85,-8.00,1.17,14.80,421,554,194,82
0.10,1.05,-0.06,-8.00,-4.52,-10.19,1.05,13.72,465,582,204,53
0.10,1.06,-0.05,-0.43,-4.15,-9.83,1.07,10.68,297,607,200,35
0.09,1.03,-0.02,0.79,-2.01,-3.85,1.03,4.41,328,621,201,28
0.08,0.98,0.00,5.62,-2.32,-3.97,0.98,7.26,326,637,201,22
0.10,0.91,0.02,0.61,-1.10,-0.67,0.91,1.42,256,649,198,18
0.09,0.92,0.01,-6.16,-0.18,5.37,0.93,8.18,320,643,197,25
0.07,0.90,0.03,-14.53,3.36,16.97,0.90,22.59,233,624,183,38
0.08,1.10,-0.05,-3.60,3.05,11.23,1.11,12.18,278,593,174,64
0.06,1.02,-0.00,4.58,0.49,4.15,1.02,6.20,292,572,180,81
0.07,1.00,-0.01,5.74,-1.89,-4.03,1.00,7.26,344,577,189,82
0.08,1.00,-0.01,5.37,-2.62,-9.40,1.00,11.14,329,586,195,59
0.08,1.10,-0.04,2.62,-3.36,-13.85,1.10,14.50,261,607,200,37
0.10,1.16,-0.06,35.10,-7.63,-29.66,1.17,46.58,216,655,202,20
0.11,1.13,0.02,47.06,-12.63,-50.54,1.14,70.20,154,707,202,4
-0.03,1.95,0.19,-22.77,-11.11,-102.72,1.96,105.80,110,751,201,3
0.21,0.70,0.03,2.69,-2.01,-95.64,0.73,95.70,100,761,205,2
0.29,1.18,0.05,-7.14,-1.95,-71.59,1.22,71.98,102,783,211,3
0.20,1.72,-0.02,-13.06,-7.26,-112.30,1.73,113.29,100,807,212,4
0.23,1.88,0.03,-22.46,-13.61,-174.26,1.89,176.22,70,821,210,0
0.05,1.93,-0.02,5.07,-8.73,-254.09,1.93,254.29,33,818,187,3
0.23,1.19,-0.09,11.66,-6.59,-303.59,1.21,303.88,14,795,142,0
0.50,1.32,-0.25,40.77,-17.58,-280.21,1.43,283.71,5,788,86,0
0.29,1.17,-0.28,125.31,-28.32,-229.00,1.24,262.58,2,774,55,0
-0.70,-0.41,-1.16,205.32,-70.92,-27.89,1.42,219.01,2,741,25,3
-0.83,-0.86,-1.43,80.44,-112.18,118.10,1.86,181.67,1,662,0,5
-1.36,0.40,-0.53,-83.01,-79.41,159.91,1.51,196.89,1,710,0,5
-0.66,0.54,-0.41,-98.75,19.59,161.25,0.94,190.10,1,717,0,4
-0.16,0.88,-0.43,-152.77,67.93,163.64,1.00,233.94,1,722,0,2
0.23,1.27,-0.39,-160.46,60.49,158.94,1.34,233.81,1,724,0,0
0.46,1.50,-0.27,-152.95,35.64,144.47,1.59,213.39,1,740,0,0
0.54,1.45,-0.03,-134.09,23.93,122.56,1.54,183.23,0,0,0,0
0.68,1.39,0.11,-124.94,47.24,83.98,1.55,157.78,0,0,0,0
1.09,1.41,-0.13,-125.67,60.24,31.01,1.79,142.77,0,0,0,0
1.29,1.19,-0.16,-125.12,29.97,-10.07,1.76,129.05,0,0,0,0
1.16,0.92,-0.17,-136.41,-2.99,-12.63,1.49,137.03,0,0,0,0
0.95,0.89,0.01,-151.92,-22.89,14.47,1.30,154.31,0,0,0,0
0.79,1.10,0.21,-137.21,-24.23,45.96,1.37,146.71,0,0,0,0
0.84,1.49,0.30,-73.06,-3.42,40.47,1.74,83.59,1,761,0,0
1.12,1.13,-0.04,54.38,36.68,-21.36,1.59,68.99,1,750,0,0
1.50,0.20,-0.69,83.74,48.89,-126.53,1.66,159.41,1,738,0,0
1.49,-0.15,-0.45,-22.95,-30.21,-215.15,1.56,218.47,2,774,0,0
1.04,-2.49,-0.10,364.44,-127.87,-29.85,2.70,387.37,57,846,74,2
-1.21,1.60,1.44,355.59,-48.03,452.88,2.48,577.80,32736,0,161,1
0.18,1.09,-0.14,222.96,-8.24,218.44,1.12,312.25,388,674,174,1
0.14,2.93,-0.56,19.78,9.58,202.03,2.98,203.22,528,576,175,16
-0.37,0.75,0.31,168.46,-27.95,10.74,0.89,171.10,576,541,204,61
0.07,1.03,0.09,32.47,-8.91,-6.16,1.04,34.23,468,575,214,54
0.13,1.46,-0.17,-1.95,-2.99,-15.26,1.48,15.67,345,614,218,20
0.07,1.24,0.15,15.81,-6.04,-38.15,1.25,41.73,368,650,221,5
0.17,1.21,-0.08,-44.56,0.49,-44.31,1.23,62.84,269,694,222,3
0.18,1.07,-0.05,-26.79,0.67,-48.95,1.09,55.81,225,725,221,3
0.19,0.95,0.01,-19.04,0.92,-50.48,0.97,53.96,208,743,217,1
0.24,0.87,-0.05,-17.09,1.83,-45.23,0.90,48.38,179,758,220,2
0.26,0.86,-0.06,-6.84,-0.31,-36.38,0.90,37.01,167,766,219,2
0.28,0.84,-0.05,-0.85,-1.28,-23.74,0.89,23.79,162,774,218,3
0.28,0.82,-0.05,3.85,-1.71,-10.74,0.87,11.54,138,773,216,3
0.28,0.87,-0.04,7.69,-2.93,0.73,0.92,8.26,162,772,219,4
0.26,0.93,0.03,2.20,-1.34,7.63,0.96,8.05,167,763,222,4
0.26,1.04,-0.02,-0.79,2.01,6.16,1.07,6.53,230,759,220,4
0.26,1.11,-0.04,0.12,3.30,-3.48,1.14,4.79,194,768,226,3
0.26,1.25,-0.04,-0.73,1.40,-21.55,1.27,21.60,172,785,231,4
0.31,1.29,-0.11,2.87,-5.00,-48.77,1.33,49.11,143,808,229,4
0.40,1.33,-0.21,2.99,-15.44,-84.11,1.40,85.56,126,830,232,3
0.55,1.49,-0.46,-22.28,-34.85,-126.95,1.65,133.52,85,847,230,3
0.82,2.07,-1.14,-73.06,-91.19,-207.52,2.50,238.15,47,841,211,3
0.43,2.54,-0.59,-91.37,-171.14,-319.58,2.64,373.86,15,807,136,1
-0.01,2.08,-0.22,-15.32,-156.62,-276.12,2.09,317.82,3,779,44,0
0.05,1.29,-0.80,-2.99,-167.54,-279.24,1.52,325.66,1,795,14,0
-1.48,-0.45,-0.70,-98.94,-193.60,-238.46,1.69,322.70,0,0,0,7
-1.07,0.66,-0.24,-131.71,-148.50,47.12,1.28,204.01,0,0,0,4
-0.78,0.70,0.21,-47.00,-55.60,165.59,1.07,180.89,0,0,0,0
-0.42,0.32,-0.05,-25.76,3.78,118.53,0.54,121.36,1,758,0,1
-0.39,0.31,-0.16,-71.11,42.11,125.92,0.52,150.61,1,743,0,2
-0.11,0.75,-0.16,-95.28,59.02,195.25,0.78,225.13,1,730,0,0
0.46,1.08,-0.18,-83.56,54.38,201.84,1.19,225.12,1,722,0,0
0.60,1.11,-0.15,-90.76,38.09,189.03,1.27,213.12,1,714,0,0
0.60,1.24,-0.05,-95.28,34.85,179.08,1.38,205.82,1,712,0,0
0.55,1.26,-0.05,-90.94,47.67,167.91,1.38,196.81,1,710,0,0
0.57,1.31,-0.05,-95.83,59.63,154.54,1.43,191.37,1,714,0,0
0.65,1.50,0.05,-87.52,56.88,138.37,1.63,173.33,1,727,0,0
0.77,1.25,-0.10,-58.96,36.38,125.06,1.47,142.97,0,0,0,0
0.97,1.22,-0.13,-79.83,-3.85,106.38,1.57,133.06,1,739,0,0
1.33,0.94,0.74,166.93,-76.42,14.34,1.79,184.15,1,724,0,11
1.58,1.50,0.75,105.59,-128.23,12.39,2.30,166.57,2,687,0,19
1.41,1.39,1.50,227.23,-171.39,0.24,2.48,284.62,10,568,0,24
-0.02,1.70,-0.18,-58.17,-21.18,0.79,1.71,61.91,85,513,22,105
0.09,1.05,0.08,20.69,-2.56,-14.04,1.06,25.13,160,514,62,136
0.06,0.92,0.03,-14.53,3.78,1.16,0.92,15.06,166,522,65,127
0.08,1.02,-0.07,-7.69,3.36,-2.14,1.03,8.66,188,523,73,127
0.08,1.04,-0.05,7.63,-1.28,-2.69,1.05,8.19,220,529,83,136
0.07,0.96,0.01,8.97,-1.65,-2.44,0.96,9.44,225,537,103,146
0.07,0.97,0.01,2.38,-0.43,-1.53,0.98,2.86,229,536,114,152
0.07,0.99,-0.01,-2.99,0.00,-1.34,0.99,3.28,237,537,122,145
0.08,1.00,-0.02,-1.95,-0.43,-1.16,1.00,2.31,297,540,122,136
0.07,0.99,-0.01,-0.92,-0.49,-0.85,0.99,1.34,322,543,124,131
0.07,0.99,-0.01,-1.59,-0.43,-0.67,0.99,1.78,354,545,132,130
0.08,0.99,-0.01,-2.38,-0.92,-1.34,0.99,2.88,268,545,132,119
0.07,0.99,-0.01,-1.59,-1.16,-2.14,1.00,2.90,337,553,136,110
0.08,0.99,-0.02,15.26,-1.46,-2.62,0.99,15.55,344,556,145,109
0.08,0.99,-0.01,0.92,-1.53,-2.26,0.99,2.88,384,560,155,105
0.08,0.99,-0.01,0.61,-1.59,-1.77,0.99,2.45,467,560,154,100
0.07,0.97,-0.03,-0.06,-2.01,-2.56,0.97,3.26,338,563,167,98
0.08,0.99,-0.01,-0.92,-1.71,-3.48,1.00,3.98,544,564,168,90
0.08,0.99,-0.01,-1.16,-2.08,-4.33,0.99,4.94,445,570,176,77
0.08,0.98,-0.00,-1.16,-2.20,-4.52,0.99,5.15,499,574,178,64
0.09,0.99,-0.01,-2.56,-2.01,-6.23,1.00,7.03,424,582,185,54
0.09,1.02,-0.02,-2.56,-1.65,-9.09,1.02,9.59,418,588,191,38
0.09,1.01,-0.01,12.82,-2.14,-15.01,1.02,19.86,471,607,195,25
0.08,1.11,0.02,16.36,-3.48,-17.09,1.11,23.91,398,627,202,12
0.14,1.07,-0.07,23.62,-8.12,-29.85,1.09,38.92,326,668,205,4
0.11,1.28,0.04,-2.75,-11.90,-58.41,1.28,59.67,251,725,211,3
0.21,1.60,-0.15,-2.44,-11.11,-96.25,1.62,96.92,176,775,210,2
0.43,1.36,-0.53,-4.94,-36.50,-145.63,1.53,150.22,87,817,205,3
0.38,1.79,-0.55,-44.13,-82.58,-191.77,1.91,213.41,35,828,187,2
0.36,1.95,-0.64,-38.09,-126.95,-255.31,2.08,287.66,13,800,139,0
0.21,2.07,-0.46,-16.97,-152.16,-268.62,2.13,309.18,4,791,61,0
0.16,1.26,-0.74,9.09,-168.58,-226.44,1.47,282.45,1,779,16,0
-1.19,-0.48,-0.29,15.32,-200.07,-156.98,1.32,254.77,1,740,0,2
-0.85,0.41,-0.33,-57.13,-170.29,-11.05,1.00,179.95,1,732,0,0
-0.83,0.95,0.17,-47.00,-93.26,50.48,1.27,115.99,1,743,0,0
-0.68,0.19,-0.13,-33.57,-18.68,56.76,0.72,68.54,1,744,0,0
-0.47,0.32,-0.20,-93.08,9.03,87.22,0.60,127.88,1,741,0,0
-0.22,0.88,-0.04,-120.12,-7.51,127.26,0.91,175.15,1,735,0,0
-0.15,1.00,0.10,-102.91,-45.96,167.54,1.01,201.92,1,733,0,1
-0.04,1.12,0.18,-111.21,-45.23,175.84,1.14,212.91,1,733,0,0
-0.03,1.41,0.40,-126.95,-30.82,169.31,1.46,213.85,1,737,0,0
0.06,1.51,0.38,-111.69,5.31,161.80,1.56,196.68,1,739,0,0
0.32,1.41,0.17,-103.88,25.21,149.66,1.45,183.91,1,745,0,0
0.56,1.52,0.26,-109.38,10.19,140.69,1.64,178.49,1,746,0,0
0.82,1.55,0.35,-93.87,-3.66,109.56,1.79,144.32,1,739,0,0
1.53,3.60,0.21,-115.78,-9.83,44.86,3.91,124.56,1,737,0,6
1.59,0.92,0.30,-23.44,-16.48,-36.44,1.86,46.35,1,719,0,10
1.61,2.00,1.60,117.80,-48.71,-12.94,3.02,128.13,2,687,0,16
0.06,1.37,0.02,191.53,-32.90,-6.16,1.37,194.43,11,557,0,36
-0.07,1.53,-0.37,-38.21,5.80,-1.46,1.58,38.67,48,495,14,104
0.07,0.77,0.12,16.97,-1.46,-9.09,0.78,19.31,113,512,51,122
0.07,0.83,0.06,3.42,1.16,-1.95,0.84,4.10,139,509,59,124
0.07,1.08,-0.08,-7.45,1.10,-1.71,1.08,7.72,156,511,59,118
0.06,1.00,-0.04,1.22,0.24,-1.53,1.00,1.97,161,512,70,129
0.06,0.98,-0.01,5.98,-0.37,-1.95,0.98,6.30,212,515,82,135
0.06,0.99,-0.01,1.77,-0.31,-2.08,0.99,2.74,276,516,89,137
0.06,0.99,-0.02,-0.12,-0.43,-2.20,1.00,2.24,516,513,100,139
0.06,0.99,-0.02,0.24,-0.67,-1.89,0.99,2.02,419,518,111,144
0.06,0.99,-0.01,-0.24,-0.73,-1.89,0.99,2.04,435,523,124,145
0.06,0.99,-0.01,-0.73,-0.67,-1.83,0.99,2.08,365,522,127,138
0.06,0.99,-0.01,-1.59,-0.73,-1.65,0.99,2.40,662,526,136,126
0.06,0.99,-0.02,-2.69,-0.73,-2.08,0.99,3.47,467,531,149,117
0.06,1.00,-0.02,-2.75,-1.22,-2.44,1.00,3.87,526,536,152,105
0.07,1.00,-0.02,-1.34,-1.46,-2.62,1.00,3.29,400,539,158,97
0.07,0.99,-0.02,-0.31,-1.65,-2.50,0.99,3.01,489,544,165,96
0.07,0.99,-0.02,-0.61,-1.40,-2.32,0.99,2.78,496,545,165,88
0.07,0.98,-0.01,-0.37,-1.65,-2.01,0.99,2.63,554,547,173,87
0.07,0.99,-0.02,-0.61,-1.46,-2.14,0.99,2.66,561,549,173,83
0.07,1.00,-0.02,-0.98,-1.71,-2.62,1.00,3.28,421,551,174,77
0.07,0.99,-0.02,-1.04,-1.83,-3.36,0.99,3.96,644,553,180,66
0.07,1.00,-0.02,-1.77,-1.40,-4.15,1.00,4.73,429,559,183,55
0.08,0.99,-0.02,-1.10,-1.77,-6.10,0.99,6.45,583,564,184,48
0.08,1.00,-0.03,-1.34,-2.08,-6.96,1.00,7.38,668,570,187,39
0.09,1.02,-0.03,0.43,-2.56,-7.51,1.02,7.94,406,575,188,29
0.09,0.95,-0.02,8.42,-4.03,-9.70,0.95,13.47,437,577,188,26
0.09,1.04,-0.01,6.71,-3.60,-9.64,1.05,12.29,406,588,196,16
0.10,1.04,-0.02,12.21,-5.25,-17.40,1.04,21.89,488,600,201,6
0.09,1.05,0.03,4.76,-7.26,-28.56,1.06,29.86,413,631,198,1
0.11,1.19,0.02,-13.37,-6.41,-42.24,1.20,44.76,453,670,191,2
0.13,1.32,-0.00,-13.98,-7.32,-67.26,1.32,69.09,321,720,190,2
0.18,1.31,-0.06,-9.40,-10.25,-106.02,1.33,106.93,217,770,198,0
0.37,1.30,-0.38,-28.50,-23.99,-135.50,1.40,140.53,137,815,194,3
0.37,1.91,-0.49,-56.64,-56.52,-180.91,2.00,197.81,67,834,178,1
0.34,1.93,-0.44,-35.52,-87.10,-239.99,2.01,257.77,28,807,126,0
0.34,1.88,-0.40,-5.25,-103.03,-255.19,1.95,275.25,8,785,59,0
0.32,1.03,-0.58,40.65,-116.52,-225.28,1.23,256.87,3,754,17,0
-0.48,0.30,-0.73,-6.29,-155.15,-180.18,0.93,237.85,2,723,4,0
-0.97,-0.17,-0.07,-14.77,-163.57,-26.00,0.99,166.29,1,700,0,0
-0.99,0.58,0.07,-43.70,-85.39,91.37,1.15,132.47,1,714,0,0
-0.67,0.22,-0.05,-14.04,-21.79,91.80,0.71,95.39,1,717,0,0
-0.41,0.33,-0.24,-56.40,21.91,118.84,0.58,133.35,1,723,0,0
-0.01,0.67,-0.29,-87.34,10.50,151.92,0.73,175.55,1,722,0,0
0.10,1.16,-0.06,-92.59,-30.88,184.33,1.16,208.57,1,723,0,0
0.15,1.17,0.09,-76.35,-53.83,200.38,1.18,221.09,1,728,0,0
0.01,1.41,0.27,-81.54,-33.51,191.53,1.43,210.84,1,733,0,0
0.08,1.42,0.09,-79.83,34.30,163.09,1.42,184.79,1,741,0,0
0.45,1.47,-0.02,-93.14,79.65,146.36,1.54,190.90,1,746,0,0
0.93,1.50,0.06,-107.18,83.13,107.24,1.76,172.91,1,745,0,0
1.77,3.56,0.13,-146.18,74.89,27.34,3.98,166.51,1,748,0,3
1.85,1.20,0.37,-52.37,71.96,-33.75,2.23,95.18,1,716,0,8
1.90,1.24,1.03,76.66,45.35,-18.13,2.49,90.90,2,668,0,15
0.13,0.90,-0.31,183.78,-1.04,-15.50,0.96,184.43,8,528,0,31
0.04,1.61,-0.20,16.97,-6.04,-4.82,1.62,18.65,56,457,5,96
0.11,1.37,-0.12,-4.82,-1.34,-10.25,1.38,11.41,121,499,30,119
0.06,1.03,-0.02,-1.95,0.61,-3.36,1.03,3.93,120,505,39,120
0.07,0.92,0.02,-3.05,0.18,-1.89,0.92,3.60,181,501,43,127
0.06,0.99,-0.02,0.31,-0.85,-1.65,0.99,1.88,230,503,50,127
0.06,0.99,-0.01,2.62,-1.59,-1.83,0.99,3.57,234,504,56,131
0.06,0.99,-0.01,-0.06,-0.55,-2.08,0.99,2.15,312,507,62,132
0.06,0.99,-0.01,-0.12,-0.85,-2.20,0.99,2.36,328,505,70,131
0.06,1.00,-0.01,0.67,-0.85,-2.01,1.00,2.29,369,505,80,139
0.06,0.99,-0.01,0.92,-0.61,-2.01,0.99,2.30,528,506,85,138
0.06,0.99,-0.01,0.37,-0.43,-1.77,0.99,1.86,435,508,95,133
0.06,1.00,-0.01,0.12,-0.73,-1.53,1.00,1.70,640,510,106,137
0.07,0.99,-0.01,-0.79,-0.67,-1.40,0.99,1.75,504,512,112,130
0.06,0.99,-0.01,-1.10,-0.73,-1.59,0.99,2.06,512,517,113,127
0.06,0.99,-0.01,-1.16,-0.61,-1.65,1.00,2.11,464,522,119,116
0.07,0.99,-0.01,0.06,-0.73,-1.65,0.99,1.80,421,526,120,110
0.07,0.99,-0.01,0.06,-0.73,-1.53,0.99,1.69,584,528,124,114
0.07,0.99,-0.00,0.00,-0.61,-1.22,0.99,1.36,389,530,136,111
0.07,0.99,-0.01,0.18,-0.61,-1.10,0.99,1.27,600,532,138,111
0.07,0.99,-0.01,0.12,-0.85,-1.34,0.99,1.60,476,530,143,112
0.07,0.99,-0.00,-0.43,-0.85,-1.40,0.99,1.70,480,534,145,112
0.07,0.99,-0.00,-0.92,-1.04,-1.71,0.99,2.20,483,533,151,106
0.07,0.99,-0.00,-1.28,-1.28,-1.95,0.99,2.66,405,536,146,107
0.07,0.99,-0.00,-0.92,-1.34,-2.14,0.99,2.68,547,537,154,103
0.07,0.98,0.00,-0.49,-1.34,-1.83,0.99,2.32,450,541,158,99
0.07,0.99,-0.01,-1.10,-0.55,-1.34,0.99,1.82,624,545,158,92
0.07,0.99,-0.00,-1.46,0.00,-0.79,0.99,1.67,379,549,155,86
0.07,1.01,-0.01,-3.85,-0.92,-3.85,1.02,5.51,837,563,148,63
0.07,1.08,-0.02,-4.58,-4.15,-14.95,1.08,16.18,480,596,144,27
0.14,1.37,-0.14,12.15,-16.11,-34.48,1.38,39.95,369,645,139,4
0.23,1.75,-0.56,-48.03,-67.81,-97.29,1.85,127.95,173,719,119,0
0.06,1.64,-0.35,-41.69,-99.43,-167.30,1.68,199.03,52,736,92,0
-0.02,1.58,-0.19,-44.13,-100.40,-186.46,1.59,216.32,15,719,42,0
-0.26,0.68,-0.35,3.30,-107.48,-169.37,0.81,200.63,5,694,13,0
-0.83,0.72,-0.09,4.76,-87.52,-68.05,1.10,110.97,2,652,0,0
-0.86,0.17,-0.10,8.18,-34.36,-12.57,0.88,37.49,2,659,0,0
-0.34,0.61,-0.09,-26.73,20.75,30.21,0.71,45.37,2,661,0,0
-0.09,0.68,-0.11,-39.86,15.62,51.94,0.69,67.31,2,669,0,0
0.07,0.79,-0.05,-23.32,-19.41,83.01,0.80,88.38,2,669,0,0
0.08,0.81,0.01,-17.15,-43.76,101.32,0.81,111.69,2,669,0,0
0.06,0.92,0.08,-17.40,-36.01,101.93,0.92,109.49,2,666,0,0
0.17,0.91,0.02,-26.86,3.36,87.89,0.93,91.96,2,667,0,0
0.33,1.09,0.05,-39.06,43.52,52.61,1.14,78.66,1,676,0,0
0.40,1.05,0.01,-34.12,69.58,13.24,1.13,78.62,1,697,0,0
0.40,1.05,-0.02,-21.48,77.70,-5.31,1.12,80.79,1,718,0,0
0.39,0.93,-0.07,-12.33,90.58,-6.90,1.01,91.67,0,0,0,0
0.67,1.01,-0.16,-14.28,102.17,-13.24,1.22,104.01,0,0,0,0
0.99,0.83,-0.30,-11.90,76.48,-42.54,1.32,88.32,1,758,0,0
1.09,0.73,-0.34,-45.17,17.58,-78.86,1.36,92.56,1,761,0,0
0.95,0.65,-0.30,-75.99,-45.72,-86.18,1.19,123.66,0,0,0,0
0.78,0.57,-0.23,-96.92,-94.12,-52.31,0.99,144.87,1,755,0,0
0.63,0.65,-0.18,-99.12,-122.92,-4.33,0.92,157.97,1,754,0,0
0.44,0.83,-0.09,-92.96,-134.58,15.44,0.94,164.29,1,744,0,0
0.35,0.84,-0.02,-64.27,-110.11,-0.61,0.91,127.49,1,735,0,0
0.30,0.64,-0.05,-25.09,-66.96,-18.92,0.70,73.96,1,731,0,0
0.37,0.67,-0.11,-14.47,-26.18,-35.28,0.77,46.25,1,738,0,0
0.45,0.66,-0.22,5.25,-1.22,-50.60,0.83,50.88,1,742,0,0
0.64,0.54,-0.32,7.63,8.18,-66.28,0.90,67.22,1,748,0,0
0.65,0.66,-0.20,6.23,-10.44,-88.81,0.95,89.63,1,742,0,0
-0.01,1.62,0.47,200.32,3.42,6.84,1.69,200.46,16,816,42,0
1.79,-1.93,-2.50,204.22,70.50,184.88,3.63,284.35,93,840,147,1
0.13,2.50,-1.00,63.78,26.31,272.34,2.70,280.94,259,723,159,2
0.06,0.71,0.25,111.51,6.35,163.45,0.76,197.97,416,658,147,4
0.12,0.81,0.34,209.05,0.24,58.65,0.89,217.12,485,537,147,44
0.05,0.55,0.22,36.62,-2.62,2.93,0.59,36.83,754,519,160,97
0.07,0.70,0.12,26.25,-6.65,-7.02,0.71,27.97,477,542,185,86
0.10,1.03,-0.01,-0.06,-2.50,-2.62,1.03,3.63,393,550,184,78
0.11,1.00,-0.01,-3.42,-2.08,-1.22,1.01,4.18,652,567,183,64
0.11,0.98,0.00,-3.17,-1.16,1.34,0.98,3.64,391,574,178,62
0.11,0.98,0.00,-3.05,-0.12,2.93,0.99,4.23,416,575,172,63
0.09,0.99,-0.01,-2.32,0.00,4.39,1.00,4.97,381,571,157,73
0.08,0.98,-0.00,-0.61,0.18,3.05,0.99,3.12,413,569,143,81
0.08,1.00,-0.01,0.55,0.18,0.67,1.00,0.89,496,567,142,90
0.09,1.00,-0.01,1.89,-0.31,-0.12,1.00,1.92,410,563,150,97
0.09,0.98,0.01,3.72,-0.43,0.06,0.99,3.75,402,565,144,99
0.09,1.00,0.00,3.42,-0.43,1.83,1.01,3.90,336,568,137,112
0.09,1.01,0.00,3.78,-0.43,0.37,1.01,3.83,384,570,135,114
0.09,0.99,0.00,4.27,-1.28,-1.04,0.99,4.58,265,578,139,120
0.09,0.98,0.02,5.98,-1.65,-2.14,0.98,6.56,261,584,136,113
0.09,0.98,0.01,6.59,-2.08,-3.30,0.99,7.66,250,589,145,101
0.09,0.98,0.02,6.23,-2.44,-5.74,0.99,8.81,240,590,154,92
0.09,1.00,0.01,5.00,-2.26,-7.20,1.01,9.06,261,595,164,76
0.10,1.04,0.01,5.92,-4.21,-15.20,1.04,16.85,306,609,178,49
0.11,1.13,-0.02,24.48,-7.51,-29.11,1.14,38.77,310,646,188,30
0.10,1.16,0.06,46.08,-11.23,-38.76,1.17,61.25,254,690,197,15
0.12,1.44,0.03,62.32,-10.74,-52.67,1.45,82.30,153,723,202,6
0.10,1.11,0.17,56.34,-13.06,-76.54,1.13,95.93,98,736,203,5
0.20,0.80,0.29,45.17,-8.42,-65.98,0.88,80.40,74,742,201,3
0.16,1.45,0.34,23.56,0.79,-79.59,1.50,83.01,54,764,208,2
0.25,1.32,0.15,15.62,6.84,-116.21,1.35,117.46,30,783,191,4
0.18,1.46,0.24,5.07,8.79,-146.36,1.49,146.71,14,787,167,1
0.22,1.25,0.18,10.01,8.67,-185.91,1.28,186.38,6,776,132,1
0.32,1.19,0.06,36.62,7.63,-195.68,1.23,199.22,3,775,93,0
-0.07,1.16,0.19,117.37,16.91,-165.28,1.17,203.42,2,789,67,0
-0.17,-0.23,-0.53,155.46,28.26,-129.52,0.61,204.30,2,766,41,6
-0.91,-0.68,-0.55,3.30,0.06,-30.03,1.26,30.21,1,758,12,13
-0.64,-0.16,-0.37,-32.65,36.50,50.72,0.76,70.51,1,753,0,7
-0.09,0.89,-0.24,-53.83,29.79,130.98,0.93,144.71,1,759,0,7
-0.15,0.61,-0.23,-49.07,-1.22,143.07,0.67,151.25,1,761,0,6
-0.12,0.93,-0.09,-76.35,10.62,152.16,0.94,170.57,1,762,0,6
0.05,1.11,-0.11,-86.00,53.59,130.49,1.12,165.21,1,773,0,6
0.26,1.10,-0.25,-88.01,89.54,100.22,1.15,160.65,0,0,0,4
0.61,1.16,-0.34,-90.64,104.19,75.13,1.35,157.21,0,0,0,2
1.33,1.29,-0.44,-122.99,92.41,0.55,1.90,153.83,1,794,0,0
1.71,1.54,-0.15,-115.36,49.32,-26.06,2.31,128.13,0,0,0,0
1.54,0.97,-0.17,-76.72,19.90,-10.50,1.83,79.95,0,0,0,0
1.47,0.52,-0.40,-75.68,-22.89,6.53,1.61,79.34,0,0,0,0
1.16,0.50,-0.32,-127.14,-79.28,18.01,1.30,150.91,0,0,0,0
0.86,0.71,0.02,-155.27,-110.96,34.73,1.11,193.98,0,0,0,0
0.70,1.08,0.37,-134.09,-114.20,39.18,1.34,180.44,1,803,0,0
0.57,1.10,0.55,-59.69,-96.13,19.96,1.36,114.90,1,800,0,0
0.43,0.85,0.39,18.68,-47.91,-1.59,1.03,51.45,0,0,0,0
0.55,0.59,0.04,49.80,24.05,-22.52,0.81,59.72,1,798,0,0
0.98,0.80,-0.34,67.32,27.59,-55.11,1.31,91.27,1,795,0,0
0.83,0.28,-0.71,68.66,-10.80,-88.87,1.13,112.82,1,781,0,0
-0.85,1.19,0.29,8.85,-46.94,-85.27,1.49,97.73,3,811,17,0
1.52,-1.14,-0.93,186.71,-23.86,49.50,2.12,194.63,25,837,117,1
0.10,0.29,-0.76,74.95,0.49,330.20,0.82,338.60,109,805,183,3
0.05,3.10,-0.28,31.07,5.74,237.67,3.12,239.76,272,713,184,3
-0.22,2.73,0.00,33.20,12.63,240.72,2.74,243.33,512,614,165,1
0.36,0.03,0.18,113.83,-24.66,-2.50,0.41,116.50,465,540,184,69
0.02,0.98,0.11,22.71,-7.69,-8.24,0.98,25.35,740,548,198,88
0.09,1.08,-0.05,-12.70,-2.69,-7.39,1.08,14.93,586,571,199,57
0.10,1.34,-0.15,-2.62,-4.21,-14.10,1.35,14.95,471,604,200,30
0.11,0.94,0.00,14.47,-4.21,-15.44,0.95,21.57,576,634,196,17
0.11,0.91,0.02,8.24,-3.30,-8.91,0.92,12.58,333,634,200,11
0.09,0.93,0.01,0.00,-1.46,-2.32,0.94,2.74,361,640,193,7
0.10,0.97,0.02,-3.85,-0.31,1.40,0.98,4.10,366,638,195,7
0.11,0.99,0.00,-3.97,0.24,4.03,0.99,5.66,364,625,197,11
0.11,0.96,0.02,-4.70,0.37,6.16,0.96,7.76,464,615,196,18
0.08,0.94,0.03,-10.68,1.65,10.56,0.94,15.11,413,595,191,29
0.09,1.11,-0.04,-16.05,2.38,12.94,1.11,20.76,379,599,186,41
0.09,1.03,-0.02,-0.55,0.43,1.71,1.03,1.85,349,596,184,45
0.08,0.96,0.01,0.98,-0.43,-0.73,0.96,1.29,450,595,189,41
0.09,1.02,-0.02,-0.73,-0.37,-1.28,1.03,1.52,379,596,181,33
0.08,1.13,-0.05,6.53,-2.01,-8.42,1.13,10.85,354,597,186,27
0.09,0.95,0.03,13.12,-3.17,-13.00,0.95,18.74,459,596,190,18
0.10,1.08,0.01,13.79,-3.97,-16.85,1.09,22.13,536,588,194,9
0.16,0.98,-0.01,17.09,-2.08,-42.91,0.99,46.23,445,624,201,2
0.14,1.04,0.00,-7.63,-1.10,-65.12,1.05,65.58,418,671,206,2
0.19,0.97,0.05,-0.67,-1.53,-54.08,0.99,54.10,299,697,215,3
0.13,1.46,0.00,-11.47,1.53,-75.87,1.46,76.74,222,733,214,4
0.22,0.91,-0.00,-2.56,2.69,-91.86,0.94,91.93,177,762,224,4
0.29,0.81,-0.04,3.42,1.46,-76.54,0.86,76.63,141,793,226,4
0.33,1.17,-0.01,8.79,-0.61,-67.99,1.22,68.56,107,815,232,4
0.34,1.76,-0.01,9.46,-1.22,-117.13,1.79,117.51,70,831,218,3
0.23,1.69,-0.03,20.81,-11.05,-187.74,1.70,189.22,37,822,195,3
0.31,1.07,0.02,25.02,-9.58,-231.02,1.11,232.57,16,804,161,2
0.48,1.32,0.04,37.11,-9.34,-219.30,1.41,222.61,6,792,95,0
0.37,1.02,-0.17,123.72,-4.88,-171.88,1.10,211.83,2,769,45,0
-0.03,0.19,-0.56,195.13,-13.00,-122.07,0.59,230.53,2,742,24,0
-0.88,-1.32,-0.86,114.44,-44.37,-0.61,1.81,122.74,2,702,6,3
-1.12,-0.01,-0.09,12.82,-72.81,74.89,1.12,105.24,1,664,0,2
-0.99,0.26,-0.02,-15.75,-21.91,120.12,1.02,123.11,1,688,0,2
-0.52,0.76,0.01,-53.83,41.81,133.48,0.93,149.88,1,697,0,1
-0.05,0.88,-0.17,-52.86,51.03,141.85,0.90,159.74,1,697,0,0
0.10,1.08,-0.14,-65.43,30.27,142.76,1.09,159.93,1,703,0,0
0.14,1.17,0.06,-67.38,41.38,127.93,1.18,150.40,1,719,0,0
0.32,1.32,0.09,-61.22,95.15,103.52,1.36,153.35,0,0,0,0
0.57,1.34,0.01,-30.94,136.47,80.93,1.46,161.66,0,0,0,0
1.07,1.33,-0.25,-6.84,150.88,61.34,1.73,163.01,0,0,0,0
1.51,1.12,-0.53,-9.16,120.61,27.22,1.95,123.98,0,0,0,0
1.69,0.77,-0.62,-93.57,50.17,-14.53,1.95,107.16,0,0,0,0
1.50,0.95,-0.40,-142.82,-3.11,-6.59,1.82,143.01,0,0,0,0
1.33,0.76,-0.25,-133.24,-50.23,25.39,1.55,144.64,0,0,0,0
1.18,0.76,0.02,-127.14,-89.84,46.51,1.40,162.48,0,0,0,0
1.01,0.90,0.47,-115.91,-103.15,29.30,1.43,157.90,0,0,0,0
0.85,0.82,0.43,-30.40,-69.34,12.02,1.26,76.65,0,0,0,0
0.92,0.55,-0.24,28.63,-34.30,-19.17,1.10,48.61,0,0,0,0
0.76,0.49,-0.45,5.13,-36.50,-69.21,1.01,78.42,0,0,0,0
0.50,0.61,-0.25,-21.00,-47.55,-107.79,0.83,119.67,0,0,0,2
0.48,0.75,-0.22,-14.89,-57.80,-96.86,0.92,113.78,0,0,0,3
-0.39,1.13,0.76,90.03,-49.01,-19.47,1.41,104.34,4,803,29,0
1.97,-1.45,-0.62,215.82,-19.65,68.05,2.52,227.15,39,853,162,1
-0.49,0.90,-0.28,72.08,-10.19,389.83,1.06,396.57,146,805,178,2
0.20,1.76,-0.54,143.43,9.58,175.23,1.85,226.65,277,711,179,4
-0.04,3.48,-0.27,-45.90,23.86,213.44,3.49,219.62,477,622,195,3
-0.83,3.00,0.98,109.19,-3.54,97.60,3.26,146.49,524,561,199,41
0.05,0.74,0.29,36.93,-7.08,0.79,0.80,37.61,640,555,210,79
0.09,0.95,-0.02,-11.05,-2.26,-6.53,0.95,13.03,521,582,214,49
0.10,0.91,0.01,17.76,-3.17,-14.89,0.91,23.39,343,617,208,24
0.11,0.91,-0.00,6.47,-2.69,-12.57,0.92,14.39,345,646,213,14
0.11,0.97,-0.00,-2.87,-1.16,-7.20,0.97,7.84,369,646,203,6
0.11,1.01,-0.04,-17.15,0.55,-5.92,1.02,18.15,298,659,206,5
0.11,0.97,-0.02,-10.50,0.85,-2.01,0.98,10.72,278,662,205,4
0.12,0.91,-0.01,-4.94,1.16,1.71,0.92,5.36,402,655,202,2
0.11,0.95,-0.04,1.95,0.98,4.64,0.96,5.13,364,644,200,5
0.12,0.96,-0.05,16.48,-0.06,13.92,0.96,21.57,464,623,195,7
0.07,1.09,-0.02,-11.72,2.32,18.80,1.09,22.27,373,598,192,21
0.06,1.28,-0.11,-14.40,2.01,11.29,1.29,18.41,337,574,191,38
0.08,1.09,-0.04,-0.37,-0.73,-0.61,1.10,1.02,349,588,186,44
0.09,1.08,-0.06,2.56,-1.95,-6.59,1.08,7.34,502,594,192,37
0.10,1.10,-0.05,27.16,-5.68,-23.01,1.11,36.05,676,592,194,18
0.10,1.04,0.00,30.27,-8.30,-31.86,1.05,44.73,369,636,201,7
0.07,1.03,0.23,19.29,-8.91,-43.03,1.06,47.99,246,693,204,2
0.15,1.10,0.02,6.41,-7.75,-61.71,1.11,62.52,228,723,208,2
0.19,0.94,0.06,13.49,-4.33,-46.33,0.96,48.44,199,735,217,3
0.21,1.07,0.04,15.38,-3.91,-44.37,1.09,47.12,167,748,223,3
0.27,0.86,-0.02,20.69,-5.37,-40.04,0.91,45.39,144,759,224,3
0.27,1.03,-0.02,23.99,-6.65,-35.10,1.06,43.03,135,771,227,4
0.20,1.67,0.12,13.92,-7.93,-56.58,1.68,58.80,113,792,225,2
0.17,2.11,0.21,6.90,-3.05,-126.22,2.13,126.45,69,811,223,1
0.05,2.10,0.06,-5.25,1.77,-213.87,2.10,213.94,29,817,209,3
0.08,1.32,-0.06,10.38,-5.07,-285.52,1.32,285.76,10,797,166,2
0.41,0.89,-0.17,42.11,-18.68,-271.00,1.00,274.88,4,787,108,0
0.41,1.03,-0.32,112.18,-28.81,-224.67,1.15,252.77,2,803,71,0
-0.90,-0.48,-0.68,145.02,-44.74,-94.67,1.22,178.87,1,779,40,6
-1.48,-1.37,-0.87,106.75,-48.40,86.12,2.20,145.45,1,732,2,6
-1.28,-0.14,-0.32,-80.32,-4.09,101.01,1.32,129.12,1,735,0,5
-0.61,0.97,-0.16,-87.34,72.88,149.05,1.16,187.50,1,736,0,4
0.13,0.86,-0.42,-92.10,81.05,158.63,0.97,200.54,1,734,0,1
0.42,1.04,-0.25,-99.91,32.23,153.87,1.15,186.27,1,735,0,1
0.58,1.19,-0.14,-117.98,2.62,111.57,1.33,162.40,1,738,0,0
0.87,1.25,0.08,-111.94,30.21,66.65,1.53,133.74,1,744,0,0
1.24,1.21,-0.00,-107.12,48.10,33.94,1.73,122.22,1,766,0,0
1.24,0.72,-0.21,-93.26,30.15,17.70,1.45,99.60,1,769,0,0
1.30,1.13,-0.11,-132.57,11.11,58.41,1.72,145.29,1,772,0,0
1.37,1.13,-0.03,-101.32,-8.79,58.23,1.77,117.19,1,776,0,0
1.23,0.90,-0.12,-99.12,-23.19,27.65,1.53,105.49,1,772,0,0
1.11,0.99,-0.01,-118.41,-31.86,9.95,1.49,123.02,1,782,0,0
1.02,0.90,0.14,-100.89,-47.73,12.21,1.37,112.28,1,784,0,0
0.87,0.81,0.30,-53.41,-58.78,32.23,1.23,85.71,1,786,0,0
0.75,0.87,0.30,-6.53,-42.48,30.88,1.19,52.92,1,784,0,0
0.71,0.81,0.12,54.08,-7.08,2.87,1.09,54.61,1,786,0,0
0.83,0.90,-0.13,89.48,25.45,-68.36,1.23,115.44,1,789,1,0
0.66,0.61,-0.32,105.29,31.19,-148.68,0.95,184.84,1,791,0,0
-1.62,1.22,0.79,99.06,2.99,-122.13,2.18,157.28,5,807,33,0
2.52,-1.46,-3.41,200.20,12.21,67.50,4.48,211.62,47,850,163,2
-0.21,1.31,-0.48,133.36,-0.06,348.63,1.41,373.27,126,816,186,3
0.21,0.88,-0.45,130.49,-2.56,161.32,1.01,207.50,257,708,174,3
0.14,1.49,-0.03,109.25,5.68,169.07,1.50,201.38,518,608,170,4
-0.21,0.56,0.10,79.71,-12.94,8.00,0.61,81.15,749,536,194,62
0.08,0.81,0.05,28.93,-7.63,-11.05,0.82,31.89,749,548,207,60
0.08,0.92,0.02,10.86,-4.39,-7.93,0.92,14.15,652,562,211,54
0.09,1.07,-0.04,-0.31,-1.65,-1.65,1.08,2.35,398,569,204,47
0.09,0.95,0.00,-0.85,-1.59,-2.01,0.95,2.70,465,585,207,39
0.09,1.04,-0.02,-4.33,-1.04,0.31,1.05,4.47,462,602,203,29
0.10,0.99,-0.01,-15.08,-1.53,-2.38,0.99,15.34,462,629,197,20
0.09,1.00,-0.02,-0.18,-1.65,-4.03,1.00,4.36,328,647,192,12
0.09,0.96,-0.00,3.30,-1.77,-4.21,0.97,5.63,288,647,182,10
0.10,0.95,-0.00,4.64,-1.77,-2.14,0.96,5.40,244,657,185,9
0.09,0.97,0.00,2.62,-1.10,1.34,0.97,3.15,271,649,185,15
0.08,0.97,0.02,-3.54,0.00,4.09,0.97,5.41,307,637,184,23
0.08,1.10,-0.03,-2.56,-0.37,2.56,1.11,3.64,280,639,182,30
0.09,1.18,-0.05,18.01,-4.33,-15.69,1.18,24.27,326,648,182,17
0.10,0.90,0.03,37.72,-9.28,-34.18,0.91,51.74,263,663,187,6
0.12,0.81,0.03,2.38,-2.14,-8.85,0.82,9.41,320,660,194,4
0.11,1.30,0.01,9.40,-1.71,-9.16,1.30,13.23,270,662,197,2
0.12,1.05,0.09,30.76,-5.55,-28.93,1.06,42.59,289,695,203,2
0.13,1.14,0.07,17.21,-3.78,-36.87,1.15,40.86,174,723,209,1
0.15,1.09,0.06,18.13,-1.40,-55.97,1.10,58.85,161,760,210,3
0.22,0.94,0.04,17.82,0.37,-53.28,0.97,56.19,138,778,201,3
0.20,1.33,0.19,10.93,1.46,-59.27,1.36,60.28,94,801,202,2
0.08,1.99,0.33,-15.14,12.63,-109.13,2.02,110.90,58,819,201,2
0.07,1.79,0.21,-31.25,28.50,-218.26,1.80,222.32,23,795,187,2
0.12,1.46,-0.03,26.18,22.83,-259.95,1.46,262.26,10,781,140,1
0.07,1.20,0.10,138.98,29.17,-232.42,1.20,272.37,3,781,93,0
0.57,1.07,-0.61,222.60,40.34,-178.10,1.36,287.92,1,780,49,0
0.70,0.46,-0.68,240.11,11.29,-163.88,1.08,290.93,1,781,30,0
-0.77,-2.13,-0.77,213.20,-18.07,-55.05,2.39,220.93,1,775,19,8
-0.89,0.03,-0.66,-28.99,-13.18,87.16,1.11,92.79,1,757,9,6
-0.54,0.31,-0.47,-29.85,-1.77,76.84,0.78,82.45,0,0,0,6
-0.61,0.47,-0.44,-101.26,2.75,120.97,0.89,157.78,1,750,0,6
-0.33,0.61,-0.30,-121.09,-1.46,139.77,0.76,184.94,1,743,0,5
-0.12,1.01,-0.18,-164.49,-2.62,145.45,1.03,219.59,1,738,0,3
0.18,1.33,-0.02,-158.39,-2.44,141.66,1.34,212.51,1,756,0,2
0.53,1.32,0.08,-143.13,-5.07,132.08,1.42,194.82,0,0,0,1
0.57,1.61,0.31,-138.55,7.45,117.25,1.73,181.66,0,0,0,0
0.76,1.61,0.24,-106.26,51.51,86.30,1.79,146.27,0,0,0,0
0.99,1.38,0.02,-95.09,78.49,41.32,1.70,130.04,0,0,0,0
1.21,1.37,-0.10,-100.04,75.38,3.85,1.83,125.32,0,0,0,0
1.17,1.14,-0.10,-88.93,53.59,-7.51,1.64,104.10,0,0,0,0
1.10,1.00,-0.16,-84.05,32.29,3.17,1.49,90.09,0,0,0,0
1.01,0.85,-0.18,-73.36,10.07,28.56,1.33,79.37,0,0,0,0
1.03,0.60,-0.27,-63.72,0.18,52.92,1.23,82.83,0,0,0,0
1.20,0.40,-0.26,-90.70,-19.10,57.80,1.29,109.23,0,0,0,0
1.12,0.96,0.01,-111.51,-54.44,46.02,1.48,132.35,1,771,0,0
0.86,1.20,-0.01,-20.87,-81.36,13.92,1.47,85.14,0,0,0,0
0.55,0.95,-0.31,52.00,-92.90,-39.92,1.15,113.70,0,0,0,0
0.25,0.75,-0.49,69.76,-82.09,-86.73,0.93,138.31,0,0,0,0
0.07,0.70,-0.54,44.37,-58.59,-98.21,0.89,122.66,0,0,0,0
0.11,0.66,-0.46,31.49,-32.47,-108.09,0.81,117.18,0,0,0,0
-0.40,1.63,0.48,26.49,-21.24,-115.66,1.74,120.54,3,804,23,0
0.46,0.34,-0.66,167.91,-11.17,12.63,0.88,168.75,29,839,103,0
-0.03,0.32,0.08,76.90,17.52,304.75,0.33,314.79,105,819,169,5
-0.09,2.95,-0.06,51.88,5.19,237.73,2.95,243.38,257,710,169,2
0.02,1.15,-0.25,57.80,15.26,217.53,1.18,225.59,424,609,147,1
-0.25,1.41,0.69,193.60,-26.86,24.29,1.59,196.96,740,527,172,67
0.02,0.64,0.26,67.87,-12.02,-2.87,0.69,68.99,518,531,197,100
0.08,1.17,-0.08,-15.26,-3.23,-5.92,1.17,16.68,528,551,202,67
0.10,1.12,-0.10,-18.37,-3.42,-10.13,1.13,21.26,664,580,200,34
0.10,0.94,-0.03,13.98,-4.21,-16.78,0.95,22.24,401,611,205,21
0.10,0.86,0.02,9.46,-3.23,-9.83,0.86,14.02,320,627,197,14
0.11,0.87,-0.00,-2.32,-0.55,2.38,0.88,3.37,421,628,201,14
0.10,0.93,-0.01,-9.28,0.98,13.43,0.93,16.35,416,621,189,29
0.08,1.29,-0.11,-21.36,2.81,19.78,1.29,29.25,442,598,180,50
0.07,1.10,-0.03,0.24,3.36,11.60,1.10,12.08,430,573,166,85
0.06,0.98,-0.01,6.47,1.10,4.88,0.98,8.18,522,561,158,105
0.06,1.01,-0.03,3.48,0.73,1.89,1.01,4.03,404,553,155,118
0.06,1.00,-0.03,3.42,-0.49,-0.61,1.00,3.51,254,561,154,115
0.07,0.97,-0.01,5.19,-2.50,-5.25,0.97,7.79,344,568,159,110
0.07,0.99,-0.01,1.40,-2.01,-5.19,0.99,5.74,305,570,162,92
0.07,1.03,-0.03,-0.18,-3.17,-8.97,1.03,9.52,369,574,170,63
0.08,1.19,-0.08,2.26,-6.41,-21.30,1.20,22.36,352,597,182,31
0.09,1.15,-0.04,40.59,-10.86,-54.87,1.15,69.11,320,645,194,10
0.02,1.68,0.11,1.04,-15.99,-76.23,1.68,77.90,201,716,197,3
0.14,0.92,0.08,14.47,-3.91,-89.60,0.93,90.84,147,746,206,3
0.25,0.60,-0.10,16.85,0.49,-80.20,0.66,81.95,108,767,202,3
0.27,1.06,0.00,13.24,-2.26,-45.17,1.09,47.12,101,785,210,3
0.28,1.69,0.04,15.87,-7.45,-64.94,1.72,67.27,86,802,211,2
0.08,2.26,0.24,6.65,-3.17,-143.25,2.28,143.44,45,803,201,2
0.06,1.95,0.01,6.65,-0.18,-230.41,1.95,230.50,17,790,176,2
0.21,1.12,-0.15,33.02,-4.15,-280.88,1.15,282.85,7,782,129,2
0.38,0.85,-0.08,88.81,-8.48,-231.32,0.94,247.93,2,778,68,0
0.46,1.02,-0.25,158.75,-14.47,-183.11,1.15,242.77,1,781,40,0
-0.80,-1.00,-0.79,219.60,-31.49,-93.81,1.50,240.87,1,756,19,8
-1.72,-0.30,-0.77,-5.31,-15.99,117.13,1.91,118.33,1,706,0,7
-0.97,-0.25,-0.44,-21.79,72.81,75.44,1.10,107.09,1,709,0,7
-0.50,0.81,-0.32,-88.62,100.22,122.19,1.00,181.19,1,714,0,4
-0.20,0.74,-0.23,-58.35,61.83,147.40,0.80,170.16,1,718,0,4
-0.14,0.89,-0.16,-62.50,31.19,166.38,0.91,180.45,1,719,0,5
0.07,1.14,-0.24,-80.57,41.93,149.23,1.16,174.70,1,731,0,3
0.47,1.31,-0.27,-99.37,48.46,109.13,1.42,155.34,0,0,0,1
0.69,1.28,-0.16,-99.55,46.81,81.97,1.46,137.19,0,0,0,1
1.13,1.46,-0.16,-117.92,40.53,62.74,1.85,139.59,0,0,0,0
1.45,1.35,-0.23,-118.59,18.07,36.99,1.99,125.53,0,0,0,0
1.45,1.07,-0.23,-129.21,-12.51,42.24,1.82,136.51,0,0,0,0
1.32,0.89,-0.21,-143.19,-49.26,60.61,1.61,163.10,0,0,0,0
1.16,0.96,-0.08,-164.18,-83.80,77.03,1.51,199.78,0,0,0,0
1.01,1.13,0.17,-147.28,-106.99,72.14,1.53,195.81,0,0,0,0
0.92,0.78,0.43,-78.80,-103.21,63.17,1.28,144.40,1,788,0,0
0.99,0.67,0.48,-35.46,-66.96,45.96,1.29,88.62,1,779,0,0
1.03,1.05,0.30,5.19,-1.83,-32.65,1.50,33.11,1,771,0,0
1.11,1.44,0.02,79.16,33.81,-161.74,1.81,183.22,1,764,0,0
0.63,0.35,-0.37,150.21,11.54,-242.49,0.81,285.48,1,745,0,0
-1.70,1.21,1.24,230.29,31.68,-82.58,2.42,246.69,11,802,36,0
3.40,-2.58,-4.00,254.88,105.16,118.04,5.85,299.93,84,849,155,2
0.22,2.40,-0.80,100.71,28.02,288.70,2.54,307.04,262,743,163,1
-0.06,1.66,0.45,80.69,3.78,204.41,1.72,219.79,408,636,159,1
-0.86,-0.36,2.17,325.07,-13.06,35.22,2.36,327.24,445,522,169,64
-0.05,0.12,0.43,63.72,-14.71,-6.04,0.45,65.68,480,526,194,91
0.07,0.66,0.10,20.94,-6.47,-10.56,0.67,24.32,537,548,203,57
0.10,0.98,-0.03,2.20,-4.03,-11.60,0.98,12.47,491,578,206,30
0.10,0.85,0.02,6.04,-2.56,-8.61,0.86,10.82,448,603,210,19
0.10,0.98,-0.03,-4.52,-1.04,1.40,0.98,4.84,434,612,206,16
0.08,0.97,-0.01,-1.83,-1.40,1.34,0.98,2.67,368,624,195,10
0.10,0.92,0.00,-8.85,-0.49,3.11,0.92,9.39,370,633,190,7
0.09,1.01,-0.05,-8.42,0.92,4.09,1.01,9.41,295,633,185,8
0.07,1.12,-0.09,-7.14,0.79,8.91,1.12,11.45,318,624,175,14
0.09,1.03,-0.07,-2.26,0.85,6.77,1.04,7.19,388,607,169,30
0.08,1.01,-0.04,3.42,1.95,6.29,1.01,7.42,384,584,162,55
0.08,0.99,-0.01,7.14,1.04,1.22,0.99,7.32,381,575,168,71
0.07,1.00,-0.02,0.12,1.10,-0.43,1.00,1.19,558,574,171,75
0.07,1.03,-0.04,-0.79,-0.31,-3.42,1.04,3.52,418,578,181,63
0.08,1.01,-0.03,3.36,-3.36,-12.27,1.02,13.15,462,588,187,35
0.08,1.28,-0.07,11.41,-6.10,-23.25,1.28,26.61,442,596,191,14
0.15,0.93,-0.04,27.65,-6.04,-49.01,0.94,56.60,310,665,195,3
0.11,1.00,0.04,-1.89,-2.08,-63.17,1.01,63.23,228,711,204,1
0.15,1.05,0.06,-3.91,0.73,-51.57,1.06,51.73,256,731,210,3
0.14,1.56,-0.04,-16.78,5.74,-76.84,1.57,78.86,167,767,216,2
0.29,0.55,-0.20,14.95,3.11,-103.03,0.65,104.15,139,782,216,3
0.29,0.95,-0.01,10.86,-3.17,-67.26,0.99,68.21,110,801,216,3
0.28,1.69,0.00,4.82,-2.38,-105.65,1.71,105.79,81,816,219,2
0.19,1.81,0.04,-3.97,-1.77,-188.84,1.82,188.89,49,824,210,3
0.19,1.43,-0.15,3.60,-3.42,-251.34,1.45,251.39,22,806,166,2
0.39,1.18,-0.12,30.52,-10.07,-255.98,1.24,257.99,9,779,114,2
0.10,1.38,-0.03,129.94,-5.37,-197.27,1.38,236.28,4,781,70,0
-0.29,0.41,-0.90,233.46,-4.09,-148.07,1.03,276.49,3,751,47,0
-1.26,-2.73,-1.21,214.84,-54.20,-50.35,3.25,227.22,2,695,6,5
-1.03,-0.46,-0.40,-38.76,-85.51,67.93,1.20,115.88,1,689,0,6
-0.76,1.00,-0.02,-90.58,-12.45,168.64,1.25,191.83,1,703,0,3
-0.11,0.50,-0.39,-91.49,21.79,156.80,0.64,182.84,1,688,0,3
0.04,1.21,-0.12,-116.33,4.88,171.45,1.22,207.25,1,691,0,1
0.20,1.19,-0.15,-107.85,-8.48,169.49,1.21,201.08,1,695,0,1
0.39,1.34,0.03,-126.65,-4.09,147.46,1.40,194.43,1,700,0,2
0.42,1.58,0.33,-123.17,34.48,108.95,1.67,168.02,1,725,0,0
0.66,1.43,0.14,-87.77,98.21,68.12,1.58,148.28,0,0,0,0
1.21,1.28,-0.19,-87.34,112.06,22.58,1.77,143.86,0,0,0,0
1.39,1.08,-0.26,-94.18,78.55,-15.32,1.78,123.59,0,0,0,0
1.33,1.04,-0.27,-114.20,40.41,-11.96,1.71,121.72,0,0,0,0
1.27,1.02,-0.22,-117.86,4.88,16.60,1.64,119.12,0,0,0,0
1.28,0.81,-0.17,-100.95,-23.80,46.57,1.53,113.70,1,770,0,0
1.30,0.51,-0.06,-89.90,-58.65,61.34,1.40,123.64,1,769,0,0
1.38,0.83,0.27,-92.53,-93.08,53.77,1.64,141.83,1,772,0,0
1.19,1.47,0.35,-6.23,-123.29,9.70,1.92,123.83,1,780,0,0
0.63,1.51,0.10,127.50,-130.74,-93.69,1.64,205.25,1,788,0,0
-0.08,0.98,-0.31,183.78,-69.89,-201.66,1.03,281.65,1,786,0,0
-0.49,-0.33,-0.47,109.86,21.48,-211.24,0.76,239.07,1,797,1,3
0.27,1.19,-0.72,147.77,45.78,-7.63,1.41,154.88,13,829,90,0
-0.00,-1.24,0.00,-36.99,62.74,371.28,1.24,378.35,53,854,182,3
-0.00,4.00,-1.31,-82.40,65.43,327.82,4.21,344.29,32736,0,177,2
0.08,1.17,-0.30,117.43,6.35,226.07,1.21,254.83,341,649,170,3
0.15,4.00,-0.74,83.68,6.16,155.40,4.07,176.60,363,544,170,53
-0.03,1.57,-0.13,-72.45,11.90,23.19,1.58,77.00,502,531,187,117
0.08,0.80,0.07,-7.02,-4.39,-7.63,0.80,11.26,393,557,209,80
0.10,1.00,-0.13,-3.05,-8.00,-15.44,1.01,17.65,370,608,214,33
0.09,0.75,0.04,43.70,-12.70,-38.09,0.76,59.34,410,650,220,12
0.11,1.12,-0.01,-22.77,-6.47,-36.87,1.13,43.81,190,703,215,5
0.13,0.96,0.00,-24.41,2.93,-38.82,0.96,45.95,136,740,207,4
0.18,0.89,-0.08,-23.56,5.74,-31.80,0.91,39.99,106,755,212,1
0.19,0.83,-0.07,-12.21,1.71,-22.52,0.86,25.67,111,764,212,3
0.20,0.77,-0.08,-5.00,1.40,-5.80,0.80,7.79,115,759,209,3
0.19,0.79,-0.07,6.59,0.79,14.83,0.81,16.25,110,754,208,3
0.17,0.75,-0.06,18.55,-0.31,38.39,0.77,42.64,132,728,198,3
0.15,1.45,-0.09,25.27,-2.44,61.34,1.46,66.39,200,679,201,7
0.06,1.15,-0.08,-38.94,8.61,40.16,1.15,56.60,309,612,196,41
0.06,1.05,-0.09,-18.68,6.53,13.55,1.06,23.98,349,595,195,64
0.10,0.88,0.02,11.35,-2.32,-1.28,0.89,11.66,376,600,191,65
0.07,1.61,-0.18,6.53,-6.71,-16.05,1.63,18.58,256,639,191,37
0.17,1.46,-0.22,57.80,-17.94,-55.54,1.48,82.14,144,702,194,14
-0.03,1.14,0.48,54.50,-23.68,-65.55,1.24,88.48,88,742,195,6
0.10,1.10,0.12,3.17,-2.75,-76.05,1.11,76.17,74,767,197,3
0.28,0.75,-0.14,16.11,-0.61,-68.66,0.81,70.53,61,782,197,4
0.25,0.91,0.08,22.95,-7.26,-52.92,0.95,58.14,56,789,191,3
0.19,0.71,0.28,10.80,-2.56,-58.72,0.79,59.76,64,787,200,2
0.32,1.31,0.06,-21.97,9.22,-65.43,1.34,69.63,71,797,201,2
0.30,2.40,0.03,-29.30,9.77,-122.68,2.42,126.51,56,811,197,2
0.10,2.30,0.05,-13.79,3.85,-230.53,2.30,230.97,26,804,180,3
0.17,1.37,-0.07,5.19,1.59,-314.51,1.39,314.56,10,791,140,0
0.34,1.58,-0.10,43.95,-2.81,-307.56,1.62,310.69,4,791,80,0
0.06,1.19,-0.24,140.87,-7.81,-267.09,1.22,302.06,2,784,51,0
-1.49,-1.01,-0.85,222.66,-4.94,-37.78,1.99,225.89,2,754,21,8
-0.77,-1.16,-1.24,38.82,-10.44,102.29,1.86,109.91,1,682,0,7
-1.01,0.56,-0.23,-106.63,-9.64,162.66,1.18,194.73,1,709,0,5
-0.59,0.60,-0.23,-67.20,26.79,174.32,0.88,188.73,1,715,0,6
-0.25,0.88,-0.27,-107.24,31.92,190.67,0.95,221.08,1,716,0,3
0.13,1.10,-0.33,-126.10,27.47,170.23,1.15,213.62,1,713,0,2
0.50,1.59,-0.29,-132.20,10.62,129.21,1.69,185.16,1,727,0,0
0.77,1.40,-0.26,-92.53,27.04,82.52,1.62,126.89,1,741,0,0
0.99,1.29,-0.19,-84.78,63.60,57.98,1.64,120.81,0,0,0,0
1.32,1.34,-0.28,-58.47,123.47,54.14,1.91,146.95,0,0,0,0
2.02,0.83,-0.59,-62.50,136.35,50.35,2.26,158.22,1,780,0,0
2.13,0.54,-0.65,-117.98,87.10,43.46,2.30,152.95,1,780,0,0
1.96,0.47,-0.44,-169.19,7.57,51.51,2.06,177.02,1,776,0,0
1.71,0.77,0.07,-205.32,-71.35,84.47,1.88,233.20,1,769,0,0
1.52,1.22,0.39,-99.30,-130.37,112.55,1.99,198.81,1,767,0,0
1.17,1.54,0.21,56.46,-165.34,44.43,1.94,180.28,1,776,0,0
0.31,0.86,-0.17,145.87,-131.35,-94.06,0.93,217.66,0,0,1,0
-0.03,0.47,-0.16,67.38,-34.24,-176.33,0.50,191.85,0,0,0,0
-1.22,2.13,0.96,52.19,-13.61,-166.32,2.64,174.85,3,814,27,0
1.07,-0.65,-2.41,263.24,86.00,74.16,2.72,286.69,30,851,130,1
-0.65,1.58,0.65,96.37,-27.22,361.39,1.83,375.01,80,824,172,2
0.23,2.82,-0.69,57.62,8.48,223.45,2.92,230.91,197,712,177,2
-0.45,4.00,0.91,63.66,-8.12,266.42,4.13,274.04,340,603,178,15
-0.10,1.04,0.10,58.59,6.71,32.17,1.05,67.18,616,542,194,127
0.06,0.86,0.10,-3.54,-2.38,-4.33,0.87,6.08,644,560,209,95
0.11,1.12,-0.12,-10.07,-5.49,-11.35,1.14,16.14,524,585,201,47
0.11,0.84,-0.01,23.50,-6.53,-22.09,0.84,32.91,528,634,213,21
0.10,0.83,0.03,8.79,-3.05,-7.02,0.84,11.65,368,651,207,20
0.10,0.86,0.02,-3.30,-0.98,2.32,0.87,4.15,303,655,198,18
0.10,0.95,-0.02,-15.56,1.22,11.05,0.95,19.13,320,652,202,21
0.09,0.95,-0.03,-16.85,2.44,13.31,0.95,21.61,282,632,184,33
0.09,0.89,-0.00,9.28,1.40,8.36,0.89,12.57,316,611,186,56
0.06,1.00,-0.04,3.05,1.65,7.51,1.01,8.27,338,586,182,76
0.07,1.02,-0.04,2.14,1.04,2.08,1.02,3.15,336,577,179,87
0.05,0.97,-0.03,1.40,-0.61,0.31,0.97,1.56,305,575,174,94
0.08,0.99,-0.03,1.77,-1.22,-1.53,1.00,2.64,261,585,168,86
0.07,0.99,-0.03,3.97,-1.65,-3.60,1.00,5.61,197,598,170,76
0.08,0.96,-0.01,4.82,-1.46,-4.64,0.96,6.85,235,600,176,70
0.07,1.00,-0.02,0.06,0.00,-2.38,1.00,2.38,254,597,170,59
0.08,1.07,-0.06,5.55,-3.66,-11.17,1.07,13.00,276,604,186,42
0.09,1.24,-0.09,8.18,-4.76,-17.40,1.25,19.80,268,626,192,23
0.10,1.31,-0.06,26.73,-7.51,-31.37,1.31,41.90,246,674,199,7
0.19,0.82,-0.09,37.11,-13.24,-66.77,0.84,77.53,165,727,204,3
0.16,1.12,0.01,23.93,-12.39,-62.19,1.13,67.78,152,750,201,2
0.19,1.24,-0.02,27.40,-9.34,-89.72,1.26,94.28,112,772,208,3
0.30,0.74,0.02,36.07,-13.12,-91.25,0.80,98.99,102,779,212,2
0.32,1.02,0.12,19.84,-15.08,-81.79,1.08,85.50,87,790,208,2
0.17,2.27,0.42,-8.54,-9.16,-121.46,2.31,122.10,63,803,198,3
-0.01,1.87,0.20,-6.71,7.63,-217.90,1.88,218.13,25,801,194,3
0.12,1.44,-0.02,-11.90,11.35,-287.96,1.44,288.43,10,788,155,2
0.21,1.03,0.19,59.27,10.62,-264.22,1.07,270.99,4,788,94,0
0.22,1.18,-0.26,182.25,24.66,-203.80,1.22,274.51,2,797,67,0
-0.46,-0.44,-1.21,221.31,18.68,-119.87,1.37,252.38,1,776,41,0
-1.26,-1.69,-1.00,107.06,-20.32,49.93,2.33,119.86,1,726,5,7
-0.80,-0.63,-0.46,-35.83,-29.91,76.54,1.12,89.64,1,731,0,5
-0.29,0.89,-0.21,-65.00,-10.25,155.58,0.96,168.92,1,729,0,3
-0.10,0.53,-0.38,-47.61,-22.58,155.52,0.66,164.20,1,728,0,3
-0.07,0.71,-0.27,-81.73,-45.23,174.13,0.76,197.60,1,734,0,3
0.00,1.03,-0.17,-110.23,-48.16,173.34,1.04,210.99,1,740,0,1
0.31,1.29,-0.09,-148.62,-36.87,153.56,1.33,216.86,1,741,0,1
0.48,1.63,0.32,-166.81,-12.33,128.11,1.73,210.69,0,0,0,0
0.61,1.79,0.31,-122.19,55.73,92.10,1.91,162.85,0,0,0,0
1.09,1.49,-0.16,-88.26,98.75,39.49,1.85,138.21,0,0,0,0
1.42,1.27,-0.38,-104.00,88.99,-13.24,1.94,137.52,0,0,0,0
1.39,0.99,-0.27,-138.18,62.44,-23.93,1.73,153.51,0,0,0,0
1.29,1.01,-0.07,-171.75,36.99,-11.54,1.64,176.07,0,0,0,0
1.12,1.14,0.22,-156.56,14.77,16.72,1.61,158.14,0,0,0,0
1.14,0.88,0.33,-40.59,-9.52,61.46,1.47,74.27,1,787,0,0
1.52,0.61,0.02,1.04,-41.14,67.38,1.64,78.95,1,772,0,0
1.00,1.27,0.12,29.11,-71.84,-25.70,1.62,81.66,1,777,0,0
0.27,0.85,-0.07,95.15,-46.39,-133.97,0.90,170.75,0,0,0,0
0.12,0.78,-0.25,102.42,-1.89,-173.77,0.83,201.71,1,807,0,0
0.24,0.24,-0.57,87.89,10.62,-189.39,0.67,209.06,1,806,8,0
0.49,0.47,-0.46,326.84,23.68,39.98,0.82,330.13,36,849,125,0
-0.49,-0.24,0.68,140.08,-10.19,356.99,0.87,383.63,32736,0,187,2
0.07,3.99,-0.94,-50.23,-2.87,201.66,4.10,207.84,246,711,194,3
0.06,3.98,-0.40,-20.45,17.46,224.55,4.00,226.15,314,613,183,10
0.04,1.03,0.19,57.01,2.26,11.35,1.05,58.17,568,557,196,103
0.08,0.95,0.03,0.18,-3.91,-7.08,0.95,8.09,432,584,204,84
0.10,1.08,-0.08,-6.53,-3.54,-8.73,1.09,11.46,347,613,207,48
0.11,0.78,0.03,20.75,-4.94,-17.76,0.79,27.76,374,645,205,38
