-,-,-
0.19,1.00,-0.10,-7.39,-0.37,-28.56,1.02,29.51,318,748,189,2
0.23,1.02,-0.05,-1.71,-2.32,-35.10,1.05,35.21,271,760,193,3
0.24,0.95,-0.04,-3.23,-2.26,-38.88,0.99,39.08,238,773,193,1
0.27,0.94,-0.06,-2.99,-2.44,-37.29,0.98,37.49,196,794,191,3
0.28,0.98,-0.05,-2.44,-3.23,-34.00,1.02,34.24,167,813,196,1
0.29,0.92,-0.05,3.42,-4.27,-35.89,0.97,36.30,159,830,194,1
0.31,0.86,-0.04,2.99,-3.54,-35.03,0.92,35.34,138,836,194,3
0.34,0.85,-0.07,-3.11,1.40,-28.69,0.92,28.89,128,843,193,3
0.35,0.79,-0.07,6.29,-1.95,-11.29,0.86,13.07,113,845,195,1
0.36,0.80,-0.05,11.84,-3.11,0.92,0.88,12.28,109,846,191,1
0.34,0.78,-0.04,17.88,-5.31,13.18,0.85,22.84,121,844,191,2
0.35,0.97,-0.05,13.55,-6.47,16.36,1.04,22.20,136,836,190,0
0.31,1.15,-0.02,14.47,-9.64,6.41,1.19,18.53,151,834,196,2
0.31,1.11,0.03,18.98,-9.34,-11.78,1.15,24.21,149,831,201,2
0.31,1.05,0.07,12.33,-6.77,-25.27,1.10,28.92,168,838,197,3
0.34,1.21,-0.00,0.98,-2.26,-39.12,1.26,39.20,132,848,197,1
0.37,1.21,-0.02,10.38,-1.95,-74.58,1.27,75.33,115,850,200,3
0.41,1.24,-0.00,11.54,-1.40,-100.04,1.30,100.71,78,854,195,2
0.41,1.37,-0.03,8.97,-3.36,-131.77,1.43,132.12,51,847,185,0
0.51,1.70,-0.05,-0.31,-6.23,-173.22,1.78,173.33,31,831,162,2
0.86,1.87,-0.27,3.11,-10.38,-218.08,2.08,218.35,16,809,110,0
0.63,1.90,-0.15,12.94,-23.44,-233.58,2.01,235.11,6,781,50,0
0.62,1.53,-0.28,25.09,-43.21,-239.32,1.67,244.48,2,764,13,0
0.56,0.73,-0.47,17.03,-60.24,-260.93,1.03,268.33,1,769,4,0
-1.36,-1.29,-0.15,17.27,-87.40,-101.14,1.88,134.78,0,0,0,3
-0.55,1.37,0.07,-31.37,-44.01,133.06,1.47,143.61,1,756,0,0
-0.24,0.49,-0.24,13.49,-2.69,104.98,0.59,105.88,1,742,0,0
-0.42,0.29,-0.26,-33.08,32.78,112.49,0.57,121.75,1,745,0,0
-0.34,0.53,-0.21,-62.93,57.68,156.19,0.66,177.99,1,729,0,0
-0.07,0.69,-0.19,-66.22,65.80,179.69,0.72,202.49,1,719,0,1
0.05,0.82,-0.15,-69.89,55.54,194.46,0.84,213.97,1,711,0,0
0.06,0.95,-0.01,-72.08,40.34,199.89,0.95,216.29,1,700,0,1
0.43,1.01,0.03,-86.67,49.74,202.88,1.10,226.16,2,692,0,0
1.18,1.28,0.00,-123.66,65.98,108.76,1.74,177.41,2,692,0,0
2.26,1.46,0.11,-120.79,65.61,41.81,2.69,143.68,2,698,0,0
2.43,1.00,0.44,-23.62,27.95,-20.63,2.67,42.01,2,707,0,0
2.93,-0.14,-0.19,10.86,-38.33,-42.42,2.94,58.19,2,706,0,0
1.51,1.13,0.50,-71.17,-125.18,-127.99,1.95,192.66,7,780,24,0
0.28,-0.29,0.45,193.60,-17.64,8.18,0.60,194.58,36,806,59,0
0.27,2.33,0.47,-14.16,-11.72,107.18,2.39,108.74,102,831,121,0
0.23,1.55,0.46,102.60,-32.23,72.75,1.63,129.84,129,830,154,1
0.27,1.15,0.13,45.59,-13.73,23.86,1.19,53.26,137,829,167,1
0.32,0.78,-0.06,-0.18,2.08,35.10,0.84,35.16,178,828,183,0
0.34,1.31,-0.16,-11.23,1.46,26.43,1.37,28.75,194,819,186,1
0.31,1.22,-0.07,4.15,-4.33,-2.08,1.26,6.35,203,811,191,1
0.32,1.17,-0.09,8.18,-6.59,-28.38,1.22,30.26,222,818,200,3
0.33,1.16,-0.08,7.26,-8.06,-49.99,1.21,51.15,192,831,197,2
0.34,1.09,-0.06,7.45,-7.51,-68.91,1.15,69.72,139,845,197,1
0.32,0.81,0.08,3.11,-4.76,-80.20,0.87,80.40,123,857,203,2
0.42,1.05,-0.06,-32.59,5.37,-84.78,1.13,90.99,118,853,199,2
0.45,0.96,-0.00,-19.90,2.62,-111.27,1.06,113.06,102,858,194,1
0.54,0.78,-0.14,-36.56,11.90,-110.66,0.96,117.15,86,854,178,1
0.65,0.93,-0.34,-21.12,1.16,-109.01,1.18,111.04,68,844,156,1
0.69,0.96,-0.30,-0.73,-16.17,-111.15,1.22,112.32,60,835,140,0
0.68,0.89,-0.09,11.72,-23.07,-113.71,1.12,116.62,46,824,121,0
0.71,1.01,-0.11,8.54,-14.53,-118.77,1.24,119.96,25,798,91,0
0.74,1.32,-0.04,-9.34,-8.97,-143.92,1.52,144.50,14,785,62,0
0.81,1.59,-0.22,-24.78,-8.91,-188.90,1.80,190.73,8,767,31,0
1.07,2.29,-0.60,-12.39,-32.41,-263.85,2.60,266.13,3,762,5,0
0.73,2.08,-0.58,-8.97,-56.58,-320.01,2.28,325.09,1,761,1,0
-0.05,-0.92,-0.56,-31.13,-64.51,-258.48,1.07,268.23,0,0,0,12
-0.72,1.17,-0.18,-1.71,-37.41,56.76,1.38,68.01,0,0,0,7
-0.17,1.12,-0.51,90.76,20.81,245.42,1.24,262.49,0,0,0,4
-0.25,0.21,-0.60,87.83,-10.07,283.51,0.68,296.97,1,751,0,1
-0.52,0.26,-0.29,-16.05,-10.01,255.00,0.64,255.71,1,721,0,0
-0.35,0.91,-0.10,-12.88,28.14,246.46,0.98,248.39,1,718,0,3
0.01,0.28,-0.74,37.11,41.69,248.17,0.79,254.37,1,716,0,4
0.40,0.68,-0.75,-50.90,7.63,261.17,1.09,266.19,1,715,0,3
0.77,0.92,-0.38,-88.44,4.39,245.24,1.26,260.74,1,735,0,0
1.68,1.55,0.07,-124.27,41.56,168.64,2.28,213.56,1,745,0,0
2.86,1.20,0.29,-86.00,77.94,74.71,3.11,138.03,1,737,0,0
4.00,-0.01,0.17,-123.54,45.35,-13.61,4.00,132.30,2,726,0,0
4.00,2.35,0.59,-132.14,-139.95,-96.80,4.68,215.45,9,793,13,0
0.24,-2.89,0.16,301.76,-66.96,83.68,2.91,320.22,59,823,78,0
0.41,4.00,-0.86,7.93,26.06,198.55,4.11,200.41,142,820,158,1
0.19,0.87,0.04,0.00,0.37,47.18,0.89,47.18,201,817,185,1
0.27,0.75,0.06,64.94,-15.44,-1.04,0.80,66.76,249,800,198,2
0.29,1.07,-0.08,22.03,-5.80,-2.08,1.11,22.88,226,798,203,2
0.28,1.17,0.02,20.81,-8.12,-25.45,1.20,33.87,240,804,205,2
0.28,1.24,0.02,-3.30,-3.66,-51.39,1.28,51.63,188,826,202,1
0.29,1.30,-0.00,-15.01,-1.89,-84.05,1.33,85.40,130,846,206,2
0.30,1.35,0.00,-16.17,-1.95,-125.18,1.38,126.24,111,855,201,3
0.39,1.26,0.04,-30.03,2.44,-164.79,1.32,167.53,72,859,191,1
0.43,1.16,0.01,-53.34,9.89,-212.28,1.24,219.10,49,844,150,0
0.65,0.86,-0.18,-47.30,15.14,-213.50,1.10,219.20,28,825,96,0
0.69,0.47,-0.57,-21.06,12.21,-178.28,1.02,179.94,9,795,49,0
0.65,0.09,-0.49,19.84,-17.46,-140.75,0.82,143.21,4,782,20,0
0.61,0.39,-0.14,24.11,-34.85,-110.53,0.74,118.38,2,783,7,0
0.71,0.70,-0.05,17.52,-36.01,-118.77,1.00,125.34,1,797,3,0
0.87,1.15,-0.25,11.35,-34.30,-141.36,1.47,145.90,1,814,0,0
1.17,1.51,-0.44,-6.71,-45.78,-183.72,1.96,189.45,0,0,0,0
1.30,1.87,-0.37,-13.55,-55.66,-221.31,2.30,228.61,0,0,0,3
0.90,0.81,-0.60,-1.71,-62.44,-110.41,1.36,126.86,0,0,0,11
-0.62,1.84,-0.64,39.00,11.90,168.27,2.05,173.14,0,0,0,8
0.01,1.39,-0.94,127.01,3.05,241.46,1.68,272.84,0,0,0,4
-0.35,-0.05,-0.99,71.78,-34.79,206.73,1.06,221.58,1,720,0,8
-0.87,0.21,-0.52,-21.36,-25.02,229.37,1.04,231.72,1,714,0,4
-0.55,0.70,-0.52,-34.18,34.48,250.73,1.03,255.39,1,713,0,4
-0.02,0.28,-0.98,-56.03,76.84,247.13,1.02,264.80,1,706,0,3
0.55,0.68,-0.74,-155.21,75.99,222.60,1.14,281.80,1,703,0,0
1.04,1.38,0.06,-173.89,122.99,136.23,1.73,252.83,1,718,0,0
2.41,1.28,0.59,-81.79,143.74,94.73,2.80,190.59,1,715,0,0
3.96,0.21,0.25,12.45,84.84,67.26,3.98,108.98,1,694,0,0
4.00,0.25,0.19,11.54,-121.95,-45.35,4.01,130.62,7,783,18,0
1.11,-2.93,3.18,277.53,-166.44,-68.18,4.47,330.71,45,836,113,0
0.72,4.00,-2.28,-344.97,102.05,289.98,4.66,462.07,87,839,166,3
0.35,-1.28,-0.29,239.14,-43.40,-50.84,1.36,248.30,139,813,195,2
0.40,1.59,-0.33,0.00,-7.69,0.61,1.68,7.71,157,810,196,3
0.41,0.85,-0.17,11.96,-9.22,11.05,0.95,18.71,160,810,206,2
0.29,1.34,0.10,-2.38,-5.80,10.38,1.38,12.12,174,804,207,2
0.32,1.53,-0.02,-5.68,-3.48,-25.70,1.56,26.54,179,814,207,4
0.29,1.37,0.05,-15.08,-2.08,-78.43,1.40,79.89,123,841,204,1
0.34,1.31,-0.02,-27.10,1.95,-117.98,1.35,121.07,77,858,198,2
0.34,1.54,-0.01,-27.10,0.49,-160.10,1.58,162.37,40,865,195,2
0.42,1.47,-0.03,-24.05,-1.83,-202.82,1.53,204.25,27,856,154,1
0.67,1.13,0.01,-17.82,4.58,-227.60,1.31,228.34,13,831,94,0
0.55,0.40,-0.20,-6.41,14.47,-155.21,0.71,156.02,4,797,46,0
0.56,0.13,-0.33,47.18,-10.13,-118.71,0.67,128.15,2,807,15,0
0.68,0.62,-0.25,39.12,-25.76,-111.82,0.95,121.23,1,826,8,0
0.81,0.77,-0.44,58.96,-38.09,-124.94,1.20,143.31,0,0,1,0
1.05,1.01,-0.51,27.95,-61.16,-146.00,1.54,160.74,0,0,0,0
1.26,1.75,-0.35,8.36,-79.47,-164.06,2.18,182.49,0,0,0,6
0.89,1.17,-0.44,36.62,-88.01,-137.70,1.54,167.47,0,0,0,11
-0.22,1.46,-0.46,75.38,-11.96,14.71,1.54,77.73,0,0,0,9
-0.10,1.47,-0.89,130.07,53.22,137.45,1.72,196.58,0,0,0,7
-0.25,0.19,-1.21,72.75,24.84,165.41,1.25,182.40,0,0,0,8
-0.77,0.27,-0.72,-47.97,12.27,203.19,1.09,209.13,0,0,0,7
-0.57,0.61,-0.61,-52.12,49.19,237.55,1.03,248.13,0,0,0,5
-0.22,0.65,-1.11,-63.05,91.67,248.84,1.30,272.58,0,0,0,1
0.80,0.67,-1.37,-113.22,111.76,242.98,1.72,290.43,1,728,0,0
1.78,0.63,-1.21,-229.13,95.34,171.14,2.24,301.46,1,708,0,0
2.39,1.72,0.24,-285.83,126.22,63.05,2.95,318.75,1,721,0,0
3.30,0.96,0.53,-89.42,162.17,10.31,3.48,185.47,1,720,0,0
4.00,-0.70,-0.07,-27.47,-22.03,-114.07,4.06,119.39,3,767,3,0
0.15,-0.04,3.97,189.64,-313.66,-56.34,3.97,370.83,25,824,56,0
-0.01,0.83,0.01,30.88,38.15,263.98,0.83,268.50,91,845,149,0
0.50,2.16,-0.49,56.64,21.30,148.62,2.27,160.47,132,845,186,2
0.43,1.89,-0.46,47.42,-3.54,67.87,1.99,82.87,180,818,198,1
0.32,0.85,-0.06,76.17,-20.02,18.55,0.91,80.91,217,800,199,2
0.28,0.88,0.01,50.11,-14.89,19.29,0.92,55.72,186,793,200,0
0.30,1.27,-0.09,18.31,-8.36,7.63,1.31,21.53,219,795,206,3
0.28,1.37,-0.06,7.39,-7.51,-48.22,1.40,49.35,178,821,208,0
0.30,1.31,-0.09,-8.67,-4.33,-89.36,1.35,89.88,125,849,199,2
0.33,1.14,-0.05,-12.88,-1.46,-121.58,1.19,122.27,86,860,200,2
0.42,1.15,-0.11,-24.23,0.55,-144.29,1.23,146.31,57,866,190,1
0.50,1.05,-0.11,-19.78,-2.99,-161.13,1.17,162.37,43,862,169,2
0.64,0.94,-0.21,-9.22,-5.98,-164.55,1.16,164.92,31,845,127,0
0.76,0.72,-0.34,6.96,-8.48,-146.91,1.11,147.32,15,815,89,0
0.74,0.70,-0.41,23.62,-25.94,-118.41,1.10,123.50,7,797,55,0
0.75,0.88,-0.36,44.74,-40.65,-117.92,1.21,132.51,4,793,31,0
0.78,1.39,-0.18,37.96,-54.57,-148.74,1.61,162.92,3,791,12,0
1.01,1.48,-0.63,11.84,-68.54,-194.09,1.90,206.18,1,802,1,0
1.05,1.67,-0.62,-28.14,-88.81,-233.46,2.07,251.36,1,792,0,0
-0.57,0.28,-0.21,-13.18,-117.31,-152.34,0.67,192.73,0,0,0,9
-0.83,2.46,-0.29,6.47,-24.05,136.17,2.62,138.43,0,0,0,4
-0.06,1.03,-0.97,116.27,17.88,149.60,1.42,190.31,1,770,0,2
-0.65,-0.09,-0.91,37.35,10.50,149.48,1.12,154.43,1,761,0,6
-0.66,0.34,-0.58,-38.57,26.43,219.67,0.94,224.59,1,747,0,4
-0.13,0.71,-0.57,-41.99,56.21,258.54,0.92,267.90,1,741,0,3
0.21,0.60,-0.79,-84.05,60.85,242.98,1.01,264.21,1,721,0,2
0.28,1.12,-0.32,-142.09,77.94,212.89,1.19,267.56,1,724,0,0
0.83,1.17,-0.12,-142.21,130.98,158.14,1.44,249.78,1,737,0,0
2.13,1.25,-0.06,-157.53,161.87,75.87,2.47,238.27,1,733,0,0
3.31,0.77,0.17,-150.39,134.77,-10.80,3.40,202.23,1,710,0,0
3.98,0.03,0.26,-78.25,33.26,-62.07,3.98,105.27,2,702,0,0
4.00,-0.20,-0.24,-69.70,-116.21,-112.12,4.01,175.88,5,779,4,0
0.17,-1.88,2.90,369.69,-151.67,56.21,3.46,403.53,41,829,59,0
0.46,2.44,-0.60,124.94,-6.47,239.44,2.55,270.15,125,843,147,0
0.36,1.41,-0.15,212.77,-39.73,104.98,1.46,240.56,181,809,178,3
0.25,1.34,0.09,45.84,-6.84,46.63,1.37,65.74,207,788,192,2
0.29,1.12,-0.07,21.12,-5.25,10.07,1.16,23.98,238,780,194,2
0.30,1.21,-0.10,18.37,-8.06,-11.84,1.25,23.29,247,786,203,3
0.28,1.25,0.01,12.02,-8.18,-43.76,1.28,46.12,197,815,204,3
0.28,1.28,0.02,-6.96,-4.33,-80.14,1.31,80.56,139,846,203,2
0.31,1.36,-0.02,-24.84,1.40,-118.65,1.40,121.23,88,862,198,2
0.38,1.26,-0.08,-33.87,3.11,-164.73,1.32,168.21,52,868,184,1
0.46,1.25,-0.04,-34.06,2.14,-192.26,1.34,195.27,33,857,149,1
0.62,0.94,-0.15,-22.28,0.31,-204.41,1.13,205.62,23,844,111,0
0.69,0.65,-0.51,0.85,-4.39,-180.36,1.08,180.41,9,813,71,0
0.67,0.66,-0.43,21.30,-27.22,-147.83,1.03,151.81,4,795,35,0
0.70,0.90,-0.22,34.97,-41.87,-152.22,1.16,161.70,2,795,16,0
0.80,1.14,-0.27,33.57,-48.95,-170.47,1.42,180.51,1,812,7,0
1.16,1.71,-0.48,1.46,-55.18,-199.89,2.12,207.37,0,0,0,0
0.96,0.66,-0.57,9.83,-64.64,-209.23,1.29,219.21,0,0,0,9
-0.11,1.52,-0.43,-22.89,-46.51,23.38,1.58,56.86,0,0,0,7
0.15,1.68,-0.58,46.26,-8.79,185.91,1.78,191.78,0,0,0,3
-0.07,0.36,-0.76,47.61,-43.52,157.96,0.84,170.62,1,767,0,4
-0.95,0.34,-0.22,-32.78,-42.60,166.56,1.04,175.02,1,750,0,5
-0.90,0.43,-0.25,-5.74,7.14,225.95,1.02,226.14,1,737,0,6
-0.34,0.17,-0.75,-5.55,39.67,271.97,0.84,274.91,1,731,0,7
0.00,0.28,-0.91,-88.50,23.50,278.26,0.95,292.94,1,722,0,7
0.23,0.98,-0.24,-153.08,22.58,254.27,1.03,297.65,1,720,0,1
1.43,1.29,-0.04,-157.53,118.71,129.64,1.92,236.04,1,727,0,0
2.94,1.05,0.22,-174.44,147.77,-18.55,3.13,229.36,1,738,0,0
3.71,0.57,0.61,-118.16,138.61,-68.85,3.80,194.72,1,739,0,0
3.94,0.17,0.67,-69.03,78.37,-124.39,4.00,162.42,1,749,0,0
-0.13,1.38,2.36,182.13,-132.57,-95.58,2.74,244.71,13,798,30,0
1.55,-1.21,-2.41,197.69,56.03,84.59,3.11,222.21,106,833,122,0
0.41,2.92,-0.98,69.03,7.39,194.89,3.11,206.88,157,827,173,3
0.45,1.51,-0.23,78.43,-11.78,37.60,1.59,87.77,188,813,188,2
0.28,1.11,0.00,38.39,-16.42,-35.03,1.14,54.51,222,802,202,2
0.39,1.06,-0.22,-13.06,-1.34,-18.80,1.15,22.93,244,800,206,3
0.38,0.87,-0.10,21.91,-8.30,-13.12,0.95,26.86,236,809,206,2
0.33,1.15,0.00,29.24,-11.54,-18.25,1.20,36.34,235,822,209,2
0.32,1.41,-0.01,10.62,-7.39,-54.02,1.44,55.54,167,842,203,3
0.32,1.35,0.03,-2.93,-4.15,-101.01,1.39,101.14,130,854,202,2
0.34,1.19,0.05,-18.37,0.79,-145.20,1.23,146.36,97,860,200,2
0.45,1.21,0.02,-45.17,8.97,-177.49,1.29,183.37,64,852,180,2
0.62,1.30,-0.17,-57.92,8.36,-205.63,1.45,213.79,48,836,135,0
0.70,0.72,-0.27,-20.51,-1.22,-183.84,1.04,184.98,20,808,87,0
0.73,0.63,-0.52,1.65,-17.82,-139.53,1.10,140.67,8,777,44,0
0.65,0.88,-0.12,11.23,-37.41,-129.27,1.10,135.05,4,767,20,0
0.74,1.13,-0.15,11.41,-36.07,-153.02,1.36,157.62,3,765,9,0
1.05,1.43,-0.49,-19.04,-40.47,-185.85,1.84,191.16,1,771,0,0
1.23,1.67,-0.83,-73.73,-49.19,-216.67,2.24,234.10,0,0,0,0
-1.09,0.51,-0.38,-56.03,-88.99,-150.51,1.26,183.61,0,0,0,8
-0.61,1.95,-0.46,-2.81,-47.61,108.28,2.10,118.31,0,0,0,3
-0.35,1.36,-0.54,112.85,-42.11,183.72,1.51,219.68,0,0,0,2
-0.82,-0.13,-0.67,46.20,-29.05,191.16,1.06,198.80,1,774,0,5
-0.83,0.23,-0.48,-43.95,4.09,235.84,0.99,239.93,1,764,0,2
-0.42,0.76,-0.55,-67.44,42.79,269.90,1.02,281.47,1,756,0,1
0.50,0.77,-1.00,-100.77,36.74,244.87,1.36,267.33,1,739,0,0
0.22,1.10,-0.38,-155.58,-24.23,211.61,1.18,263.76,1,750,0,0
0.72,1.65,0.23,-141.54,7.08,244.57,1.82,282.66,1,750,0,0
2.15,1.77,0.42,-122.80,153.87,135.19,2.82,238.82,1,731,0,0
3.63,0.30,-0.14,-58.53,310.85,-45.78,3.64,319.61,2,706,0,0
4.00,-0.30,0.02,-99.06,150.82,-170.35,4.01,248.15,3,709,0,0
0.27,-0.97,1.32,379.46,-230.71,-110.60,1.66,457.65,35,820,40,0
0.12,1.53,-0.28,-11.72,35.83,283.33,1.56,285.82,136,827,143,0
0.39,2.07,-0.30,140.38,-11.84,100.10,2.13,172.82,206,783,177,1
0.31,1.79,-0.25,10.31,-5.49,34.67,1.83,36.58,271,755,197,2
0.21,0.24,0.15,82.52,-18.86,-6.23,0.36,84.88,360,750,200,1
0.24,1.04,0.05,24.54,-6.59,-10.19,1.07,27.37,229,752,201,3
0.25,1.21,0.02,-2.26,-1.65,-40.59,1.24,40.68,291,775,205,2
0.28,1.43,-0.07,-20.08,1.65,-73.12,1.45,75.85,181,822,207,2
0.28,1.31,-0.03,-7.75,-1.89,-117.07,1.34,117.34,126,850,205,2
0.29,1.11,0.04,-9.09,-2.56,-152.53,1.15,152.82,88,860,195,1
0.35,1.15,0.05,-28.56,-0.85,-174.56,1.20,176.88,58,858,185,0
0.51,1.20,0.03,-43.40,3.05,-200.13,1.30,204.81,46,847,149,0
0.60,0.71,-0.04,-50.90,9.46,-196.78,0.93,203.47,40,834,115,0
0.79,0.57,-0.62,-30.46,6.16,-167.79,1.15,170.64,24,809,75,0
0.88,0.68,-0.52,4.88,-30.76,-114.01,1.23,118.19,13,785,54,0
0.83,1.06,-0.38,22.16,-58.17,-124.88,1.40,139.53,7,773,27,0
1.22,1.24,-0.82,-6.23,-69.34,-160.34,1.92,174.80,4,767,7,0
0.96,2.35,-0.77,-108.28,-104.00,-209.90,2.65,258.07,1,785,0,0
0.58,1.81,-0.68,-114.26,-133.18,-217.96,2.02,279.82,0,0,0,1
-0.58,0.61,-0.15,8.42,-134.22,-18.98,0.86,135.81,0,0,0,3
-0.35,1.47,-0.23,39.61,-22.71,154.24,1.53,160.85,1,819,0,2
-0.56,0.37,-0.50,27.28,-0.55,137.88,0.84,140.55,1,781,0,6
-0.98,0.34,-0.32,-40.59,17.94,182.13,1.09,187.46,1,764,0,5
-0.75,0.48,-0.45,-47.00,37.35,270.69,1.00,277.27,1,749,0,2
-0.12,0.61,-0.72,-84.96,23.19,287.23,0.95,300.43,1,743,0,1
0.11,1.11,-0.43,-153.50,4.82,273.74,1.19,313.88,1,736,0,0
0.68,1.43,0.10,-179.63,45.10,210.69,1.59,280.52,1,736,0,0
2.07,1.38,0.22,-187.26,135.13,97.53,2.50,250.68,1,732,0,0
3.55,0.88,0.63,-174.74,158.39,30.94,3.71,237.86,1,719,0,0
4.00,0.44,0.99,-133.73,62.50,-46.14,4.14,154.66,3,756,0,0
1.79,0.44,1.85,129.46,-204.71,-102.60,2.61,263.04,25,846,44,0
0.65,0.60,-0.23,135.68,117.49,262.33,0.92,317.85,102,839,109,0
0.68,2.12,-1.02,194.46,-34.97,88.50,2.45,216.49,216,799,180,1
0.32,1.70,-0.31,74.22,-19.29,34.36,1.75,84.03,225,785,198,3
0.18,-0.43,0.57,158.20,-27.34,-12.02,0.73,161.00,206,784,193,2
0.25,1.05,0.05,-14.22,5.86,13.18,1.08,20.26,197,786,201,2
0.28,1.49,-0.03,-8.97,4.09,-18.74,1.52,21.17,193,805,204,2
0.24,1.26,0.11,-9.40,-0.67,-60.00,1.29,60.73,135,835,206,3
0.25,1.54,-0.01,-41.56,6.10,-107.91,1.56,115.80,87,854,203,3
0.29,1.51,-0.07,-37.78,2.81,-179.02,1.54,182.98,53,863,203,2
0.31,1.32,-0.10,-30.21,-6.65,-221.07,1.36,223.22,32,854,187,0
0.55,1.27,-0.08,-25.21,-5.68,-254.39,1.39,255.70,22,839,145,0
0.51,0.55,0.04,-7.02,8.61,-239.81,0.75,240.06,9,808,91,0
0.65,0.52,-0.34,-16.78,13.98,-173.89,0.90,175.26,3,796,46,0
0.61,0.82,-0.09,13.73,-12.76,-145.75,1.02,146.95,1,801,20,0
0.96,1.08,-0.65,62.74,-22.09,-156.01,1.59,169.60,1,817,7,0
1.01,0.96,-0.79,53.89,-52.61,-185.30,1.60,200.02,0,0,0,0
1.25,1.04,-0.81,-28.75,-80.81,-194.03,1.82,212.14,0,0,0,6
-0.53,0.79,-0.49,-52.06,-99.24,-38.15,1.07,118.38,0,0,0,4
-0.32,1.60,-0.57,23.13,-35.77,101.62,1.72,110.19,0,0,0,3
-0.47,0.96,-0.71,32.84,-28.02,133.06,1.29,139.88,0,0,0,3
-0.90,0.24,-0.59,-17.03,-25.33,147.58,1.10,150.71,0,0,0,5
-1.14,0.25,-0.41,-72.75,12.33,207.76,1.24,220.48,0,0,0,2
-0.62,0.84,-0.53,-103.94,73.36,276.79,1.17,304.63,0,0,0,1
0.28,1.02,-0.88,-110.23,107.30,287.54,1.38,326.10,1,780,0,0
1.00,0.98,-0.81,-168.70,113.95,239.26,1.62,314.15,1,763,0,0
1.75,1.30,-0.31,-240.23,147.34,140.20,2.20,314.76,1,747,0,0
2.86,1.80,0.71,-182.07,187.56,67.32,3.45,269.93,1,735,0,0
4.00,0.14,-0.01,69.40,163.39,10.19,4.00,177.81,2,713,0,0
3.58,-1.05,0.17,63.48,39.55,-142.58,3.73,161.00,2,709,0,0
1.30,1.79,1.66,94.91,-121.77,-156.31,2.77,219.70,19,810,46,0
-0.78,-2.37,0.42,232.12,-29.60,296.14,2.53,377.43,118,833,156,0
-0.03,4.00,0.12,86.67,28.69,245.18,4.00,261.62,242,776,187,0
0.16,1.36,0.14,68.48,-22.03,70.13,1.38,100.47,350,732,196,1
0.22,0.43,0.14,79.71,-21.24,-15.69,0.50,83.97,354,726,195,2
0.24,1.25,0.00,18.07,-9.16,-38.64,1.27,43.62,298,739,202,2
0.23,1.24,-0.04,-8.79,-4.52,-61.95,1.27,62.73,284,780,199,1
0.27,1.39,-0.15,-20.26,-2.38,-101.38,1.42,103.41,152,831,203,3
0.23,1.37,-0.10,-9.77,-6.53,-147.83,1.39,148.29,112,856,201,2
0.36,1.13,-0.10,-20.26,-3.30,-189.88,1.19,190.99,69,865,191,2
0.47,0.89,-0.02,-32.23,-0.92,-213.75,1.00,216.16,47,854,172,1
0.63,0.85,-0.32,-49.62,5.55,-212.34,1.10,218.13,35,838,119,0
0.71,0.38,-0.44,-26.25,-0.24,-178.22,0.92,180.14,16,809,76,0
0.68,0.55,-0.47,16.72,-31.31,-123.66,0.99,128.65,8,790,54,0
0.65,0.90,-0.05,21.24,-43.33,-130.43,1.11,139.07,5,781,35,0
0.82,1.17,-0.13,8.61,-30.52,-154.36,1.43,157.58,3,781,17,0
1.13,1.91,-0.37,-3.66,-29.72,-188.48,2.24,190.84,2,781,7,0
1.12,2.07,-0.45,-2.20,-39.49,-252.38,2.40,255.46,1,789,0,0
0.56,-0.63,-0.82,-30.64,-39.37,-222.53,1.18,228.06,0,0,0,8
-0.32,1.90,-0.71,-122.31,-109.31,102.36,2.06,193.36,0,0,0,2
-0.37,1.94,-0.29,-14.95,-87.22,269.84,2.00,283.98,0,0,0,0
-0.57,0.26,-0.48,28.50,-70.86,196.90,0.79,211.19,1,765,0,5
-1.09,0.21,-0.27,-52.98,-16.91,214.05,1.15,221.16,1,773,0,5
-0.65,0.45,-0.48,-60.97,42.11,248.72,0.92,259.52,1,772,0,4
0.03,0.46,-0.79,-102.91,54.87,270.14,0.92,294.24,1,765,0,3
0.50,0.94,-0.39,-165.89,50.96,237.79,1.14,294.39,1,764,0,0
1.19,1.41,0.08,-168.76,94.67,163.45,1.85,253.30,1,761,0,0
2.35,1.27,0.15,-111.82,140.99,103.88,2.68,207.78,1,759,0,0
3.46,0.39,0.01,-56.40,125.61,54.14,3.48,147.95,1,734,0,0
4.00,0.11,0.13,-63.23,28.81,-27.16,4.00,74.61,3,763,4,0
0.19,0.74,1.49,302.49,-238.10,-48.34,1.67,387.98,42,831,71,0
-0.47,3.27,0.37,-8.18,12.27,308.78,3.33,309.13,136,820,149,0
0.35,0.32,0.12,223.88,-36.19,48.65,0.49,231.94,242,766,179,2
0.30,2.47,-0.30,8.00,-2.87,19.59,2.51,21.35,296,753,189,2
0.26,0.92,0.07,26.43,-9.22,-26.61,0.96,38.62,340,760,195,3
0.27,1.04,-0.03,16.11,-6.77,-29.79,1.07,34.54,258,773,205,2
0.24,0.99,0.11,11.47,-7.39,-47.79,1.02,49.70,220,801,200,3
0.28,1.14,0.03,-18.55,1.22,-62.99,1.17,65.68,167,833,207,2
0.31,1.49,-0.07,-36.44,7.51,-108.64,1.52,114.84,126,850,206,2
0.35,1.27,-0.02,-29.11,2.69,-161.19,1.31,163.82,76,860,200,3
0.34,1.23,-0.07,-48.58,4.76,-197.33,1.28,203.28,49,858,188,1
0.51,1.22,-0.14,-51.09,0.49,-233.76,1.33,239.28,36,842,157,1
0.67,0.95,-0.12,-48.46,6.41,-240.48,1.16,245.40,21,820,101,0
0.70,0.72,-0.41,-48.89,5.49,-205.63,1.09,211.43,8,797,56,0
0.62,0.30,-0.34,-12.63,-17.82,-160.16,0.77,161.64,4,772,26,0
0.77,0.90,-0.28,-34.36,-23.74,-144.10,1.22,150.03,3,761,11,0
0.89,1.01,-0.52,-33.33,-34.12,-190.67,1.44,196.55,2,767,2,0
1.06,0.94,-0.47,-161.93,-52.37,-185.91,1.49,252.04,1,783,0,1
-0.91,1.23,-0.33,-128.85,-87.83,-91.43,1.57,180.76,0,0,0,6
-0.19,1.99,-0.52,-13.00,-45.41,131.47,2.07,139.70,0,0,0,3
0.11,1.65,-0.62,115.23,-71.47,194.34,1.77,236.97,0,0,0,0
-0.37,0.41,-0.68,123.96,-86.18,170.96,0.88,228.08,1,773,0,3
-0.90,-0.16,-0.61,28.50,-52.37,178.77,1.10,188.45,1,780,0,6
-0.75,0.40,-0.52,-26.92,5.55,234.74,1.00,236.34,1,779,0,5
-0.19,0.36,-0.86,-32.96,51.33,252.93,0.95,260.18,1,777,0,3
0.31,0.65,-0.92,-130.07,62.19,235.41,1.17,276.05,1,770,0,0
0.92,1.24,-0.34,-151.73,94.97,193.66,1.58,263.72,1,766,0,0
2.05,1.16,-0.28,-118.47,150.02,147.16,2.37,241.24,1,758,0,0
3.46,0.78,-0.14,-132.20,156.01,67.69,3.55,215.40,1,740,0,0
4.00,-0.03,0.07,-121.58,57.68,-25.21,4.00,136.91,2,733,0,0
4.00,1.77,0.64,-124.76,-135.80,-89.17,4.42,204.84,8,797,24,0
0.41,-1.84,3.71,429.87,-221.80,-0.79,4.16,483.72,76,838,120,0
-0.54,3.33,0.52,98.75,5.74,305.11,3.41,320.75,198,815,173,1
0.18,0.77,0.02,152.34,-30.09,52.49,0.79,163.92,286,765,190,2
0.14,0.68,0.28,102.05,-29.17,-23.32,0.75,108.67,303,754,202,2
0.29,1.21,-0.13,-14.59,0.73,-22.16,1.25,26.54,321,761,207,2
0.30,1.24,-0.08,-6.84,-2.56,-35.71,1.27,36.44,306,783,202,3
0.30,1.35,-0.02,-10.44,-3.85,-62.13,1.38,63.12,215,822,202,3
0.30,1.60,-0.13,-35.77,0.43,-101.26,1.63,107.39,147,848,208,3
0.30,1.28,-0.05,-22.52,-2.01,-158.02,1.31,159.63,101,861,200,2
0.32,1.30,0.01,-45.65,3.78,-198.24,1.33,203.47,73,860,183,1
0.50,1.18,-0.11,-67.75,12.27,-220.95,1.28,231.43,49,842,135,2
0.75,0.71,-0.48,-48.10,8.85,-207.70,1.14,213.38,24,818,84,0
0.67,0.36,-0.48,-21.18,-13.31,-150.51,0.90,152.58,10,786,48,0
0.56,0.53,-0.12,5.62,-31.37,-120.97,0.78,125.10,6,770,23,0
0.77,0.76,-0.21,7.57,-27.71,-130.07,1.10,133.20,4,769,14,0
0.94,1.02,-0.44,11.60,-36.13,-148.32,1.45,153.09,3,768,9,0
1.21,1.83,-0.56,-29.85,-47.79,-174.62,2.26,183.49,1,772,0,0
0.96,1.13,-0.80,-54.20,-51.88,-218.14,1.68,230.68,0,0,0,4
-1.07,0.97,-0.57,-73.06,-88.68,-123.29,1.55,168.53,0,0,0,7
-0.65,1.72,-0.52,85.88,-12.27,138.43,1.92,163.36,0,0,0,6
-0.59,0.59,-0.83,135.01,-8.12,180.54,1.18,225.59,0,0,0,6
-0.80,-0.13,-0.86,57.19,-14.89,225.59,1.18,233.20,1,767,0,5
-0.64,0.34,-0.63,-42.42,-10.01,261.29,0.96,264.90,0,0,0,3
-0.39,0.71,-0.50,-71.72,15.26,273.68,0.96,283.33,1,770,0,1
-0.03,0.82,-0.48,-85.82,41.69,277.59,0.96,293.53,1,761,0,0
0.74,1.10,-0.31,-109.13,73.18,252.14,1.36,284.32,1,750,0,0
1.61,1.33,-0.08,-115.17,135.62,157.78,2.10,237.80,1,744,0,0
2.72,1.03,0.09,-92.59,184.08,47.79,2.91,211.53,1,729,0,0
4.00,-0.13,0.05,17.09,133.97,-8.91,4.00,135.35,2,719,0,0
4.00,0.41,-0.11,103.76,-90.45,-54.44,4.02,148.03,12,800,28,0
-0.07,-3.92,1.00,484.56,-114.99,149.35,4.05,519.93,100,798,114,0
0.04,4.00,-0.56,-206.79,74.10,291.81,4.04,365.24,248,789,158,0
0.19,-0.22,-0.11,118.77,-27.40,-20.26,0.31,123.57,293,734,179,3
0.21,0.55,-0.04,111.69,-26.12,-24.96,0.59,117.39,294,729,195,2
0.25,1.23,-0.09,-22.83,2.26,-2.62,1.26,23.09,358,726,202,3
0.22,1.18,0.03,9.89,-5.68,-27.28,1.20,29.57,413,736,206,2
0.20,1.40,0.03,-21.48,-0.55,-61.34,1.42,65.00,342,768,201,3
0.24,1.38,-0.10,-32.53,4.03,-104.19,1.41,109.22,198,823,199,3
0.24,1.24,-0.03,-25.88,2.14,-147.22,1.26,149.49,124,853,200,4
0.31,1.23,-0.05,-39.92,3.11,-183.47,1.27,187.79,72,862,199,2
0.39,1.16,-0.03,-48.03,1.22,-208.62,1.22,214.08,48,856,176,1
0.54,1.14,-0.10,-46.45,1.22,-223.14,1.27,227.93,34,841,138,0
0.65,0.47,-0.43,-9.64,2.32,-207.58,0.91,207.82,15,825,93,0
0.65,0.54,-0.53,6.16,-15.99,-161.25,1.00,162.16,7,805,63,0
0.57,0.27,-0.39,22.28,-50.17,-135.38,0.74,146.08,4,794,45,0
0.51,0.45,0.24,18.92,-42.24,-158.14,0.72,164.78,3,798,44,0
0.75,0.23,0.34,-10.19,-13.37,-155.82,0.86,156.73,3,798,42,0
1.24,1.54,-0.06,-60.85,15.69,-158.94,1.98,170.91,3,783,24,0
1.56,2.41,-0.33,-74.65,16.17,-196.90,2.89,211.19,1,782,4,0
0.83,0.89,-1.03,-2.32,6.29,-226.81,1.59,226.91,1,756,0,6
-0.02,-0.42,-0.73,-16.17,-71.72,-38.82,0.84,83.14,1,742,0,5
-0.46,1.52,-0.33,28.87,-87.10,245.48,1.62,262.07,0,0,0,0
-0.40,0.86,-0.32,135.93,-94.67,283.57,1.00,328.40,1,765,0,1
-0.48,-0.13,-0.74,72.20,-68.79,263.55,0.89,281.79,1,770,0,4
-0.54,0.40,-0.71,-17.88,-20.32,272.09,0.98,273.44,1,776,0,3
-0.21,0.46,-0.91,-54.81,39.92,267.64,1.04,276.09,1,777,0,2
0.39,0.84,-1.01,-121.40,85.33,257.75,1.37,297.41,1,773,0,0
1.24,0.96,-0.77,-158.33,119.93,243.04,1.75,313.88,1,758,0,0
2.75,1.37,-0.57,-210.51,164.12,156.98,3.12,309.67,1,738,0,0
3.60,1.23,0.02,-199.34,156.98,-8.79,3.80,253.88,2,742,0,0
4.00,2.37,0.82,-131.65,34.18,-56.88,4.72,147.43,8,804,23,0
-0.47,-4.00,3.98,384.09,-204.77,-39.86,5.66,437.09,56,844,99,0
0.64,4.00,-1.59,-111.27,117.80,273.44,4.35,317.84,138,816,148,0
0.31,0.68,0.03,150.33,-28.08,25.70,0.75,155.07,32736,0,186,2
0.23,1.45,0.03,48.58,-13.73,-16.11,1.47,53.00,278,755,191,3
0.36,0.91,-0.17,-4.52,-1.95,-33.39,0.99,33.75,270,726,197,2
0.34,0.87,-0.08,12.02,-6.10,-24.96,0.94,28.37,257,769,199,3
0.32,1.25,-0.10,-8.85,-1.10,-28.08,1.29,29.46,195,798,211,1
0.34,1.38,-0.19,-11.78,-3.36,-60.97,1.44,62.19,154,833,204,3
0.33,1.18,-0.11,-4.82,-9.40,-110.11,1.23,110.61,99,853,208,2
0.43,1.26,-0.21,-12.21,-9.83,-143.68,1.35,144.53,67,872,196,2
0.42,1.10,-0.07,-10.13,-16.11,-174.07,1.18,175.11,50,870,186,2
0.53,0.99,-0.10,-12.88,-16.97,-195.13,1.12,196.29,37,851,165,1
0.70,0.82,-0.11,-26.92,-5.68,-194.95,1.08,196.88,27,837,129,0
0.83,0.26,-0.57,-22.46,-7.20,-160.95,1.04,162.67,14,814,92,0
0.79,0.81,-0.33,-14.95,-32.53,-130.25,1.18,135.08,10,786,57,0
1.16,1.32,-0.88,-27.89,-47.18,-152.40,1.97,161.96,6,771,23,0
1.40,1.49,-1.54,-153.69,-111.76,-216.80,2.56,288.29,2,758,6,0
0.78,2.17,-0.92,-198.85,-164.61,-250.73,2.49,359.87,1,793,0,0
-1.77,1.32,0.28,-95.52,-192.63,-102.05,2.22,238.00,0,0,0,10
-1.01,1.65,-0.14,55.05,-15.62,144.90,1.94,155.79,0,0,0,6
-0.28,0.71,-0.83,128.30,11.47,216.86,1.13,252.23,0,0,0,6
-0.67,-0.37,-0.77,19.78,-13.49,214.29,1.08,215.63,1,791,0,6
-0.96,0.38,-0.30,-102.78,11.11,249.76,1.07,270.31,0,0,0,5
-0.65,0.94,-0.28,-94.97,67.93,278.87,1.17,302.33,1,778,0,1
-0.23,0.87,-0.59,-76.84,99.30,288.15,1.07,314.32,0,0,0,1
0.49,1.15,-0.62,-135.68,126.65,291.38,1.40,345.47,0,0,0,0
3.07,2.08,-0.04,-196.35,140.75,211.00,3.71,320.75,1,735,0,0
3.81,1.41,0.89,-88.87,88.68,7.75,4.16,125.79,1,733,0,0
4.00,1.15,0.70,-1.16,24.05,-72.94,4.22,76.81,3,775,3,0
0.32,-0.16,1.50,159.55,-196.23,-116.46,1.54,278.43,34,836,82,0
0.05,-0.41,-0.05,101.62,2.69,269.17,0.42,287.72,157,802,157,1
0.32,0.46,-0.64,207.40,-44.62,56.34,0.85,219.49,350,743,181,2
0.40,2.26,-0.57,-5.86,5.86,7.32,2.36,11.06,377,734,200,3
0.23,0.66,0.12,3.48,-6.29,-45.17,0.71,45.73,360,746,203,2
0.34,0.99,-0.19,-6.77,-3.17,-32.10,1.06,32.96,304,762,206,5
0.30,1.22,-0.09,1.95,-8.36,-35.16,1.26,36.19,316,785,211,3
0.28,1.40,-0.06,-5.43,-6.77,-62.13,1.43,62.74,225,828,207,2
0.27,1.44,-0.07,-9.64,-4.70,-113.16,1.47,113.67,141,853,208,3
0.31,1.23,-0.06,-28.20,1.65,-162.66,1.27,165.09,94,863,199,1
0.36,1.01,-0.01,-43.70,2.26,-191.89,1.07,196.82,67,857,176,1
0.67,1.07,-0.38,-60.73,4.82,-199.77,1.31,208.85,47,842,134,0
0.70,0.62,-0.42,-22.28,-15.56,-162.96,1.03,165.21,24,817,89,0
0.58,1.02,-0.21,-13.49,-43.70,-118.71,1.19,127.22,14,792,68,0
0.56,1.34,0.05,-3.97,-46.94,-151.06,1.45,158.24,10,785,56,0
0.69,1.05,0.14,-2.75,-29.66,-186.16,1.26,188.53,7,785,48,0
1.12,1.51,-0.23,-53.41,-7.08,-211.79,1.90,218.54,4,776,23,0
1.19,1.96,-0.29,-77.64,-9.22,-256.65,2.32,268.30,1,768,4,0
1.17,-0.13,-1.11,-96.86,-9.46,-191.77,1.62,215.05,0,0,0,8
-0.20,0.08,-0.13,-35.22,-102.05,16.24,0.26,109.17,1,805,0,6
-0.32,1.30,-0.50,75.93,-73.61,254.27,1.43,275.39,1,803,0,3
-0.60,0.18,-0.63,49.19,-94.12,235.47,0.89,258.31,1,791,0,4
-0.94,0.12,-0.39,-52.55,-60.42,237.85,1.02,250.97,1,791,0,5
-0.62,0.62,-0.34,-76.48,-5.07,261.54,0.94,272.53,1,793,0,3
-0.21,0.69,-0.44,-70.86,32.71,269.17,0.84,280.25,1,795,0,0
0.16,1.10,-0.24,-95.95,65.25,260.68,1.14,285.34,1,794,0,0
0.87,1.06,-0.14,-94.36,124.51,213.81,1.38,264.80,0,0,0,0
2.30,1.05,-0.13,-135.68,168.76,140.32,2.53,258.03,1,777,0,0
3.51,1.24,0.14,-122.56,160.71,21.48,3.73,203.24,1,760,0,0
3.85,-0.39,-0.43,3.23,20.51,-93.32,3.90,95.60,3,781,3,0
1.58,-2.92,4.00,566.53,-297.24,-84.11,5.20,645.28,53,836,104,0
-0.74,4.00,-0.46,-180.79,27.22,325.44,4.09,373.28,188,802,168,1
0.26,-0.72,0.13,247.19,-37.48,17.46,0.78,250.63,335,748,190,0
0.17,1.83,-0.08,23.44,-6.71,-13.55,1.84,27.89,320,748,197,1
0.31,1.38,-0.19,-62.01,11.84,-27.16,1.43,68.73,306,754,195,1
0.28,1.03,-0.09,-14.04,1.16,-22.58,1.07,26.62,327,765,198,2
0.25,1.31,-0.06,-10.62,-1.71,-36.87,1.34,38.40,254,795,207,2
0.25,1.38,-0.04,-10.44,-2.56,-84.41,1.40,85.09,177,833,199,3
0.25,1.36,-0.10,-8.54,-6.23,-136.35,1.38,136.76,119,855,206,2
0.39,1.37,-0.20,-13.55,-6.90,-180.11,1.44,180.76,80,865,197,1
0.40,0.97,-0.05,-12.45,-9.95,-218.26,1.05,218.84,49,855,174,2
0.61,1.24,-0.31,-50.78,4.33,-229.37,1.42,234.96,35,837,136,0
0.73,0.64,-0.73,-12.33,-2.69,-210.45,1.22,210.83,13,809,84,0
0.52,0.54,-0.42,29.17,-39.55,-159.85,0.86,167.24,6,786,50,0
0.58,0.96,0.08,25.51,-51.27,-156.80,1.13,166.93,3,785,22,0
0.73,0.60,-0.02,31.68,-38.51,-154.36,0.95,162.21,1,787,10,0
0.98,1.36,-0.44,-18.92,-47.18,-176.70,1.73,183.86,0,0,0,0
0.96,1.09,-0.49,-51.88,-53.77,-181.70,1.53,196.46,0,0,0,9
-0.63,0.47,0.02,-36.62,-56.21,-54.20,0.78,86.25,0,0,0,8
-0.15,1.65,-0.50,26.43,24.72,125.85,1.73,130.95,0,0,0,4
-0.26,1.01,-0.87,74.46,3.85,144.71,1.36,162.79,0,0,0,4
-0.77,0.03,-0.86,18.92,-19.96,169.80,1.15,172.01,1,782,0,5
-0.85,0.31,-0.59,-56.09,-15.87,231.51,1.08,238.73,0,0,0,3
-0.48,0.67,-0.64,-71.78,14.71,275.51,1.04,285.09,1,784,0,1
-0.07,0.88,-0.68,-95.76,52.86,283.45,1.11,303.82,0,0,0,0
1.29,1.18,-0.69,-150.09,81.24,225.77,1.87,283.01,1,781,0,0
2.10,1.25,-0.43,-193.54,104.06,100.40,2.48,241.60,1,777,0,0
2.41,0.85,-0.04,-211.36,132.87,34.12,2.56,251.98,1,770,0,0
3.24,0.31,0.06,-147.09,142.33,27.04,3.25,206.46,1,735,0,0
3.60,0.03,-0.34,-89.05,28.56,-30.27,3.62,98.30,2,729,0,0
3.36,2.50,1.11,-70.19,-177.55,-148.74,4.33,242.02,14,806,33,0
1.30,-2.15,3.69,574.58,-278.63,58.11,4.46,641.21,144,761,139,0
-0.77,4.00,-0.04,112.06,56.82,294.13,4.07,319.84,325,745,179,2
-0.18,1.92,0.14,113.59,-23.93,108.34,1.94,158.78,371,684,190,1
0.05,0.42,0.41,124.82,-23.80,6.96,0.59,127.26,464,668,193,1
0.17,0.95,0.09,30.64,-7.02,-10.93,0.97,33.28,420,678,190,1
0.18,1.26,0.02,-9.16,-3.66,-32.90,1.27,34.34,416,705,196,0
0.19,1.41,-0.05,-27.28,-2.50,-60.00,1.42,65.96,302,748,190,4
0.20,1.31,-0.05,-17.15,-4.39,-98.75,1.33,100.33,225,791,191,3
0.22,1.27,-0.05,-21.55,-3.05,-125.55,1.29,127.42,139,836,195,1
0.26,1.11,-0.09,-10.62,-4.21,-171.69,1.14,172.07,90,855,191,3
0.31,0.92,0.08,-18.62,-1.89,-181.40,0.97,182.36,68,856,173,0
0.47,0.75,0.02,-55.85,13.00,-174.07,0.89,183.27,54,847,147,1
0.65,0.75,-0.26,-53.59,17.76,-151.25,1.03,161.44,37,836,109,0
0.69,0.56,-0.34,-16.91,6.29,-128.97,0.95,130.22,21,826,83,0
0.75,1.19,-0.32,-11.11,-5.00,-122.74,1.44,123.34,11,808,63,0
0.71,1.20,-0.26,-0.24,-19.29,-149.72,1.42,150.96,7,803,55,0
0.95,1.50,-0.44,-0.18,-30.46,-183.35,1.83,185.86,5,802,34,0
1.05,2.18,-0.62,14.59,-51.88,-221.62,2.50,228.08,2,785,11,0
0.67,2.39,-0.36,53.89,-58.41,-295.96,2.51,306.44,1,773,0,0
-0.01,-0.57,-0.91,-11.66,-42.48,-153.50,1.07,159.70,0,0,0,12
-1.48,2.42,-0.21,-120.18,-151.55,197.51,2.85,276.44,0,0,0,4
-0.67,1.08,-0.00,37.35,-122.86,237.00,1.28,269.55,0,0,0,5
-1.00,-0.04,-0.19,21.73,-68.91,224.79,1.02,236.12,0,0,0,5
-0.99,0.27,-0.24,-49.74,3.91,237.37,1.05,242.55,0,0,0,3
-0.54,0.71,-0.45,-78.67,64.94,256.59,1.00,276.13,0,0,0,4
-0.14,0.80,-0.58,-92.65,86.55,274.48,1.00,302.34,0,0,0,0
0.42,0.96,-0.61,-132.93,93.44,255.07,1.22,302.43,1,766,0,0
1.57,1.78,-0.07,-204.77,125.43,198.24,2.37,311.39,0,0,0,0
3.43,1.43,0.40,-122.07,151.18,91.98,3.74,214.98,1,691,0,0
4.00,-0.08,-0.47,10.19,79.90,-40.77,4.03,90.27,2,689,0,0
4.00,1.16,-0.77,-2.99,-138.55,-161.38,4.24,212.71,8,795,17,0
0.34,-3.24,1.71,466.61,-164.73,88.87,3.68,502.76,103,820,117,0
-0.11,4.00,-0.61,-236.82,74.04,342.22,4.05,422.71,244,786,177,0
-0.24,0.10,0.82,223.75,-45.17,29.42,0.86,230.16,358,740,195,0
0.15,0.68,0.53,124.45,-31.19,-20.94,0.88,130.00,384,740,194,3
0.31,1.54,-0.14,-9.83,-1.71,-48.58,1.58,49.60,321,764,203,1
0.27,1.02,0.00,-10.56,-4.58,-69.82,1.06,70.77,242,798,204,3
0.29,1.18,-0.03,-32.41,2.20,-79.28,1.22,85.68,200,835,202,2
0.33,1.28,-0.12,-31.92,1.95,-106.26,1.33,110.97,133,851,200,1
0.37,1.18,-0.10,-22.64,-0.85,-137.33,1.24,139.19,99,863,195,2
0.42,1.23,-0.09,-32.59,1.22,-161.25,1.30,164.52,69,857,180,0
0.53,0.99,-0.04,-41.99,0.85,-179.08,1.13,183.94,47,839,151,0
0.65,0.95,-0.12,-54.99,10.01,-177.00,1.16,185.62,34,823,100,0
0.66,0.57,-0.45,-29.30,1.34,-156.86,0.98,159.58,16,795,62,0
0.66,0.78,-0.14,-21.42,-17.15,-141.60,1.03,144.24,10,776,42,0
0.69,1.31,-0.09,-34.36,-10.13,-156.62,1.48,160.66,6,769,23,0
1.13,1.57,-0.32,-47.36,-6.96,-192.32,1.96,198.19,3,762,8,0
1.06,2.14,-0.52,-40.34,-10.93,-221.80,2.44,225.71,1,754,0,0
0.77,-0.15,-1.03,-45.65,-13.00,-238.28,1.30,242.96,1,735,0,7
0.19,0.68,-0.93,-93.81,-103.64,-31.56,1.17,143.31,1,791,0,4
-0.40,1.54,-0.26,-15.75,-131.96,170.23,1.61,215.96,1,762,0,4
-0.92,0.68,0.03,23.32,-104.19,169.92,1.15,200.68,0,0,0,7
-1.24,0.34,0.13,2.69,0.61,198.00,1.29,198.02,1,728,0,5
-0.82,0.54,-0.14,0.18,60.73,243.29,0.99,250.75,1,728,0,5
-0.32,0.54,-0.58,-1.28,68.36,278.14,0.86,286.42,1,731,0,4
0.16,0.89,-0.67,-28.32,40.95,291.14,1.12,295.36,1,749,0,0
0.88,0.88,-0.64,-49.74,18.01,268.37,1.40,273.54,0,0,0,0
1.85,1.18,-0.27,-124.39,37.96,188.54,2.21,229.04,1,735,0,0
2.93,1.33,0.46,-133.42,114.87,104.55,3.25,204.76,1,715,0,0
4.00,0.44,0.11,-46.39,151.98,5.19,4.03,158.98,2,709,0,0
4.00,1.30,-0.97,16.60,-164.49,-116.70,4.32,202.36,15,805,32,0
-0.04,-1.57,-0.22,104.74,-4.76,272.77,1.58,292.22,121,815,119,0
-0.24,3.77,0.23,143.37,-13.98,125.06,3.78,190.76,243,768,174,0
0.16,2.49,-0.10,-41.75,10.01,37.84,2.50,57.23,360,749,185,1
0.08,0.47,0.36,82.34,-24.90,-51.51,0.59,100.27,386,751,198,4
0.30,1.27,-0.20,-34.48,3.48,-51.27,1.32,61.89,277,775,204,3
0.28,1.01,-0.03,-10.25,-3.05,-66.71,1.05,67.56,234,811,207,3
0.31,1.12,-0.08,-27.22,3.11,-73.49,1.17,78.43,172,840,207,3
0.34,1.34,-0.16,-11.96,-3.23,-106.02,1.39,106.74,142,856,206,1
0.34,1.18,-0.05,-1.77,-7.20,-145.75,1.23,145.94,93,862,195,2
0.34,1.17,0.07,-19.71,-5.25,-178.28,1.22,179.45,66,857,188,2
0.55,1.18,0.01,-54.32,3.23,-200.68,1.30,207.93,51,843,153,0
0.75,0.96,-0.22,-54.69,9.46,-200.74,1.24,208.28,33,828,105,0
0.73,0.38,-0.65,-19.29,-4.21,-175.60,1.05,176.70,15,795,65,0
0.69,0.36,-0.46,17.33,-34.91,-128.30,0.90,134.09,8,774,38,0
0.77,0.88,-0.35,23.56,-48.71,-120.18,1.22,131.80,4,765,18,0
0.82,0.91,-0.18,-0.73,-55.42,-161.32,1.24,170.57,3,769,9,0
1.22,1.95,-0.41,-68.85,-56.64,-201.60,2.33,220.43,1,790,0,0
1.09,1.74,-0.43,-109.92,-63.78,-246.46,2.09,277.30,0,0,0,0
-0.25,1.66,-0.23,-49.62,-93.69,-103.27,1.70,148.00,0,0,0,9
-0.45,2.16,-0.44,-8.67,-37.23,170.90,2.25,175.12,0,0,0,3
-0.09,0.72,-0.62,44.31,-41.87,196.17,0.95,205.42,0,0,0,5
-0.78,0.13,-0.29,-18.80,-36.50,211.85,0.84,215.79,1,735,0,6
-0.79,0.29,-0.21,-11.54,-7.93,243.96,0.87,244.36,1,728,0,6
-0.43,0.04,-0.55,-16.54,3.42,265.08,0.70,265.61,1,726,0,5
-0.34,0.37,-0.49,-105.16,7.20,264.59,0.70,284.81,1,725,0,6
0.03,0.79,-0.21,-134.34,35.40,237.12,0.81,274.82,1,736,0,0
0.66,1.14,-0.09,-161.93,87.04,178.22,1.32,256.04,1,751,0,0
1.85,1.18,-0.15,-185.61,134.89,102.48,2.20,251.29,1,748,0,0
3.15,1.69,0.38,-176.57,146.79,36.19,3.60,232.46,1,735,0,0
4.00,0.11,0.22,-10.44,78.61,-4.33,4.01,79.42,2,715,0,0
2.84,2.05,-0.08,-56.82,-135.25,-86.49,3.50,170.30,20,818,33,0
0.31,-2.58,0.08,357.97,-52.31,213.44,2.60,420.04,144,803,97,0
0.01,4.00,-0.66,243.71,-39.12,86.79,4.05,261.65,314,723,162,0
0.13,2.47,-0.18,19.35,-5.37,28.63,2.48,34.97,409,693,184,2
0.10,0.45,0.32,70.50,-21.79,-39.73,0.56,83.80,384,700,198,1
0.24,1.34,-0.18,-27.65,0.55,-35.10,1.37,44.68,418,715,198,1
0.21,1.08,0.03,-14.34,-4.09,-57.98,1.10,59.87,346,752,203,2
0.23,1.17,-0.05,-34.06,1.40,-68.79,1.19,76.77,269,794,206,2
0.27,1.31,-0.16,-35.22,1.59,-93.20,1.35,99.65,218,836,199,3
0.29,1.37,-0.13,-12.02,-7.57,-128.30,1.40,129.08,128,856,199,2
0.29,1.20,-0.07,-1.65,-11.17,-177.12,1.23,177.48,92,859,190,1
0.38,1.03,0.03,-31.37,-4.64,-198.12,1.09,200.64,67,851,171,2
0.59,0.96,-0.30,-43.82,3.30,-203.98,1.17,208.66,49,832,140,0
0.74,0.56,-0.37,-18.68,-3.05,-185.24,1.00,186.21,30,818,99,0
0.68,0.73,-0.29,-13.49,-18.49,-154.85,1.04,156.53,16,793,74,0
0.69,0.80,-0.15,8.54,-24.90,-148.25,1.07,150.57,9,780,52,0
0.88,1.66,-0.16,-25.51,-18.37,-165.41,1.89,168.37,5,765,31,0
1.27,2.42,-0.83,-12.57,-38.70,-205.87,2.86,209.85,2,762,4,0
0.96,2.59,-0.66,30.58,-66.35,-268.86,2.84,278.61,1,765,0,0
-0.46,-1.74,-0.74,-5.13,-91.98,-108.89,1.94,142.63,0,0,0,9
-0.82,1.97,-0.10,-56.34,-65.37,202.15,2.13,219.80,0,0,0,5
-0.61,0.75,-0.30,87.28,-55.73,245.97,1.01,266.88,1,753,0,2
-0.75,-0.20,-0.57,33.02,-38.76,248.60,0.96,253.76,1,755,0,2
-0.77,0.10,-0.48,-56.70,-20.20,254.76,0.91,261.78,1,759,0,5
-0.53,0.48,-0.52,-92.16,9.58,267.33,0.88,282.94,1,760,0,2
-0.01,0.75,-0.53,-127.62,31.13,285.71,0.92,314.46,1,752,0,0
0.67,1.01,-0.25,-168.27,64.94,252.81,1.23,310.56,1,737,0,0
1.93,1.67,0.15,-170.47,138.31,142.70,2.56,261.82,1,719,0,0
3.59,0.56,0.01,-96.80,139.47,36.07,3.63,173.56,2,691,0,0
4.00,0.52,-0.87,-127.69,46.20,-56.40,4.13,147.03,4,735,0,0
0.81,-1.43,4.00,381.77,-325.56,-98.45,4.32,511.31,55,829,90,0
-0.47,2.93,-0.46,-103.39,48.22,308.17,3.00,328.61,173,797,141,1
0.49,0.01,-0.21,225.16,-38.70,8.00,0.53,228.60,281,743,182,0
0.50,3.08,-0.75,-77.21,18.19,-11.96,3.21,80.22,316,746,190,2
0.27,0.32,0.07,27.40,-11.78,-56.58,0.42,63.96,323,757,201,1
0.34,0.72,-0.08,8.42,-3.05,-29.97,0.80,31.28,394,767,202,3
0.34,1.08,-0.07,1.28,-3.05,-35.52,1.13,35.68,264,789,197,2
0.33,1.35,-0.05,-10.50,-1.46,-55.73,1.39,56.72,194,824,206,0
0.32,1.32,-0.07,-12.76,-1.77,-94.42,1.36,95.30,133,848,204,2
0.38,1.09,-0.08,-16.17,-0.98,-129.94,1.15,130.95,93,861,190,3
0.47,1.02,-0.11,-28.99,1.04,-149.41,1.13,152.20,63,864,188,2
0.61,1.07,-0.21,-33.45,-1.83,-157.84,1.25,161.35,44,852,165,2
0.59,0.64,-0.22,-0.61,-15.87,-156.68,0.90,157.48,32,837,134,1
0.63,0.41,-0.08,-2.38,-13.24,-134.22,0.76,134.89,22,817,103,0
0.68,0.61,-0.19,-18.31,-13.73,-102.66,0.94,105.18,16,801,86,0
0.76,1.04,-0.08,-10.86,-9.16,-119.87,1.29,120.71,12,792,75,0
1.05,1.56,-0.44,-19.84,-12.51,-154.11,1.93,155.89,9,789,56,0
1.15,2.30,-0.41,-44.56,-28.87,-205.51,2.60,212.25,5,770,24,0
1.01,2.93,-0.73,-53.28,-44.13,-269.41,3.18,278.15,2,758,2,0
0.37,1.47,-0.70,-28.99,-52.19,-338.68,1.67,343.91,0,0,0,4
-1.24,1.23,-0.05,-136.72,-66.59,-71.78,1.75,168.16,0,0,0,8
-0.42,1.28,-0.46,43.52,27.47,240.91,1.42,246.34,1,778,0,3
-0.30,0.02,-0.77,55.30,-48.22,293.33,0.83,302.37,1,760,0,7
-0.69,0.20,-0.35,-43.76,-54.50,272.95,0.80,281.76,1,767,0,4
-0.48,0.35,-0.45,-50.48,-16.24,265.14,0.74,270.39,1,763,0,2
-0.04,0.29,-0.62,-87.59,15.01,240.78,0.69,256.66,1,760,0,0
0.52,0.74,-0.37,-146.18,45.17,207.64,0.98,257.92,1,755,0,0
1.35,1.09,0.15,-122.56,120.06,195.68,1.75,260.24,1,743,0,0
2.91,0.94,0.09,-83.25,169.80,179.44,3.06,260.70,1,712,0,0
4.00,0.58,-0.11,-62.07,101.32,38.33,4.04,124.85,2,701,0,0
4.00,-0.47,-0.42,-32.96,-44.98,-140.01,4.05,150.71,4,794,15,0
1.51,-3.38,2.24,490.36,-187.50,76.90,4.33,530.58,50,838,116,0
-0.29,4.00,0.12,-85.51,36.19,320.43,4.01,333.62,170,810,172,1
0.09,0.50,0.33,174.07,-30.27,59.63,0.61,186.48,254,756,196,0
0.19,0.98,0.32,101.20,-24.17,-9.89,1.05,104.51,336,750,200,3
0.28,1.13,-0.02,-10.19,-1.89,-29.17,1.17,30.96,272,759,198,1
0.32,1.11,-0.06,-9.34,-2.93,-44.49,1.15,45.56,238,776,209,3
0.29,1.18,0.00,-20.14,0.37,-56.95,1.22,60.40,212,816,200,3
0.30,1.31,-0.08,-35.16,7.93,-83.56,1.35,91.00,142,847,210,1
0.34,1.48,-0.12,-28.02,3.17,-143.80,1.52,146.54,102,859,203,3
0.43,1.20,-0.01,-36.32,-7.32,-172.67,1.28,176.60,66,863,191,1
0.51,0.94,-0.01,-34.91,-3.05,-193.36,1.07,196.51,45,849,165,2
0.62,0.82,-0.15,-49.80,6.71,-198.91,1.03,205.16,36,833,128,0
0.67,0.47,-0.20,-32.65,6.10,-180.97,0.84,183.99,22,820,92,0
0.66,0.38,-0.20,-31.19,-1.16,-138.37,0.79,141.84,13,805,65,0
0.70,0.88,0.03,-36.07,-2.08,-123.23,1.13,128.42,9,791,49,0
0.96,0.79,-0.34,-32.96,-0.31,-147.58,1.29,151.22,6,775,25,0
1.39,1.46,-0.33,-97.90,2.32,-166.99,2.04,193.59,3,751,9,0
1.20,1.30,-0.83,-89.90,-0.18,-207.76,1.95,226.38,2,733,0,0
0.77,0.67,-0.85,-145.32,-40.34,-87.77,1.33,174.50,0,0,0,9
-1.04,1.19,-0.40,43.70,-140.26,174.56,1.63,228.15,1,765,0,3
-0.00,1.58,-0.50,83.50,-150.94,238.65,1.66,294.46,1,762,0,3
-1.05,0.07,-0.14,86.06,-144.59,155.88,1.06,229.38,1,748,0,5
-1.22,0.15,-0.20,31.13,-39.92,204.90,1.25,211.06,1,753,0,6
-0.72,0.43,-0.49,15.56,49.80,238.89,0.97,244.52,1,749,0,5
-0.08,0.31,-1.05,-19.35,78.37,262.27,1.10,274.41,1,749,0,5
0.44,0.80,-0.96,-106.51,22.64,253.85,1.32,276.21,1,748,0,2
1.01,1.17,-0.40,-125.61,20.02,213.68,1.60,248.68,1,740,0,0
1.70,1.15,-0.03,-121.64,74.28,129.15,2.05,192.34,1,721,0,0
2.83,0.64,-0.15,-125.98,121.52,40.83,2.91,179.74,1,709,0,0
3.99,0.32,0.04,-130.80,84.05,-64.51,4.00,168.33,3,759,2,0
1.89,1.67,1.74,152.40,-241.88,-86.79,3.06,298.78,46,838,100,0
0.15,-2.99,-0.32,160.03,-10.62,341.98,3.01,377.72,139,809,145,0
-0.27,1.55,-0.95,240.72,-48.58,77.21,1.83,257.43,334,690,195,3
0.18,3.94,-0.56,-31.98,11.47,13.73,3.98,36.65,386,664,208,1
0.20,1.42,0.06,-48.77,7.63,-16.05,1.44,51.90,420,673,215,2
0.21,1.21,-0.08,5.98,-10.01,-50.29,1.23,51.63,362,691,215,2
-0.00,1.12,0.16,6.96,-15.62,-79.16,1.13,80.99,284,743,220,1
0.20,1.11,-0.03,-5.31,-13.18,-110.72,1.13,111.63,162,822,215,3
0.33,1.41,-0.22,-36.19,0.85,-139.40,1.47,144.03,91,856,215,2
0.39,1.65,-0.11,-21.61,-7.08,-180.11,1.70,181.54,64,861,205,2
0.19,1.20,0.08,-20.63,1.71,-213.07,1.22,214.08,45,848,175,1
0.50,0.99,-0.03,-44.92,7.14,-221.68,1.11,226.30,26,837,127,0
0.77,0.26,-0.51,-22.40,1.46,-178.59,0.95,179.99,11,804,80,0
0.61,0.05,-0.48,27.65,-27.16,-126.16,0.78,131.98,7,788,51,0
0.67,0.74,-0.10,19.47,-43.76,-118.77,1.00,128.07,5,780,37,0
0.92,1.01,-0.45,13.61,-45.65,-135.80,1.43,143.92,4,770,24,0
1.31,1.50,-0.72,-25.70,-65.12,-165.95,2.12,180.12,2,770,10,0
1.06,1.77,-0.61,-70.01,-78.12,-205.32,2.15,230.57,1,781,0,0
0.73,0.56,-0.43,-85.75,-92.22,-181.46,1.02,220.88,0,0,0,8
-0.57,1.23,0.24,-23.38,-65.00,-6.47,1.37,69.38,0,0,0,8
-0.32,1.24,-0.51,105.96,20.14,171.39,1.38,202.50,0,0,0,4
-0.55,-0.11,-0.80,34.73,-13.92,199.52,0.98,203.00,1,774,0,6
-0.77,0.32,-0.39,-73.06,-19.23,229.68,0.92,241.78,0,0,0,6
-0.51,0.70,-0.35,-70.92,18.80,247.74,0.94,258.38,0,0,0,3
-0.16,0.67,-0.57,-74.95,52.92,252.38,0.89,268.54,0,0,0,3
0.41,0.88,-0.57,-117.61,75.93,229.00,1.12,268.40,1,751,0,0
1.00,1.75,-0.20,-165.10,137.33,136.72,2.02,254.58,0,0,0,0
2.29,1.19,-0.04,-76.29,209.72,54.32,2.58,229.68,1,735,0,0
3.82,0.58,-0.20,45.17,163.64,-63.84,3.87,181.36,1,735,0,0
4.00,-0.81,-1.29,10.44,-70.37,-132.63,4.28,150.51,5,801,32,0
0.23,-3.91,3.98,570.92,-244.75,-68.85,5.59,624.98,42,856,157,0
-0.11,4.00,-0.79,-321.96,92.16,346.68,4.08,482.02,99,848,182,3
0.33,0.91,-0.67,125.98,-13.49,117.49,1.17,172.79,178,792,206,1
0.27,0.74,0.00,143.13,-35.03,42.36,0.79,153.32,258,769,212,1
0.32,1.59,-0.12,-9.40,1.53,17.46,1.62,19.88,299,763,207,2
0.31,1.48,-0.14,0.98,-3.97,-25.02,1.52,25.36,260,772,221,1
0.26,1.31,0.01,-1.34,-3.54,-81.79,1.34,81.87,177,813,220,1
0.30,1.39,-0.10,-30.40,-0.55,-126.34,1.42,129.95,123,850,220,2
0.34,1.26,-0.13,-32.90,-0.37,-172.85,1.31,175.95,76,868,211,3
0.34,1.02,-0.05,-31.13,-4.15,-203.49,1.08,205.90,55,867,195,2
0.53,0.97,-0.03,-49.62,-1.89,-212.10,1.11,217.83,40,848,165,0
0.68,0.43,-0.20,-40.28,9.40,-190.31,0.83,194.75,28,835,116,0
0.75,0.06,-0.64,-8.12,-1.46,-140.50,0.99,140.74,13,818,81,0
0.68,0.16,-0.38,20.32,-31.19,-91.06,0.80,98.38,9,805,62,0
0.61,0.79,0.04,28.75,-42.24,-108.15,1.00,119.61,8,793,58,0
0.82,0.67,0.10,-0.12,-17.09,-125.73,1.06,126.89,6,788,55,0
1.36,1.64,-0.61,-35.22,-8.42,-153.44,2.21,157.66,5,781,28,0
1.18,2.78,-0.66,-81.12,-30.15,-189.03,3.10,207.89,2,760,2,0
0.58,0.34,-1.20,-27.89,-57.80,-259.77,1.38,267.58,1,766,1,7
0.24,0.74,-0.85,-159.42,-112.92,-135.56,1.15,237.79,0,0,0,16
-2.52,2.72,-0.05,-92.90,-11.54,247.80,3.71,264.89,0,0,0,5
-0.25,1.00,-0.73,90.94,13.73,336.85,1.27,349.18,1,787,0,5
-0.01,-0.13,-1.06,38.15,-51.57,305.85,1.07,312.50,1,767,0,1
-0.55,0.44,-0.63,-108.46,-67.81,263.55,0.95,292.95,1,768,0,4
-0.46,0.83,-0.45,-121.03,-18.13,268.31,1.05,294.90,1,772,0,0
-0.05,1.13,-0.30,-143.86,37.66,245.24,1.17,286.80,1,773,0,0
0.58,1.55,0.08,-150.39,111.51,198.67,1.66,272.99,0,0,0,0
2.22,1.17,-0.09,-120.06,193.60,118.71,2.51,256.88,1,756,0,0
3.95,0.99,0.45,-124.33,169.56,6.35,4.10,210.35,1,737,0,0
4.00,1.83,0.35,-42.72,-1.95,-112.18,4.41,120.06,6,805,20,0
0.84,-3.11,4.00,414.67,-313.11,-120.42,5.13,533.38,64,849,135,0
0.17,4.00,-1.39,-246.46,29.72,224.55,4.24,334.74,146,826,189,1
0.11,1.07,0.37,158.87,-47.36,21.00,1.13,167.11,197,787,213,1
0.17,0.45,0.45,108.70,-30.58,-46.20,0.66,122.01,196,787,219,1
0.39,1.05,-0.14,-48.34,7.63,-34.73,1.12,60.01,214,792,219,2
0.40,1.14,-0.16,-24.41,2.69,-22.52,1.22,33.32,198,801,222,1
0.29,1.15,-0.08,-10.25,0.18,-36.01,1.19,37.44,168,826,216,3
0.42,1.36,-0.17,-31.43,6.10,-61.52,1.43,69.36,118,851,215,3
0.41,1.27,-0.10,-13.79,-2.81,-95.58,1.34,96.61,86,860,218,2
0.42,1.02,-0.10,-16.24,-6.84,-127.69,1.11,128.89,63,864,213,1
0.48,0.94,-0.13,-14.59,-6.65,-153.08,1.06,153.91,45,861,197,1
0.64,0.83,-0.22,-15.62,-5.43,-157.10,1.07,157.97,36,845,165,1
0.73,0.73,-0.30,-15.75,-4.27,-147.95,1.07,148.85,27,833,136,1
0.80,0.42,-0.54,4.33,-12.15,-120.42,1.05,121.11,14,807,98,0
0.75,0.93,-0.24,15.81,-36.87,-91.67,1.22,100.07,9,791,77,0
0.85,1.55,-0.09,1.59,-41.08,-118.65,1.77,125.57,6,784,58,0
1.09,1.94,-0.37,-4.46,-41.44,-174.68,2.26,179.59,4,779,29,0
1.15,2.45,-0.43,-48.83,-49.62,-243.65,2.74,253.40,2,787,9,0
0.55,0.28,-0.61,-77.03,-73.06,-186.10,0.87,214.25,0,0,0,5
-1.01,2.57,-0.36,-84.23,-109.80,107.30,2.78,175.11,1,758,0,2
-0.65,1.40,-0.25,38.57,-88.26,174.32,1.56,199.16,1,766,0,1
-0.94,0.16,-0.51,59.27,-65.31,189.21,1.08,208.75,1,774,0,1
-0.88,0.11,-0.64,-1.04,-31.31,235.23,1.09,237.31,1,786,0,0
-0.51,0.49,-0.73,-56.03,-2.99,265.81,1.02,271.67,1,787,0,0
-0.15,0.58,-0.80,-107.85,21.06,264.65,1.00,286.55,1,792,0,0
0.23,1.07,-0.56,-174.93,51.76,231.99,1.23,295.13,1,791,0,0
0.96,1.52,-0.20,-209.96,143.80,144.96,1.81,292.87,1,792,1,0
2.51,1.29,0.19,-133.12,217.47,87.10,2.83,269.44,1,786,3,0
4.00,0.48,0.06,-35.40,179.81,20.32,4.03,184.38,2,775,6,0
3.79,-1.30,-0.12,-11.17,6.35,-92.90,4.01,93.78,2,766,6,0
0.84,-0.10,2.21,98.45,-284.61,-116.33,2.37,322.84,44,857,105,0
-0.35,1.51,0.63,-28.26,49.13,353.88,1.67,358.39,32736,0,179,1
0.23,1.41,0.09,269.96,-55.73,100.22,1.43,293.30,375,724,204,0
0.23,2.21,-0.11,20.87,-1.34,39.98,2.23,45.12,466,711,208,2
0.20,0.74,0.11,24.17,-7.02,-11.29,0.78,27.59,327,708,214,2
0.23,1.16,-0.08,-16.17,-0.79,-34.48,1.19,38.10,309,722,212,1
0.24,1.30,-0.02,-25.76,-0.49,-70.43,1.32,75.00,251,758,215,1
0.25,1.27,-0.07,-33.51,0.61,-106.81,1.30,111.95,220,807,206,2
0.27,1.09,-0.01,-30.64,-0.31,-139.59,1.12,142.91,116,852,211,1
0.42,0.99,-0.15,-43.33,0.79,-159.24,1.09,165.03,79,865,198,3
0.46,0.72,-0.17,-27.95,-5.25,-165.28,0.87,167.71,64,864,179,0
0.63,0.67,-0.28,-29.91,-4.70,-153.20,0.96,156.16,48,853,153,2
0.63,0.52,-0.25,-20.02,-6.47,-126.83,0.86,128.56,41,839,140,0
0.67,0.25,-0.36,10.99,-22.95,-82.09,0.80,85.94,34,831,129,0
0.65,0.70,-0.01,16.85,-26.49,-66.35,0.96,73.40,30,826,127,0
0.74,0.83,-0.00,5.31,-14.10,-74.10,1.12,75.61,29,822,120,0
0.96,1.50,-0.18,-19.10,-2.69,-107.42,1.79,109.14,24,816,99,0
1.33,2.15,-0.55,-43.09,-8.48,-183.84,2.58,189.01,15,795,80,0
1.15,2.39,-0.72,-63.23,-31.31,-242.98,2.75,253.02,6,778,28,0
0.80,1.94,-0.72,-64.64,-53.16,-281.56,2.22,293.73,2,753,2,0
-0.13,-0.12,-0.62,-88.87,-71.17,-157.47,0.64,194.32,0,0,0,8
-1.41,2.29,-0.30,-82.76,-139.04,262.08,2.71,308.01,1,765,0,2
-0.57,0.23,-0.20,100.16,-150.33,260.44,0.65,316.95,1,763,0,2
-0.91,-0.21,-0.38,24.17,-99.98,237.79,1.01,259.08,1,781,0,2
-0.99,0.26,-0.34,-41.63,-8.48,239.87,1.08,243.60,1,785,0,2
-0.46,0.56,-0.54,-56.64,104.31,248.23,0.91,275.15,1,779,0,0
0.34,0.71,-0.77,-71.11,165.95,246.95,1.10,305.91,1,769,0,0
0.94,1.34,-0.84,-78.92,215.76,201.35,1.84,305.49,1,759,0,0
2.18,0.85,-0.67,-81.73,252.81,133.00,2.43,297.12,1,745,0,0
3.72,0.75,-0.66,-65.25,176.09,104.00,3.86,214.66,2,731,0,0
4.00,-0.19,-0.98,-65.31,-34.79,-65.55,4.12,98.86,3,755,2,0
0.81,-3.46,4.00,590.52,-285.52,-75.32,5.35,660.23,62,834,130,0
-0.82,4.00,-1.50,-412.72,107.24,407.47,4.35,589.81,228,780,164,0
0.17,-0.73,-0.27,236.21,-42.36,-33.51,0.80,242.30,430,700,183,2
0.19,0.82,-0.02,108.09,-32.96,-56.82,0.84,126.49,348,706,198,2
0.28,1.16,-0.11,-62.07,9.77,-56.82,1.20,84.72,350,723,198,1
0.31,1.09,-0.18,-17.76,-2.99,-67.87,1.15,70.22,352,751,198,3
0.29,0.81,-0.03,-14.22,-2.99,-71.11,0.86,72.58,243,778,210,1
0.35,0.92,-0.12,-21.30,-0.55,-70.74,1.00,73.88,208,817,202,2
0.38,1.06,-0.12,-17.40,-1.40,-82.95,1.13,84.76,161,847,198,1
0.42,0.98,-0.17,-13.73,-2.44,-98.51,1.08,99.49,112,861,199,4
0.46,0.74,-0.09,-8.91,-5.13,-107.12,0.88,107.61,96,867,182,2
0.56,0.78,-0.25,-27.47,-0.55,-97.66,0.99,101.45,69,861,168,2
0.62,0.84,-0.31,-11.17,-5.43,-88.26,1.09,89.13,56,853,157,1
0.64,0.67,-0.28,11.72,-15.50,-76.23,0.96,78.67,45,849,143,0
0.65,0.69,-0.18,27.83,-22.83,-62.87,0.96,72.44,40,842,142,1
0.59,0.82,-0.01,29.24,-24.54,-72.75,1.01,82.16,35,839,139,0
0.73,1.43,0.06,-16.30,-7.08,-111.02,1.61,112.44,37,832,135,0
0.99,2.29,-0.26,-59.27,6.23,-183.41,2.51,192.85,30,820,97,0
1.06,2.59,-0.50,-62.74,-5.62,-251.95,2.84,259.71,12,792,56,0
0.83,2.38,-0.48,-61.83,-23.19,-310.12,2.57,317.07,4,777,15,0
0.37,0.39,-0.57,-63.05,-11.60,-319.34,0.78,325.71,1,765,1,4
-0.16,-0.56,-0.60,-100.46,-101.07,-12.82,0.84,143.08,1,742,0,0
-0.64,1.11,0.39,-42.72,-150.09,231.57,1.34,279.24,1,759,0,0
-1.03,0.31,0.23,23.32,-95.64,205.32,1.10,227.70,1,768,0,1
-1.01,0.18,-0.30,11.23,-3.72,246.34,1.07,246.62,1,766,0,2
-0.59,0.36,-0.72,-33.81,28.14,277.77,1.00,281.23,1,766,0,1
-0.22,0.60,-0.75,-79.59,41.08,289.67,0.98,303.20,1,762,0,0
0.27,0.98,-0.52,-121.58,66.41,282.41,1.15,314.56,1,757,0,0
1.51,1.50,-0.24,-151.37,135.62,218.81,2.14,298.64,1,743,0,0
3.17,1.77,0.20,-141.36,172.36,105.41,3.64,246.58,2,736,0,0
4.00,0.32,0.03,16.97,85.45,-23.38,4.01,90.20,3,764,5,0
2.83,0.54,0.21,182.62,-213.26,-137.88,2.89,312.79,38,834,107,8
-0.24,-0.42,0.72,-381.90,73.18,298.46,0.87,490.18,32736,0,162,1
0.07,-0.75,0.72,308.04,-50.48,24.54,1.04,313.12,243,734,189,2
0.12,1.24,-0.21,80.69,-23.13,-6.04,1.27,84.16,318,731,198,2
0.28,1.32,-0.03,-44.68,9.34,-5.92,1.35,46.03,301,735,200,2
0.30,1.33,-0.15,-14.95,-1.65,-23.13,1.37,27.59,362,742,199,2
0.27,1.44,-0.05,-18.31,-3.78,-56.88,1.47,59.88,251,774,209,2
0.25,1.41,-0.08,-28.99,-1.83,-96.92,1.43,101.18,175,823,199,2
0.28,1.25,-0.13,-24.41,-2.69,-142.88,1.29,144.98,114,859,197,3
0.38,1.32,-0.21,-37.05,-1.95,-195.50,1.39,198.98,67,870,191,1
0.49,1.17,-0.13,-61.34,-0.49,-218.26,1.27,226.72,46,860,170,1
0.60,0.60,-0.11,-60.42,3.72,-218.69,0.86,226.91,34,847,128,0
0.65,0.28,-0.37,-48.95,5.98,-171.02,0.79,177.99,19,833,87,1
0.62,0.36,-0.32,-19.23,-14.59,-131.59,0.79,133.79,13,813,66,0
0.76,0.39,-0.11,-8.18,-23.93,-126.16,0.87,128.67,10,803,51,0
0.83,0.95,-0.21,-26.61,-18.01,-125.06,1.28,129.12,9,798,38,0
1.33,1.07,-0.45,-59.51,-17.64,-156.01,1.77,167.90,7,783,17,0
1.19,1.49,-0.71,-96.68,-19.41,-183.59,2.03,208.40,3,761,3,0
0.96,1.09,-0.49,-123.35,-36.99,-189.58,1.54,229.18,1,762,0,4
-0.95,0.53,-0.16,-41.87,-78.98,-69.58,1.10,113.28,0,0,0,11
-0.52,1.43,-0.46,37.66,-49.87,245.91,1.59,253.73,1,775,0,3
-0.22,0.53,-0.55,127.87,-98.39,292.97,0.79,334.46,1,777,0,1
-0.52,-0.11,-0.48,41.08,-112.55,260.07,0.72,286.34,1,775,0,1
-0.84,0.27,-0.27,-46.63,-62.74,261.60,0.92,273.03,1,775,0,0
-0.54,0.69,-0.40,-55.73,7.51,273.62,0.96,279.34,1,780,0,0
0.03,0.63,-0.72,-79.83,54.57,266.48,0.96,283.48,1,779,0,0
0.71,1.04,-0.39,-165.22,104.19,228.76,1.32,300.81,1,775,0,0
2.70,1.67,-0.02,-158.39,169.19,94.85,3.18,250.41,1,762,0,0
3.35,1.10,0.44,-74.83,147.52,-33.63,3.55,168.80,1,760,0,0
4.00,-0.57,-1.52,176.33,-129.94,-89.42,4.32,236.59,9,827,39,0
-0.16,-3.46,1.72,349.79,-98.69,120.42,3.87,382.88,43,826,113,0
0.05,4.00,-0.40,-85.69,43.03,237.49,4.02,256.12,168,787,168,1
0.22,0.17,0.24,139.53,-25.51,37.78,0.36,146.79,266,746,191,2
0.27,0.99,-0.19,99.30,-25.82,-13.73,1.04,103.52,354,743,191,4
0.27,0.88,0.08,5.80,-4.46,-24.90,0.93,25.95,283,742,204,0
0.34,1.01,-0.10,-10.38,1.40,-26.18,1.07,28.20,258,749,207,3
0.33,1.13,-0.05,-14.04,0.31,-36.07,1.18,38.71,249,770,204,1
0.35,1.18,-0.12,-15.56,-0.61,-46.63,1.23,49.16,230,797,199,3
0.33,1.21,-0.08,-5.49,-2.87,-72.88,1.26,73.14,149,834,206,0
0.36,1.14,-0.09,-9.95,-3.23,-100.77,1.20,101.31,95,860,196,2
0.38,1.09,-0.07,-18.31,-3.23,-125.00,1.16,126.38,62,870,196,2
0.47,0.79,-0.07,-20.51,-3.17,-138.92,0.92,140.46,46,866,184,1
0.59,0.77,-0.14,-24.78,-4.82,-137.33,0.98,139.63,39,859,163,0
0.57,0.41,-0.09,-18.01,-2.14,-111.27,0.71,112.73,34,852,150,0
0.63,0.46,-0.10,-10.93,2.81,-80.57,0.79,81.35,30,850,135,0
0.72,0.61,-0.18,-7.87,3.48,-67.81,0.96,68.35,27,844,124,0
0.84,1.09,-0.29,-9.64,0.55,-76.48,1.41,77.08,23,843,106,0
1.09,1.95,-0.50,-24.23,-4.76,-118.23,2.29,120.78,16,833,88,0
1.20,2.30,-0.59,-25.82,-23.80,-187.44,2.66,190.70,8,801,49,0
0.92,2.49,-0.75,-14.95,-49.50,-243.47,2.76,248.90,3,783,9,0
0.42,0.55,-1.00,0.61,-63.66,-282.90,1.21,289.97,1,764,0,8
-1.78,0.78,-1.03,-70.01,-143.74,-11.29,2.20,160.28,1,760,0,8
-0.61,0.90,0.22,18.01,-108.64,253.36,1.11,276.26,1,777,0,3
-1.03,-0.20,-0.16,40.34,-89.36,230.10,1.06,250.12,1,772,0,3
-1.15,0.30,-0.24,-37.66,-29.97,246.03,1.21,250.70,1,777,0,1
-0.88,0.57,-0.34,-65.31,36.62,255.92,1.10,266.65,1,777,0,0
-0.47,0.76,-0.48,-95.28,79.77,267.09,1.01,294.58,1,777,0,0
0.52,1.19,-0.42,-116.03,108.34,263.06,1.36,307.25,1,775,0,0
2.16,1.77,0.13,-143.25,146.73,178.71,2.80,272.01,1,773,0,0
3.54,1.53,0.74,-34.97,126.34,0.06,3.93,131.09,1,763,0,0
4.00,1.42,-0.16,55.05,-23.86,-27.10,4.25,65.84,4,796,21,0
0.77,-3.99,1.84,294.68,-115.97,-10.44,4.46,316.85,50,819,135,3
0.41,4.00,-2.21,-503.91,113.83,263.73,4.59,580.03,161,794,170,2
-0.27,-0.71,0.23,271.91,-57.19,32.47,0.80,279.75,280,752,193,2
0.11,1.12,0.19,123.66,-37.48,-5.55,1.14,129.33,256,745,198,2
0.21,1.27,0.01,-17.64,-1.83,-20.75,1.28,27.30,266,745,204,2
0.29,1.24,-0.11,-16.11,-2.62,-36.99,1.28,40.43,299,755,203,1
0.29,1.22,-0.04,-15.32,-3.30,-57.92,1.26,60.00,249,783,207,2
0.29,1.12,-0.01,-26.55,0.12,-88.75,1.15,92.63,174,823,207,2
0.35,1.14,-0.15,-21.42,-1.04,-112.98,1.21,114.99,106,854,195,3
0.38,1.00,-0.13,-24.23,-1.22,-131.04,1.07,133.27,74,863,193,1
0.46,0.76,-0.05,-24.54,-4.70,-137.27,0.89,139.52,51,861,179,2
0.57,0.81,-0.23,-31.43,-5.07,-132.32,1.02,136.10,42,853,156,1
0.58,0.43,-0.19,-6.47,-15.56,-118.96,0.74,120.15,39,846,143,0
0.61,0.43,-0.16,-1.77,-16.66,-88.56,0.77,90.13,36,838,138,0
0.66,0.66,-0.06,5.86,-17.27,-73.55,0.94,75.78,37,832,132,0
0.71,1.04,-0.02,-8.42,-6.90,-87.16,1.26,87.84,33,827,125,0
1.08,2.09,-0.41,-39.61,-2.69,-134.70,2.39,140.43,26,816,91,0
1.38,2.27,-0.64,-48.34,-14.95,-192.81,2.73,199.34,10,790,46,0
1.02,2.32,-0.77,-44.01,-25.88,-234.74,2.65,240.23,3,768,2,0
-0.70,-0.82,-1.01,-67.02,-57.43,-170.90,1.47,192.34,1,734,0,5
-0.90,1.51,-0.09,-85.21,-226.38,116.15,1.77,268.33,1,765,0,1
-1.17,1.08,0.20,24.23,-151.12,132.69,1.60,202.56,1,767,0,2
-1.32,0.04,-0.38,49.50,-29.42,164.73,1.38,174.51,1,774,0,6
-0.98,-0.04,-0.62,-3.30,31.37,210.88,1.16,213.22,1,783,0,3
-0.66,0.46,-0.52,-66.65,60.79,240.23,0.96,256.61,1,785,0,0
0.03,0.90,-0.46,-68.79,91.74,252.93,1.01,277.71,1,786,0,0
0.77,0.97,-0.35,-68.42,146.61,217.77,1.29,271.29,1,780,0,0
1.92,1.23,-0.23,-126.28,204.35,146.42,2.29,281.33,1,765,0,0
3.34,1.71,0.13,-84.05,221.74,66.89,3.75,246.39,1,759,0,0
4.00,0.04,-0.43,91.43,132.75,-64.15,4.02,173.49,3,784,6,0
0.45,-1.25,1.72,202.94,-212.28,-199.46,2.17,355.01,33,846,124,10
-0.69,3.80,-0.07,-442.14,68.12,276.92,3.86,526.13,149,783,167,0
0.59,-0.35,0.31,247.80,-59.51,40.41,0.75,258.03,268,753,190,1
0.11,1.09,0.21,124.94,-30.88,-15.44,1.12,129.62,283,744,197,2
0.33,1.50,-0.16,-54.81,8.00,-28.26,1.54,62.18,258,750,203,1
0.31,1.18,-0.07,-18.25,-1.65,-47.97,1.22,51.35,237,761,197,2
0.31,1.18,-0.06,-17.94,-1.89,-67.75,1.22,70.11,195,791,205,3
0.34,1.15,-0.11,-18.68,-0.85,-90.27,1.21,92.19,117,845,193,1
0.37,1.18,-0.14,-16.85,-0.73,-115.42,1.25,116.64,76,864,196,2
0.36,1.07,-0.05,-20.08,-1.77,-138.12,1.13,139.59,48,866,187,2
0.48,0.82,-0.05,-22.71,-5.19,-144.29,0.96,146.15,35,860,161,0
0.58,0.61,-0.10,-19.78,-4.82,-133.00,0.85,134.54,30,852,137,1
0.72,0.63,-0.30,-7.75,-6.90,-114.93,1.00,115.40,24,840,114,0
0.69,0.61,-0.26,7.63,-16.72,-99.79,0.95,101.47,17,826,87,0
0.77,1.15,-0.13,5.13,-21.48,-104.86,1.39,107.16,12,814,71,1
0.95,1.48,-0.29,-7.93,-25.09,-137.88,1.78,140.37,9,805,55,0
1.16,2.23,-0.62,-32.53,-31.80,-186.46,2.59,191.93,5,788,25,0
0.95,2.46,-0.59,-54.32,-57.07,-249.27,2.70,261.42,2,777,2,0
0.90,-0.32,-0.94,-45.72,-59.39,-208.19,1.34,221.27,0,0,0,7
-0.72,2.02,-0.60,-93.93,-158.14,136.05,2.23,228.78,1,774,0,0
-0.93,1.25,-0.29,-44.49,-104.00,177.25,1.59,210.27,1,776,0,2
-1.40,-0.07,-0.21,-22.40,-60.91,188.90,1.41,199.74,1,780,0,5
-1.11,0.24,-0.34,-84.47,-2.50,230.10,1.19,245.13,1,780,0,1
-0.66,0.76,-0.34,-122.50,35.71,257.08,1.06,287.00,1,781,0,0
-0.22,1.10,-0.28,-129.58,56.21,267.52,1.16,302.52,1,783,0,0
0.23,1.47,-0.13,-127.56,89.54,236.39,1.49,283.14,1,785,0,0
1.27,1.44,-0.29,-127.20,153.44,158.87,1.94,254.88,1,784,0,0
2.75,1.58,0.11,-119.14,197.20,64.82,3.17,239.34,1,760,0,0
4.00,2.09,-0.44,55.79,79.22,-27.28,4.54,100.66,4,780,13,0
0.48,-0.25,2.76,168.95,-225.71,-171.08,2.81,329.78,47,816,110,12
-1.50,3.14,0.54,-295.35,13.18,317.02,3.52,433.48,192,784,160,0
0.60,-1.91,0.62,443.66,-81.30,-34.24,2.09,452.35,293,732,190,1
0.80,2.97,-1.04,-214.42,58.53,-18.92,3.25,223.07,335,738,199,3
0.34,0.78,0.10,-28.75,5.13,-43.46,0.86,52.36,284,754,201,1
0.29,0.84,-0.04,18.98,-7.39,-49.01,0.89,53.08,229,772,208,1
0.29,1.16,0.01,-8.00,-2.50,-70.98,1.20,71.48,189,804,202,2
0.31,1.24,-0.02,-28.14,-0.55,-97.41,1.28,101.40,135,842,209,1
0.40,1.30,-0.16,-38.88,2.81,-125.06,1.37,131.00,83,862,205,2
0.34,1.05,-0.07,-24.17,-3.97,-155.09,1.11,157.01,59,868,192,2
0.50,0.99,-0.13,-39.73,-3.23,-174.56,1.12,179.05,43,863,180,1
0.60,0.81,-0.09,-45.72,0.98,-179.75,1.01,185.47,36,854,144,0
0.74,0.86,-0.24,-47.18,10.56,-158.51,1.16,165.72,23,840,97,0
0.78,0.35,-0.65,-12.15,-2.99,-124.94,1.07,125.56,12,817,67,0
0.63,0.36,-0.28,14.22,-31.56,-99.55,0.78,105.39,8,805,57,0
0.62,0.64,0.15,16.42,-32.29,-113.71,0.90,119.34,6,802,52,0
1.07,1.03,-0.16,-15.38,-13.06,-122.56,1.49,124.21,5,799,40,0
1.34,1.65,-0.43,-34.55,-14.22,-165.77,2.17,169.93,3,789,16,0
1.21,2.41,-0.61,-59.14,-27.28,-199.34,2.76,209.71,1,786,0,0
0.88,0.02,-0.92,-41.50,-39.31,-183.78,1.27,192.46,0,0,0,6
-0.23,-0.06,-0.44,-86.67,-122.07,-5.49,0.51,149.81,1,786,0,4
-0.59,1.43,0.01,13.67,-112.55,218.93,1.54,246.55,0,0,0,1
-0.72,0.21,-0.34,43.03,-103.58,221.25,0.83,248.06,1,789,0,2
-0.96,0.02,-0.33,-68.79,-56.58,229.92,1.02,246.57,1,783,0,3
-0.74,0.62,-0.28,-118.29,-4.88,248.60,1.01,275.35,1,786,0,1
-0.28,0.85,-0.25,-134.16,30.88,264.95,0.93,298.58,1,782,0,0
0.31,1.27,-0.03,-137.63,54.44,261.66,1.30,300.62,1,784,0,0
1.00,1.32,0.23,-127.75,98.51,228.52,1.67,279.72,1,783,0,0
2.31,1.35,0.38,-122.19,147.16,146.00,2.71,240.63,1,762,0,0
3.24,1.54,0.59,-70.50,135.13,11.41,3.64,152.84,1,759,0,0
3.19,-0.40,0.05,58.53,81.67,-85.63,3.21,132.02,1,746,0,0
4.00,1.76,-1.59,8.30,-124.08,-131.04,4.65,180.66,23,845,67,0
-0.66,2.51,0.79,-150.88,30.15,375.00,2.71,405.34,142,0,145,1
1.43,-1.66,-0.63,290.89,-41.87,-28.44,2.28,295.26,520,645,180,9
0.28,3.15,-0.30,-145.32,31.13,2.01,3.18,148.63,477,620,199,6
0.25,1.36,-0.10,-50.29,1.04,-32.90,1.39,60.11,526,643,203,2
0.24,0.68,0.00,15.87,-11.60,-48.71,0.72,52.52,485,676,200,2
0.28,1.06,-0.09,-18.01,-3.11,-40.77,1.10,44.68,325,727,199,2
0.24,1.33,0.21,-17.52,-9.46,-48.03,1.37,52.00,265,767,210,2
0.27,1.17,0.01,-9.40,-4.94,-82.58,1.20,83.26,206,806,208,2
0.29,1.34,-0.04,-15.44,-1.65,-133.00,1.38,133.90,124,847,195,2
0.37,1.18,-0.14,-52.80,8.30,-160.10,1.25,168.78,89,863,195,3
0.44,0.92,-0.09,-46.57,1.65,-180.30,1.03,186.22,64,862,172,2
0.57,0.52,-0.16,-41.75,-0.37,-170.84,0.78,175.86,51,851,148,0
0.60,0.23,-0.21,-25.27,-1.04,-129.21,0.67,131.66,43,845,134,0
0.62,0.16,-0.31,1.95,-10.01,-81.54,0.71,82.18,39,843,125,0
0.67,0.46,-0.17,19.65,-22.64,-53.47,0.83,61.30,37,841,134,0
0.76,0.66,-0.10,21.00,-23.13,-46.45,1.01,55.98,39,838,134,0
0.85,1.30,-0.14,-4.33,-11.17,-68.48,1.56,69.52,35,826,119,0
1.28,2.70,-0.47,-31.43,-10.80,-150.21,3.03,153.84,19,809,95,0
1.16,2.43,-0.46,-34.91,-35.52,-239.07,2.73,244.21,8,774,48,0
0.82,2.39,-0.51,-44.80,-57.98,-284.48,2.58,293.77,3,752,5,0
0.06,-0.67,-0.48,-19.71,-46.69,-282.41,0.82,286.92,1,737,0,10
-0.30,1.60,-0.50,-151.00,-157.04,106.02,1.71,242.29,0,0,0,2
-0.75,1.31,0.32,43.58,-180.05,283.26,1.54,338.46,0,0,0,3
-0.87,-0.17,-0.34,87.59,-140.56,276.86,0.95,322.61,1,774,0,8
-1.00,-0.21,-0.46,-13.92,-77.45,255.49,1.12,267.34,0,0,0,4
-0.91,0.53,-0.36,-85.21,54.14,257.26,1.11,276.36,0,0,0,2
-0.20,0.79,-0.43,-107.97,151.79,262.39,0.93,321.79,0,0,0,0
0.90,1.05,-0.57,-133.79,231.99,241.09,1.50,360.34,1,763,0,0
2.76,1.32,-0.48,-201.72,261.90,153.93,3.09,364.66,1,732,0,0
4.00,1.88,0.15,-95.76,202.33,-0.49,4.42,223.85,2,733,0,0
4.00,1.95,-1.79,47.49,-21.36,-104.37,4.80,116.64,8,811,30,0
0.25,-4.00,2.01,620.06,-194.70,8.61,4.48,649.96,91,797,110,0
0.17,4.00,-1.28,-308.23,81.24,130.62,4.20,344.48,240,761,170,2
-0.08,-0.45,0.10,-54.57,6.35,48.65,0.47,73.38,333,725,191,0
0.15,0.20,0.47,136.23,-32.10,-36.32,0.53,144.60,335,723,197,3
0.31,1.11,-0.08,-11.47,-0.92,-20.20,1.16,23.25,386,730,203,1
0.29,1.24,0.01,-13.12,-2.50,-33.87,1.28,36.41,342,743,206,1
0.28,1.26,0.04,-22.71,-0.73,-61.89,1.29,65.93,251,779,201,1
0.30,1.34,-0.05,-36.25,4.94,-93.75,1.37,100.64,186,823,198,2
0.32,1.20,-0.08,-36.99,5.13,-133.61,1.25,138.73,116,855,196,2
0.41,1.05,-0.02,-39.31,1.77,-161.50,1.13,166.22,83,860,189,1
0.48,0.89,-0.01,-54.08,2.14,-176.51,1.01,184.62,55,854,152,0
0.64,0.62,-0.28,-50.60,5.92,-165.77,0.93,173.42,40,838,115,0
0.72,0.16,-0.41,-28.56,3.36,-132.45,0.85,135.53,23,821,82,0
0.64,0.52,-0.17,-25.51,-9.58,-94.12,0.84,97.98,17,800,56,0
0.70,1.02,-0.01,-33.02,-4.82,-99.24,1.23,104.70,14,785,49,0
0.92,0.91,-0.11,-57.31,5.98,-126.71,1.30,139.20,13,777,27,0
1.24,1.78,-0.45,-144.04,28.20,-137.39,2.22,201.05,7,742,7,0
1.40,1.91,-1.15,-205.51,16.91,-154.85,2.63,257.87,2,723,0,0
-0.05,1.67,-0.67,-158.20,-137.45,-61.16,1.80,218.31,1,708,0,3
-0.73,1.29,-0.59,77.03,-160.16,145.45,1.59,229.65,1,745,0,1
-1.01,0.28,-0.52,98.27,-125.67,150.88,1.17,219.58,2,741,0,3
-1.33,-0.14,-0.40,45.41,-56.09,182.01,1.40,195.79,1,750,0,3
-0.92,0.19,-0.54,8.91,7.45,231.38,1.08,231.68,1,758,0,1
-0.45,0.21,-0.83,-18.01,38.15,259.89,0.97,263.29,1,760,0,1
0.13,0.56,-0.88,-77.58,41.44,278.87,1.06,292.41,1,757,0,0
1.10,0.76,-0.85,-153.32,45.41,229.37,1.58,279.61,1,733,0,0
1.73,1.60,0.02,-225.46,69.40,131.04,2.35,269.86,1,720,0,0
2.54,1.47,0.27,-66.59,140.08,24.11,2.94,156.96,2,712,0,0
4.00,1.32,-0.67,4.58,58.90,-73.85,4.27,94.57,4,757,1,0
0.90,-3.19,4.00,468.99,-356.14,-117.80,5.19,600.56,45,823,90,0
-0.22,3.79,-0.97,-302.43,85.45,302.19,3.92,435.98,155,761,151,0
0.50,0.25,-0.17,183.90,-19.47,33.39,0.58,187.92,309,728,185,1
0.49,2.64,-0.43,-60.79,18.62,27.10,2.72,69.11,312,718,188,3
0.24,0.83,0.03,18.74,-8.06,-16.85,0.87,26.45,294,723,202,3
0.27,1.23,-0.05,2.44,-4.88,-27.83,1.26,28.36,318,737,203,2
0.26,1.31,-0.04,-13.43,-5.86,-72.08,1.34,73.56,258,783,209,3
0.24,1.20,0.03,-15.62,-4.33,-108.89,1.23,110.09,158,831,205,1
0.30,1.34,-0.10,-29.97,-0.24,-142.09,1.37,145.22,103,856,205,1
0.34,1.02,-0.10,-23.80,-0.67,-182.56,1.08,184.10,65,866,194,1
0.47,0.94,0.07,-47.00,6.35,-204.35,1.05,209.78,46,859,166,0
0.59,0.79,-0.23,-64.94,13.31,-202.58,1.01,213.15,37,847,126,0
0.67,0.34,-0.48,-36.01,9.58,-163.27,0.89,167.47,19,833,86,0
0.67,0.26,-0.51,3.48,-19.90,-119.87,0.89,121.56,11,813,62,0
0.64,0.53,-0.10,23.25,-37.72,-104.19,0.84,113.22,8,805,56,0
0.80,0.62,-0.07,9.58,-28.38,-110.53,1.01,114.52,7,802,47,0
1.13,1.33,-0.42,-16.48,-25.09,-129.21,1.80,132.65,5,798,31,0
1.22,1.83,-0.54,-25.33,-41.32,-169.07,2.26,175.88,3,781,11,0
0.91,2.20,-0.83,-21.06,-62.99,-207.89,2.52,218.24,1,772,0,0
0.75,-0.19,-0.79,-4.64,-75.26,-210.14,1.11,223.26,0,0,0,14
-2.33,0.08,0.27,-57.56,-105.96,-60.85,2.35,135.07,0,0,0,12
-0.48,1.52,-0.50,54.75,26.86,250.49,1.67,257.80,0,0,0,4
-0.24,-0.08,-0.83,129.46,-22.09,292.85,0.87,320.95,1,777,0,4
-0.39,-0.10,-0.49,-84.96,-62.44,269.90,0.63,289.76,1,774,0,3
-0.69,0.96,-0.07,-97.78,-23.25,266.30,1.18,284.63,0,0,0,1
-0.33,0.90,-0.36,-51.27,41.99,265.38,1.03,273.53,1,763,0,0
0.14,1.06,-0.51,-84.47,86.18,249.82,1.18,277.44,0,0,0,0
0.97,1.48,-0.39,-120.42,132.14,193.91,1.81,263.75,0,0,0,0
2.14,1.61,-0.28,-117.13,194.89,78.74,2.69,240.62,1,741,0,0
4.00,1.28,-0.18,-62.99,209.53,-4.82,4.20,218.85,2,753,1,0
4.00,0.48,-0.38,104.43,23.44,-51.64,4.05,118.83,13,792,33,0
-0.18,-4.00,1.90,293.95,-40.41,226.32,4.43,373.17,66,794,110,0
-0.19,3.95,0.03,44.43,18.68,156.98,3.96,164.22,199,771,159,2
0.13,2.06,-0.55,-33.57,13.43,65.80,2.14,75.08,458,727,186,1
0.12,0.40,0.32,173.34,-43.21,-2.81,0.53,178.67,371,721,194,1
0.24,1.04,-0.08,24.35,-8.06,-8.00,1.07,26.87,327,722,195,3
0.21,1.28,-0.04,18.01,-9.40,-41.08,1.30,45.82,344,735,200,1
0.23,1.22,-0.05,-2.87,-4.46,-76.97,1.24,77.15,32736,0,200,2
0.26,1.30,-0.09,-17.64,-1.16,-105.35,1.32,106.82,131,833,201,2
0.33,1.30,-0.18,-16.72,-2.62,-145.87,1.35,146.85,64,862,191,2
0.28,0.90,0.00,7.26,-16.54,-177.25,0.95,178.16,38,867,177,2
0.38,0.87,0.07,-19.17,-9.28,-184.39,0.95,185.61,26,856,159,0
0.60,0.66,-0.18,-31.13,-0.31,-175.35,0.91,178.10,22,847,126,0
0.69,0.47,-0.32,-6.23,-4.39,-138.12,0.89,138.33,16,838,104,0
0.77,0.58,-0.45,17.40,-26.00,-97.17,1.07,102.08,11,822,83,0
0.83,0.88,-0.23,40.16,-42.91,-88.62,1.24,106.34,8,808,69,0
0.90,1.94,-0.24,6.35,-49.93,-116.52,2.15,126.92,5,796,47,0
1.11,1.96,-0.36,7.02,-59.51,-180.60,2.28,190.28,3,786,23,0
1.03,1.94,-0.86,11.60,-87.77,-231.08,2.36,247.46,1,793,4,0
-0.40,0.39,-0.71,-11.29,-110.41,-133.67,0.90,173.74,0,0,0,10
-0.92,2.68,-0.57,-46.14,-0.85,146.06,2.89,153.17,0,0,0,4
-0.42,0.12,-0.93,45.04,6.77,140.38,1.03,147.59,1,799,0,4
-0.95,0.28,-0.52,-97.29,-8.42,169.56,1.12,195.67,1,796,0,4
-0.97,0.83,-0.12,-118.65,9.40,218.02,1.28,248.39,1,786,0,1
-0.61,0.92,-0.22,-102.05,41.63,245.79,1.12,269.37,1,780,0,0
-0.26,0.93,-0.38,-109.56,51.45,258.48,1.04,285.42,1,780,0,0
0.26,1.26,-0.30,-144.59,77.27,222.72,1.32,276.55,1,777,0,0
1.20,1.70,-0.02,-139.10,162.05,113.34,2.08,241.77,1,777,0,0
2.38,1.25,0.04,-135.25,230.53,21.48,2.69,268.14,1,766,0,0
3.88,0.86,0.16,-32.65,213.50,-38.02,3.98,219.31,1,766,0,0
4.00,0.69,-0.48,47.91,6.10,-107.60,4.09,117.95,6,804,21,0
1.16,-2.41,3.51,155.27,-232.85,-110.90,4.41,301.04,79,835,122,3
-0.48,4.00,-0.51,-220.28,81.73,319.40,4.06,396.50,32736,0,170,0
0.49,-0.54,0.57,272.64,-49.93,-2.44,0.92,277.19,284,741,191,3
0.60,1.98,-0.46,-57.25,-25.51,-11.72,2.12,63.76,270,740,202,1
0.31,1.56,-0.18,-20.02,1.65,-5.80,1.60,20.91,242,739,199,3
0.29,1.38,-0.04,-23.93,-0.18,-32.10,1.41,40.04,245,753,199,1
0.29,1.19,-0.05,-24.84,-1.04,-63.72,1.22,68.40,206,775,202,2
0.29,1.12,-0.06,-26.79,0.00,-90.03,1.16,93.93,149,814,204,2
0.35,1.03,-0.14,-32.23,3.17,-110.78,1.10,115.41,106,844,199,2
0.44,0.99,-0.09,-29.72,2.01,-126.22,1.09,129.69,78,863,191,3
0.41,0.69,-0.10,-26.12,-0.67,-133.97,0.81,136.50,61,864,179,0
0.55,0.66,-0.22,-36.38,-1.40,-122.50,0.89,127.79,49,855,160,1
0.58,0.55,-0.21,-21.18,-3.78,-92.59,0.83,95.06,44,850,145,0
0.64,0.53,-0.21,-6.77,-9.40,-70.80,0.86,71.74,46,844,147,1
0.66,0.84,-0.07,-6.35,-9.34,-65.43,1.07,66.40,45,840,144,0
0.79,1.32,-0.23,-20.57,-2.20,-87.89,1.56,90.29,44,838,132,0
1.04,1.81,-0.43,-39.18,-3.97,-142.03,2.13,147.39,35,825,92,0
1.29,1.89,-0.43,-78.55,-5.25,-214.66,2.33,228.64,16,793,50,0
1.09,1.57,-1.03,-128.97,-16.72,-239.69,2.17,272.69,5,781,11,0
0.80,1.17,-0.95,-217.16,-48.22,-216.37,1.71,310.32,2,758,0,2
-0.46,1.19,-0.68,-40.47,-222.60,133.67,1.44,262.78,1,758,0,0
-0.82,1.10,-0.09,59.81,-178.16,181.46,1.37,261.24,1,777,0,0
-1.28,-0.22,-0.14,61.95,-108.03,167.05,1.31,208.36,1,790,0,1
