X,Y,Z
75.15,-3.33,179.93
75.14,-3.33,179.93
75.14,-3.34,179.94
75.13,-3.35,179.94
75.11,-3.37,179.94
75.09,-3.39,179.94
75.06,-3.41,179.93
75.03,-3.44,179.93
75.00,-3.48,179.94
74.97,-3.51,179.94
74.95,-3.54,179.94
74.94,-3.57,179.94
74.93,-3.60,179.95
74.94,-3.61,179.95
74.95,-3.61,179.95
74.97,-3.61,179.95
74.99,-3.61,179.95
75.01,-3.62,179.95
75.03,-3.62,179.95
75.05,-3.63,179.96
75.05,-3.63,179.96
75.06,-3.65,179.96
75.05,-3.67,179.95
75.04,-3.69,179.95
75.02,-3.72,179.95
75.00,-3.74,179.94
74.98,-3.77,179.94
74.97,-3.80,179.94
74.95,-3.83,179.94
74.94,-3.86,179.95
74.92,-3.89,179.95
74.91,-3.91,179.95
74.90,-3.95,179.95
74.89,-3.98,179.95
74.87,-4.03,179.95
74.86,-4.07,179.94
74.85,-4.12,179.94
74.84,-4.18,179.93
74.84,-4.25,179.92
74.85,-4.32,179.90
74.87,-4.38,179.87
74.89,-4.43,179.85
74.92,-4.47,179.83
74.94,-4.48,179.82
74.96,-4.48,179.80
74.98,-4.45,179.80
75.00,-4.42,179.79
75.03,-4.39,179.79
75.06,-4.35,179.79
75.09,-4.30,179.79
75.12,-4.25,179.80
75.14,-4.19,179.81
75.14,-4.13,179.82
75.12,-4.06,179.83
75.09,-3.99,179.85
75.06,-3.91,179.87
75.04,-3.83,179.89
75.03,-3.74,179.91
75.05,-3.66,179.93
75.08,-3.57,179.95
75.12,-3.49,179.97
75.17,-3.40,179.99
75.23,-3.32,180.00
75.29,-3.23,180.01
75.35,-3.14,180.02
75.40,-3.05,180.04
75.45,-2.95,180.05
75.50,-2.83,180.05
75.54,-2.69,180.06
75.56,-2.53,180.06
75.59,-2.36,180.06
75.61,-2.17,180.06
75.64,-1.98,180.06
75.68,-1.78,180.05
75.72,-1.58,180.04
75.78,-1.36,180.01
75.84,-1.15,179.97
75.89,-0.94,179.92
75.90,-0.67,179.86
75.93,-0.37,179.80
75.96,0.00,179.75
76.06,0.45,179.70
76.12,0.92,179.64
76.17,1.43,179.57
76.24,1.98,179.52
76.30,2.57,179.47
76.35,3.21,179.42
76.41,3.91,179.38
76.48,4.63,179.34
76.58,5.40,179.29
76.72,6.24,179.25
76.88,7.16,179.19
77.08,8.15,179.13
77.33,9.23,179.05
77.63,10.42,178.95
77.93,11.74,178.82
78.22,13.19,178.66
78.50,14.78,178.50
78.73,16.51,178.32
78.87,18.43,178.12
78.92,20.54,177.92
78.93,22.82,177.73
78.87,25.24,177.58
78.67,27.76,177.41
78.37,30.34,177.26
78.05,32.89,177.13
77.76,35.35,177.05
77.56,37.71,176.99
77.37,39.93,176.96
77.08,42.10,176.91
76.54,44.31,176.81
75.54,46.58,176.49
74.11,49.02,175.88
72.33,51.66,174.95
70.27,54.35,173.72
68.06,56.86,172.23
65.75,59.04,170.50
63.64,60.81,168.70
62.16,62.23,167.21
61.57,63.54,166.28
61.81,64.47,166.06
62.98,65.08,166.60
64.74,65.29,167.73
66.75,65.05,169.17
68.72,64.35,170.70
70.46,63.17,172.16
71.85,61.49,173.45
72.86,59.30,174.50
73.52,56.57,175.30
73.90,53.41,175.85
74.06,50.02,176.16
73.99,46.65,176.29
73.66,43.52,176.33
73.09,40.69,176.30
72.40,38.09,176.24
71.77,35.66,176.19
71.41,33.26,176.34
71.38,30.71,176.70
71.67,27.89,177.26
72.02,25.02,177.87
72.25,22.24,178.48
72.29,19.60,179.01
72.17,17.09,179.43
71.98,14.70,179.74
71.81,12.38,179.93
71.70,10.06,180.05
71.61,7.65,180.11
71.49,5.15,180.11
71.35,2.65,180.06
71.17,0.22,179.96
70.91,-2.09,179.87
70.58,-4.27,179.89
70.21,-6.35,180.08
69.79,-8.38,180.48
69.27,-10.34,181.09
68.63,-12.22,181.88
67.85,-13.96,182.83
66.88,-15.57,183.87
65.77,-17.02,184.95
64.78,-18.33,186.05
64.04,-19.54,187.10
63.52,-20.66,188.04
63.11,-21.72,188.83
62.73,-22.79,189.49
62.32,-23.86,190.04
61.77,-24.94,190.55
61.09,-25.97,191.08
60.34,-26.86,191.65
59.60,-27.58,192.26
58.92,-28.15,192.87
58.33,-28.65,193.45
57.86,-29.11,193.97
57.53,-29.52,194.37
57.35,-29.81,194.63
57.32,-29.96,194.77
57.43,-29.97,194.79
57.80,-29.66,194.63
58.44,-28.88,194.14
59.05,-27.89,193.52
59.87,-26.90,192.88
60.80,-25.92,192.26
61.73,-24.87,191.71
62.74,-23.70,191.23
63.80,-22.41,190.84
64.82,-21.03,190.60
65.73,-19.60,190.52
66.50,-18.18,190.53
67.12,-16.80,190.62
67.57,-15.49,190.68
67.83,-14.28,190.71
67.97,-13.20,190.70
68.04,-12.28,190.61
68.05,-11.47,190.48
68.00,-10.74,190.33
67.92,-10.04,190.20
67.85,-9.36,190.09
67.78,-8.70,190.00
67.73,-8.06,189.91
67.71,-7.45,189.81
67.73,-6.85,189.69
67.77,-6.25,189.56
67.82,-5.67,189.41
67.88,-5.13,189.27
67.93,-4.65,189.15
67.97,-4.23,189.02
68.00,-3.84,188.90
68.00,-3.48,188.78
68.00,-3.17,188.67
67.98,-2.91,188.57
67.95,-2.69,188.48
67.91,-2.49,188.39
67.90,-2.29,188.31
67.89,-2.10,188.22
67.91,-1.92,188.15
67.96,-1.78,188.08
68.03,-1.68,188.03
68.12,-1.60,187.98
68.23,-1.54,187.95
68.35,-1.48,187.91
68.49,-1.43,187.88
68.62,-1.38,187.84
68.76,-1.33,187.81
68.89,-1.28,187.78
69.00,-1.24,187.75
69.08,-1.22,187.72
69.14,-1.20,187.68
69.17,-1.19,187.65
69.18,-1.18,187.62
69.16,-1.18,187.58
69.13,-1.19,187.55
69.09,-1.20,187.52
69.04,-1.22,187.48
68.99,-1.23,187.45
68.95,-1.25,187.42
68.92,-1.27,187.39
68.89,-1.29,187.36
68.87,-1.31,187.32
68.86,-1.34,187.28
68.85,-1.36,187.24
68.84,-1.38,187.20
68.84,-1.41,187.16
68.83,-1.44,187.12
68.82,-1.48,187.08
68.81,-1.51,187.04
68.80,-1.54,187.00
68.79,-1.57,186.96
68.78,-1.61,186.93
68.77,-1.64,186.89
68.76,-1.68,186.85
68.75,-1.72,186.81
68.75,-1.76,186.77
68.74,-1.80,186.73
68.74,-1.85,186.69
68.74,-1.89,186.66
68.74,-1.93,186.63
68.75,-1.98,186.59
68.75,-2.02,186.56
68.76,-2.06,186.52
68.75,-2.11,186.48
68.75,-2.16,186.45
68.76,-2.20,186.42
68.75,-2.26,186.38
68.75,-2.31,186.34
68.75,-2.36,186.30
68.75,-2.40,186.26
68.75,-2.45,186.22
68.76,-2.49,186.17
68.77,-2.53,186.13
68.77,-2.57,186.09
68.78,-2.61,186.05
68.78,-2.64,186.01
68.78,-2.67,185.97
68.77,-2.70,185.93
68.76,-2.73,185.89
68.76,-2.77,185.86
68.77,-2.80,185.82
68.78,-2.84,185.79
68.79,-2.87,185.75
68.81,-2.91,185.72
68.82,-2.96,185.68
68.83,-3.00,185.63
68.84,-3.04,185.59
68.84,-3.08,185.55
68.85,-3.12,185.50
68.85,-3.15,185.46
68.84,-3.18,185.41
68.84,-3.21,185.37
68.83,-3.24,185.32
68.82,-3.26,185.28
68.82,-3.29,185.23
68.81,-3.32,185.19
68.81,-3.34,185.15
68.80,-3.37,185.11
68.80,-3.39,185.07
68.79,-3.42,185.03
68.79,-3.45,184.99
68.79,-3.48,184.96
68.79,-3.51,184.92
68.80,-3.55,184.87
68.80,-3.59,184.83
68.81,-3.63,184.79
68.82,-3.67,184.74
68.84,-3.71,184.70
68.86,-3.75,184.66
68.88,-3.79,184.62
68.90,-3.83,184.57
