-,-,-
20.53,65.23,171.80
19.87,65.37,171.06
19.18,65.52,170.28
18.43,65.68,169.46
17.65,65.85,168.61
16.86,66.02,167.73
16.05,66.19,166.85
15.22,66.36,165.94
14.36,66.52,165.00
13.45,66.66,164.00
12.50,66.79,162.97
11.55,66.92,161.92
10.60,67.04,160.86
9.65,67.17,159.81
8.69,67.29,158.74
7.72,67.41,157.65
6.73,67.50,156.53
5.74,67.58,155.41
4.75,67.66,154.29
3.80,67.73,153.20
2.88,67.80,152.14
1.97,67.88,151.10
1.04,67.96,150.03
0.04,68.03,148.90
-1.02,68.08,147.67
-2.19,68.14,146.31
-3.54,68.18,144.75
-5.07,68.22,142.98
-6.79,68.24,141.00
-8.75,68.26,138.76
-10.96,68.29,136.28
-13.38,68.31,133.57
-15.99,68.34,130.65
-18.72,68.36,127.61
-21.66,68.36,124.35
-24.85,68.34,120.83
-28.33,68.27,117.02
-32.19,68.07,112.82
-36.66,67.64,108.06
-41.63,66.99,103.00
-46.86,66.13,97.85
-51.88,65.13,93.08
-56.41,63.96,88.93
-60.47,62.68,85.37
-63.96,61.38,82.95
-65.19,60.24,82.92
-64.25,59.12,84.77
-62.01,57.93,87.54
-59.30,56.64,90.63
-56.42,55.27,93.89
-53.57,53.89,97.19
-50.86,52.57,100.32
-48.31,51.40,103.20
-45.93,50.48,105.86
-43.81,49.87,108.39
-41.92,49.62,110.88
-40.20,49.74,113.43
-38.50,50.22,116.11
-36.73,51.02,119.00
-34.82,52.07,122.15
-32.73,53.29,125.58
-30.45,54.59,129.26
-27.98,55.93,133.14
-25.42,57.28,137.06
-22.88,58.59,140.87
-20.47,59.84,144.45
-18.18,61.04,147.73
-15.98,62.16,150.67
-13.83,63.19,153.26
-11.56,64.09,155.72
-9.01,64.79,158.29
-6.06,65.20,161.25
-2.71,65.30,164.67
0.61,65.19,168.12
3.37,65.08,171.07
5.22,65.12,173.27
5.93,65.42,174.58
5.48,66.01,175.01
4.10,66.81,174.78
1.96,67.78,173.91
-0.86,68.87,172.38
-4.01,69.98,170.37
-6.91,71.07,168.19
-8.82,72.03,166.40
-8.13,72.39,165.96
-4.99,72.68,167.10
-1.45,72.99,169.13
-2.25,73.73,167.77
-4.01,73.81,167.46
-0.43,73.28,169.45
0.49,73.25,170.06
1.10,73.37,170.77
2.15,73.49,172.00
3.48,73.71,173.63
5.30,73.91,175.83
7.26,73.91,178.11
9.18,73.74,180.19
10.88,73.42,181.89
12.27,73.03,183.16
13.13,72.71,183.83
13.46,72.48,183.94
13.23,72.36,183.45
12.43,72.36,182.35
11.06,72.48,180.68
8.93,72.68,178.29
5.99,72.94,175.09
2.34,73.25,171.15
-2.11,73.55,166.40
-7.36,73.81,160.84
-13.45,73.93,154.40
-20.28,73.83,147.20
-27.31,73.47,139.75
-34.34,72.81,132.27
-41.17,71.84,124.93
-47.50,70.59,118.08
-53.34,69.04,111.77
-58.63,67.23,106.10
-63.30,65.23,101.18
-67.39,63.20,96.97
-70.90,61.33,93.40
-73.63,59.76,90.63
-75.84,58.45,88.40
-77.50,57.35,86.74
-78.84,56.39,85.37
-79.85,55.68,84.38
-80.18,55.35,84.07
-79.87,55.26,84.50
-79.13,55.25,85.46
-78.17,55.29,86.80
-77.05,55.33,88.42
-75.82,55.40,90.29
-74.61,55.43,92.28
-73.38,55.29,94.25
-72.04,54.91,96.11
-70.51,54.39,97.95
-68.80,53.81,99.87
-67.02,53.26,101.94
-65.18,52.73,104.09
-63.33,52.25,106.21
-61.49,51.86,108.16
-59.70,51.62,109.91
-57.96,51.60,111.50
-56.26,51.88,113.05
-54.53,52.48,114.72
-52.71,53.38,116.62
-50.82,54.48,118.83
-48.85,55.68,121.40
-46.75,56.86,124.35
-44.46,57.97,127.63
-41.90,59.03,131.19
-39.03,60.09,135.02
-35.79,61.17,139.15
-32.19,62.31,143.60
-28.25,63.48,148.33
-24.08,64.61,153.33
-19.73,65.66,158.59
-15.25,66.61,164.05
-10.61,67.47,169.66
-5.81,68.23,175.36
-0.92,68.88,181.02
3.74,69.44,186.35
7.80,69.94,191.07
11.02,70.45,195.01
13.27,71.01,198.06
14.62,71.65,200.21
15.34,72.28,201.62
15.52,72.84,202.27
14.90,73.27,202.02
13.12,73.53,200.70
10.06,73.57,198.30
5.73,73.39,194.77
0.19,73.06,190.11
-6.58,72.59,184.25
-13.47,71.87,178.13
-18.17,70.74,172.96
-19.03,70.51,170.90
-15.38,70.59,173.58
-11.24,70.15,177.43
-9.36,69.81,179.08
-8.29,69.73,179.65
-6.63,69.53,181.29
-4.80,69.64,183.12
-3.23,69.70,184.80
-1.80,69.63,186.19
-0.53,69.48,187.40
0.39,69.29,188.24
0.91,69.08,188.65
1.07,68.93,188.73
0.98,68.87,188.60
0.70,68.85,188.31
0.17,68.86,187.76
-0.64,68.90,186.89
-1.72,68.94,185.70
-3.14,69.00,184.14
-4.95,69.08,182.16
-7.18,69.16,179.73
-9.77,69.24,176.89
-12.83,69.30,173.59
-16.41,69.32,169.73
-20.50,69.22,165.28
-25.07,68.97,160.31
-29.97,68.53,154.96
-34.99,67.87,149.44
-39.88,67.02,143.99
-44.55,66.00,138.74
-49.07,64.79,133.62
-53.35,63.40,128.75
-57.46,61.77,124.16
-61.31,59.99,119.95
-64.70,58.19,116.22
-67.51,56.53,113.11
-69.58,55.11,110.74
-71.07,53.93,108.90
-72.20,53.01,107.46
-72.80,52.27,106.71
-72.66,51.75,106.83
-72.08,51.27,107.51
-71.36,50.88,108.54
-70.62,50.47,109.71
-69.81,50.05,111.01
-68.98,49.57,112.42
-68.12,48.91,113.84
-67.21,48.09,115.21
-66.16,47.21,116.61
-64.92,46.34,118.12
-63.58,45.54,119.69
-62.26,44.84,121.24
-60.94,44.29,122.72
-59.65,43.90,124.09
-58.44,43.73,125.41
-57.32,43.84,126.75
-56.23,44.28,128.24
-55.03,45.08,129.94
-53.62,46.17,131.91
-52.06,47.45,134.12
-50.44,48.81,136.59
-48.76,50.17,139.36
-46.97,51.51,142.43
-44.96,52.85,145.79
-42.71,54.19,149.38
-40.24,55.52,153.18
-37.60,56.84,157.11
-34.86,58.20,161.06
-32.02,59.61,164.99
-29.12,61.06,168.91
-26.20,62.49,172.83
-23.48,63.90,176.64
-21.12,65.26,180.25
-19.11,66.60,183.65
-17.33,67.95,186.89
-15.73,69.29,189.94
-14.38,70.64,192.72
-13.41,71.98,195.03
-12.90,73.24,196.79
-12.85,74.38,197.94
-13.39,75.30,198.35
-14.60,75.94,197.99
-16.53,76.24,196.83
-19.26,76.17,194.79
-22.65,75.72,191.98
-26.53,74.90,188.55
-30.75,73.79,184.60
-33.52,72.44,181.78
-35.30,71.17,178.82
-33.60,71.05,178.67
-28.32,71.24,182.49
-22.25,71.17,187.27
-18.80,70.80,190.05
-17.57,70.54,190.73
-15.67,70.26,192.13
-13.65,70.17,194.01
-11.94,70.23,195.69
-10.46,70.28,197.24
-8.97,70.27,198.77
-7.69,70.22,200.07
-6.69,70.10,200.99
-6.11,69.94,201.42
-5.96,69.81,201.43
-6.19,69.76,201.11
-6.76,69.75,200.50
-7.65,69.78,199.60
-8.87,69.83,198.38
-10.46,69.89,196.77
-12.51,69.94,194.68
-15.10,69.94,192.04
-18.27,69.90,188.80
-21.94,69.80,184.99
-26.15,69.58,180.63
-30.80,69.17,175.74
-35.69,68.55,170.54
-40.60,67.72,165.26
-45.33,66.75,160.13
-49.84,65.67,155.23
-54.33,64.37,150.39
-58.67,62.84,145.73
-62.82,61.08,141.34
-66.68,59.18,137.29
-70.33,57.25,133.61
-73.48,55.36,130.57
-76.00,53.65,128.11
-77.98,52.19,126.15
-79.58,50.97,124.59
-81.04,49.87,123.38
-82.11,49.00,122.65
-82.36,48.48,122.71
-81.61,48.42,124.00
-80.28,48.44,126.09
-78.68,48.38,128.66
-76.89,48.18,131.52
-75.03,47.74,134.54
-73.20,46.97,137.51
-71.43,45.88,140.29
-69.64,44.63,142.86
-67.75,43.37,145.27
-65.82,42.25,147.53
-63.90,41.39,149.60
-61.96,40.86,151.49
-60.00,40.68,153.20
-58.07,40.82,154.73
-56.30,41.26,156.09
-54.81,41.94,157.33
-53.66,42.84,158.52
-52.77,43.90,159.73
-52.00,45.10,161.00
-51.21,46.42,162.43
-50.30,47.87,164.10
-49.21,49.39,166.10
-47.90,50.96,168.43
-46.33,52.52,171.12
-44.45,54.08,174.15
-42.25,55.64,177.51
-39.69,57.27,181.18
-36.79,58.97,185.15
-33.59,60.69,189.44
-30.11,62.32,194.10
-26.42,63.76,199.06
-22.71,64.96,204.08
-19.27,65.94,208.80
-16.41,66.76,212.86
-14.29,67.54,216.07
-12.96,68.38,218.38
-12.50,69.37,219.72
-12.92,70.53,220.14
-14.04,71.80,219.78
-15.60,73.11,218.81
-17.35,74.35,217.40
-19.30,75.46,215.52
-21.68,76.37,212.96
-24.97,77.01,209.31
-29.84,77.30,204.10
-36.47,77.15,197.31
-43.07,76.52,190.73
-48.46,75.55,184.87
-50.76,75.62,182.04
-48.29,76.53,183.94
-42.97,77.08,189.14
-39.95,77.25,192.12
-39.02,77.46,193.01
-37.33,77.61,194.78
-35.71,77.84,196.40
-34.00,78.03,198.15
-32.45,78.15,199.68
-30.61,78.19,201.50
-28.84,78.26,203.24
-27.29,78.29,204.77
-26.10,78.27,205.92
-25.37,78.24,206.60
-25.08,78.19,206.84
-25.18,78.13,206.70
-25.69,78.07,206.16
-26.75,77.98,205.08
-28.26,77.86,203.53
-30.39,77.71,201.34
-33.20,77.49,198.48
-36.62,77.17,194.97
-40.71,76.68,190.77
-45.16,76.04,186.16
-49.90,75.21,181.25
-54.65,74.17,176.28
-59.20,72.89,171.46
-63.43,71.38,166.93
-67.19,69.71,162.82
-70.46,67.99,159.19
-73.44,66.14,155.88
-76.27,64.11,152.79
-78.94,61.95,149.91
-81.48,59.73,147.25
-83.88,57.50,144.81
-86.12,55.28,142.61
-88.04,53.14,140.74
-89.61,51.16,139.17
-90.88,49.42,137.90
-91.84,47.90,136.86
-92.58,46.56,136.03
-93.21,45.36,135.40
-93.82,44.27,134.95
-94.10,43.45,135.08
-93.95,42.90,136.13
-93.44,42.58,137.90
-92.69,42.32,140.19
-91.60,41.97,142.79
-90.18,41.52,145.55
-88.59,41.00,148.32
-86.96,40.44,150.97
-85.34,39.93,153.41
-83.66,39.59,155.60
-81.88,39.51,157.52
-80.06,39.75,159.21
-78.29,40.34,160.74
-76.69,41.24,162.15
-75.26,42.43,163.52
-73.94,43.89,164.90
-72.73,45.55,166.37
-71.60,47.31,167.98
-70.54,49.13,169.79
-69.43,50.97,171.84
-68.15,52.84,174.13
-66.64,54.75,176.68
-64.86,56.73,179.47
-62.83,58.79,182.56
-60.51,60.93,186.00
-57.85,63.16,189.80
-54.77,65.44,193.99
-51.19,67.71,198.68
-47.02,69.88,204.02
-42.29,71.85,210.03
-37.21,73.57,216.49
-32.26,75.00,222.87
-28.20,76.19,228.37
-25.73,77.23,232.25
-25.15,78.19,234.23
-26.45,79.08,234.32
-29.53,79.87,232.64
-34.02,80.54,229.58
-39.54,81.05,225.46
-45.86,81.33,220.38
-52.71,81.27,214.48
-59.45,80.74,208.24
-65.77,79.62,201.99
-71.32,77.98,196.30
-73.57,76.23,193.59
-74.46,74.62,191.07
-74.33,74.50,189.76
-70.71,75.60,192.07
-64.74,76.71,196.65
-60.92,77.08,200.12
-59.19,77.22,201.46
-55.71,77.55,204.67
-53.03,78.06,207.16
-49.99,78.45,210.02
-46.29,78.80,213.48
-42.04,78.98,217.34
-37.87,79.01,220.95
-34.71,78.87,223.53
-32.97,78.69,224.80
-32.39,78.58,225.14
-32.73,78.57,224.76
-33.99,78.59,223.61
-36.18,78.54,221.59
-38.91,78.39,219.04
-41.69,78.17,216.39
-44.56,77.89,213.65
-47.58,77.54,210.74
-50.85,77.09,207.53
-54.41,76.49,204.00
-58.31,75.69,200.11
-62.16,74.65,196.16
-66.04,73.39,192.17
-69.65,71.87,188.36
-72.91,70.15,184.86
-75.86,68.27,181.63
-78.51,66.33,178.71
-80.95,64.30,176.02
-83.26,62.11,173.52
-85.43,59.71,171.23
-87.52,57.17,169.14
-89.58,54.57,167.21
-91.60,52.04,165.52
-93.32,49.74,164.17
-94.70,47.81,163.09
-95.88,46.23,162.21
-96.97,44.87,161.59
-97.85,43.68,161.28
-98.43,42.68,161.35
-98.48,41.95,162.30
-98.14,41.38,163.88
-97.60,40.93,165.89
-96.88,40.54,168.16
-95.96,40.16,170.64
-94.79,39.74,173.24
-93.31,39.28,175.84
-91.59,38.79,178.34
-89.76,38.30,180.66
-87.93,37.88,182.72
-86.10,37.64,184.52
-84.24,37.66,186.06
-82.39,37.97,187.39
-80.66,38.63,188.51
-79.12,39.63,189.51
-77.80,40.95,190.43
-76.73,42.55,191.36
-75.91,44.36,192.37
-75.26,46.29,193.52
-74.64,48.27,194.86
-73.92,50.27,196.41
-73.02,52.30,198.16
-71.89,54.40,200.10
-70.53,56.58,202.24
-68.94,58.87,204.54
-67.18,61.26,206.97
-65.27,63.74,209.53
-63.20,66.30,212.26
-60.95,68.90,215.21
-58.43,71.45,218.48
-55.60,73.85,222.13
-52.46,76.03,226.14
-49.09,77.97,230.42
-45.74,79.70,234.70
-42.73,81.25,238.65
-40.41,82.69,241.90
-39.36,84.05,243.88
-40.53,85.31,243.66
-45.94,86.42,239.15
-59.02,87.22,226.84
-80.32,87.41,206.08
-99.01,86.81,187.76
-108.23,85.56,178.86
-111.52,83.85,176.02
-111.19,82.12,176.82
-108.02,80.36,179.45
-110.16,79.97,176.82
-115.02,80.94,171.17
-117.38,82.39,168.62
-119.10,83.45,166.49
-121.77,83.81,163.62
-123.03,84.60,162.04
-124.31,85.31,160.18
-123.50,86.07,160.37
-122.22,86.83,160.91
-119.34,87.54,163.12
-114.86,87.98,167.13
-111.28,88.15,170.45
-110.97,88.12,170.71
-112.75,87.91,169.00
-114.96,87.59,166.93
-115.70,87.14,166.38
-114.93,86.61,167.30
-113.33,86.07,169.01
-112.19,85.56,170.23
-111.14,85.00,171.35
-110.30,84.37,172.24
-109.55,83.63,173.05
-108.71,82.72,173.96
-108.00,81.64,174.70
-107.31,80.36,175.39
-106.77,78.88,175.90
-106.30,77.21,176.33
-105.93,75.38,176.63
-105.68,73.39,176.78
-105.52,71.32,176.84
-105.45,69.18,176.80
-105.48,66.94,176.69
-105.62,64.62,176.47
-105.90,62.22,176.15
-106.33,59.75,175.79
-106.89,57.23,175.43
-107.51,54.74,175.07
-108.19,52.40,174.64
-108.86,50.30,174.22
-109.41,48.42,173.78
-109.93,46.68,173.29
-110.47,45.12,172.85
-111.03,43.67,172.48
-111.61,42.31,172.18
-112.02,41.26,172.35
-112.19,40.63,173.38
-112.13,40.37,175.09
-111.76,40.32,177.31
-110.92,40.39,179.87
-109.68,40.53,182.61
-108.22,40.71,185.39
-106.62,40.91,188.05
-104.87,41.15,190.47
-102.92,41.46,192.54
-100.86,41.93,194.23
-98.83,42.59,195.57
-97.04,43.50,196.57
-95.58,44.69,197.33
-94.48,46.17,197.91
-93.74,47.89,198.39
-93.33,49.81,198.85
-93.13,51.89,199.37
-93.01,54.09,200.05
-92.79,56.41,200.94
-92.34,58.84,202.07
-91.59,61.38,203.49
-90.56,64.02,205.18
-89.32,66.74,207.04
-88.02,69.53,208.96
-86.83,72.40,210.73
-86.01,75.33,212.14
-85.88,78.28,212.89
-87.00,81.18,212.48
-90.53,83.89,209.83
-99.92,86.29,201.45
-129.93,88.05,172.57
167.87,88.09,111.65
139.83,86.79,84.87
130.55,85.33,76.61
127.31,84.06,74.11
127.07,83.14,74.51
128.89,82.68,77.16
132.84,82.72,82.23
139.95,83.19,90.67
152.27,83.89,104.45
168.25,84.42,121.91
-170.23,85.13,143.57
-154.30,84.70,158.25
-160.19,84.70,150.75
-176.73,85.12,132.79
165.24,85.62,114.15
154.58,85.59,103.06
147.01,85.47,95.09
135.91,85.19,83.58
128.59,84.89,75.70
122.42,84.77,68.89
117.99,84.85,63.83
115.56,84.89,61.00
115.02,84.88,60.34
115.82,84.90,61.16
117.64,84.96,63.06
119.98,85.08,65.47
122.79,85.24,68.30
126.22,85.43,71.77
130.20,85.65,75.81
134.54,85.84,80.21
139.23,86.03,84.95
144.77,86.22,90.47
151.76,86.38,97.43
160.54,86.50,106.16
171.97,86.52,117.55
-174.73,86.34,130.82
-161.22,85.89,144.36
-149.51,85.12,156.08
-140.35,84.04,165.29
-133.56,82.69,172.12
-128.55,81.11,177.16
-124.77,79.30,181.01
-121.94,77.32,183.89
-119.95,75.24,185.92
-118.50,73.03,187.43
-117.42,70.70,188.57
-116.57,68.22,189.51
-115.96,65.55,190.32
-115.67,62.73,190.93
-115.76,59.83,191.30
-116.07,56.97,191.52
-116.40,54.22,191.61
-116.75,51.64,191.60
-116.99,49.18,191.55
-117.21,46.87,191.49
-117.45,44.76,191.47
-117.56,42.79,191.62
-117.42,41.45,192.20
-116.99,40.83,193.53
-116.33,40.84,195.45
-115.52,41.25,197.79
-114.44,41.93,200.35
-113.06,42.79,203.01
-111.42,43.75,205.66
-109.65,44.72,208.13
-107.75,45.71,210.23
-105.67,46.88,211.89
-103.54,48.35,213.17
-101.60,50.11,214.15
-100.02,52.06,214.93
-98.85,54.14,215.61
-98.08,56.31,216.28
-97.55,58.56,217.02
-97.10,60.86,217.90
-96.52,63.21,218.98
-95.70,65.58,220.36
-94.53,67.97,222.16
-92.89,70.34,224.52
-90.67,72.70,227.55
-87.87,75.08,231.18
-84.51,77.53,235.30
-80.62,80.07,239.85
-75.96,82.68,245.11
-69.53,85.21,252.22
-57.45,87.46,265.13
-9.61,89.04,313.93
74.53,88.53,39.18
94.81,87.44,60.57
104.13,86.51,71.02
110.19,85.69,78.14
113.92,84.88,82.76
115.63,84.08,85.15
116.38,83.39,86.32
117.43,83.02,87.61
119.94,83.15,90.34
125.87,83.86,96.66
139.64,84.97,111.13
166.23,85.70,138.82
-165.96,85.49,167.62
-157.46,84.90,175.90
-168.08,84.65,164.36
171.01,84.48,142.41
155.60,84.21,126.79
146.31,83.93,117.21
136.42,83.70,106.48
128.50,83.49,97.78
122.02,83.24,90.45
117.03,82.99,84.75
113.55,82.73,80.71
111.42,82.51,78.23
110.94,82.41,77.62
111.77,82.47,78.48
113.69,82.65,80.52
116.29,82.89,83.24
119.26,83.17,86.34
122.71,83.48,89.87
126.62,83.82,93.82
131.03,84.16,98.23
136.19,84.51,103.39
142.89,84.85,110.06
151.81,85.15,118.98
163.30,85.31,130.44
177.16,85.23,144.26
-168.56,84.80,158.49
-155.87,83.98,171.12
-145.67,82.81,181.24
-138.14,81.35,188.67
-132.64,79.69,194.05
-128.29,77.82,198.26
-124.77,75.77,201.62
-121.87,73.53,204.39
-119.41,71.10,206.68
-117.55,68.61,208.37
-116.12,65.99,209.76
-115.02,63.31,210.85
-114.33,60.70,211.59
-114.01,58.27,212.02
-113.94,56.11,212.14
-113.90,54.17,212.19
-113.78,52.42,212.23
-113.57,50.84,212.30
-113.30,49.50,212.33
-112.80,48.65,212.72
-112.18,48.22,213.59
-111.40,48.06,214.86
-110.45,48.04,216.45
-109.29,48.11,218.32
-107.93,48.21,220.39
-106.38,48.35,222.51
-104.70,48.54,224.56
-102.90,48.81,226.43
-101.02,49.22,228.07
-99.16,49.79,229.48
-97.43,50.58,230.69
-95.93,51.58,231.70
-94.77,52.78,232.54
-93.93,54.18,233.24
-93.32,55.81,233.85
-92.86,57.63,234.42
-92.47,59.58,235.05
-92.09,61.65,235.91
-91.53,63.84,237.14
-90.63,66.12,238.88
-89.26,68.46,241.15
-87.36,70.84,243.98
-84.83,73.23,247.47
-81.58,75.66,251.70
-77.58,78.19,256.66
-72.75,80.85,262.38
-66.13,83.62,269.83
-52.62,86.34,284.22
-2.95,88.21,334.94
61.85,87.17,40.92
78.86,85.11,59.13
85.16,83.17,66.62
88.94,81.50,71.49
92.12,80.15,75.61
95.28,79.17,79.60
98.74,78.59,83.83
102.54,78.38,88.51
106.54,78.47,93.54
110.83,78.84,98.90
115.66,79.44,104.81
120.46,80.17,110.55
124.13,81.36,113.74
132.30,82.22,120.36
138.42,82.00,124.69
137.68,81.54,122.79
130.95,81.46,115.73
126.98,80.93,111.23
124.24,80.47,108.14
121.27,80.01,104.91
119.44,79.63,102.80
117.81,79.39,100.86
116.85,79.31,99.56
116.45,79.34,98.90
116.80,79.42,99.20
117.86,79.55,100.37
119.24,79.69,101.94
120.70,79.82,103.56
122.14,79.97,105.11
123.57,80.17,106.57
125.16,80.41,108.14
126.89,80.64,109.88
128.99,80.86,111.98
131.45,81.07,114.48
134.58,81.33,117.63
138.65,81.66,121.71
144.47,82.00,127.54
152.19,82.30,135.26
161.75,82.46,144.84
172.72,82.33,155.87
-176.05,81.85,167.19
-165.85,81.01,177.51
-156.99,79.83,186.48
-149.56,78.35,194.00
-143.41,76.60,200.28
-138.47,74.63,205.38
-134.55,72.49,209.48
-131.45,70.19,212.82
-129.06,67.76,215.54
-127.41,65.26,217.62
-126.40,62.75,219.19
-125.80,60.32,220.29
-125.46,58.01,221.01
-125.26,55.82,221.51
-125.10,53.77,221.83
-125.02,51.82,222.03
-125.03,50.00,222.10
-125.08,48.34,222.14
-125.02,46.81,222.23
-124.82,45.68,222.50
-124.44,45.37,223.45
-123.79,45.62,225.19
-122.87,46.20,227.58
-121.43,46.94,230.47
-119.43,47.74,233.72
-117.08,48.52,237.15
-114.58,49.21,240.60
-112.00,49.78,243.92
-109.41,50.27,246.95
-106.90,50.77,249.54
-104.60,51.44,251.58
-102.65,52.42,253.07
-101.11,53.80,254.09
-100.03,55.52,254.75
-99.42,57.47,255.19
-99.21,59.55,255.52
-99.26,61.68,255.87
-99.37,63.86,256.32
-99.37,66.09,256.94
-99.13,68.44,257.80
-98.56,70.92,258.98
-97.59,73.53,260.58
-96.17,76.26,262.69
-94.35,79.10,265.23
-92.32,82.05,267.94
-90.56,85.09,270.32
-90.77,88.14,270.75
98.68,88.85,101.11
95.70,86.11,99.14
95.70,83.65,100.34
96.22,81.57,102.10
97.07,79.91,104.24
98.15,78.61,106.60
99.33,77.61,109.08
100.64,76.88,111.73
102.06,76.43,114.66
103.38,76.26,117.77
104.48,76.44,120.91
105.25,77.01,123.89
105.52,77.98,126.40
102.60,79.24,124.99
97.98,80.92,120.56
94.80,82.09,117.37
96.48,82.13,117.91
99.19,80.53,117.76
99.59,79.07,115.47
96.13,78.60,111.65
95.21,78.38,109.94
93.99,78.12,108.02
92.99,77.85,106.41
92.45,77.54,105.39
91.89,77.26,104.46
91.38,76.95,103.71
91.26,76.70,103.47
91.13,76.55,103.23
91.12,76.52,103.10
91.21,76.59,103.10
91.36,76.77,103.17
91.53,77.02,103.26
91.78,77.34,103.40
92.17,77.67,103.70
92.76,78.05,104.18
93.53,78.47,104.85
94.45,78.98,105.66
95.59,79.60,106.68
97.08,80.34,108.04
99.28,81.20,110.15
102.52,82.17,113.28
107.41,83.22,118.09
115.13,84.33,125.69
127.97,85.40,138.38
149.03,86.18,159.24
177.26,86.26,187.24
-157.80,85.44,211.91
-141.84,83.98,227.56
-132.40,82.16,236.72
-126.32,80.07,242.58
-122.27,77.77,246.41
-119.78,75.38,248.77
-118.07,72.89,250.55
-116.90,70.45,251.77
-116.17,68.13,252.57
-115.73,66.06,253.10
-115.48,64.17,253.46
-115.20,62.48,253.81
-115.01,60.92,254.09
-114.78,59.52,254.44
-114.48,58.41,254.84
-113.86,57.78,255.87
-112.97,57.45,257.45
-111.88,57.30,259.46
-110.49,57.18,261.78
-108.76,57.08,264.30
-106.82,56.94,266.89
-104.86,56.78,269.39
-102.94,56.62,271.70
-101.04,56.53,273.78
-99.18,56.57,275.61
-97.43,56.83,277.17
-95.84,57.39,278.50
-94.44,58.29,279.59
-93.23,59.52,280.49
-92.22,61.02,281.25
-91.39,62.74,281.94
-90.66,64.63,282.70
-89.88,66.64,283.71
-88.82,68.74,285.18
-87.22,70.92,287.28
-84.85,73.21,290.17
-81.48,75.57,294.06
-76.74,77.97,299.30
-69.91,80.36,306.64
-59.40,82.66,317.72
-41.16,84.72,336.58
-7.62,85.96,10.74
32.70,85.44,51.71
56.73,83.50,76.49
68.44,81.04,89.05
74.57,78.52,96.06
78.05,76.14,100.40
80.21,74.08,103.47
81.85,72.50,106.07
83.42,71.46,108.66
85.12,70.94,111.50
86.90,70.86,114.62
88.62,71.09,117.85
90.19,71.55,121.00
91.54,72.21,123.85
92.69,73.04,126.24
92.88,73.89,126.83
93.12,74.99,126.00
95.19,75.37,126.44
98.95,75.08,128.53
102.36,74.87,131.25
100.98,74.34,129.64
99.58,73.67,127.57
100.02,73.50,127.64
99.78,73.29,127.27
99.56,72.93,126.80
99.38,72.66,126.41
99.15,72.42,125.94
98.77,72.20,125.33
98.52,72.02,124.86
98.34,71.93,124.50
98.26,71.96,124.26
98.31,72.07,124.21
98.48,72.22,124.34
98.75,72.38,124.59
99.03,72.56,124.85
99.32,72.75,125.10
99.64,72.95,125.36
100.01,73.19,125.67
100.47,73.51,126.06
101.10,73.94,126.59
101.93,74.47,127.37
103.06,75.14,128.48
104.70,75.94,130.12
106.93,76.87,132.34
109.96,77.92,135.37
114.18,79.07,139.59
120.10,80.26,145.51
128.41,81.43,153.81
139.61,82.38,164.98
154.18,82.97,179.50
171.35,83.02,196.61
-171.78,82.41,213.45
-157.81,81.17,227.41
-147.63,79.46,237.63
-140.51,77.43,244.92
-135.69,75.19,250.01
-132.54,72.90,253.52
-130.48,70.66,255.97
-129.11,68.56,257.73
-128.26,66.58,258.91
-127.73,64.72,259.84
-127.37,63.00,260.63
-127.20,61.41,261.34
-127.08,60.09,262.00
-126.56,59.45,263.30
-125.51,59.33,265.37
-123.99,59.53,268.11
-121.94,59.83,271.39
-119.39,60.20,275.03
-116.48,60.60,278.86
-113.38,60.93,282.68
-110.20,61.18,286.31
-107.11,61.44,289.53
-104.20,61.81,292.20
-101.53,62.41,294.30
-99.17,63.29,295.91
-97.16,64.41,297.14
-95.50,65.71,298.10
-94.14,67.15,298.91
-92.98,68.69,299.73
-91.90,70.33,300.74
-90.72,72.09,302.12
-89.18,73.97,304.05
-87.00,75.99,306.67
-83.88,78.13,310.24
-79.19,80.38,315.40
-71.61,82.66,323.51
-57.82,84.82,337.90
-29.16,86.47,7.20
18.15,86.63,55.18
51.68,85.03,89.37
68.15,82.71,106.53
77.03,80.17,116.21
82.09,77.61,122.23
85.02,75.20,126.18
86.78,73.00,128.83
87.93,71.08,130.65
88.79,69.44,131.97
89.55,68.08,133.05
90.24,66.97,134.02
90.98,66.13,135.03
91.84,65.61,136.18
92.81,65.40,137.51
93.84,65.50,138.97
94.85,65.86,140.46
95.80,66.50,141.91
96.61,67.43,143.32
96.81,68.53,144.19
96.97,69.72,144.18
97.55,69.76,144.15
99.07,69.16,144.81
99.47,68.75,145.46
98.67,68.12,144.41
98.41,67.39,143.76
98.42,66.91,143.55
98.09,66.34,143.03
97.95,65.92,142.62
97.71,65.63,142.08
97.40,65.46,141.49
97.19,65.35,141.07
97.09,65.35,140.88
97.10,65.50,140.90
97.25,65.79,141.17
97.51,66.18,141.61
97.80,66.57,142.11
98.08,66.89,142.60
98.34,67.13,143.01
98.51,67.29,143.30
98.68,67.40,143.50
98.80,67.52,143.59
98.97,67.70,143.66
99.19,67.93,143.76
99.52,68.25,143.98
99.99,68.69,144.39
100.70,69.26,145.07
101.74,69.98,146.10
103.14,70.87,147.53
105.01,71.93,149.46
107.45,73.13,151.99
110.59,74.42,155.26
114.62,75.75,159.43
119.95,77.06,164.89
127.02,78.31,172.08
136.34,79.40,181.52
148.12,80.17,193.47
161.76,80.43,207.33
175.88,80.06,221.76
-171.42,79.07,234.90
-161.47,77.57,245.44
-154.37,75.73,253.15
-149.62,73.77,258.51
-146.39,71.84,262.31
-144.10,70.03,265.04
-142.49,68.29,267.03
-141.37,66.69,268.60
-140.56,65.25,269.94
-139.92,63.93,271.10
-139.51,62.94,272.10
-139.05,62.82,273.38
-138.25,63.33,275.25
-137.01,64.25,277.84
-134.94,65.33,281.28
-131.97,66.46,285.49
-128.19,67.54,290.35
-123.74,68.51,295.65
-118.81,69.36,301.12
-113.66,70.11,306.47
-108.55,70.81,311.34
-103.66,71.57,315.53
-99.15,72.50,319.04
-95.10,73.65,322.04
-91.50,75.04,324.72
-88.25,76.64,327.37
-85.04,78.43,330.37
-81.18,80.32,334.36
-75.55,82.23,340.35
-66.24,84.12,350.14
-48.34,85.81,8.50
-13.39,86.72,43.91
25.61,86.01,83.40
47.08,84.11,105.43
57.84,81.71,116.83
64.25,79.07,123.90
68.83,76.29,129.14
72.41,73.44,133.38
75.21,70.56,136.90
77.28,67.76,139.80
78.73,65.16,142.18
79.73,62.83,144.20
80.44,60.84,146.00
80.97,59.22,147.70
81.39,57.95,149.39
81.79,56.99,151.09
82.25,56.27,152.78
82.76,55.78,154.46
83.22,55.54,156.09
83.57,55.56,157.60
83.82,55.94,158.92
83.89,56.72,159.95
83.63,57.90,160.66
82.98,59.38,161.06
81.70,60.81,160.08
81.95,62.16,159.36
83.91,62.04,160.17
86.30,60.47,161.14
86.89,58.73,160.65
86.43,57.95,159.54
86.89,57.83,159.13
86.80,57.28,158.31
86.97,56.79,157.73
87.10,56.49,157.17
87.20,56.27,156.77
87.26,56.13,156.63
87.30,56.14,156.73
87.35,56.37,157.00
87.37,56.72,157.36
87.37,57.12,157.69
87.36,57.48,157.93
87.35,57.79,158.11
87.34,58.04,158.23
87.34,58.26,158.27
87.35,58.47,158.26
87.40,58.72,158.25
87.52,59.06,158.27
87.67,59.51,158.35
87.90,60.07,158.52
88.17,60.77,158.76
88.53,61.64,159.13
89.04,62.67,159.64
89.68,63.90,160.31
90.51,65.31,161.16
91.56,66.88,162.24
92.91,68.57,163.63
94.66,70.36,165.41
96.94,72.17,167.71
99.93,74.02,170.75
103.94,75.91,174.87
109.52,77.76,180.63
117.42,79.50,188.81
128.69,80.95,200.47
143.48,81.85,215.78
159.96,82.03,232.90
174.84,81.53,248.36
-173.79,80.55,260.21
-165.68,79.31,268.75
-159.92,77.94,274.94
-155.84,76.55,279.49
-152.82,75.19,283.02
-150.40,73.89,285.94
-148.23,73.15,288.68
-145.46,73.14,292.22
-141.96,73.73,296.68
-137.33,74.66,302.33
-131.26,75.71,309.28
-123.72,76.75,317.52
-114.86,77.65,326.87
-105.09,78.36,336.91
-95.03,78.84,346.93
-85.06,79.21,356.42
-75.13,79.60,5.51
-65.09,80.04,14.54
-54.77,80.52,23.88
-43.75,80.99,34.08
-31.39,81.35,45.89
-17.58,81.42,59.49
-3.23,81.01,73.97
9.97,80.01,87.58
20.75,78.46,98.91
29.01,76.52,107.77
35.26,74.36,114.60
40.04,72.07,119.99
43.83,69.75,124.45
47.04,67.44,128.42
50.03,65.18,132.25
53.04,63.02,136.12
56.02,60.96,140.02
58.75,58.99,143.77
61.07,57.15,147.25
62.94,55.52,150.36
64.38,54.13,153.15
65.50,53.01,155.68
66.44,52.12,158.04
67.28,51.45,160.28
68.09,50.98,162.42
68.87,50.75,164.45
69.59,50.79,166.28
70.17,51.11,167.83
70.45,51.70,168.97
70.27,52.60,169.61
69.40,53.82,169.67
67.71,55.42,169.08
65.11,56.99,167.48
62.82,58.79,165.21
63.00,59.37,165.14
65.45,57.99,166.53
66.93,56.32,167.01
66.83,55.56,166.72
67.66,54.95,166.94
68.02,54.20,166.94
68.61,53.58,167.08
68.96,52.97,167.07
69.27,52.44,167.04
69.45,51.94,166.97
69.60,51.60,166.94
69.61,51.44,166.86
69.59,51.40,166.83
69.54,51.49,166.83
69.46,51.71,166.81
69.36,52.03,166.75
69.22,52.45,166.67
69.07,52.93,166.57
68.92,53.46,166.46
68.77,54.04,166.30
68.59,54.72,166.06
68.40,55.52,165.76
68.21,56.45,165.38
67.99,57.48,164.96
67.76,58.62,164.52
67.50,59.89,164.02
67.22,61.31,163.44
66.81,62.87,162.71
66.32,64.57,161.86
65.72,66.39,160.88
64.98,68.27,159.78
64.04,70.24,158.53
62.90,72.29,157.13
61.50,74.43,155.52
59.60,76.62,153.55
56.98,78.86,150.99
53.33,81.03,147.48
48.28,83.02,142.66
40.66,84.71,135.36
28.49,86.12,123.54
7.35,87.06,102.80
-23.43,87.31,72.43
-49.75,86.77,46.65
-64.77,85.79,32.21
-70.96,84.59,26.69
-71.01,83.30,27.56
-68.15,82.05,31.46
-64.34,80.76,36.33
-60.33,79.39,41.20
-56.29,78.00,45.86
-52.42,76.62,50.20
-48.90,75.33,54.08
-45.74,74.16,57.36
-42.79,73.19,60.10
-39.88,72.46,62.46
-36.85,72.01,64.71
-33.59,71.85,67.18
-30.03,71.93,70.14
-26.05,72.18,73.81
-21.47,72.53,78.35
-16.15,72.89,83.89
-10.02,73.12,90.44
-3.25,73.10,97.83
3.84,72.69,105.68
10.77,71.80,113.48
17.02,70.46,120.68
22.28,68.71,126.92
26.48,66.66,132.12
29.78,64.42,136.44
32.50,62.08,140.18
34.96,59.77,143.65
37.37,57.58,147.04
39.75,55.55,150.47
41.98,53.66,153.91
43.95,51.89,157.28
45.59,50.26,160.47
46.88,48.82,163.45
47.89,47.60,166.22
48.74,46.64,168.81
49.51,46.01,171.22
50.26,45.75,173.42
50.96,45.85,175.34
51.49,46.32,176.93
51.67,47.16,178.09
51.24,48.35,178.69
50.03,49.83,178.55
48.03,51.50,177.58
45.83,52.67,175.78
43.95,53.94,173.44
44.37,54.47,173.33
47.02,53.55,174.98
49.77,52.03,176.52
50.20,50.94,176.75
50.55,50.35,176.90
51.27,49.70,177.15
51.79,49.11,177.22
52.47,48.61,177.25
53.11,48.12,177.16
53.72,47.64,177.07
54.20,47.23,177.00
54.49,47.00,176.91
54.62,46.94,176.86
54.65,47.01,176.87
54.59,47.17,176.89
54.47,47.40,176.87
54.27,47.69,176.79
54.05,48.01,176.68
53.86,48.32,176.52
53.68,48.66,176.30
53.51,49.02,176.03
53.34,49.47,175.65
53.10,50.03,175.17
52.81,50.74,174.57
52.40,51.61,173.85
51.95,52.66,173.02
51.38,53.86,172.07
50.67,55.21,170.96
49.82,56.68,169.67
48.78,58.28,168.19
47.58,59.97,166.52
46.17,61.72,164.63
44.51,63.52,162.47
42.46,65.36,159.95
39.87,67.25,156.91
36.69,69.15,153.32
32.63,71.02,149.00
27.40,72.80,143.67
21.23,74.40,137.48
14.43,75.73,130.74
7.11,76.80,123.57
-0.89,77.61,115.82
-9.20,78.08,107.79
-17.85,78.26,99.53
-25.90,78.10,91.91
-32.43,77.63,85.79
-36.41,76.73,82.38
-38.14,75.56,81.30
-38.54,74.19,81.59
-38.24,72.68,82.47
-37.38,71.10,83.76
-36.28,69.54,85.22
-35.10,68.06,86.66
-33.86,66.74,88.01
-32.35,65.68,89.35
-30.24,64.97,90.90
-27.37,64.63,92.89
-23.83,64.62,95.43
-19.90,64.82,98.52
-15.77,65.12,102.11
-11.55,65.40,106.17
-7.33,65.59,110.61
-3.16,65.60,115.33
0.96,65.41,120.20
5.10,64.97,125.17
9.26,64.25,130.21
13.42,63.24,135.28
17.45,61.91,140.29
21.21,60.35,145.09
24.64,58.65,149.62
27.85,56.93,153.94
30.96,55.25,158.16
33.95,53.63,162.30
36.56,52.04,166.22
38.59,50.49,169.78
39.99,49.02,172.90
40.84,47.72,175.54
41.29,46.63,177.77
41.48,45.79,179.67
41.53,45.18,181.30
41.45,44.80,182.72
41.23,44.67,183.94
40.81,44.84,184.92
40.14,45.31,185.66
39.21,46.05,186.11
38.04,47.01,186.19
36.62,48.20,185.80
35.17,49.50,184.93
34.22,50.34,183.23
34.76,51.29,181.49
36.84,52.00,181.55
40.17,51.57,183.21
42.63,50.45,184.64
43.14,49.52,185.17
44.22,48.71,185.97
45.08,47.69,186.65
45.81,46.96,187.23
46.44,46.32,187.67
47.01,45.72,187.91
47.52,45.31,187.95
47.87,45.05,187.89
48.00,45.02,187.80
47.97,45.13,187.72
47.84,45.30,187.69
47.69,45.45,187.68
47.56,45.58,187.66
47.43,45.68,187.55
47.30,45.77,187.40
47.19,45.86,187.25
47.08,45.93,187.08
46.99,46.02,186.90
46.88,46.13,186.69
46.78,46.29,186.46
46.69,46.54,186.16
46.58,46.92,185.74
46.35,47.43,185.19
46.02,48.10,184.51
45.55,48.94,183.68
44.97,49.93,182.69
44.19,51.09,181.52
43.21,52.43,180.11
42.00,53.92,178.46
40.54,55.53,176.52
38.87,57.21,174.33
36.91,58.94,171.87
34.58,60.75,169.04
31.83,62.60,165.82
28.44,64.52,162.08
24.20,66.45,157.64
18.89,68.37,152.32
12.68,70.12,146.30
5.77,71.61,139.62
-1.56,72.75,132.52
-9.23,73.59,125.02
-17.05,74.11,117.41
-24.69,74.33,110.11
-31.73,74.20,103.52
-37.77,73.76,97.97
-41.45,72.86,94.91
-42.72,71.69,94.28
-42.26,70.42,95.51
-40.97,69.06,97.60
-39.26,67.64,100.02
-37.38,66.17,102.44
-35.51,64.72,104.64
-33.70,63.37,106.48
-31.74,62.26,108.11
-29.26,61.47,109.86
-26.12,61.03,112.03
-22.49,60.85,114.73
-18.57,60.82,117.90
-14.53,60.86,121.46
-10.51,60.86,125.33
-6.59,60.75,129.46
-2.82,60.49,133.76
0.77,60.02,138.15
4.26,59.31,142.56
7.70,58.35,146.99
11.11,57.12,151.37
14.40,55.62,155.62
17.51,53.91,159.66
20.37,52.09,163.47
23.04,50.20,167.08
25.53,48.30,170.53
27.75,46.40,173.84
29.54,44.55,177.03
30.90,42.80,180.14
31.97,41.19,183.25
32.95,39.75,186.39
33.92,38.56,189.50
34.89,37.68,192.50
35.74,37.19,195.22
36.27,37.18,197.51
36.33,37.65,199.24
35.86,38.51,200.35
34.85,39.62,200.84
33.38,40.88,200.72
31.57,42.19,200.02
29.45,43.54,198.72
27.45,44.55,197.04
26.04,45.14,194.58
25.52,46.16,193.08
27.75,46.00,194.44
31.37,44.79,196.55
32.94,43.59,197.47
33.39,43.04,197.59
34.47,42.34,197.95
35.59,41.54,198.30
36.47,40.93,198.34
37.21,40.46,198.24
37.76,40.17,198.15
38.05,40.06,198.10
38.07,40.15,198.06
37.87,40.43,198.02
37.59,40.79,197.97
37.28,41.17,197.87
36.95,41.53,197.70
36.62,41.84,197.45
36.36,42.08,197.19
36.21,42.25,196.93
36.09,42.40,196.65
36.02,42.57,196.33
35.95,42.80,195.93
35.81,43.13,195.42
35.59,43.57,194.79
35.21,44.15,193.98
34.71,44.89,193.00
34.05,45.78,191.80
33.20,46.80,190.37
32.18,47.96,188.70
30.98,49.21,186.82
29.59,50.55,184.70
28.06,51.92,182.39
26.28,53.33,179.82
24.22,54.78,176.94
21.84,56.26,173.75
19.00,57.72,170.18
15.60,59.12,166.20
11.71,60.40,161.91
7.64,61.51,157.61
3.68,62.46,153.51
-0.31,63.26,149.54
-4.33,63.84,145.71
-8.54,64.23,141.84
-12.60,64.40,138.24
-15.96,64.06,135.40
-18.38,63.27,133.57
-19.97,62.17,132.56
-21.14,60.87,131.89
-21.95,59.45,131.38
-22.39,57.95,131.06
-22.53,56.47,130.88
-22.37,55.08,130.84
-21.91,53.84,130.97
-21.14,52.80,131.30
-19.99,52.03,131.89
-18.39,51.52,132.85
-16.40,51.23,134.23
-14.17,51.11,136.00
-11.86,51.05,138.11
-9.54,51.00,140.51
-7.25,50.91,143.13
-4.97,50.77,145.91
-2.74,50.53,148.80
-0.57,50.18,151.76
1.56,49.69,154.79
3.65,49.03,157.86
5.67,48.21,160.94
7.58,47.21,164.01
9.37,46.05,167.07
11.09,44.77,170.13
12.78,43.45,173.22
14.48,42.16,176.36
16.19,40.95,179.55
17.82,39.86,182.75
19.21,38.86,185.86
20.29,37.96,188.81
21.12,37.14,191.56
21.84,36.42,194.14
22.53,35.82,196.52
23.22,35.35,198.67
23.88,35.05,200.55
24.47,34.95,202.14
24.95,35.07,203.40
25.28,35.42,204.33
25.45,35.98,204.91
25.44,36.70,205.15
25.26,37.60,204.99
24.79,38.70,204.35
23.86,40.03,203.18
22.27,41.54,201.46
20.05,43.16,199.29
17.76,44.36,196.81
18.07,44.48,197.00
20.34,44.47,199.04
20.87,43.89,200.44
21.84,43.31,202.06
23.03,42.66,203.78
24.32,41.78,205.23
25.75,40.73,206.43
27.18,39.53,207.05
28.02,38.73,207.12
28.45,38.39,207.09
28.63,38.35,207.08
28.56,38.59,207.02
28.25,39.05,206.88
27.79,39.61,206.66
27.24,40.14,206.39
26.67,40.58,206.05
26.25,40.90,205.66
25.94,41.12,205.31
25.75,41.26,205.01
25.60,41.39,204.65
25.41,41.57,204.22
25.17,41.83,203.67
24.79,42.20,202.92
24.22,42.70,201.90
23.50,43.35,200.60
22.55,44.15,199.02
21.35,45.09,197.12
19.88,46.14,194.90
18.14,47.27,192.40
16.24,48.42,189.70
14.08,49.60,186.66
11.60,50.77,183.28
8.74,51.92,179.49
5.49,53.02,175.34
1.77,54.06,170.84
-2.38,55.01,166.09
-6.71,55.85,161.31
-10.93,56.56,156.79
-14.76,57.14,152.70
-18.32,57.56,148.91
-21.66,57.78,145.40
-24.82,57.86,142.27
-27.43,57.62,139.90
-29.31,56.85,138.47
-30.53,55.67,137.82
-31.39,54.17,137.70
-32.02,52.41,137.81
-32.44,50.48,138.09
-32.61,48.49,138.53
-32.46,46.52,139.15
-31.97,44.68,139.89
-31.15,43.06,140.71
-29.92,41.78,141.60
-28.23,40.88,142.62
-26.17,40.32,143.83
-23.93,40.07,145.23
-21.73,40.03,146.82
-19.67,40.14,148.61
-17.82,40.34,150.60
-16.15,40.58,152.77
-14.61,40.83,155.13
-13.11,41.07,157.68
-11.62,41.25,160.41
-10.09,41.34,163.31
-8.51,41.31,166.38
-6.87,41.13,169.61
-5.21,40.76,172.93
-3.60,40.19,176.30
-2.08,39.47,179.67
-0.57,38.70,183.05
0.97,38.00,186.47
2.55,37.46,189.93
4.13,37.10,193.40
5.59,36.88,196.82
6.87,36.77,200.13
7.99,36.75,203.24
8.96,36.83,206.06
9.73,37.00,208.50
10.22,37.31,210.52
10.42,37.75,212.15
10.36,38.32,213.45
10.05,39.00,214.42
9.49,39.77,215.05
8.68,40.63,215.31
7.63,41.49,215.21
6.41,42.29,214.74
5.24,42.87,213.99
5.04,42.75,212.97
5.94,42.75,212.06
7.68,42.80,212.28
9.11,42.89,212.58
9.25,42.46,212.54
10.17,41.77,213.53
11.10,41.31,214.38
11.80,40.95,215.22
12.50,40.66,216.22
13.12,40.35,216.94
13.71,40.04,217.27
14.13,39.79,217.29
14.37,39.66,217.24
14.41,39.67,217.16
14.26,39.79,217.00
13.99,39.97,216.76
13.70,40.14,216.50
13.45,40.28,216.25
13.29,40.37,216.05
13.23,40.42,215.90
13.22,40.44,215.73
13.21,40.45,215.52
13.19,40.49,215.27
13.17,40.56,215.02
13.12,40.68,214.71
13.01,40.86,214.31
12.80,41.11,213.75
12.44,41.44,212.98
11.89,41.86,211.96
11.18,42.38,210.70
10.24,43.00,209.17
9.08,43.69,207.40
7.71,44.43,205.38
6.14,45.19,203.11
4.39,45.93,200.61
2.48,46.65,197.86
0.40,47.33,194.88
-1.86,47.96,191.68
-4.32,48.52,188.30
-7.03,49.02,184.71
-9.94,49.45,180.99
-12.99,49.79,177.22
-16.06,50.07,173.50
-19.06,50.29,169.94
-21.90,50.43,166.59
-24.64,50.51,163.39
-27.37,50.48,160.27
-29.98,50.38,157.25
-32.53,50.25,154.33
-34.98,50.04,151.57
-37.15,49.73,149.02
-38.81,49.20,147.17
-40.07,48.20,146.27
-40.89,46.83,146.27
-41.28,45.19,146.92
-41.22,43.39,148.00
-40.83,41.51,149.29
-40.29,39.66,150.67
-39.64,37.90,152.01
-38.83,36.34,153.26
-37.72,35.08,154.43
-36.30,34.19,155.60
-34.73,33.66,156.87
-33.19,33.47,158.33
-31.77,33.53,160.00
-30.47,33.77,161.85
-29.26,34.15,163.87
-28.09,34.59,166.09
-26.89,35.05,168.50
-25.61,35.49,171.10
-24.25,35.90,173.88
-22.80,36.24,176.83
-21.30,36.51,179.90
-19.79,36.74,183.08
-18.25,37.01,186.35
-16.58,37.45,189.67
-14.75,38.11,193.04
-12.79,38.97,196.47
-10.82,39.95,199.98
-8.95,40.91,203.51
-7.18,41.79,207.02
-5.51,42.56,210.39
-3.99,43.25,213.47
-2.73,43.92,216.13
-1.84,44.62,218.29
-1.40,45.38,219.89
-1.44,46.21,220.92
-1.94,47.04,221.44
-2.81,47.78,221.57
-3.96,48.35,221.40
-5.33,48.69,221.00
-6.93,48.79,220.37
-8.78,48.64,219.45
-10.31,48.05,218.51
-10.67,47.18,217.68
-10.17,46.79,217.75
-8.93,46.82,218.50
-8.34,47.19,219.18
-6.72,46.88,220.73
-5.08,46.53,222.29
-4.00,46.41,223.32
-2.99,46.23,224.37
-1.93,46.06,225.31
-1.00,45.83,226.10
-0.12,45.56,226.79
0.71,45.31,227.45
1.45,45.04,227.93
1.86,44.85,228.10
1.93,44.80,228.00
1.65,44.87,227.65
1.13,45.01,227.09
0.58,45.16,226.45
-0.02,45.32,225.76
-0.63,45.48,225.01
-1.28,45.61,224.17
-1.94,45.72,223.22
-2.70,45.79,222.08
-3.60,45.87,220.73
-4.60,45.97,219.16
-5.73,46.10,217.37
-7.00,46.23,215.36
-8.40,46.35,213.13
-9.97,46.43,210.66
-11.66,46.46,207.98
-13.39,46.46,205.19
-15.23,46.41,202.26
-17.18,46.31,199.17
-19.24,46.17,195.96
-21.44,45.96,192.60
-23.81,45.68,189.17
-26.28,45.34,185.76
-28.76,44.97,182.54
-31.14,44.55,179.64
-33.36,44.12,177.08
-35.41,43.64,174.83
-37.40,43.06,172.80
-39.40,42.40,170.97
-41.15,41.62,169.54
-42.64,40.45,168.69
-43.76,38.98,168.32
-44.55,37.36,168.33
-45.06,35.66,168.54
-45.25,33.97,168.89
-45.13,32.31,169.36
-44.83,30.74,169.92
-44.45,29.27,170.58
-44.01,27.92,171.31
-43.50,26.75,172.11
-42.85,25.81,173.00
-41.98,25.16,173.96
-40.87,24.85,174.98
-39.62,24.88,176.06
-38.37,25.24,177.18
-37.24,25.86,178.39
-36.32,26.70,179.74
-35.61,27.70,181.31
-35.03,28.80,183.14
-34.47,29.93,185.22
-33.82,31.03,187.54
-33.03,32.06,190.07
-32.09,32.99,192.79
-31.01,33.82,195.64
-29.80,34.57,198.62
-28.46,35.29,201.68
-27.05,36.04,204.78
-25.58,36.86,207.85
-24.12,37.76,210.83
-22.76,38.69,213.68
-21.58,39.61,216.38
-20.56,40.48,218.90
-19.72,41.29,221.20
-19.09,42.07,223.30
-18.65,42.84,225.18
-18.35,43.62,226.86
-18.13,44.40,228.36
-18.02,45.16,229.63
-18.10,45.89,230.57
-18.50,46.53,231.03
-19.42,47.04,230.91
-20.96,47.32,230.12
-23.09,47.31,228.63
-25.66,46.95,226.63
-27.76,46.15,225.03
-28.33,44.89,223.68
-28.44,44.42,222.61
-27.19,44.71,223.42
-24.98,44.94,225.71
-23.43,44.90,227.24
-22.74,45.00,227.90
-21.63,45.07,229.01
-20.53,45.18,230.16
-19.57,45.28,231.12
-18.60,45.21,231.92
-17.51,44.95,232.58
-16.74,44.73,232.98
-16.40,44.64,233.10
-16.37,44.63,232.97
-16.63,44.70,232.64
-17.05,44.79,232.19
-17.53,44.83,231.66
-17.97,44.79,231.09
-18.36,44.72,230.52
-18.74,44.66,229.95
-19.14,44.60,229.34
-19.62,44.50,228.57
-20.23,44.34,227.59
-20.97,44.15,226.40
-21.91,43.95,224.92
-22.97,43.72,223.21
-24.17,43.44,221.31
-25.46,43.12,219.21
-26.84,42.73,216.91
-28.25,42.28,214.47
-29.65,41.79,212.00
-31.11,41.22,209.40
-32.58,40.55,206.71
-34.06,39.80,203.93
-35.56,38.97,201.11
-37.20,38.06,198.24
-38.86,37.13,195.43
-40.36,36.29,192.86
-41.64,35.56,190.59
-42.75,34.96,188.61
-43.72,34.41,186.84
-44.61,33.82,185.21
-45.47,33.20,183.64
-46.31,32.58,182.18
-47.08,31.90,181.07
-47.79,30.99,180.50
-48.33,29.90,180.38
-48.72,28.69,180.50
-48.88,27.41,180.77
-48.78,26.11,181.19
-48.49,24.84,181.75
-48.05,23.64,182.43
-47.48,22.55,183.20
-46.75,21.64,184.03
-45.81,20.98,184.90
-44.64,20.60,185.84
-43.31,20.51,186.90
-41.97,20.67,188.09
-40.73,21.02,189.35
-39.70,21.53,190.68
-38.92,22.15,192.10
-38.38,22.83,193.65
-38.03,23.55,195.33
-37.77,24.27,197.18
-37.47,25.01,199.28
-37.06,25.75,201.67
-36.52,26.52,204.34
-35.85,27.32,207.19
-35.11,28.20,210.14
-34.31,29.20,213.14
-33.46,30.39,216.15
-32.56,31.82,219.13
-31.66,33.44,222.03
-30.86,35.15,224.80
-30.20,36.84,227.42
-29.62,38.45,229.89
-29.02,39.95,232.20
-28.32,41.35,234.32
-27.61,42.64,236.15
-27.04,43.81,237.62
-26.79,44.87,238.63
-26.99,45.79,239.16
-27.66,46.54,239.21
-28.75,47.07,238.82
-30.18,47.35,237.98
-31.88,47.31,236.71
-33.86,46.97,235.09
-36.12,46.39,233.17
-37.62,45.31,231.55
-38.40,44.29,229.41
-37.34,44.69,229.47
-35.09,45.77,231.34
-33.66,46.15,233.34
-32.92,46.50,234.36
-32.22,46.87,235.17
-30.93,47.17,236.55
-29.68,47.23,237.58
-28.50,46.99,238.26
-27.57,46.66,238.56
-27.03,46.47,238.67
-26.96,46.46,238.61
-27.23,46.53,238.34
-27.70,46.62,237.92
-28.22,46.68,237.42
-28.67,46.70,236.94
-28.99,46.63,236.54
-29.21,46.55,236.21
-29.34,46.46,235.94
-29.41,46.35,235.67
-29.47,46.18,235.33
-29.54,45.96,234.89
-29.69,45.71,234.33
-29.97,45.41,233.61
-30.41,45.08,232.66
-31.06,44.71,231.48
-31.90,44.32,230.03
-32.88,43.89,228.36
-34.02,43.39,226.48
-35.27,42.81,224.41
-36.63,42.16,222.17
-37.98,41.43,219.84
-39.33,40.65,217.42
-40.63,39.81,214.99
-41.89,38.92,212.55
-43.15,37.95,210.09
-44.39,36.90,207.57
-45.63,35.82,205.05
-46.97,34.69,202.53
-48.33,33.53,200.06
-49.67,32.40,197.75
-50.87,31.34,195.59
-52.05,30.37,193.57
-53.12,29.41,191.67
-54.11,28.50,189.89
-55.09,27.63,188.26
-55.97,26.79,186.82
-56.70,25.96,185.72
-57.21,25.17,185.25
-57.48,24.40,185.30
-57.57,23.57,185.67
-57.48,22.68,186.15
-57.19,21.75,186.66
-56.70,20.83,187.16
-55.98,19.99,187.65
-55.08,19.29,188.14
-54.04,18.80,188.62
-52.89,18.56,189.12
-51.70,18.60,189.69
-50.51,18.92,190.40
-49.38,19.47,191.31
-48.35,20.18,192.42
-47.42,20.98,193.71
-46.59,21.82,195.18
-45.86,22.64,196.83
-45.19,23.40,198.66
-44.53,24.08,200.72
-43.83,24.67,203.02
-43.09,25.15,205.54
-42.30,25.54,208.22
-41.49,25.86,211.00
-40.72,26.17,213.83
-39.97,26.55,216.63
-39.26,27.11,219.33
-38.55,27.94,221.89
-37.90,29.08,224.24
-37.44,30.47,226.36
-37.28,32.00,228.24
-37.33,33.60,229.93
-37.45,35.21,231.44
-37.59,36.80,232.77
-37.71,38.34,233.92
-37.79,39.81,234.85
-37.84,41.16,235.51
-37.89,42.37,235.86
-37.97,43.38,235.89
-38.14,44.14,235.63
-38.52,44.66,235.06
-39.22,44.91,234.24
-40.26,44.87,233.20
-41.63,44.51,231.95
-43.39,43.85,230.47
-45.53,42.94,228.78
-47.21,41.64,227.30
-47.06,41.19,226.89
-46.21,41.81,227.62
-44.54,42.94,229.30
-43.64,43.69,230.71
-43.23,44.38,231.64
-42.27,45.21,232.93
-41.15,45.83,234.23
-39.84,46.18,235.42
-38.14,46.23,236.72
-36.42,46.05,237.80
-35.13,45.79,238.54
-34.52,45.64,238.81
-34.46,45.59,238.73
-34.85,45.63,238.37
-35.48,45.68,237.80
-36.28,45.68,237.10
-37.08,45.58,236.36
-37.77,45.40,235.68
-38.25,45.21,235.14
-38.61,45.01,234.65
-38.90,44.77,234.14
-39.21,44.48,233.54
-39.55,44.12,232.81
-40.00,43.70,231.91
-40.57,43.20,230.80
-41.26,42.63,229.45
-42.10,41.98,227.89
-43.07,41.24,226.14
-44.16,40.42,224.20
-45.33,39.51,222.12
-46.50,38.55,219.99
-47.66,37.51,217.79
-48.81,36.36,215.50
-49.98,35.09,213.17
-51.15,33.71,210.76
-52.32,32.28,208.35
-53.57,30.78,205.90
-54.79,29.31,203.51
-56.01,27.95,201.27
-57.08,26.74,199.28
-58.04,25.62,197.45
-58.93,24.52,195.76
-59.75,23.42,194.18
-60.57,22.35,192.74
-61.32,21.30,191.52
-61.99,20.11,190.79
-62.56,18.85,190.60
-63.00,17.54,190.91
-63.28,16.18,191.51
-63.37,14.82,192.32
-63.38,13.50,193.26
-63.32,12.28,194.25
-63.13,11.22,195.21
-62.74,10.39,196.09
-62.11,9.85,196.91
-61.29,9.64,197.71
-60.44,9.76,198.55
-59.69,10.16,199.49
-59.10,10.81,200.51
-58.66,11.63,201.62
-58.37,12.60,202.80
-58.18,13.67,204.08
-58.06,14.82,205.49
-57.98,16.02,207.03
-57.91,17.28,208.69
-57.81,18.59,210.45
-57.65,19.98,212.31
-57.42,21.50,214.26
-57.13,23.19,216.28
-56.76,25.11,218.31
-56.33,27.29,220.27
-55.87,29.70,222.14
-55.43,32.26,223.92
-55.08,34.86,225.64
-54.84,37.42,227.28
-54.64,39.90,228.85
-54.44,42.22,230.34
-54.25,44.31,231.73
-54.17,46.12,232.97
-54.31,47.62,233.99
-54.71,48.79,234.64
-55.41,49.59,234.81
-56.41,50.03,234.52
-57.73,50.13,233.83
-59.40,49.90,232.87
-61.29,49.40,231.82
-63.09,48.73,230.90
-63.41,47.78,230.90
-62.38,46.86,230.96
-60.90,46.89,231.07
-59.58,47.38,230.76
-58.92,47.70,230.77
-57.96,48.12,232.06
-56.67,48.80,233.21
-55.81,49.32,234.06
-54.78,49.81,235.02
-53.56,50.13,236.00
-52.28,50.19,236.78
-51.10,50.11,237.46
-50.25,50.03,237.95
-49.81,49.97,238.15
-49.84,49.92,238.03
-50.28,49.87,237.59
-51.01,49.79,236.89
-51.87,49.64,236.08
-52.68,49.39,235.27
-53.31,49.10,234.55
-53.81,48.79,233.90
-54.26,48.42,233.24
-54.68,47.98,232.55
-55.18,47.46,231.72
-55.80,46.83,230.74
-56.49,46.09,229.60
-57.31,45.21,228.26
-58.24,44.21,226.78
-59.23,43.10,225.17
-60.28,41.89,223.44
-61.34,40.59,221.66
-62.37,39.25,219.86
-63.36,37.80,218.04
-64.35,36.25,216.20
-65.33,34.60,214.34
-66.27,32.88,212.50
-67.26,31.07,210.67
-68.25,29.25,208.88
-69.21,27.49,207.16
-70.12,25.86,205.54
-70.96,24.41,204.07
-71.73,23.08,202.67
-72.42,21.80,201.38
-73.04,20.54,200.16
-73.67,19.32,198.98
-74.32,18.14,197.90
-74.96,16.96,197.19
-75.66,15.71,197.05
-76.38,14.48,197.46
-76.98,13.21,198.25
-77.32,11.93,199.32
-77.44,10.71,200.57
-77.46,9.59,201.91
-77.37,8.61,203.26
-77.08,7.81,204.52
-76.49,7.22,205.64
-75.59,6.91,206.62
-74.57,6.92,207.50
-73.66,7.29,208.36
-73.01,8.02,209.28
-72.61,9.04,210.27
-72.37,10.30,211.33
-72.21,11.76,212.50
-72.07,13.38,213.78
-71.91,15.13,215.16
-71.72,16.97,216.65
-71.51,18.87,218.21
-71.29,20.82,219.82
-71.05,22.83,221.46
-70.79,24.93,223.07
-70.51,27.19,224.57
-70.18,29.64,225.84
-69.82,32.31,226.88
-69.56,35.15,227.73
-69.48,38.09,228.50
-69.57,41.05,229.26
-69.72,43.99,230.05
-69.85,46.84,230.85
-69.97,49.55,231.63
-70.20,52.00,232.29
-70.69,54.07,232.63
-71.66,55.62,232.44
-73.31,56.55,231.59
-75.62,56.83,230.21
-78.28,56.54,228.64
-80.86,55.82,227.27
-83.02,54.83,226.30
-84.70,53.66,225.76
-85.62,52.54,225.85
-84.60,51.43,226.82
-83.58,50.86,226.79
-82.66,51.28,225.99
-82.41,52.43,225.23
-80.66,53.53,226.51
-78.99,54.08,227.47
-78.18,54.24,227.70
-76.99,54.57,228.52
-75.82,54.91,229.24
-74.92,55.10,229.77
-74.19,55.23,230.20
-73.70,55.32,230.46
-73.51,55.33,230.54
-73.61,55.25,230.43
-73.95,55.07,230.14
-74.36,54.80,229.79
-74.74,54.51,229.46
-75.02,54.24,229.17
-75.21,53.94,228.91
-75.32,53.62,228.69
-75.41,53.28,228.45
-75.51,52.88,228.17
-75.66,52.38,227.80
-75.87,51.76,227.35
-76.20,50.99,226.78
-76.64,50.07,226.06
-77.17,48.99,225.20
-77.80,47.75,224.23
-78.45,46.31,223.19
-79.15,44.71,222.07
-79.83,42.94,220.90
-80.50,41.07,219.68
-81.14,39.13,218.43
-81.81,37.16,217.15
-82.54,35.06,215.82
-83.27,32.91,214.46
-84.09,30.70,213.11
-84.93,28.46,211.79
-85.77,26.32,210.52
-86.57,24.39,209.38
-87.21,22.67,208.31
-87.77,21.09,207.31
-88.31,19.59,206.44
-88.84,18.16,205.65
-89.44,16.78,204.91
-90.02,15.54,204.62
-90.62,14.41,205.05
-91.11,13.32,206.12
-91.35,12.17,207.67
-91.20,10.92,209.56
-90.79,9.70,211.67
-90.25,8.58,213.91
-89.67,7.62,216.18
-89.05,6.81,218.30
-88.26,6.18,220.15
-87.23,5.81,221.63
-86.09,5.75,222.72
-85.03,6.05,223.44
-84.20,6.72,223.86
-83.67,7.74,224.05
-83.44,9.06,224.11
-83.44,10.67,224.11
-83.54,12.52,224.14
-83.67,14.55,224.27
-83.78,16.69,224.53
-83.83,18.90,224.95
-83.80,21.18,225.54
-83.70,23.51,226.29
-83.57,25.91,227.21
-83.42,28.38,228.29
-83.24,30.94,229.45
-83.02,33.58,230.60
-82.79,36.29,231.69
-82.58,39.04,232.72
-82.45,41.74,233.70
-82.45,44.30,234.64
-82.58,46.63,235.54
-82.88,48.66,236.30
-83.38,50.34,236.83
-84.11,51.70,237.04
-85.13,52.79,236.83
-86.49,53.66,236.19
-88.19,54.34,235.16
-90.19,54.82,233.85
-92.46,55.09,232.38
-94.95,55.13,230.86
-97.52,54.92,229.41
-99.85,54.38,228.26
-101.57,53.52,227.65
-101.59,52.65,228.21
-100.45,51.88,228.93
-99.83,52.18,228.86
-99.55,52.77,228.41
-99.31,53.70,228.37
-98.45,54.84,228.89
-98.12,55.40,229.02
-97.93,55.73,229.07
-97.29,56.16,229.40
-96.43,56.58,229.84
-95.60,56.81,230.19
-94.69,56.99,230.61
-93.89,57.08,230.97
-93.47,57.08,231.11
-93.39,57.01,231.06
-93.50,56.83,230.89
-93.70,56.55,230.67
-93.88,56.23,230.47
-94.06,55.88,230.27
-94.23,55.51,230.07
-94.39,55.11,229.86
-94.54,54.61,229.63
-94.64,53.99,229.43
-94.71,53.20,229.22
-94.80,52.23,228.99
-94.92,51.07,228.68
-95.10,49.72,228.32
-95.30,48.19,227.92
-95.50,46.45,227.50
-95.73,44.54,227.03
-95.95,42.48,226.54
-96.17,40.34,226.01
-96.38,38.08,225.46
-96.59,35.69,224.89
-96.82,33.18,224.29
-97.12,30.62,223.67
-97.51,27.98,223.04
-97.93,25.36,222.40
-98.39,22.96,221.76
-98.88,20.86,221.13
-99.25,19.05,220.52
-99.50,17.42,219.97
-99.67,15.97,219.49
-99.84,14.66,219.05
-99.97,13.52,218.81
-100.16,12.55,219.12
-100.38,11.74,219.89
-100.61,10.99,220.98
-100.76,10.28,222.27
-100.85,9.58,223.73
-100.85,8.89,225.32
-100.67,8.24,227.00
-100.31,7.71,228.70
-99.85,7.34,230.36
-99.33,7.13,231.90
-98.73,7.07,233.25
-98.02,7.16,234.37
-97.27,7.44,235.27
-96.57,7.97,235.95
-96.02,8.81,236.44
-95.62,9.95,236.77
-95.37,11.40,236.98
-95.26,13.09,237.11
-95.31,14.98,237.24
-95.52,17.03,237.42
-95.83,19.19,237.70
-96.20,21.42,238.08
-96.55,23.70,238.56
-96.89,26.03,239.11
-97.19,28.40,239.71
-97.49,30.87,240.30
-97.81,33.46,240.80
-98.22,36.17,241.06
-98.78,38.98,240.97
-99.63,41.83,240.51
-100.85,44.64,239.75
-102.45,47.31,238.73
-104.40,49.73,237.48
-106.67,51.80,235.97
-109.28,53.42,234.16
-112.27,54.54,232.03
-115.54,55.16,229.63
-118.88,55.27,227.19
-121.97,54.93,224.97
-124.50,54.33,223.20
-126.14,53.68,222.05
-126.79,53.10,221.63
-126.65,52.60,221.97
-126.01,52.06,223.03
-125.06,51.60,224.65
-123.24,51.22,226.70
-122.34,50.96,227.19
-122.05,51.14,226.29
-122.60,51.64,224.74
-122.69,52.78,224.35
-122.78,53.72,223.95
-123.04,53.94,223.47
-122.90,54.39,223.30
-122.53,54.85,223.18
-121.91,55.14,223.28
-121.05,55.39,223.59
-120.34,55.55,223.86
-119.98,55.64,223.96
-119.85,55.65,223.98
-119.81,55.53,223.98
-119.83,55.30,224.00
-119.79,55.03,224.08
-119.65,54.70,224.26
-119.45,54.35,224.48
-119.23,53.99,224.71
-119.01,53.62,224.93
-118.77,53.17,225.17
-118.46,52.60,225.47
-118.09,51.91,225.84
-117.69,51.04,226.28
-117.27,49.94,226.74
-116.80,48.62,227.23
-116.34,47.10,227.73
-115.89,45.39,228.23
-115.45,43.50,228.72
-115.04,41.47,229.16
-114.64,39.37,229.55
-114.25,37.17,229.90
-113.91,34.89,230.21
-113.62,32.50,230.50
-113.40,30.05,230.73
-113.33,27.57,230.94
-113.37,25.11,231.09
-113.51,22.79,231.16
-113.74,20.71,231.19
-113.89,18.86,231.17
-114.06,17.19,231.15
-114.27,15.67,231.19
-114.53,14.31,231.27
-114.71,13.30,231.51
-114.89,12.67,232.11
-115.03,12.26,233.01
-115.18,11.92,234.11
-115.30,11.63,235.34
-115.36,11.44,236.68
-115.29,11.37,238.13
-115.05,11.42,239.65
-114.67,11.49,241.18
-114.11,11.53,242.65
-113.38,11.57,243.98
-112.51,11.70,245.12
-111.55,12.01,246.03
-110.58,12.51,246.70
-109.69,13.20,247.13
-108.99,14.08,247.33
-108.52,15.16,247.32
-108.30,16.44,247.12
-108.30,17.92,246.77
-108.51,19.60,246.32
-108.88,21.44,245.82
-109.38,23.43,245.30
-109.95,25.59,244.77
-110.55,27.92,244.27
-111.18,30.41,243.85
-111.82,33.04,243.54
-112.44,35.77,243.35
-113.03,38.57,243.19
-113.62,41.40,242.93
-114.31,44.21,242.44
-115.27,46.96,241.63
-116.63,49.60,240.47
-118.40,52.09,239.02
-120.50,54.42,237.33
-122.85,56.56,235.50
-125.40,58.45,233.51
-128.03,59.91,231.41
-130.59,60.77,229.29
-133.05,60.95,227.28
-135.38,60.49,225.51
-137.56,59.54,224.06
-139.60,58.27,222.97
-141.34,56.80,222.31
-142.67,55.23,222.18
-143.57,53.59,222.63
-144.02,51.86,223.72
-143.99,49.99,225.54
-143.02,48.13,228.03
-140.88,47.37,228.66
-140.68,47.69,226.55
-141.08,48.50,224.59
-141.56,49.77,223.18
-141.46,50.69,222.48
-141.03,51.07,222.31
-140.32,51.58,222.30
-139.61,52.25,222.13
-138.83,52.82,222.08
-138.20,53.27,222.05
-137.90,53.62,221.86
-137.81,53.82,221.68
-137.79,53.85,221.61
-137.79,53.73,221.64
-137.78,53.51,221.76
-137.74,53.25,221.93
-137.70,53.00,222.11
-137.59,52.73,222.32
-137.39,52.47,222.60
-137.12,52.18,222.92
-136.78,51.86,223.26
-136.36,51.46,223.66
-135.90,50.99,224.14
-135.36,50.41,224.70
-134.79,49.70,225.34
-134.19,48.86,226.06
-133.54,47.85,226.86
-132.86,46.67,227.73
-132.14,45.32,228.66
-131.35,43.80,229.67
-130.51,42.13,230.74
-129.66,40.37,231.78
-128.86,38.55,232.75
-128.07,36.65,233.68
-127.31,34.63,234.59
-126.60,32.50,235.48
-125.91,30.23,236.36
-125.34,27.93,237.14
-124.91,25.55,237.90
-124.59,23.22,238.60
-124.32,21.05,239.17
-124.08,19.14,239.62
-123.79,17.48,239.98
-123.40,16.00,240.37
-122.83,14.70,240.82
-122.21,13.68,241.22
-121.86,13.37,241.93
-121.75,13.42,243.18
-121.72,13.67,244.84
-121.67,13.93,246.79
-121.51,14.19,248.93
-121.26,14.46,251.13
-120.94,14.77,253.27
-120.60,15.15,255.23
-120.28,15.63,256.90
-119.96,16.25,258.19
-119.67,17.01,259.08
-119.47,17.94,259.54
-119.40,19.03,259.60
-119.49,20.29,259.33
-119.77,21.68,258.80
-120.24,23.13,258.10
-120.90,24.62,257.30
-121.71,26.14,256.46
-122.64,27.70,255.62
-123.65,29.32,254.81
-124.70,31.02,254.03
-125.82,32.85,253.24
-127.04,34.81,252.39
-128.39,36.88,251.38
-129.92,38.99,250.14
-131.66,41.06,248.57
-133.64,42.99,246.64
-135.90,44.73,244.35
-138.42,46.25,241.77
-141.18,47.57,238.97
-144.07,48.67,236.09
-147.00,49.54,233.28
-149.86,50.17,230.69
-152.57,50.53,228.37
-155.10,50.60,226.32
-157.44,50.39,224.48
-159.66,49.90,222.80
-161.77,49.15,221.29
-163.76,48.20,219.92
-165.57,47.12,218.69
-167.17,46.03,217.59
-168.51,45.00,216.69
-169.51,44.11,216.13
-170.14,43.36,216.12
-170.44,42.72,216.92
-170.42,42.14,218.67
-170.02,41.62,221.34
-168.29,41.63,224.27
-165.57,41.47,225.22
-164.36,41.42,224.28
-164.01,42.05,222.84
-164.15,42.98,221.68
-164.19,43.47,221.07
-164.15,43.77,220.49
-164.23,44.38,219.56
-163.96,44.85,218.99
-163.24,45.35,218.82
-162.38,45.72,218.89
-161.75,45.93,218.99
-161.50,45.93,219.08
-161.47,45.78,219.19
-161.55,45.53,219.33
-161.61,45.27,219.53
-161.60,45.03,219.78
-161.53,44.81,220.05
-161.44,44.58,220.33
-161.31,44.36,220.67
-161.10,44.12,221.12
-160.69,43.84,221.78
-160.15,43.50,222.52
-159.52,43.09,223.39
-158.73,42.57,224.43
-157.80,41.93,225.67
-156.75,41.12,227.11
-155.62,40.15,228.72
-154.44,39.02,230.47
-153.25,37.71,232.30
-152.06,36.25,234.17
-150.90,34.64,236.04
-149.79,32.95,237.83
-148.78,31.15,239.63
-147.86,29.21,241.45
-147.11,27.17,243.24
-146.62,25.08,244.96
-146.32,23.04,246.56
-146.18,21.19,247.92
-146.10,19.63,249.08
-146.04,18.28,250.12
-146.08,17.12,251.15
-146.28,16.04,252.22
-146.61,15.13,253.39
-147.02,14.52,254.94
-147.42,14.26,256.75
-147.78,14.37,258.61
-148.00,14.74,260.47
-148.02,15.35,262.32
-147.87,16.15,264.17
-147.52,17.10,265.99
-146.94,18.14,267.73
-146.09,19.18,269.33
-145.04,20.14,270.76
-143.88,20.99,271.96
-142.68,21.76,272.86
-141.57,22.46,273.39
-140.64,23.12,273.52
-140.01,23.75,273.26
-139.74,24.42,272.61
-139.84,25.17,271.64
-140.27,26.03,270.42
-140.96,27.04,269.01
-141.79,28.22,267.49
-142.76,29.55,265.91
-143.85,31.00,264.31
-145.10,32.57,262.70
-146.48,34.28,261.05
-148.00,36.11,259.34
-149.69,38.07,257.53
-151.59,40.09,255.54
-153.73,42.06,253.27
-156.18,43.87,250.62
-158.93,45.35,247.53
-161.97,46.44,244.05
-165.25,47.15,240.44
-168.62,47.52,236.96
-171.84,47.61,233.82
-174.71,47.43,231.17
-177.14,47.00,229.11
-179.19,46.32,227.62
179.03,45.38,226.58
177.43,44.24,225.89
176.05,43.00,225.43
174.94,41.79,225.07
174.10,40.76,224.72
173.52,40.02,224.39
173.11,39.61,224.20
172.95,39.54,224.32
173.17,39.73,224.94
173.89,40.23,225.92
175.02,40.61,226.78
175.88,40.59,226.86
176.80,40.41,226.62
176.51,40.65,226.02
175.88,40.94,225.06
175.72,40.96,224.50
175.40,40.94,224.14
174.94,40.83,223.57
174.46,40.68,223.00
174.03,40.54,222.43
173.68,40.55,221.86
173.35,40.67,221.25
173.14,40.85,220.67
173.03,41.06,220.15
173.01,41.29,219.69
173.12,41.51,219.38
173.26,41.66,219.26
173.38,41.70,219.30
173.48,41.64,219.53
173.62,41.51,219.94
173.86,41.36,220.54
174.20,41.22,221.25
174.69,41.08,222.13
175.30,40.92,223.20
176.06,40.74,224.44
177.01,40.51,225.93
178.12,40.21,227.66
179.36,39.83,229.59
-179.28,39.35,231.71
-177.84,38.77,233.97
-176.38,38.08,236.33
-174.92,37.30,238.70
-173.45,36.41,241.06
-171.99,35.42,243.47
-170.57,34.34,245.94
-169.21,33.16,248.43
-167.96,31.90,250.96
-166.89,30.56,253.46
-166.02,29.15,255.83
-165.34,27.71,257.97
-164.87,26.32,259.81
-164.54,25.04,261.31
-164.30,23.84,262.59
-164.17,22.75,263.76
-164.13,21.73,264.86
-164.16,20.78,265.94
-164.22,20.06,267.06
-164.31,19.71,268.35
-164.45,19.78,269.59
-164.64,20.21,270.83
-164.74,20.94,272.11
-164.64,21.92,273.41
-164.32,23.13,274.71
-163.83,24.50,275.99
-163.17,25.91,277.26
-162.25,27.27,278.48
-161.01,28.50,279.58
-159.51,29.55,280.43
-157.91,30.43,280.89
-156.47,31.20,280.84
-155.45,31.94,280.26
-155.03,32.68,279.18
-155.33,33.48,277.67
-156.28,34.35,275.80
-157.70,35.30,273.66
-159.39,36.35,271.32
-161.22,37.55,268.81
-163.13,38.91,266.14
-165.14,40.45,263.33
-167.33,42.13,260.36
-169.75,43.89,257.24
-172.45,45.65,253.93
-175.49,47.25,250.34
-178.88,48.52,246.38
177.44,49.25,242.05
173.60,49.31,237.48
169.67,48.71,232.83
165.71,47.59,228.34
161.93,46.11,224.22
158.61,44.43,220.69
155.99,42.69,217.82
154.17,41.03,215.63
152.98,39.53,214.06
152.20,38.30,213.11
151.62,37.37,212.78
151.09,36.80,212.96
150.48,36.56,213.44
149.85,36.66,214.04
149.36,37.08,214.66
149.16,37.80,215.39
149.14,38.77,216.29
149.14,39.91,217.28
148.97,40.52,218.17
148.87,40.14,217.36
148.32,39.39,216.17
147.38,39.07,214.61
146.97,38.68,213.74
146.79,38.39,213.40
146.57,38.19,212.90
146.50,38.07,212.48
146.56,38.05,212.17
146.68,38.13,211.82
146.83,38.23,211.54
146.98,38.33,211.42
147.09,38.41,211.46
147.16,38.45,211.61
147.24,38.52,211.86
147.34,38.61,212.14
147.45,38.72,212.44
147.60,38.86,212.76
147.83,39.01,213.11
148.12,39.16,213.51
148.44,39.31,213.94
148.84,39.48,214.47
149.32,39.68,215.13
149.90,39.94,215.96
150.64,40.22,217.00
151.53,40.53,218.31
152.68,40.86,219.91
153.99,41.17,221.77
155.49,41.48,223.91
157.18,41.77,226.29
159.08,42.03,228.93
161.16,42.24,231.77
163.42,42.36,234.74
165.82,42.39,237.85
168.32,42.32,241.10
170.91,42.12,244.47
173.53,41.78,247.94
176.01,41.28,251.40
178.29,40.66,254.74
-179.78,39.97,257.84
-178.19,39.23,260.61
-177.07,38.56,263.08
-176.21,38.04,265.31
-175.64,37.77,267.13
-175.45,38.06,268.37
-175.43,38.91,269.31
-175.29,40.10,270.23
-174.92,41.40,271.37
-174.36,42.75,272.64
-173.72,44.12,273.93
-173.01,45.51,275.16
-172.19,46.86,276.24
-171.29,48.11,277.12
-170.42,49.24,277.71
-169.75,50.22,277.97
-169.40,51.06,277.87
-169.50,51.73,277.37
-170.07,52.28,276.40
-171.13,52.72,274.94
-172.61,53.06,273.03
-174.45,53.30,270.76
-176.58,53.48,268.18
-179.01,53.64,265.37
178.24,53.81,262.37
175.17,54.02,259.15
171.82,54.24,255.70
168.28,54.40,252.04
164.56,54.46,248.19
160.65,54.39,244.15
156.58,54.12,240.00
152.46,53.54,235.83
148.52,52.55,231.85
144.90,51.13,228.20
141.66,49.36,224.99
138.73,47.41,222.25
136.10,45.41,220.02
133.76,43.48,218.27
131.62,41.70,216.94
129.60,40.08,215.98
127.79,38.63,215.47
126.34,37.34,215.47
125.27,36.27,215.97
124.56,35.43,216.84
124.13,34.85,217.95
123.86,34.55,219.16
123.64,34.51,220.34
123.49,34.72,221.41
123.49,35.14,222.36
123.72,35.76,223.23
124.27,36.58,224.17
125.20,37.51,224.91
127.29,38.55,225.99
129.82,38.56,226.88
131.58,37.64,226.24
132.21,37.03,224.97
131.87,36.94,223.99
132.11,36.81,223.58
132.30,36.81,223.11
132.29,36.70,222.61
132.34,36.57,222.27
132.29,36.41,221.97
132.22,36.27,221.67
132.11,36.12,221.43
131.99,35.98,221.27
131.88,35.89,221.16
131.81,35.87,221.07
131.78,35.90,221.00
131.78,35.95,220.96
131.82,36.03,220.99
131.89,36.13,221.11
132.03,36.27,221.29
132.22,36.47,221.56
132.49,36.73,221.94
132.86,37.08,222.48
133.35,37.49,223.19
133.97,37.99,224.10
134.77,38.55,225.25
135.74,39.17,226.64
136.88,39.86,228.27
138.22,40.62,230.16
139.77,41.42,232.31
141.51,42.22,234.67
143.44,42.98,237.27
145.59,43.70,240.10
147.91,44.35,243.14
150.37,44.91,246.43
152.96,45.37,249.93
155.55,45.67,253.57
158.08,45.85,257.30
160.47,45.88,260.94
162.61,45.79,264.28
164.48,45.61,267.17
166.09,45.43,269.68
167.57,45.28,271.92
168.97,45.11,274.01
170.30,45.00,275.96
171.58,44.96,277.77
172.53,45.33,279.42
173.16,46.12,280.91
173.58,47.22,282.21
173.98,48.57,283.44
174.44,50.12,284.64
175.00,51.80,285.85
175.62,53.53,287.03
176.22,55.17,288.08
176.66,56.65,288.80
176.82,57.92,288.98
176.57,58.95,288.51
175.79,59.74,287.33
174.43,60.26,285.51
172.45,60.50,283.09
169.84,60.50,280.04
166.65,60.26,276.35
162.95,59.82,272.16
158.91,59.17,267.72
154.68,58.37,263.20
150.40,57.42,258.73
146.17,56.35,254.34
142.08,55.16,250.06
138.14,53.87,245.92
134.40,52.43,241.95
130.97,50.80,238.23
127.93,48.94,234.84
125.30,46.83,231.80
123.00,44.50,229.11
120.90,42.05,226.72
118.91,39.54,224.63
116.97,37.10,222.88
115.17,34.85,221.52
113.62,32.87,220.68
112.48,31.26,220.41
111.80,30.00,220.63
111.54,29.05,221.22
111.43,28.38,222.04
111.24,27.89,222.96
110.92,27.54,223.90
110.58,27.32,224.84
110.34,27.28,225.84
110.24,27.56,227.04
110.26,28.33,228.59
110.40,29.60,230.41
111.36,31.42,231.77
113.20,32.24,233.16
114.59,30.70,233.03
114.46,29.07,231.75
114.51,28.30,230.62
115.19,28.16,230.29
115.47,27.92,229.54
115.84,27.52,228.91
116.14,27.36,228.37
116.42,27.24,227.98
116.56,27.14,227.71
116.57,27.16,227.72
116.54,27.33,227.97
116.48,27.61,228.41
116.42,27.92,228.88
116.36,28.24,229.33
116.34,28.55,229.74
116.37,28.86,230.10
116.42,29.15,230.40
116.51,29.44,230.66
116.65,29.77,230.94
116.86,30.16,231.28
117.13,30.62,231.69
117.46,31.18,232.22
117.88,31.83,232.87
118.41,32.59,233.67
119.06,33.47,234.61
119.83,34.47,235.72
120.73,35.58,236.99
121.76,36.77,238.41
122.91,37.99,239.96
124.21,39.22,241.68
125.68,40.47,243.57
127.31,41.78,245.67
129.14,43.14,248.02
131.22,44.53,250.63
133.44,45.89,253.47
135.66,47.15,256.47
137.77,48.21,259.43
139.74,49.04,262.31
141.41,49.70,265.04
142.91,50.30,267.66
144.21,50.86,270.12
145.42,51.44,272.39
146.64,52.05,274.46
147.57,52.64,276.00
147.98,53.32,276.96
148.00,54.09,277.49
147.97,54.94,277.88
147.98,55.85,278.20
147.94,56.81,278.44
147.74,57.80,278.47
147.35,58.77,278.18
146.83,59.69,277.59
146.26,60.53,276.75
145.58,61.23,275.65
144.71,61.76,274.19
143.59,62.06,272.30
142.25,62.11,270.04
140.66,61.92,267.48
138.83,61.52,264.72
136.74,60.95,261.86
134.42,60.25,258.91
131.90,59.41,255.88
129.24,58.46,252.78
126.47,57.42,249.62
123.53,56.30,246.35
120.37,55.07,242.88
117.06,53.71,239.25
113.72,52.22,235.58
110.47,50.61,232.05
107.42,48.86,228.81
104.71,46.94,226.06
102.47,44.82,223.97
100.84,42.49,222.63
99.70,40.02,221.99
98.76,37.51,221.86
97.85,35.05,222.04
96.98,32.71,222.43
96.18,30.58,222.97
95.49,28.70,223.63
94.99,27.12,224.43
94.72,25.84,225.35
94.65,24.83,226.37
94.68,24.08,227.44
94.75,23.58,228.46
94.78,23.33,229.36
94.70,23.41,230.07
94.45,23.85,230.57
94.00,24.65,230.80
93.41,25.84,230.76
92.73,27.42,230.47
91.98,29.36,229.97
91.27,30.39,229.64
91.23,30.22,229.76
91.66,28.99,229.43
91.47,27.65,228.79
91.33,26.72,228.52
91.23,25.59,228.51
91.28,24.40,228.25
91.76,23.85,228.01
92.44,23.75,227.64
92.98,23.86,227.43
93.22,23.95,227.35
93.22,24.03,227.40
93.11,24.15,227.56
92.92,24.31,227.77
92.69,24.52,228.00
92.47,24.76,228.22
92.30,25.03,228.38
92.20,25.29,228.50
92.16,25.52,228.56
92.18,25.76,228.59
92.23,26.03,228.62
92.32,26.37,228.67
92.46,26.80,228.74
92.64,27.36,228.83
92.89,28.08,228.96
93.14,28.99,229.17
93.44,30.07,229.51
93.78,31.31,229.98
94.16,32.75,230.57
94.60,34.38,231.25
95.10,36.18,232.05
95.69,38.10,232.96
96.42,40.12,233.99
97.28,42.20,235.15
98.28,44.36,236.44
99.45,46.59,237.93
100.77,48.87,239.66
102.24,51.16,241.67
103.88,53.34,243.96
105.63,55.31,246.44
107.50,57.07,249.02
109.47,58.67,251.78
111.42,60.15,254.52
113.15,61.50,257.05
114.34,62.74,259.00
114.56,64.05,259.91
113.86,65.39,259.75
112.29,66.75,258.62
110.21,68.18,256.83
107.64,69.57,254.38
104.60,70.85,251.28
101.20,71.93,247.68
97.70,72.72,243.82
94.44,73.17,240.00
91.81,73.25,236.59
90.04,72.96,233.84
89.10,72.30,231.79
88.82,71.31,230.46
89.03,70.12,229.76
89.21,68.80,229.31
89.12,67.30,228.84
88.62,65.65,228.17
87.66,63.87,227.17
86.19,61.94,225.78
84.24,59.81,223.98
81.85,57.42,221.84
79.40,54.85,219.64
77.20,52.17,217.67
75.41,49.45,216.07
74.04,46.75,214.93
73.07,44.07,214.31
72.52,41.41,214.27
72.39,38.77,214.80
72.54,36.18,215.81
72.61,33.71,217.10
72.50,31.39,218.51
72.26,29.26,219.99
71.99,27.36,221.49
71.72,25.71,222.98
71.42,24.36,224.42
71.04,23.32,225.81
70.60,22.61,227.14
70.06,22.23,228.42
69.34,22.19,229.64
68.44,22.51,230.76
67.38,23.20,231.74
66.22,24.20,232.45
64.99,25.42,232.79
63.80,26.56,232.63
63.36,27.27,231.61
64.02,27.57,231.26
65.47,26.73,231.93
67.33,25.41,233.01
68.65,23.58,233.34
69.16,22.54,233.03
69.99,22.21,232.89
70.68,21.54,232.52
71.46,20.94,232.15
71.95,20.58,231.91
72.23,20.32,231.74
72.31,20.21,231.68
72.23,20.30,231.74
72.06,20.56,231.86
71.85,20.94,232.00
71.63,21.34,232.14
71.44,21.67,232.23
71.32,21.93,232.26
71.29,22.14,232.26
71.28,22.33,232.21
71.33,22.51,232.14
71.41,22.73,232.05
71.54,23.02,231.96
71.68,23.40,231.88
71.82,23.94,231.77
71.92,24.66,231.62
72.03,25.63,231.49
72.16,26.82,231.36
72.24,28.22,231.22
72.33,29.82,231.05
72.39,31.61,230.88
72.48,33.54,230.73
72.56,35.60,230.55
72.59,37.76,230.37
72.64,40.02,230.22
72.68,42.31,230.15
72.55,44.67,230.11
72.28,47.02,230.09
71.94,49.21,230.13
71.47,51.15,230.18
70.92,52.92,230.16
70.14,54.58,229.95
69.08,56.24,229.49
67.66,57.87,228.75
65.60,59.39,227.40
62.63,60.70,225.03
59.00,61.66,221.80
54.97,62.21,218.05
50.75,62.46,213.94
46.48,62.43,209.65
42.35,62.16,205.38
38.59,61.70,201.34
35.43,61.10,197.71
32.96,60.49,194.64
31.31,59.96,192.26
30.67,59.56,190.74
31.07,59.25,190.13
32.30,59.02,190.36
34.07,58.81,191.33
36.19,58.52,192.93
38.47,58.08,195.04
40.78,57.44,197.47
43.01,56.56,200.02
45.07,55.44,202.51
46.89,54.10,204.84
48.47,52.55,206.94
49.76,50.83,208.78
50.76,48.95,210.36
51.46,46.88,211.69
51.96,44.65,212.86
52.35,42.27,213.96
52.75,39.80,215.12
53.29,37.33,216.47
53.96,34.92,218.07
54.67,32.59,219.89
55.23,30.34,221.81
55.52,28.16,223.72
55.59,26.09,225.58
55.50,24.20,227.37
55.28,22.52,229.08
54.98,21.12,230.73
54.65,20.06,232.30
54.37,19.39,233.76
54.17,19.09,235.05
54.07,19.16,236.10
53.98,19.51,236.86
53.75,20.08,237.28
53.24,20.86,237.33
52.38,21.85,236.98
51.38,22.87,236.23
51.09,23.82,235.03
51.81,24.41,234.87
53.03,23.96,235.68
53.68,22.70,236.15
54.03,21.64,236.39
54.60,20.95,236.75
54.90,20.02,237.07
55.26,19.29,237.36
55.64,18.63,237.55
56.00,18.02,237.60
56.34,17.46,237.60
56.66,16.96,237.57
56.93,16.61,237.50
57.11,16.47,237.41
57.15,16.53,237.31
57.09,16.75,237.23
57.01,17.07,237.16
56.91,17.42,237.07
56.84,17.80,236.95
56.79,18.19,236.82
56.78,18.59,236.65
56.81,19.04,236.44
56.85,19.56,236.20
56.86,20.17,235.90
56.87,20.90,235.56
56.89,21.78,235.20
56.88,22.78,234.79
56.86,23.93,234.34
56.81,25.22,233.81
56.72,26.66,233.24
56.62,28.21,232.61
56.48,29.85,231.94
56.31,31.55,231.26
56.10,33.30,230.56
55.79,35.11,229.83
55.34,37.02,228.98
54.79,39.00,228.08
54.17,40.93,227.22
53.40,42.71,226.39
52.72,44.23,225.67
52.05,45.61,225.03
51.01,46.95,224.29
49.44,48.23,223.30
47.53,49.53,222.08
45.39,50.76,220.70
43.09,51.86,219.10
40.48,52.73,217.10
37.76,53.21,214.83
35.06,53.26,212.49
32.46,53.02,210.10
30.09,52.56,207.76
28.04,51.88,205.54
26.33,51.03,203.53
24.97,50.09,201.80
24.04,49.12,200.37
23.59,48.22,199.28
23.69,47.43,198.55
24.32,46.80,198.24
25.39,46.31,198.36
26.82,45.87,198.93
28.50,45.42,199.96
30.32,44.86,201.41
32.15,44.14,203.19
33.83,43.21,205.21
35.30,42.06,207.32
36.55,40.72,209.42
37.64,39.23,211.45
38.61,37.60,213.39
39.49,35.82,215.26
40.38,33.92,217.09
41.31,31.91,218.97
42.33,29.83,220.93
43.38,27.70,223.00
44.41,25.52,225.17
45.24,23.31,227.37
45.75,21.09,229.54
45.92,18.98,231.63
45.83,17.03,233.65
45.62,15.36,235.60
45.38,14.11,237.47
45.18,13.36,239.23
45.03,13.10,240.87
44.92,13.27,242.33
44.82,13.79,243.57
44.66,14.53,244.56
44.41,15.40,245.26
44.07,16.37,245.60
43.59,17.39,245.54
42.79,18.56,244.95
41.55,19.66,243.80
40.52,20.52,242.26
40.56,21.11,241.92
41.66,20.55,242.85
43.26,19.21,244.03
43.78,18.21,244.47
44.23,17.62,244.75
44.66,17.07,245.04
45.13,16.40,245.30
45.75,15.64,245.51
46.36,14.93,245.64
46.89,14.22,245.81
47.37,13.57,246.03
47.72,13.04,246.21
47.99,12.68,246.34
48.15,12.48,246.38
48.21,12.44,246.40
48.19,12.54,246.39
48.12,12.76,246.32
48.06,13.04,246.22
48.01,13.38,246.10
47.97,13.76,245.95
47.94,14.18,245.76
47.91,14.67,245.52
47.88,15.23,245.20
47.82,15.89,244.80
47.77,16.67,244.33
47.71,17.56,243.80
47.62,18.53,243.21
47.51,19.59,242.57
47.41,20.73,241.88
47.31,21.93,241.13
47.20,23.19,240.34
47.10,24.47,239.52
46.99,25.78,238.69
46.82,27.09,237.83
46.59,28.39,236.98
46.28,29.67,236.17
45.87,30.89,235.38
45.40,32.01,234.65
44.88,33.02,233.98
44.33,33.90,233.37
43.76,34.68,232.78
43.13,35.42,232.19
42.29,36.11,231.49
41.15,36.74,230.61
39.57,37.31,229.38
37.58,37.69,227.75
35.47,37.76,225.86
33.47,37.55,223.91
31.68,37.19,221.95
30.11,36.74,220.01
28.74,36.20,218.13
27.50,35.56,216.29
26.34,34.88,214.51
25.34,34.19,212.86
24.63,33.51,211.42
24.29,32.87,210.26
24.34,32.32,209.45
24.72,31.89,208.98
25.32,31.58,208.86
26.08,31.36,209.10
26.94,31.16,209.72
27.84,30.94,210.70
28.70,30.64,212.00
29.54,30.24,213.56
30.40,29.72,215.31
31.34,29.09,217.21
32.37,28.37,219.20
33.46,27.57,221.25
34.58,26.72,223.35
35.72,25.81,225.48
36.85,24.85,227.59
37.94,23.80,229.66
38.93,22.66,231.64
39.78,21.39,233.48
40.51,20.00,235.20
41.15,18.54,236.78
41.73,17.08,238.24
42.26,15.68,239.56
42.75,14.39,240.77
43.30,13.26,241.86
43.96,12.37,242.77
44.68,11.79,243.48
