-,-,-
70.72,-5.62,135.77
70.69,-5.61,135.78
70.68,-5.60,135.79
70.65,-5.60,135.77
70.62,-5.61,135.75
70.58,-5.60,135.72
70.56,-5.60,135.70
70.53,-5.60,135.69
70.51,-5.60,135.67
70.49,-5.59,135.66
70.47,-5.59,135.65
70.46,-5.58,135.64
70.48,-5.57,135.63
70.48,-5.56,135.62
70.48,-5.54,135.62
70.47,-5.52,135.63
70.46,-5.50,135.63
70.46,-5.46,135.64
70.47,-5.42,135.64
70.47,-5.40,135.65
70.49,-5.39,135.65
70.52,-5.39,135.65
70.57,-5.40,135.64
70.62,-5.41,135.64
70.68,-5.41,135.63
70.73,-5.41,135.62
70.75,-5.44,135.62
70.75,-5.47,135.62
70.75,-5.50,135.62
70.75,-5.54,135.62
70.75,-5.57,135.62
70.77,-5.61,135.62
70.79,-5.64,135.61
70.81,-5.66,135.61
70.84,-5.68,135.61
70.88,-5.69,135.61
70.91,-5.70,135.60
70.95,-5.71,135.60
70.98,-5.70,135.60
71.01,-5.69,135.60
71.04,-5.68,135.60
71.07,-5.67,135.60
71.09,-5.66,135.61
71.10,-5.67,135.59
71.11,-5.71,135.59
71.13,-5.76,135.58
71.14,-5.81,135.56
71.16,-5.86,135.54
71.17,-5.90,135.53
71.21,-5.93,135.55
71.25,-5.94,135.56
71.29,-5.93,135.58
71.35,-5.91,135.59
71.37,-5.86,135.62
71.41,-5.84,135.64
71.45,-5.84,135.66
71.49,-5.85,135.68
71.53,-5.89,135.69
71.57,-5.92,135.70
71.59,-5.95,135.72
71.61,-5.98,135.72
71.62,-5.95,135.73
71.65,-5.91,135.75
71.71,-5.84,135.76
71.77,-5.76,135.78
71.83,-5.70,135.80
71.87,-5.66,135.81
71.90,-5.66,135.81
71.92,-5.71,135.79
71.93,-5.78,135.77
71.94,-5.84,135.75
71.95,-5.87,135.72
71.97,-5.85,135.73
72.01,-5.78,135.75
72.04,-5.66,135.76
72.13,-5.52,135.77
72.19,-5.39,135.77
72.28,-5.27,135.75
72.35,-5.18,135.74
72.41,-5.11,135.73
72.47,-5.05,135.73
72.53,-4.96,135.73
72.62,-4.80,135.73
72.73,-4.53,135.74
72.92,-4.22,135.74
73.12,-3.81,135.73
73.37,-3.37,135.73
73.62,-2.89,135.73
73.87,-2.41,135.74
74.11,-1.88,135.76
74.36,-1.30,135.79
74.60,-0.62,135.84
74.84,0.21,135.90
75.08,1.23,136.00
75.36,2.45,136.14
75.66,3.88,136.33
76.00,5.53,136.60
76.38,7.38,136.91
76.83,9.31,137.30
77.32,11.32,137.76
77.88,13.41,138.25
78.55,15.59,138.73
79.43,17.64,139.26
80.54,19.46,139.85
81.96,21.02,140.52
83.53,22.24,141.28
85.26,23.13,142.19
86.48,23.43,143.11
87.05,23.25,143.92
87.17,22.83,144.67
87.07,22.23,145.27
87.11,21.57,145.82
87.31,20.86,146.34
87.47,20.06,146.78
87.52,19.19,147.09
87.51,18.23,147.25
87.49,17.20,147.29
87.50,16.23,147.28
87.47,15.27,147.21
87.36,14.29,147.08
87.13,13.21,146.85
86.91,11.97,146.62
86.74,10.66,146.38
86.58,9.32,146.11
86.36,7.99,145.80
86.08,6.69,145.51
85.76,5.45,145.27
85.47,4.29,145.13
85.25,3.24,145.12
85.14,2.39,145.21
85.10,1.74,145.38
85.09,1.26,145.61
84.97,0.86,145.85
84.65,0.45,146.07
84.23,-0.01,146.27
83.88,-0.52,146.45
83.65,-1.11,146.61
83.55,-1.78,146.77
83.52,-2.52,146.91
83.51,-3.29,147.04
83.48,-4.06,147.15
83.42,-4.80,147.27
83.30,-5.49,147.40
83.11,-6.12,147.55
82.82,-6.67,147.71
82.43,-7.14,147.86
81.95,-7.54,148.00
81.41,-7.90,148.12
80.87,-8.23,148.19
80.36,-8.59,148.23
79.93,-9.01,148.22
79.58,-9.50,148.15
79.32,-10.06,147.99
79.11,-10.68,147.73
78.88,-11.32,147.36
78.59,-11.92,146.87
78.19,-12.48,146.26
77.69,-12.97,145.54
77.14,-13.39,144.75
76.63,-13.74,143.89
76.23,-14.01,143.00
75.99,-14.18,142.09
75.92,-14.24,141.20
75.96,-14.22,140.33
76.09,-14.11,139.53
76.29,-13.93,138.80
76.53,-13.70,138.16
76.75,-13.41,137.61
76.92,-13.02,137.17
77.07,-12.51,136.84
77.18,-11.96,136.60
77.24,-11.41,136.46
77.24,-10.87,136.41
77.21,-10.33,136.43
77.15,-9.80,136.52
77.08,-9.28,136.67
77.09,-8.88,136.81
77.12,-8.48,136.95
77.12,-8.06,137.04
77.08,-7.65,137.08
76.97,-7.25,137.07
76.81,-6.83,137.02
76.64,-6.37,136.93
76.52,-5.83,136.81
76.45,-5.05,136.70
77.77,-5.17,136.96
80.18,-6.40,137.76
82.48,-7.62,138.54
84.29,-9.04,139.10
85.17,-10.48,139.13
85.04,-11.77,138.68
85.08,-12.96,138.27
85.38,-13.99,137.95
85.49,-15.01,137.65
85.65,-16.06,137.35
86.22,-17.11,136.78
86.74,-17.82,136.34
86.94,-18.12,136.13
87.14,-18.31,136.00
87.32,-18.48,135.93
87.41,-18.61,135.88
87.37,-18.71,135.88
87.23,-18.78,135.89
87.05,-18.81,135.92
86.85,-18.81,135.96
86.66,-18.79,136.00
86.53,-18.75,136.03
86.46,-18.72,136.06
86.43,-18.67,136.08
86.42,-18.60,136.11
86.41,-18.53,136.14
86.38,-18.45,136.18
86.34,-18.37,136.21
86.30,-18.30,136.25
86.28,-18.24,136.28
86.26,-18.18,136.30
86.26,-18.12,136.33
86.24,-18.05,136.35
86.22,-17.99,136.37
86.19,-17.92,136.39
86.17,-17.85,136.41
86.13,-17.77,136.44
86.09,-17.69,136.46
86.04,-17.60,136.49
85.98,-17.51,136.52
85.92,-17.43,136.54
85.87,-17.36,136.57
85.81,-17.30,136.58
85.77,-17.23,136.61
85.73,-17.17,136.63
85.69,-17.09,136.65
85.63,-17.02,136.67
85.57,-16.93,136.70
85.52,-16.84,136.73
85.47,-16.76,136.76
85.41,-16.69,136.78
85.34,-16.63,136.81
85.26,-16.58,136.83
85.18,-16.55,136.84
85.11,-16.52,136.86
85.04,-16.50,136.86
84.98,-16.48,136.86
84.93,-16.46,136.87
84.88,-16.44,136.87
84.81,-16.41,136.88
84.75,-16.36,136.89
84.70,-16.31,136.90
84.65,-16.25,136.92
84.59,-16.19,136.94
84.53,-16.12,136.96
84.48,-16.03,136.98
84.44,-15.91,137.01
84.41,-15.76,137.05
84.39,-15.60,137.10
84.36,-15.43,137.15
84.33,-15.27,137.21
84.30,-15.11,137.25
84.28,-14.92,137.28
84.29,-14.73,137.30
84.31,-14.50,137.32
84.32,-14.25,137.34
84.33,-13.95,137.36
84.33,-13.59,137.40
84.38,-13.17,137.42
84.52,-12.71,137.41
84.68,-12.19,137.39
84.84,-11.67,137.37
84.99,-11.19,137.34
85.11,-10.74,137.29
85.21,-10.27,137.23
85.29,-9.76,137.19
85.35,-9.15,137.17
85.35,-8.38,137.23
85.30,-7.40,137.40
85.24,-6.14,137.72
85.17,-4.56,138.17
85.11,-2.66,138.77
85.07,-0.45,139.48
85.05,2.04,140.29
85.11,4.71,141.19
85.26,7.45,142.19
85.49,9.96,143.25
85.81,12.39,144.27
86.43,14.50,145.31
87.59,16.14,146.44
88.92,17.21,147.55
89.72,17.82,148.43
89.85,17.99,149.04
89.74,17.60,149.40
90.03,16.90,149.68
90.65,16.07,149.95
91.21,15.15,150.16
91.56,14.19,150.25
91.82,13.21,150.20
92.19,12.19,150.02
92.70,11.16,149.78
93.20,10.22,149.43
93.59,9.35,148.96
93.82,8.51,148.35
93.83,7.61,147.56
93.81,6.67,146.74
93.85,5.76,145.91
93.96,4.91,145.14
94.10,4.15,144.51
94.23,3.48,144.08
94.32,2.85,143.91
94.40,2.22,143.99
94.44,1.60,144.30
94.39,0.97,144.80
94.24,0.32,145.41
94.04,-0.34,146.11
93.87,-1.01,146.87
93.77,-1.68,147.64
93.76,-2.33,148.39
93.80,-2.95,149.06
93.85,-3.55,149.65
93.87,-4.14,150.13
93.85,-4.72,150.50
93.81,-5.31,150.75
93.78,-5.92,150.86
93.78,-6.57,150.81
93.78,-7.27,150.56
93.75,-8.01,150.08
93.61,-8.79,149.34
93.29,-9.59,148.32
92.74,-10.40,147.03
91.90,-11.19,145.47
90.76,-11.92,143.70
89.43,-12.53,141.76
88.02,-12.95,139.71
86.57,-13.05,137.64
85.09,-12.77,135.69
83.63,-12.20,133.97
82.33,-11.49,132.59
81.40,-10.81,131.59
80.98,-10.28,130.96
81.02,-9.92,130.62
81.38,-9.69,130.47
81.91,-9.48,130.38
82.37,-9.18,130.31
82.61,-8.76,130.24
82.62,-8.17,130.14
82.44,-7.35,130.00
82.12,-6.31,129.81
81.72,-5.08,129.59
81.33,-3.76,129.38
81.06,-2.38,129.24
82.74,-2.44,129.66
86.08,-4.08,130.79
88.89,-5.55,131.55
90.06,-7.31,131.52
89.74,-8.90,130.87
89.98,-10.48,130.24
90.56,-11.83,129.71
90.85,-12.99,129.12
91.38,-14.01,128.52
91.99,-14.94,127.91
92.78,-15.84,127.31
93.65,-16.62,126.76
94.31,-17.35,126.22
94.55,-17.92,125.85
94.57,-18.22,125.64
94.62,-18.37,125.52
94.65,-18.46,125.48
94.60,-18.53,125.46
94.46,-18.57,125.48
94.29,-18.59,125.51
94.12,-18.58,125.56
93.99,-18.56,125.60
93.91,-18.54,125.63
93.88,-18.53,125.65
93.88,-18.53,125.66
93.87,-18.53,125.67
93.85,-18.54,125.68
93.80,-18.56,125.69
93.75,-18.59,125.70
93.71,-18.62,125.70
93.68,-18.64,125.71
93.66,-18.66,125.71
93.63,-18.66,125.72
93.62,-18.64,125.74
93.60,-18.61,125.76
93.55,-18.57,125.79
93.50,-18.53,125.82
93.43,-18.49,125.85
93.37,-18.45,125.87
93.30,-18.40,125.90
93.24,-18.36,125.92
93.17,-18.32,125.93
93.12,-18.28,125.95
93.07,-18.23,125.97
93.03,-18.17,125.99
92.99,-18.10,126.02
92.96,-18.02,126.05
92.92,-17.95,126.08
92.88,-17.88,126.11
92.82,-17.83,126.13
92.74,-17.77,126.15
92.66,-17.72,126.17
92.58,-17.68,126.19
92.50,-17.63,126.21
92.43,-17.59,126.24
92.35,-17.54,126.26
92.27,-17.47,126.28
92.20,-17.39,126.31
92.14,-17.30,126.35
92.07,-17.20,126.40
92.02,-17.11,126.44
91.96,-17.03,126.48
91.91,-16.97,126.51
91.86,-16.91,126.53
91.84,-16.81,126.56
91.83,-16.67,126.60
91.82,-16.51,126.65
91.80,-16.34,126.72
91.77,-16.17,126.79
91.75,-16.01,126.85
91.74,-15.85,126.88
91.75,-15.71,126.90
91.75,-15.55,126.92
91.74,-15.35,126.95
91.73,-15.08,127.00
91.72,-14.70,127.06
91.76,-14.24,127.12
91.88,-13.75,127.17
91.99,-13.25,127.21
92.08,-12.72,127.25
92.14,-12.14,127.31
92.18,-11.47,127.39
92.18,-10.66,127.54
92.16,-9.71,127.78
92.12,-8.53,128.14
92.08,-7.10,128.65
92.04,-5.44,129.32
91.97,-3.54,130.13
91.91,-1.43,131.06
91.87,0.86,132.11
91.90,3.27,133.27
92.03,5.69,134.51
92.29,7.93,135.81
92.60,10.17,137.10
92.97,12.30,138.35
93.69,14.19,139.61
94.77,15.61,140.83
96.03,16.47,141.93
96.99,16.85,142.72
97.28,16.81,143.16
97.06,16.27,143.21
96.99,15.41,143.08
97.32,14.49,142.91
97.84,13.56,142.72
98.20,12.66,142.43
98.32,11.83,141.97
98.37,10.93,141.38
98.55,10.02,140.69
98.85,9.16,139.92
99.20,8.34,139.10
99.43,7.48,138.21
99.46,6.52,137.22
99.39,5.42,136.20
99.33,4.25,135.20
99.28,3.07,134.28
99.25,1.94,133.51
99.23,0.90,132.97
99.23,-0.01,132.70
99.21,-0.78,132.70
99.13,-1.45,132.94
98.96,-2.08,133.38
98.72,-2.75,133.99
98.46,-3.48,134.71
98.29,-4.30,135.53
98.25,-5.20,136.40
98.33,-6.19,137.27
98.51,-7.25,138.10
98.74,-8.36,138.84
98.97,-9.51,139.45
99.17,-10.68,139.90
99.30,-11.83,140.17
99.39,-12.94,140.25
99.44,-13.96,140.14
99.44,-14.87,139.85
99.36,-15.67,139.34
99.18,-16.34,138.58
98.83,-16.86,137.58
98.29,-17.25,136.31
97.52,-17.50,134.79
96.51,-17.63,133.05
95.29,-17.64,131.12
93.95,-17.53,129.09
92.63,-17.29,127.01
91.47,-16.97,124.98
90.63,-16.60,123.11
90.19,-16.21,121.47
90.16,-15.79,120.09
90.47,-15.34,118.99
90.98,-14.84,118.14
91.53,-14.31,117.53
92.11,-13.69,117.07
92.52,-13.02,116.76
92.65,-12.32,116.55
92.50,-11.63,116.40
92.08,-10.97,116.32
91.44,-10.24,116.30
90.69,-9.44,116.33
89.93,-8.62,116.45
89.23,-7.78,116.65
88.74,-6.91,116.93
88.53,-6.01,117.27
88.58,-5.05,117.65
88.81,-4.04,118.08
89.11,-2.93,118.53
89.83,-2.12,119.12
92.53,-3.00,120.05
96.06,-4.72,120.97
98.98,-6.88,121.19
99.90,-8.78,120.60
99.98,-10.38,119.74
100.90,-11.64,119.08
101.54,-12.51,118.41
102.33,-13.27,117.67
103.07,-14.02,116.90
103.70,-14.80,116.23
104.18,-15.67,115.62
104.35,-16.60,115.02
104.13,-17.45,114.50
103.87,-18.09,114.11
103.72,-18.45,113.87
103.73,-18.59,113.79
103.75,-18.63,113.78
103.68,-18.64,113.81
103.53,-18.64,113.86
103.34,-18.64,113.93
103.15,-18.63,114.01
102.97,-18.62,114.08
102.85,-18.63,114.14
102.78,-18.64,114.17
102.75,-18.67,114.19
102.74,-18.70,114.20
102.74,-18.72,114.23
102.74,-18.73,114.25
102.73,-18.74,114.29
102.73,-18.73,114.33
102.73,-18.71,114.37
102.73,-18.68,114.42
102.72,-18.65,114.46
102.68,-18.62,114.50
102.63,-18.59,114.55
102.58,-18.56,114.59
102.53,-18.53,114.63
102.49,-18.50,114.67
102.44,-18.46,114.71
102.40,-18.43,114.74
102.36,-18.39,114.77
102.33,-18.35,114.80
102.29,-18.30,114.84
102.26,-18.23,114.89
102.24,-18.15,114.94
102.21,-18.08,114.99
102.17,-18.00,115.05
102.12,-17.94,115.11
102.06,-17.88,115.16
102.00,-17.82,115.22
101.95,-17.77,115.27
101.90,-17.71,115.31
101.85,-17.67,115.35
101.80,-17.64,115.38
101.74,-17.61,115.40
101.68,-17.57,115.43
101.63,-17.54,115.46
101.57,-17.51,115.50
101.51,-17.47,115.53
101.45,-17.41,115.58
101.40,-17.32,115.64
101.37,-17.18,115.73
101.32,-17.02,115.83
101.27,-16.85,115.95
101.25,-16.68,116.07
101.28,-16.50,116.18
101.36,-16.29,116.27
101.48,-16.05,116.36
101.61,-15.82,116.43
101.74,-15.60,116.47
101.82,-15.40,116.51
101.88,-15.21,116.53
101.94,-15.00,116.55
101.99,-14.78,116.58
102.00,-14.55,116.64
101.98,-14.28,116.71
101.92,-13.94,116.81
101.85,-13.51,116.94
101.80,-12.97,117.07
101.78,-12.32,117.23
101.76,-11.58,117.42
101.73,-10.78,117.69
101.66,-9.90,118.05
101.59,-8.92,118.52
101.56,-7.83,119.11
101.59,-6.58,119.82
101.73,-5.17,120.67
101.94,-3.61,121.66
102.22,-1.93,122.80
102.57,-0.19,124.10
103.08,1.52,125.48
103.53,3.20,126.89
103.97,4.88,128.35
104.58,6.50,129.86
105.38,7.89,131.39
106.57,8.90,132.87
107.90,9.40,134.29
109.03,9.41,135.55
109.70,8.98,136.60
109.81,8.20,137.25
109.85,7.28,137.57
110.14,6.41,137.68
110.57,5.60,137.58
110.92,4.93,137.26
111.09,4.44,136.72
111.21,3.99,136.00
111.44,3.64,135.14
111.87,3.46,134.18
112.22,3.38,133.12
112.29,3.31,131.91
112.10,3.09,130.55
111.84,2.68,129.08
111.64,2.13,127.58
111.52,1.47,126.13
111.40,0.77,124.79
111.25,0.06,123.62
111.09,-0.62,122.69
110.92,-1.26,122.09
110.71,-1.86,121.83
110.44,-2.50,121.89
110.08,-3.22,122.27
109.67,-4.07,122.92
109.24,-5.03,123.79
108.84,-6.10,124.79
108.47,-7.23,125.84
108.15,-8.41,126.85
107.93,-9.64,127.72
107.81,-10.95,128.40
107.76,-12.33,128.85
107.74,-13.79,129.05
107.73,-15.29,128.98
107.74,-16.80,128.63
107.76,-18.29,128.00
107.72,-19.74,127.09
107.46,-21.10,125.92
106.84,-22.35,124.49
105.90,-23.50,122.84
104.82,-24.53,121.00
103.87,-25.34,119.00
103.26,-25.75,116.86
103.07,-25.61,114.67
103.24,-24.87,112.51
103.69,-23.59,110.42
104.36,-21.94,108.51
105.29,-20.06,106.84
106.42,-18.11,105.46
107.56,-16.20,104.42
108.60,-14.43,103.72
109.52,-12.89,103.33
110.32,-11.61,103.18
110.90,-10.64,103.19
111.11,-9.95,103.31
110.94,-9.45,103.52
110.34,-9.04,103.85
109.56,-8.73,104.27
108.75,-8.38,104.81
108.05,-7.97,105.48
107.50,-7.51,106.25
107.03,-7.03,107.11
106.58,-6.53,107.99
106.18,-6.03,108.84
105.94,-5.54,109.63
105.97,-5.10,110.34
106.27,-4.72,110.95
106.75,-4.40,111.50
107.25,-4.07,112.05
107.64,-3.67,112.68
107.82,-3.12,113.47
107.74,-2.35,114.46
107.66,-1.32,115.50
110.09,-2.02,115.84
113.22,-4.53,115.36
114.51,-6.48,114.45
114.91,-8.18,113.04
115.54,-9.57,111.80
116.45,-10.64,110.78
117.10,-11.46,109.72
117.88,-12.33,108.56
118.56,-13.09,107.48
119.13,-13.79,106.54
119.17,-14.44,105.80
118.93,-14.94,105.33
118.72,-15.35,104.92
118.51,-15.67,104.64
118.30,-15.86,104.49
118.11,-15.98,104.44
117.93,-16.04,104.46
117.79,-16.06,104.51
117.72,-16.03,104.58
117.69,-15.99,104.63
117.68,-15.96,104.68
117.67,-15.94,104.73
117.66,-15.92,104.77
117.64,-15.91,104.80
117.61,-15.90,104.83
117.59,-15.90,104.85
117.57,-15.89,104.87
117.57,-15.86,104.90
117.57,-15.83,104.93
117.57,-15.80,104.97
117.55,-15.74,105.02
117.52,-15.68,105.08
117.47,-15.63,105.14
117.41,-15.57,105.21
117.37,-15.51,105.27
117.37,-15.43,105.34
117.39,-15.33,105.42
117.46,-15.21,105.50
117.54,-15.09,105.57
117.60,-14.97,105.63
117.64,-14.87,105.68
117.66,-14.79,105.72
117.67,-14.73,105.74
117.67,-14.67,105.75
117.67,-14.61,105.76
117.67,-14.52,105.77
117.67,-14.40,105.80
117.67,-14.25,105.85
117.64,-14.11,105.93
117.62,-13.97,106.04
117.59,-13.81,106.18
117.56,-13.65,106.31
117.52,-13.49,106.43
117.47,-13.33,106.54
117.40,-13.16,106.66
117.30,-12.94,106.84
117.22,-12.64,107.09
117.16,-12.26,107.39
117.10,-11.84,107.73
117.02,-11.44,108.08
116.90,-11.09,108.40
116.76,-10.80,108.68
116.60,-10.55,108.93
116.45,-10.30,109.12
116.35,-10.00,109.31
116.28,-9.63,109.53
116.23,-9.15,109.83
116.18,-8.50,110.27
116.20,-7.64,110.90
116.35,-6.54,111.76
116.48,-5.23,112.89
116.47,-3.74,114.30
116.46,-2.03,115.95
116.56,-0.16,117.81
116.79,1.82,119.86
117.17,3.79,122.04
117.67,5.61,124.17
118.25,7.45,126.32
118.95,9.22,128.47
119.94,10.84,130.57
121.17,12.17,132.47
122.26,13.19,133.92
123.02,13.89,134.77
123.05,14.12,134.87
122.73,13.87,134.28
122.57,13.26,133.28
122.70,12.48,132.09
122.97,11.65,130.86
123.09,10.85,129.62
122.97,10.16,128.37
122.66,9.49,127.07
122.35,8.80,125.74
122.07,8.10,124.39
121.81,7.39,123.04
121.52,6.68,121.77
121.24,5.98,120.68
120.99,5.26,119.83
120.78,4.49,119.29
120.56,3.66,119.07
120.30,2.73,119.17
119.98,1.73,119.54
119.56,0.72,120.12
119.02,-0.28,120.83
118.44,-1.22,121.62
117.96,-2.07,122.43
117.69,-2.82,123.19
117.63,-3.48,123.83
117.67,-4.09,124.31
117.70,-4.65,124.59
117.62,-5.20,124.67
117.38,-5.75,124.55
116.98,-6.30,124.24
116.46,-6.86,123.75
115.94,-7.40,123.12
115.51,-7.93,122.35
115.17,-8.42,121.44
114.89,-8.83,120.39
114.63,-9.09,119.23
114.29,-9.12,117.98
113.76,-8.88,116.68
112.96,-8.41,115.40
111.88,-7.77,114.18
110.64,-7.07,113.07
109.43,-6.40,112.13
108.42,-5.82,111.38
107.70,-5.36,110.83
107.25,-5.01,110.46
106.99,-4.72,110.23
106.86,-4.41,110.08
106.78,-3.97,109.99
106.64,-3.31,109.91
106.34,-2.41,109.84
105.83,-1.20,109.78
107.01,-1.14,109.55
110.01,-3.05,109.06
112.43,-4.73,108.19
113.16,-6.15,106.76
113.65,-7.36,105.24
114.81,-8.39,103.97
115.60,-9.06,102.80
116.32,-9.72,101.61
116.94,-10.41,100.51
117.29,-11.11,99.56
117.13,-11.78,98.92
116.80,-12.29,98.50
116.60,-12.63,98.16
116.43,-12.88,97.92
116.27,-13.02,97.81
116.13,-13.07,97.79
115.98,-13.08,97.84
115.81,-13.06,97.97
115.66,-13.03,98.13
115.54,-12.98,98.28
115.47,-12.94,98.38
115.44,-12.92,98.41
115.44,-12.92,98.41
115.44,-12.93,98.39
115.44,-12.95,98.37
115.43,-12.96,98.37
115.42,-12.95,98.38
115.40,-12.93,98.41
115.39,-12.89,98.46
115.36,-12.83,98.54
115.32,-12.76,98.64
115.28,-12.66,98.74
115.22,-12.57,98.84
115.15,-12.48,98.95
115.07,-12.43,99.04
114.98,-12.41,99.10
114.91,-12.40,99.13
114.84,-12.41,99.14
114.79,-12.41,99.15
114.75,-12.40,99.16
114.73,-12.38,99.17
114.73,-12.35,99.18
114.73,-12.32,99.19
114.74,-12.29,99.20
114.75,-12.25,99.22
114.76,-12.21,99.23
114.76,-12.17,99.23
114.75,-12.15,99.23
114.72,-12.12,99.22
114.68,-12.09,99.21
114.64,-12.05,99.22
114.59,-12.00,99.25
114.55,-11.93,99.29
114.52,-11.84,99.35
114.51,-11.73,99.43
114.50,-11.60,99.51
114.51,-11.43,99.61
114.54,-11.22,99.75
114.56,-10.97,99.93
114.57,-10.68,100.16
114.57,-10.35,100.41
114.57,-9.99,100.67
114.56,-9.59,100.95
114.55,-9.14,101.23
114.52,-8.66,101.53
114.49,-8.11,101.86
114.45,-7.49,102.24
114.40,-6.81,102.66
114.34,-6.04,103.12
114.30,-5.22,103.60
114.27,-4.35,104.09
114.22,-3.44,104.57
114.17,-2.50,105.05
114.07,-1.49,105.52
113.91,-0.35,106.02
113.70,1.01,106.56
113.42,2.62,107.17
112.92,4.54,107.86
112.38,6.68,108.64
111.47,9.06,109.52
111.06,11.69,110.45
111.32,14.43,111.50
112.26,17.08,112.71
113.40,19.44,113.96
114.30,21.76,115.22
115.24,24.24,116.54
116.04,26.52,117.76
116.46,28.33,118.41
116.24,29.49,118.30
115.36,29.87,117.49
114.42,29.46,116.32
113.79,28.66,115.18
113.21,27.68,114.20
112.33,26.73,113.26
111.13,25.84,112.20
109.66,25.05,110.85
108.09,24.62,108.94
106.41,24.64,106.28
104.46,24.97,102.86
102.11,25.31,98.89
99.29,25.47,94.71
96.12,25.35,90.62
93.08,24.92,86.70
90.55,24.46,82.91
88.63,23.94,79.35
87.21,23.48,76.26
85.44,22.91,73.84
79.41,20.06,74.23
70.53,18.33,75.12
67.11,19.57,73.80
67.83,19.71,73.79
70.81,19.92,75.24
71.85,19.90,76.25
75.37,21.32,77.19
76.26,21.70,77.64
73.06,21.44,75.46
71.37,21.42,72.12
68.44,21.85,68.44
65.37,22.01,64.32
62.11,20.22,60.59
59.43,17.54,58.08
58.34,15.93,57.01
58.13,15.71,57.14
58.26,16.45,58.27
58.98,17.96,59.90
58.31,19.96,61.51
56.39,21.15,63.27
56.32,21.62,65.70
57.00,22.05,68.20
59.03,22.59,70.77
60.55,22.81,72.62
61.46,22.45,73.65
61.66,21.64,73.84
61.33,20.79,73.86
60.32,19.83,73.64
58.78,18.93,73.28
57.83,18.23,73.46
57.81,17.91,73.82
57.48,17.89,74.14
57.25,17.98,74.37
57.27,18.13,74.47
57.55,18.30,74.47
57.98,18.50,74.39
58.41,18.74,74.30
58.95,19.05,74.19
59.55,19.38,73.99
60.06,19.66,73.73
60.40,19.86,73.41
60.65,19.93,73.07
60.89,19.84,72.73
61.12,19.63,72.44
61.27,19.32,72.17
61.32,18.95,71.89
61.35,18.52,71.58
61.41,18.08,71.26
61.49,17.64,70.95
61.54,17.19,70.66
61.53,16.79,70.43
61.48,16.47,70.29
61.40,16.21,70.28
61.29,15.98,70.35
61.10,15.79,70.46
60.85,15.62,70.57
60.57,15.45,70.69
60.36,15.26,70.82
60.25,15.05,70.93
60.23,14.83,71.02
60.30,14.62,71.10
60.43,14.42,71.16
60.53,14.25,71.22
60.52,14.12,71.26
60.43,14.07,71.30
60.32,14.08,71.31
60.17,14.16,71.28
59.94,14.26,71.22
59.72,14.36,71.15
59.50,14.44,71.07
59.21,14.50,70.99
58.86,14.52,70.97
58.47,14.53,71.03
58.02,14.50,71.14
57.57,14.45,71.29
57.18,14.39,71.47
56.72,14.30,71.67
56.10,14.24,71.89
55.58,14.24,72.10
55.20,14.24,72.25
55.13,14.20,72.39
55.20,14.13,72.51
55.32,14.03,72.62
55.45,13.92,72.75
55.60,13.81,72.88
55.82,13.69,72.98
56.18,13.58,72.99
56.80,13.45,72.89
57.62,13.34,72.76
58.48,13.23,72.62
59.25,13.11,72.48
59.93,13.05,72.33
60.58,13.08,72.16
61.23,13.17,71.95
61.84,13.31,71.73
62.36,13.47,71.49
62.74,13.64,71.24
63.01,13.82,70.97
63.17,14.00,70.70
63.27,14.16,70.44
63.32,14.31,70.21
63.36,14.45,70.00
63.43,14.57,69.80
63.52,14.65,69.61
63.64,14.69,69.43
63.77,14.68,69.26
63.94,14.61,69.09
64.12,14.50,68.94
64.27,14.34,68.78
64.38,14.15,68.62
64.42,13.94,68.47
64.42,13.75,68.32
64.41,13.56,68.17
64.42,13.39,68.04
64.49,13.24,67.91
64.60,13.10,67.77
64.72,12.98,67.58
64.88,12.87,67.34
65.07,12.77,67.03
65.29,12.68,66.65
65.46,12.62,66.18
65.58,12.58,65.63
65.64,12.59,65.02
65.67,12.66,64.34
65.68,12.79,63.62
65.73,13.01,62.86
65.84,13.31,62.09
65.98,13.66,61.30
66.14,14.07,60.47
66.30,14.53,59.64
66.52,15.06,58.88
66.81,15.64,58.24
67.20,16.29,57.80
67.71,17.00,57.60
68.31,17.73,57.67
68.96,18.48,58.01
69.55,19.21,58.58
69.96,19.88,59.28
70.17,20.46,60.02
70.21,20.98,60.73
70.14,21.47,61.36
70.00,21.95,61.89
69.83,22.41,62.31
69.67,22.79,62.62
69.54,23.11,62.84
69.44,23.36,62.97
69.27,23.53,63.02
68.97,23.56,63.02
68.58,23.43,63.00
68.23,23.16,63.00
68.01,22.83,63.03
67.92,22.47,63.09
67.89,22.16,63.16
67.79,21.88,63.21
67.61,21.63,63.24
67.40,21.40,63.28
67.18,21.20,63.32
66.90,21.02,63.37
66.51,20.86,63.41
65.99,20.67,63.43
65.40,20.44,63.45
64.81,20.15,63.49
64.33,19.73,63.60
64.04,19.12,63.80
63.96,18.31,64.09
64.07,17.35,64.42
64.28,16.31,64.76
64.51,15.27,65.08
64.67,14.26,65.38
64.74,13.32,65.69
64.74,12.46,66.05
64.72,11.67,66.48
64.68,10.96,66.99
64.62,10.34,67.58
64.50,9.80,68.22
64.29,9.32,68.88
64.03,8.86,69.52
63.62,8.39,70.21
63.30,7.82,70.92
63.16,7.06,71.59
63.10,6.16,72.27
63.06,5.21,72.93
63.04,4.27,73.51
63.00,3.37,73.98
62.87,2.54,74.35
62.67,1.79,74.66
62.43,1.13,74.91
62.21,0.61,75.10
62.09,0.22,75.20
62.07,-0.01,75.21
62.24,0.02,75.12
62.68,0.22,74.98
63.14,0.54,74.80
63.46,0.96,74.55
63.66,1.44,74.24
63.87,1.99,73.90
64.22,2.62,73.56
64.78,3.28,73.25
65.60,3.93,72.97
66.75,4.44,72.71
67.92,4.73,72.47
68.74,4.96,72.38
69.21,4.81,72.43
69.43,4.60,72.52
69.54,4.64,72.55
69.52,4.69,72.58
69.65,4.68,72.61
69.80,4.61,72.64
69.88,4.55,72.67
69.85,4.55,72.71
69.70,4.55,72.76
69.47,4.57,72.84
69.18,4.60,72.95
68.87,4.62,73.06
68.59,4.63,73.17
68.35,4.64,73.26
68.17,4.63,73.34
68.07,4.60,73.40
68.00,4.57,73.46
67.93,4.53,73.52
67.85,4.50,73.58
67.76,4.48,73.64
67.68,4.45,73.70
67.61,4.43,73.76
67.56,4.41,73.82
67.50,4.39,73.88
67.45,4.38,73.93
67.42,4.37,73.98
67.41,4.34,74.02
67.41,4.31,74.07
67.42,4.27,74.11
67.44,4.23,74.14
67.47,4.18,74.18
67.50,4.14,74.21
67.53,4.09,74.24
67.57,4.03,74.26
67.61,3.99,74.28
67.64,3.96,74.31
67.67,3.95,74.33
67.69,3.94,74.35
67.69,3.94,74.38
67.67,3.94,74.40
67.65,3.94,74.42
67.63,3.94,74.45
67.61,3.95,74.49
67.59,3.96,74.52
67.56,3.99,74.55
67.54,4.01,74.58
67.51,4.04,74.61
67.48,4.07,74.63
67.44,4.11,74.66
67.40,4.14,74.68
67.35,4.18,74.71
67.30,4.23,74.74
67.25,4.27,74.76
67.20,4.30,74.78
67.16,4.33,74.80
67.09,4.37,74.83
67.02,4.41,74.85
66.93,4.46,74.86
66.77,4.52,74.87
66.37,4.60,74.91
66.08,4.68,74.90
65.80,4.78,74.86
65.64,4.86,74.83
65.52,4.93,74.82
65.39,4.99,74.81
65.26,5.04,74.80
65.15,5.08,74.80
65.06,5.12,74.81
65.00,5.16,74.82
64.97,5.19,74.82
64.96,5.21,74.82
64.97,5.21,74.80
65.01,5.21,74.78
65.08,5.20,74.76
65.16,5.19,74.73
65.24,5.18,74.70
65.32,5.17,74.67
65.39,5.16,74.64
65.45,5.16,74.58
65.50,5.17,74.50
65.56,5.19,74.41
65.62,5.22,74.28
65.68,5.25,74.13
65.75,5.30,73.95
65.82,5.37,73.75
65.89,5.47,73.54
65.98,5.58,73.30
66.05,5.72,73.05
66.13,5.89,72.79
66.20,6.07,72.51
66.25,6.27,72.23
66.30,6.49,71.96
66.33,6.72,71.70
66.35,6.97,71.45
66.37,7.21,71.21
66.39,7.43,70.97
66.40,7.66,70.74
66.40,7.89,70.52
66.38,8.13,70.29
66.35,8.39,70.06
66.31,8.68,69.83
66.27,9.00,69.60
66.21,9.35,69.36
66.14,9.72,69.11
66.05,10.12,68.82
65.93,10.55,68.50
65.80,11.03,68.16
65.69,11.58,67.76
65.59,12.22,67.31
65.53,12.96,66.76
65.48,13.82,66.11
65.46,14.80,65.38
65.48,15.89,64.57
65.50,17.08,63.68
65.47,18.34,62.73
65.36,19.69,61.72
65.18,21.14,60.66
64.94,22.70,59.56
64.63,24.41,58.42
64.19,26.23,57.20
63.54,28.12,55.88
62.73,30.06,54.44
61.73,31.97,52.81
60.55,33.81,50.99
59.17,35.58,49.11
57.66,37.06,47.15
55.90,38.14,45.20
54.16,38.70,43.48
52.63,38.53,41.75
51.56,37.80,40.64
50.83,36.87,39.97
50.29,35.86,39.48
49.88,34.87,39.19
49.50,33.91,39.04
49.08,32.96,39.01
48.63,32.00,39.06
48.14,31.01,39.19
47.63,29.98,39.37
47.11,28.88,39.61
46.64,27.72,39.89
46.26,26.52,40.17
45.99,25.30,40.44
45.78,24.05,40.67
45.57,22.75,40.85
45.35,21.41,41.01
45.15,20.06,41.16
45.00,18.71,41.32
44.92,17.41,41.52
44.89,16.16,41.76
44.88,14.94,42.05
44.88,13.71,42.41
44.89,12.47,42.85
44.97,11.25,43.43
45.13,10.07,44.11
45.31,8.94,44.89
45.48,7.84,45.71
45.60,6.76,46.52
45.65,5.67,47.28
45.66,4.56,47.98
45.64,3.44,48.60
45.61,2.30,49.14
45.54,1.15,49.61
45.43,-0.02,50.03
45.27,-1.21,50.41
45.09,-2.42,50.74
44.92,-3.64,51.06
44.80,-4.83,51.42
44.69,-5.98,51.82
44.56,-7.08,52.23
44.37,-8.15,52.62
44.16,-9.17,52.95
43.96,-10.13,53.20
43.82,-11.02,53.34
43.74,-11.84,53.36
43.71,-12.60,53.25
43.69,-13.33,53.06
43.64,-14.04,52.85
43.57,-14.73,52.68
43.51,-15.36,52.60
43.45,-15.93,52.59
43.37,-16.44,52.58
43.24,-16.92,52.54
43.05,-17.37,52.45
42.83,-17.79,52.29
42.64,-18.19,52.08
42.48,-18.53,51.82
42.38,-18.81,51.54
42.30,-19.02,51.24
42.19,-19.14,50.93
42.06,-19.16,50.62
41.93,-19.09,50.30
41.80,-18.94,49.99
41.71,-18.73,49.68
41.72,-18.46,49.38
42.16,-17.94,48.96
43.05,-17.68,48.83
43.87,-17.62,48.86
44.51,-17.52,48.82
44.73,-17.27,48.68
44.82,-17.13,48.64
45.05,-17.19,48.72
45.04,-17.19,48.76
44.98,-17.13,48.77
44.96,-17.03,48.76
44.92,-16.91,48.74
44.87,-16.75,48.71
44.82,-16.56,48.66
44.81,-16.36,48.59
44.82,-16.18,48.53
44.84,-16.02,48.49
44.89,-15.90,48.45
44.98,-15.80,48.42
45.08,-15.72,48.40
45.20,-15.65,48.39
45.32,-15.59,48.38
45.41,-15.54,48.37
45.48,-15.46,48.36
45.49,-15.36,48.35
45.46,-15.24,48.34
45.40,-15.13,48.33
45.31,-15.02,48.34
45.22,-14.91,48.35
45.13,-14.81,48.35
45.05,-14.73,48.36
44.98,-14.65,48.37
44.96,-14.59,48.38
44.97,-14.54,48.39
44.98,-14.49,48.40
45.00,-14.44,48.40
45.03,-14.39,48.40
45.07,-14.34,48.40
45.14,-14.29,48.38
45.22,-14.25,48.36
45.32,-14.20,48.33
45.44,-14.16,48.29
45.56,-14.12,48.26
45.68,-14.08,48.22
45.80,-14.05,48.18
45.92,-14.01,48.14
46.05,-13.97,48.10
46.15,-13.93,48.07
46.24,-13.88,48.03
46.32,-13.84,48.00
46.40,-13.79,47.96
46.48,-13.74,47.93
46.56,-13.69,47.90
46.64,-13.65,47.87
46.73,-13.61,47.84
46.83,-13.57,47.81
46.93,-13.54,47.78
47.02,-13.51,47.76
47.11,-13.48,47.75
47.21,-13.47,47.74
47.29,-13.45,47.74
47.38,-13.44,47.73
47.47,-13.42,47.72
47.55,-13.39,47.71
47.61,-13.36,47.69
47.66,-13.31,47.67
47.68,-13.24,47.65
47.69,-13.18,47.63
47.68,-13.12,47.62
47.66,-13.08,47.62
47.67,-13.06,47.64
47.69,-13.06,47.66
47.73,-13.06,47.67
47.77,-13.04,47.67
47.85,-13.01,47.65
47.97,-12.97,47.62
48.07,-12.93,47.59
48.17,-12.91,47.56
48.24,-12.88,47.55
48.30,-12.86,47.54
48.37,-12.82,47.52
48.44,-12.77,47.49
48.49,-12.72,47.46
48.54,-12.67,47.44
48.59,-12.63,47.42
48.63,-12.60,47.42
48.63,-12.57,47.42
48.61,-12.52,47.43
48.60,-12.46,47.41
48.57,-12.37,47.37
48.55,-12.27,47.30
48.55,-12.16,47.20
48.60,-12.06,47.10
48.68,-11.99,47.01
48.77,-11.92,46.94
48.88,-11.87,46.88
48.99,-11.81,46.80
49.14,-11.74,46.71
49.29,-11.66,46.60
49.45,-11.59,46.49
49.60,-11.54,46.40
49.74,-11.51,46.34
49.87,-11.49,46.31
49.98,-11.47,46.28
50.10,-11.44,46.24
50.23,-11.40,46.19
50.39,-11.35,46.10
50.59,-11.26,45.97
50.84,-11.13,45.80
51.14,-10.97,45.60
51.52,-10.80,45.37
52.00,-10.62,45.14
52.58,-10.41,44.90
53.24,-10.14,44.62
54.02,-9.80,44.29
54.91,-9.35,43.91
55.91,-8.78,43.48
57.02,-8.06,43.01
58.15,-7.20,42.54
59.28,-6.27,42.09
60.36,-5.32,41.69
61.30,-4.40,41.40
62.12,-3.54,41.19
62.82,-2.76,41.06
63.42,-2.10,40.99
63.97,-1.55,40.96
64.43,-1.11,40.99
64.85,-0.79,41.06
65.25,-0.57,41.16
65.63,-0.44,41.29
66.00,-0.40,41.42
66.33,-0.44,41.54
66.62,-0.55,41.65
66.86,-0.72,41.73
67.06,-0.95,41.77
67.26,-1.22,41.78
67.44,-1.53,41.76
67.61,-1.85,41.71
67.75,-2.18,41.65
67.88,-2.50,41.58
67.97,-2.79,41.50
68.03,-2.99,41.43
68.09,-3.11,41.36
68.16,-3.23,41.31
68.25,-3.34,41.28
68.32,-3.43,41.26
68.37,-3.47,41.24
68.41,-3.50,41.22
68.45,-3.51,41.19
68.45,-3.48,41.16
68.42,-3.43,41.12
68.41,-3.36,41.07
68.34,-3.24,41.00
68.26,-3.10,40.91
68.12,-2.93,40.81
67.94,-2.72,40.69
67.75,-2.46,40.53
67.59,-2.17,40.33
67.49,-1.85,40.09
67.45,-1.52,39.82
67.45,-1.14,39.50
67.50,-0.72,39.15
67.61,-0.28,38.76
67.82,0.17,38.34
68.11,0.61,37.91
68.41,1.07,37.46
68.69,1.54,36.99
68.99,2.02,36.52
69.31,2.51,36.04
69.68,2.99,35.57
70.06,3.47,35.09
70.42,3.97,34.60
70.72,4.51,34.10
70.95,5.10,33.60
71.20,5.76,33.12
71.54,6.42,32.68
71.98,7.11,32.27
72.43,7.84,31.89
72.82,8.62,31.50
73.18,9.45,31.12
73.56,10.29,30.77
74.07,11.09,30.47
74.81,11.80,30.24
75.78,12.41,30.11
76.86,12.95,30.19
77.76,13.30,30.48
78.28,13.52,30.97
78.36,13.68,31.70
77.89,13.64,32.52
77.09,13.43,33.37
76.34,13.06,34.26
75.76,12.62,35.12
75.24,12.11,35.86
74.65,11.54,36.42
73.99,10.92,36.79
73.33,10.26,37.01
72.73,9.59,37.13
72.21,8.91,37.17
71.72,8.22,37.17
71.22,7.51,37.12
70.69,6.81,37.02
70.10,6.14,36.90
69.48,5.51,36.75
68.82,4.79,36.62
68.16,3.91,36.52
67.62,2.89,36.49
67.25,1.71,36.46
67.08,0.46,36.37
67.00,-0.80,36.19
67.18,-1.99,35.94
67.75,-3.12,35.68
68.26,-4.25,35.54
68.30,-5.34,35.50
67.94,-6.22,35.39
67.46,-6.85,35.28
66.90,-7.18,35.11
66.32,-7.29,34.98
65.75,-7.19,34.90
65.56,-7.03,34.83
65.72,-6.90,34.94
65.93,-6.92,35.19
65.88,-7.31,35.44
65.60,-8.35,35.70
65.32,-9.98,35.96
64.55,-11.98,36.26
63.42,-14.02,36.60
62.57,-15.80,36.98
62.27,-17.20,37.40
62.40,-18.24,37.82
62.65,-18.97,38.19
62.78,-19.47,38.46
62.72,-19.77,38.67
62.53,-19.81,38.86
62.30,-19.58,39.10
62.09,-19.13,39.43
61.95,-18.54,39.88
61.87,-17.87,40.44
61.78,-17.28,41.11
61.61,-16.87,41.86
61.35,-16.72,42.69
61.02,-16.77,43.58
60.67,-16.92,44.49
60.31,-17.07,45.40
59.94,-17.17,46.26
59.53,-17.21,47.06
59.11,-17.21,47.77
58.67,-17.17,48.38
58.26,-17.11,48.89
57.93,-17.00,49.28
57.72,-16.85,49.55
57.70,-16.67,49.66
57.78,-16.43,49.63
57.92,-16.18,49.49
58.12,-15.92,49.27
58.38,-15.71,48.98
58.63,-15.54,48.65
58.89,-15.43,48.31
59.17,-15.38,47.98
59.39,-15.40,47.69
59.52,-15.46,47.43
59.61,-15.55,47.20
59.65,-15.62,47.01
59.57,-15.63,46.86
59.48,-15.58,46.75
59.38,-15.43,46.68
59.31,-15.23,46.64
59.25,-14.97,46.63
59.20,-14.70,46.63
59.16,-14.47,46.64
59.11,-14.28,46.62
59.03,-14.15,46.58
58.93,-14.05,46.47
58.88,-13.94,46.29
58.87,-13.79,46.02
58.90,-13.61,45.67
58.88,-13.37,45.26
58.81,-13.09,44.81
58.71,-12.78,44.32
58.57,-12.42,43.81
58.40,-12.04,43.29
58.22,-11.62,42.76
58.02,-11.20,42.24
57.80,-10.77,41.74
57.57,-10.38,41.26
57.38,-10.01,40.82
57.25,-9.70,40.43
57.17,-9.42,40.10
57.12,-9.16,39.82
57.05,-8.89,39.58
56.96,-8.61,39.37
56.77,-8.32,39.16
56.49,-8.00,38.95
56.15,-7.62,38.72
55.79,-7.18,38.46
55.45,-6.67,38.19
55.14,-6.14,37.91
54.87,-5.59,37.67
54.63,-5.03,37.46
54.44,-4.41,37.26
54.22,-3.68,37.06
53.92,-3.09,36.86
53.07,-4.60,37.49
53.42,-5.54,39.02
53.86,-6.25,40.42
53.62,-7.32,41.66
53.01,-8.84,42.55
52.44,-9.93,43.18
52.19,-10.49,43.73
52.03,-10.85,44.17
52.04,-11.14,44.60
52.07,-11.31,45.06
52.15,-11.46,45.44
52.09,-11.59,45.77
52.01,-11.70,46.04
51.94,-11.81,46.32
51.92,-11.88,46.52
51.97,-11.92,46.62
52.05,-11.93,46.64
52.10,-11.88,46.63
52.08,-11.79,46.60
52.05,-11.66,46.54
52.04,-11.53,46.43
52.02,-11.38,46.25
52.01,-11.23,46.06
52.01,-11.11,45.91
52.01,-11.03,45.82
52.03,-10.99,45.79
52.06,-10.98,45.81
52.15,-11.00,45.84
52.27,-11.06,45.90
52.41,-11.12,45.94
52.57,-11.17,45.96
52.73,-11.21,45.96
52.87,-11.22,45.94
52.99,-11.21,45.90
53.09,-11.19,45.85
53.20,-11.16,45.78
53.33,-11.14,45.69
53.48,-11.12,45.56
53.63,-11.09,45.40
53.78,-11.05,45.25
53.92,-11.01,45.11
54.04,-10.96,44.97
54.14,-10.90,44.85
54.23,-10.84,44.73
54.34,-10.77,44.63
54.46,-10.70,44.52
54.60,-10.64,44.42
54.74,-10.58,44.34
54.86,-10.54,44.27
54.95,-10.50,44.22
55.02,-10.47,44.20
55.05,-10.44,44.19
55.05,-10.40,44.19
55.05,-10.36,44.19
55.06,-10.33,44.19
55.08,-10.32,44.20
55.11,-10.32,44.22
55.16,-10.32,44.24
55.23,-10.32,44.25
55.31,-10.31,44.25
55.38,-10.28,44.23
55.42,-10.22,44.20
55.45,-10.13,44.15
55.46,-9.99,44.06
55.47,-9.81,43.95
55.48,-9.61,43.82
55.48,-9.39,43.70
55.48,-9.17,43.57
55.47,-8.95,43.46
55.47,-8.74,43.36
55.47,-8.53,43.25
55.45,-8.33,43.16
55.45,-8.12,43.06
55.48,-7.88,42.94
55.57,-7.58,42.79
55.71,-7.21,42.59
55.89,-6.76,42.35
56.12,-6.22,42.06
56.34,-5.57,41.73
56.54,-4.76,41.34
56.74,-3.79,40.87
56.98,-2.66,40.32
57.28,-1.35,39.70
57.69,0.15,39.01
58.23,1.87,38.24
58.95,3.76,37.41
59.83,5.79,36.61
60.84,7.95,35.88
61.90,10.15,35.30
62.96,12.41,34.97
63.99,14.66,34.93
65.13,16.86,35.21
66.08,18.79,35.96
66.66,20.18,36.88
66.94,20.93,37.79
67.01,21.08,38.67
67.22,21.02,39.54
67.72,20.81,40.35
68.35,20.42,40.99
69.01,19.83,41.41
69.73,19.09,41.63
70.50,18.25,41.66
71.44,17.35,41.59
72.31,16.38,41.37
73.08,15.35,41.04
73.73,14.26,40.65
74.30,13.14,40.27
74.78,12.01,39.95
75.19,10.90,39.73
75.53,9.81,39.64
75.82,8.72,39.69
76.06,7.63,39.88
76.27,6.52,40.16
76.46,5.43,40.49
76.61,4.37,40.84
76.74,3.39,41.17
76.82,2.51,41.46
76.84,1.74,41.71
76.85,1.07,41.96
76.90,0.53,42.22
76.99,0.08,42.52
77.13,-0.31,42.90
77.31,-0.70,43.35
77.53,-1.11,43.87
77.81,-1.57,44.41
78.17,-2.11,44.94
78.63,-2.75,45.41
79.16,-3.48,45.80
79.70,-4.30,46.09
80.20,-5.21,46.24
80.52,-6.17,46.26
80.56,-7.12,46.11
80.34,-8.01,45.78
79.94,-8.82,45.31
79.41,-9.55,44.72
78.81,-10.20,44.05
78.16,-10.78,43.29
77.51,-11.34,42.46
76.90,-11.91,41.56
76.34,-12.54,40.61
75.85,-13.27,39.61
75.40,-14.13,38.57
74.93,-15.12,37.53
74.41,-16.20,36.49
73.87,-17.34,35.47
73.42,-18.50,34.48
73.17,-19.62,33.56
73.16,-20.63,32.73
73.45,-21.47,31.99
74.03,-22.08,31.31
74.82,-22.42,30.67
75.74,-22.48,30.03
76.69,-22.25,29.40
77.54,-21.79,28.78
78.19,-21.12,28.17
78.56,-20.31,27.58
78.67,-19.41,27.03
78.56,-18.46,26.53
78.30,-17.51,26.11
77.94,-16.58,25.81
77.57,-15.69,25.65
77.23,-14.87,25.65
76.96,-14.14,25.79
76.78,-13.54,26.07
76.67,-13.05,26.46
76.61,-12.71,26.91
76.61,-12.49,27.39
76.62,-12.39,27.86
76.66,-12.46,28.28
76.71,-12.57,28.59
76.74,-12.63,28.77
76.72,-12.59,28.80
76.65,-12.39,28.69
76.51,-12.02,28.44
76.29,-11.52,28.07
76.05,-10.90,27.64
75.92,-10.24,27.21
75.92,-9.65,26.80
75.96,-9.21,26.47
75.96,-8.93,26.22
75.91,-8.54,25.99
75.95,-7.91,25.67
76.13,-7.04,25.22
76.28,-6.33,24.70
75.79,-7.61,25.18
76.79,-8.67,26.16
77.42,-9.59,26.95
76.88,-10.72,27.48
76.41,-11.74,27.52
76.15,-12.63,27.72
75.96,-13.35,27.97
75.64,-13.97,28.28
75.26,-14.51,28.66
75.03,-14.99,29.17
75.01,-15.42,29.61
75.16,-15.72,29.84
75.33,-15.93,29.95
75.47,-16.09,30.03
75.60,-16.23,30.11
75.66,-16.33,30.20
75.64,-16.37,30.29
75.56,-16.35,30.38
75.46,-16.29,30.46
75.38,-16.21,30.51
75.35,-16.14,30.53
75.36,-16.09,30.53
75.41,-16.04,30.52
75.48,-15.99,30.50
75.54,-15.93,30.47
75.61,-15.87,30.44
75.66,-15.82,30.43
75.70,-15.78,30.42
75.74,-15.74,30.42
75.79,-15.70,30.42
75.85,-15.66,30.41
75.92,-15.62,30.39
76.00,-15.57,30.37
76.09,-15.51,30.34
76.16,-15.45,30.31
76.21,-15.39,30.29
76.24,-15.33,30.29
76.26,-15.27,30.29
76.26,-15.21,30.29
76.26,-15.15,30.30
76.26,-15.09,30.30
76.26,-15.03,30.31
76.26,-14.97,30.32
76.27,-14.91,30.32
76.29,-14.85,30.33
76.30,-14.80,30.33
76.31,-14.75,30.34
76.32,-14.70,30.35
76.33,-14.65,30.36
76.33,-14.59,30.37
76.33,-14.53,30.38
76.33,-14.47,30.38
76.31,-14.41,30.40
76.30,-14.35,30.41
76.27,-14.28,30.43
76.23,-14.20,30.46
76.19,-14.12,30.48
76.15,-14.04,30.50
76.13,-13.97,30.51
76.12,-13.91,30.53
76.13,-13.85,30.53
76.15,-13.79,30.52
76.19,-13.70,30.50
76.21,-13.59,30.47
76.23,-13.46,30.42
76.26,-13.32,30.36
76.31,-13.20,30.29
76.36,-13.09,30.23
76.42,-13.01,30.18
76.47,-12.93,30.15
76.50,-12.83,30.12
76.52,-12.74,30.08
76.55,-12.65,30.04
76.58,-12.58,30.01
76.60,-12.53,29.99
76.62,-12.47,29.97
76.65,-12.41,29.95
76.69,-12.34,29.90
76.73,-12.25,29.84
76.79,-12.17,29.78
76.84,-12.09,29.72
76.91,-12.01,29.64
77.00,-11.94,29.56
77.08,-11.86,29.47
77.17,-11.78,29.38
77.26,-11.69,29.28
77.38,-11.58,29.15
77.54,-11.47,29.00
77.73,-11.35,28.84
77.95,-11.23,28.70
78.18,-11.10,28.57
78.41,-10.93,28.44
78.63,-10.70,28.32
78.86,-10.38,28.22
79.11,-9.96,28.11
79.42,-9.41,27.97
79.80,-8.71,27.83
80.28,-7.81,27.64
80.85,-6.66,27.44
81.48,-5.24,27.27
82.15,-3.53,27.11
82.87,-1.56,26.97
83.62,0.65,26.87
84.50,3.02,26.84
85.39,5.50,26.92
86.33,8.01,27.09
87.25,10.51,27.44
88.18,12.89,27.90
89.25,15.08,28.51
90.47,17.01,29.31
91.70,18.48,30.27
92.63,19.32,31.08
93.33,19.65,31.59
93.64,19.56,32.00
93.80,19.26,32.34
93.96,18.84,32.67
94.15,18.31,33.01
94.30,17.68,33.30
94.36,16.96,33.54
94.38,16.15,33.72
94.45,15.26,33.85
94.59,14.28,33.92
94.79,13.24,33.92
95.01,12.14,33.83
95.24,10.98,33.64
95.46,9.76,33.35
95.71,8.52,32.97
95.98,7.30,32.52
96.25,6.14,32.01
96.49,5.07,31.46
96.69,4.12,30.94
96.92,3.27,30.52
97.30,2.59,30.24
97.74,2.07,30.13
98.09,1.62,30.18
98.31,1.11,30.39
98.31,0.39,30.71
98.16,-0.64,31.16
98.06,-1.91,31.78
98.10,-3.30,32.49
98.25,-4.67,33.24
98.45,-5.92,33.93
98.63,-7.03,34.56
98.76,-7.99,35.10
98.83,-8.81,35.58
98.86,-9.51,36.03
98.86,-10.11,36.43
98.81,-10.63,36.80
98.70,-11.09,37.14
98.55,-11.51,37.41
98.36,-11.94,37.62
98.12,-12.38,37.74
97.79,-12.81,37.76
97.34,-13.24,37.65
96.80,-13.68,37.39
96.19,-14.12,36.94
95.54,-14.59,36.32
94.89,-15.07,35.55
94.29,-15.55,34.63
93.74,-16.01,33.61
93.24,-16.44,32.49
92.73,-16.82,31.30
92.22,-17.11,30.06
91.70,-17.25,28.76
91.18,-17.20,27.43
90.70,-16.96,26.07
90.30,-16.54,24.69
90.03,-15.99,23.32
89.92,-15.35,21.98
90.06,-14.57,20.71
90.47,-13.81,19.52
90.95,-13.04,18.42
91.37,-12.28,17.44
91.64,-11.54,16.59
91.76,-10.82,15.86
91.72,-10.12,15.27
91.51,-9.45,14.81
91.16,-8.74,14.48
90.74,-7.97,14.25
90.30,-7.15,14.10
89.89,-6.24,13.98
89.46,-5.26,13.87
89.06,-4.20,13.75
88.74,-3.07,13.61
88.39,-2.27,13.36
87.35,-3.53,13.43
89.33,-4.95,14.41
90.90,-6.17,15.56
91.82,-7.60,16.33
92.02,-8.89,16.17
91.84,-10.25,15.75
91.89,-11.38,15.50
91.83,-12.26,15.41
91.80,-13.01,15.37
91.81,-13.70,15.48
91.58,-14.26,15.96
91.39,-14.56,16.31
91.31,-14.68,16.50
91.28,-14.79,16.62
91.30,-14.89,16.71
91.34,-14.97,16.77
91.31,-14.99,16.83
91.24,-14.99,16.89
91.14,-14.96,16.96
91.06,-14.91,17.02
91.01,-14.87,17.06
90.99,-14.82,17.10
91.00,-14.78,17.12
91.04,-14.75,17.13
91.10,-14.72,17.13
91.16,-14.70,17.14
91.22,-14.67,17.15
91.24,-14.63,17.17
91.25,-14.58,17.20
91.24,-14.52,17.22
91.25,-14.46,17.25
91.26,-14.39,17.27
91.28,-14.31,17.28
91.32,-14.24,17.29
91.36,-14.18,17.29
91.39,-14.12,17.30
91.41,-14.05,17.32
91.41,-13.99,17.33
91.40,-13.92,17.35
91.39,-13.86,17.37
91.37,-13.79,17.39
91.37,-13.73,17.41
91.39,-13.68,17.41
91.41,-13.62,17.42
91.45,-13.57,17.42
91.49,-13.52,17.41
91.54,-13.47,17.40
91.60,-13.43,17.39
91.64,-13.38,17.39
91.66,-13.33,17.39
91.68,-13.28,17.39
91.69,-13.21,17.40
91.72,-13.15,17.40
91.77,-13.08,17.40
91.81,-13.01,17.39
91.85,-12.94,17.40
91.90,-12.87,17.40
91.94,-12.80,17.40
91.96,-12.72,17.41
91.98,-12.63,17.43
91.98,-12.54,17.45
91.97,-12.45,17.47
91.96,-12.35,17.49
91.94,-12.25,17.51
91.92,-12.16,17.54
91.90,-12.05,17.57
91.88,-11.95,17.59
91.86,-11.83,17.62
91.85,-11.69,17.63
91.85,-11.52,17.64
91.87,-11.32,17.64
91.91,-11.13,17.62
91.94,-10.99,17.62
91.96,-10.90,17.63
91.97,-10.84,17.65
91.96,-10.77,17.67
91.92,-10.68,17.70
91.85,-10.57,17.73
91.76,-10.42,17.76
91.65,-10.23,17.78
91.56,-10.02,17.78
91.49,-9.85,17.78
91.41,-9.73,17.80
91.32,-9.62,17.83
91.24,-9.52,17.85
91.18,-9.41,17.86
91.13,-9.29,17.87
91.11,-9.16,17.86
91.12,-9.01,17.83
91.16,-8.84,17.78
91.23,-8.65,17.72
91.30,-8.44,17.65
91.41,-8.23,17.59
91.54,-7.99,17.54
91.71,-7.68,17.47
91.96,-7.25,17.40
92.30,-6.62,17.33
92.73,-5.76,17.29
93.21,-4.60,17.38
93.72,-3.15,17.61
94.29,-1.38,17.95
94.99,0.67,18.42
95.82,2.94,19.02
96.81,5.36,19.73
97.96,7.83,20.59
99.22,10.28,21.64
100.54,12.65,22.83
101.82,14.81,24.15
103.19,16.68,25.52
104.79,18.21,27.07
106.33,19.28,28.72
107.49,19.83,30.12
108.39,19.97,31.28
108.60,19.73,32.28
108.30,19.22,32.93
107.98,18.54,33.30
107.91,17.79,33.50
108.03,17.02,33.48
108.16,16.32,33.21
108.22,15.71,32.71
108.26,15.21,32.06
108.34,14.77,31.36
108.46,14.33,30.65
108.58,13.87,29.94
108.67,13.38,29.23
108.75,12.87,28.49
108.85,12.32,27.75
108.98,11.72,26.98
109.19,11.03,26.20
109.47,10.27,25.40
109.80,9.45,24.60
110.11,8.61,23.85
110.31,7.81,23.17
110.40,7.03,22.58
110.39,6.22,22.12
110.34,5.33,21.85
110.26,4.41,21.76
110.13,3.53,21.82
109.99,2.72,22.00
109.90,1.98,22.27
109.86,1.27,22.54
109.85,0.58,22.76
109.88,-0.12,22.90
109.98,-0.81,22.95
110.12,-1.51,22.89
110.25,-2.24,22.74
110.33,-3.00,22.55
110.37,-3.77,22.35
110.36,-4.50,22.20
110.28,-5.13,22.12
110.08,-5.64,22.10
109.74,-6.04,22.14
109.28,-6.34,22.20
108.72,-6.57,22.28
108.07,-6.77,22.34
107.32,-6.96,22.37
106.52,-7.16,22.35
105.73,-7.40,22.24
105.00,-7.70,22.01
104.36,-8.09,21.65
103.75,-8.54,21.11
103.13,-9.04,20.39
102.47,-9.56,19.49
101.74,-10.02,18.44
100.95,-10.34,17.28
100.17,-10.44,16.04
99.46,-10.27,14.74
98.89,-9.85,13.42
98.46,-9.22,12.08
98.16,-8.47,10.75
97.98,-7.66,9.46
97.86,-6.85,8.25
97.81,-6.05,7.12
97.78,-5.25,6.08
97.73,-4.52,5.14
97.68,-3.85,4.33
97.64,-3.24,3.68
97.63,-2.72,3.20
97.64,-2.27,2.88
97.61,-1.73,2.72
97.49,-1.06,2.67
97.20,-0.28,2.72
96.72,0.61,2.82
96.15,1.57,2.98
95.57,2.58,3.20
95.07,3.60,3.47
94.75,4.61,3.76
94.62,5.56,4.08
94.65,6.32,4.31
94.70,5.18,4.24
96.58,3.36,5.58
98.74,1.61,6.96
99.74,-0.25,7.76
98.99,-1.96,7.43
97.90,-3.32,7.11
97.85,-4.33,7.16
97.93,-5.20,7.14
98.00,-5.97,7.47
98.02,-6.54,7.74
98.11,-6.88,7.85
98.21,-7.02,7.87
98.36,-7.15,7.87
98.45,-7.26,7.90
98.40,-7.31,7.96
98.23,-7.31,8.05
98.01,-7.27,8.16
97.79,-7.19,8.25
97.62,-7.07,8.31
97.54,-6.97,8.34
97.54,-6.90,8.35
97.59,-6.86,8.34
97.65,-6.84,8.33
97.72,-6.82,8.32
97.78,-6.81,8.33
97.83,-6.81,8.33
97.86,-6.79,8.34
97.89,-6.77,8.34
97.91,-6.71,8.35
97.92,-6.63,8.35
97.92,-6.54,8.36
97.92,-6.44,8.36
97.91,-6.34,8.37
97.89,-6.24,8.38
97.85,-6.15,8.39
97.79,-6.07,8.41
97.73,-5.99,8.44
97.65,-5.92,8.47
97.58,-5.84,8.50
97.52,-5.77,8.52
97.46,-5.70,8.55
97.41,-5.62,8.57
97.37,-5.54,8.59
97.34,-5.46,8.61
97.31,-5.38,8.63
97.27,-5.30,8.64
97.22,-5.21,8.66
97.17,-5.13,8.68
97.12,-5.05,8.70
97.07,-4.97,8.73
97.01,-4.91,8.75
96.96,-4.85,8.78
96.90,-4.78,8.80
96.85,-4.73,8.83
96.79,-4.68,8.87
96.73,-4.62,8.90
96.68,-4.56,8.94
96.62,-4.49,8.97
96.56,-4.42,9.01
96.48,-4.35,9.05
96.40,-4.28,9.09
96.31,-4.23,9.13
96.23,-4.17,9.17
96.16,-4.11,9.22
96.10,-4.03,9.25
96.06,-3.94,9.27
96.05,-3.85,9.28
96.06,-3.76,9.28
96.05,-3.68,9.29
96.03,-3.59,9.30
95.98,-3.51,9.32
95.92,-3.43,9.33
95.85,-3.37,9.36
95.76,-3.31,9.40
95.66,-3.25,9.43
95.55,-3.16,9.47
95.45,-3.07,9.51
95.35,-2.97,9.53
95.24,-2.86,9.56
95.13,-2.74,9.58
95.03,-2.62,9.59
94.94,-2.51,9.59
94.87,-2.41,9.60
94.79,-2.32,9.61
94.72,-2.25,9.63
94.65,-2.19,9.64
94.58,-2.15,9.67
94.51,-2.08,9.69
94.43,-2.00,9.71
94.36,-1.91,9.72
94.30,-1.80,9.73
94.25,-1.69,9.71
94.22,-1.55,9.68
94.19,-1.39,9.64
94.17,-1.20,9.58
94.16,-0.96,9.49
94.18,-0.65,9.36
94.23,-0.26,9.21
94.32,0.24,9.09
94.44,0.89,9.05
94.61,1.74,9.08
94.85,2.80,9.15
95.10,4.09,9.34
95.42,5.59,9.65
95.81,7.35,10.05
96.33,9.41,10.59
96.98,11.71,11.21
97.85,14.23,11.94
98.97,16.88,12.83
100.36,19.58,13.86
101.94,22.22,15.07
103.58,24.69,16.54
105.37,26.95,18.23
107.40,28.83,20.28
109.53,30.04,22.36
111.50,30.55,24.07
112.31,30.28,25.20
112.16,29.58,25.72
111.99,28.64,26.00
112.26,27.60,26.29
112.71,26.55,26.47
112.96,25.53,26.38
113.02,24.57,26.00
113.09,23.67,25.44
113.29,22.81,24.78
113.57,21.99,24.01
113.81,21.19,23.09
114.00,20.41,22.02
114.17,19.62,20.82
114.33,18.83,19.54
114.51,18.09,18.24
114.70,17.41,17.00
114.94,16.82,15.89
115.18,16.35,14.96
115.33,15.95,14.23
115.31,15.54,13.67
115.21,15.04,13.26
115.10,14.41,13.05
114.98,13.62,13.03
114.82,12.70,13.20
114.59,11.72,13.52
114.26,10.73,13.98
113.89,9.76,14.56
113.53,8.84,15.25
113.22,8.00,15.98
112.97,7.22,16.70
112.79,6.49,17.37
112.68,5.80,17.97
112.63,5.12,18.49
112.60,4.45,18.91
112.56,3.80,19.20
112.45,3.15,19.33
112.26,2.51,19.28
111.95,1.88,19.01
111.53,1.25,18.50
111.02,0.64,17.74
110.41,0.12,16.76
109.72,-0.22,15.58
108.87,-0.28,14.19
107.78,-0.03,12.58
106.41,0.48,10.81
104.81,1.13,8.94
103.19,1.82,7.09
101.76,2.44,5.37
100.71,2.98,3.88
100.13,3.44,2.68
99.97,3.90,1.74
100.10,4.37,1.04
100.40,4.90,0.56
100.78,5.48,0.25
101.17,6.14,0.09
101.48,6.91,0.01
101.63,7.80,360.00
101.53,8.80,0.01
101.17,9.87,0.02
100.60,11.02,0.05
99.89,12.28,0.11
99.11,13.65,0.21
98.30,14.38,0.08
98.22,12.78,0.13
100.72,10.92,1.24
102.26,9.09,2.36
102.73,7.27,2.75
102.15,5.76,2.23
101.70,4.34,1.59
101.74,3.03,1.12
101.56,1.82,0.64
101.31,0.66,0.30
101.15,-0.43,0.41
100.88,-1.31,0.91
100.72,-1.73,1.18
100.71,-2.03,1.30
100.86,-2.36,1.36
100.92,-2.57,1.41
100.85,-2.68,1.47
100.65,-2.74,1.56
100.37,-2.77,1.68
100.09,-2.77,1.79
99.87,-2.76,1.86
99.73,-2.75,1.89
99.70,-2.75,1.90
99.72,-2.77,1.88
99.78,-2.78,1.87
99.87,-2.77,1.84
99.96,-2.74,1.83
100.01,-2.71,1.82
100.03,-2.68,1.83
100.04,-2.64,1.84
100.03,-2.60,1.85
100.03,-2.55,1.87
100.03,-2.50,1.88
100.01,-2.44,1.90
99.97,-2.39,1.92
99.91,-2.34,1.95
99.84,-2.30,1.98
99.75,-2.25,2.02
99.66,-2.21,2.06
99.57,-2.16,2.10
99.47,-2.12,2.14
99.36,-2.07,2.19
99.25,-2.03,2.25
99.14,-1.99,2.30
99.04,-1.95,2.35
98.95,-1.91,2.40
98.86,-1.88,2.45
98.76,-1.83,2.50
98.64,-1.77,2.56
98.50,-1.71,2.63
98.35,-1.63,2.69
98.19,-1.56,2.74
98.02,-1.50,2.80
97.84,-1.45,2.87
97.64,-1.41,2.94
97.46,-1.36,3.00
97.28,-1.31,3.07
97.10,-1.25,3.14
96.91,-1.18,3.20
96.72,-1.12,3.26
96.55,-1.05,3.33
96.39,-0.99,3.40
96.26,-0.93,3.47
96.12,-0.86,3.54
95.98,-0.78,3.60
95.85,-0.68,3.66
95.71,-0.56,3.71
95.56,-0.41,3.76
95.40,-0.31,3.82
95.26,-0.25,3.88
95.15,-0.22,3.94
95.03,-0.20,4.00
94.91,-0.17,4.07
94.77,-0.13,4.14
94.62,-0.07,4.20
94.49,0.00,4.24
94.37,0.11,4.25
94.25,0.26,4.24
94.16,0.42,4.21
94.09,0.55,4.17
94.03,0.67,4.13
93.98,0.78,4.08
93.92,0.89,4.04
93.85,0.99,3.99
93.78,1.06,3.96
93.73,1.11,3.94
93.68,1.15,3.91
93.64,1.22,3.88
93.62,1.29,3.84
93.62,1.37,3.79
93.62,1.48,3.72
93.63,1.60,3.63
93.65,1.76,3.52
93.66,1.96,3.39
93.67,2.24,3.25
93.66,2.63,3.04
93.65,3.21,2.85
93.61,4.03,2.80
93.59,5.17,2.87
93.62,6.65,3.03
93.69,8.48,3.30
93.84,10.55,3.67
94.07,12.90,4.15
94.51,15.53,4.75
95.23,18.35,5.46
96.19,21.27,6.24
97.37,24.27,7.09
98.61,27.24,8.08
99.72,30.13,9.21
101.12,32.97,10.54
102.91,35.54,12.11
104.55,37.59,13.48
105.10,38.39,13.99
104.75,38.33,13.83
104.39,37.84,13.41
104.49,37.02,13.11
104.97,36.02,12.90
105.45,34.91,12.62
105.64,33.78,12.15
105.58,32.61,11.49
105.54,31.41,10.79
105.59,30.20,10.03
105.68,28.98,9.18
105.74,27.78,8.21
105.75,26.59,7.15
105.76,25.37,6.05
105.80,24.11,4.94
105.86,22.87,3.86
105.97,21.70,2.85
106.11,20.69,1.95
106.30,19.85,1.26
106.55,19.18,0.84
106.79,18.63,0.72
106.90,18.13,0.84
106.94,17.63,1.15
106.98,17.01,1.63
107.12,16.23,2.30
107.38,15.27,3.12
107.72,14.15,4.08
108.12,12.93,5.13
108.52,11.70,6.25
108.87,10.55,7.42
109.12,9.56,8.62
109.23,8.78,9.83
109.19,8.20,10.99
109.01,7.78,12.06
108.73,7.43,12.97
108.36,7.10,13.67
107.97,6.73,14.12
107.61,6.31,14.29
107.34,5.81,14.16
107.14,5.28,13.71
106.89,4.75,12.90
106.45,4.30,11.74
105.70,3.98,10.27
104.62,3.85,8.54
103.25,3.92,6.65
101.70,4.20,4.69
100.07,4.67,2.74
98.49,5.32,0.87
97.07,6.08,359.19
95.88,6.89,357.72
94.91,7.69,356.51
94.13,8.42,355.54
93.52,9.08,354.79
93.03,9.66,354.22
92.68,10.22,353.78
92.52,10.81,353.41
92.52,11.54,353.09
92.53,12.43,352.82
92.33,11.91,352.19
93.96,10.59,352.90
96.55,9.10,353.97
97.69,7.64,354.65
97.29,6.43,354.29
96.55,5.40,353.82
96.50,4.43,353.57
96.25,3.49,353.30
95.95,2.56,353.08
95.51,1.75,353.09
94.94,1.09,353.23
94.60,0.52,353.34
94.23,0.04,353.59
93.93,-0.30,353.88
93.77,-0.60,354.07
93.68,-0.88,354.21
93.66,-1.13,354.32
93.66,-1.30,354.39
93.64,-1.37,354.45
93.57,-1.37,354.50
93.46,-1.33,354.55
93.33,-1.27,354.61
93.22,-1.21,354.66
93.14,-1.17,354.70
93.09,-1.14,354.73
93.09,-1.15,354.75
93.12,-1.16,354.77
93.18,-1.17,354.79
93.26,-1.16,354.82
93.33,-1.13,354.84
93.38,-1.09,354.86
93.38,-1.04,354.89
93.36,-1.00,354.92
93.32,-0.95,354.96
93.29,-0.90,354.99
93.25,-0.85,355.02
93.20,-0.81,355.05
93.15,-0.77,355.08
93.10,-0.75,355.11
93.05,-0.75,355.15
92.99,-0.75,355.18
92.93,-0.78,355.21
92.89,-0.82,355.24
92.85,-0.86,355.27
92.83,-0.89,355.31
92.83,-0.90,355.34
92.84,-0.89,355.36
92.86,-0.87,355.39
92.87,-0.84,355.42
92.86,-0.81,355.44
92.81,-0.79,355.47
92.73,-0.77,355.50
92.63,-0.76,355.54
92.50,-0.74,355.58
92.36,-0.72,355.64
92.22,-0.67,355.70
92.07,-0.61,355.77
91.93,-0.52,355.83
91.76,-0.42,355.89
91.59,-0.30,355.95
91.43,-0.17,355.99
91.27,-0.06,356.04
91.12,0.02,356.09
90.99,0.08,356.14
90.87,0.13,356.20
90.78,0.19,356.24
90.70,0.26,356.27
90.63,0.35,356.29
90.58,0.45,356.31
90.53,0.56,356.32
90.51,0.65,356.32
90.50,0.73,356.33
90.50,0.79,356.34
90.48,0.86,356.35
90.46,0.93,356.36
90.46,1.01,356.34
90.51,1.14,356.29
90.61,1.31,356.20
90.78,1.57,356.08
91.03,1.94,355.92
91.35,2.45,355.72
91.69,3.15,355.55
92.03,4.12,355.47
92.38,5.34,355.46
92.76,6.80,355.54
93.15,8.55,355.69
93.60,10.55,356.01
94.12,12.77,356.45
94.75,15.13,357.01
95.55,17.61,357.67
96.51,20.12,358.44
97.62,22.63,359.34
98.89,25.11,0.42
100.33,27.43,1.68
102.01,29.44,3.18
103.73,31.03,4.72
105.12,32.15,5.99
105.57,32.63,6.80
105.30,32.51,7.16
104.96,31.88,7.27
104.90,30.92,7.33
105.06,29.86,7.30
105.22,28.85,7.07
105.22,27.98,6.58
105.14,27.26,5.83
105.07,26.63,4.91
105.09,26.07,3.88
105.14,25.57,2.79
105.11,25.14,1.63
104.87,24.70,0.33
104.44,24.17,358.90
103.96,23.52,357.42
103.57,22.78,355.93
103.35,21.95,354.45
103.29,21.07,353.01
103.39,20.19,351.63
103.60,19.35,350.38
103.91,18.64,349.33
104.24,18.10,348.55
104.48,17.75,347.99
104.58,17.51,347.64
104.35,17.28,347.39
103.64,16.98,347.14
102.55,16.46,346.86
101.28,15.63,346.59
100.19,14.46,346.43
99.58,13.05,346.45
99.47,11.55,346.63
99.60,10.10,346.86
99.69,8.78,347.03
99.60,7.61,347.12
99.35,6.62,347.18
99.00,5.87,347.25
98.61,5.34,347.36
98.22,5.01,347.51
97.80,4.81,347.70
97.35,4.68,347.95
96.90,4.56,348.20
96.43,4.44,348.39
95.90,4.31,348.48
95.26,4.18,348.42
94.52,4.02,348.19
93.71,3.84,347.78
92.92,3.65,347.20
92.21,3.46,346.53
91.65,3.33,345.84
91.30,3.28,345.20
91.18,3.37,344.67
91.24,3.59,344.28
91.41,3.95,344.02
91.60,4.43,343.90
91.74,4.99,343.88
91.75,5.60,343.93
91.61,6.29,344.03
91.27,7.03,344.14
90.75,7.84,344.23
90.11,8.64,344.27
89.45,9.38,344.26
88.83,10.03,344.19
88.05,10.69,344.04
87.25,11.37,343.88
86.51,12.14,343.69
85.83,13.00,343.49
85.20,13.58,342.97
85.47,12.29,342.73
87.93,10.96,344.33
88.87,9.43,345.01
88.06,7.94,344.85
87.49,6.59,344.14
87.29,5.55,344.03
86.95,4.79,344.19
86.62,4.37,344.47
86.45,4.19,344.57
86.47,4.00,344.60
86.80,3.78,344.61
87.01,3.72,344.60
87.10,3.74,344.61
87.00,3.80,344.63
86.80,3.89,344.67
86.58,4.01,344.70
86.40,4.12,344.73
86.24,4.20,344.76
86.08,4.25,344.79
85.95,4.28,344.84
85.82,4.30,344.88
85.69,4.31,344.93
85.59,4.31,344.97
85.49,4.32,345.01
85.39,4.33,345.05
85.30,4.35,345.08
85.22,4.39,345.10
85.15,4.44,345.12
85.08,4.50,345.13
85.01,4.57,345.14
84.94,4.63,345.15
84.87,4.69,345.16
84.80,4.75,345.17
84.72,4.80,345.18
84.63,4.84,345.20
84.54,4.88,345.21
84.45,4.91,345.23
84.36,4.94,345.25
84.29,4.98,345.26
84.22,5.01,345.28
84.17,5.04,345.29
84.11,5.07,345.30
84.06,5.10,345.32
83.99,5.13,345.33
83.91,5.16,345.35
83.81,5.18,345.37
83.72,5.21,345.39
83.60,5.24,345.41
83.48,5.26,345.45
83.34,5.29,345.49
83.19,5.32,345.53
83.03,5.34,345.57
82.85,5.35,345.62
82.66,5.37,345.67
82.46,5.39,345.73
82.22,5.42,345.80
81.97,5.47,345.89
81.73,5.53,345.96
81.57,5.59,346.01
81.49,5.65,346.05
81.46,5.69,346.08
81.45,5.72,346.11
81.47,5.73,346.13
81.50,5.74,346.15
81.52,5.75,346.17
81.51,5.76,346.19
81.48,5.76,346.22
81.43,5.77,346.25
81.36,5.79,346.30
81.27,5.83,346.34
81.16,5.88,346.39
81.02,5.94,346.43
80.80,6.02,346.47
80.61,6.09,346.50
80.43,6.18,346.52
80.26,6.27,346.53
80.10,6.36,346.54
79.97,6.43,346.55
79.86,6.47,346.57
79.75,6.49,346.61
79.67,6.49,346.64
79.60,6.48,346.68
79.55,6.46,346.71
79.50,6.43,346.74
79.46,6.43,346.77
79.44,6.44,346.78
79.45,6.47,346.77
79.49,6.52,346.74
79.55,6.60,346.69
79.63,6.68,346.61
79.73,6.75,346.53
79.83,6.82,346.43
79.94,6.92,346.31
80.03,7.14,346.13
80.06,7.53,345.84
80.12,8.17,345.59
80.25,9.12,345.37
80.44,10.45,345.12
80.63,12.15,344.85
80.76,14.16,344.56
81.01,16.36,344.37
81.38,18.82,344.28
81.88,21.51,344.23
82.47,24.37,344.19
83.24,27.38,344.17
84.34,30.56,344.32
85.85,33.79,344.74
87.79,36.88,345.64
90.27,39.60,346.98
92.54,41.66,348.31
93.36,42.46,349.07
93.08,42.25,349.35
92.81,41.39,349.48
93.02,40.18,349.73
93.58,38.88,350.00
94.08,37.59,350.04
94.21,36.42,349.69
94.01,35.37,348.92
93.74,34.40,347.81
93.62,33.48,346.49
93.64,32.63,345.02
93.61,31.83,343.40
93.38,31.05,341.59
92.94,30.24,339.65
92.42,29.31,337.71
91.94,28.27,335.88
91.54,27.19,334.24
91.23,26.14,332.84
91.00,25.18,331.79
90.80,24.31,331.14
90.48,23.46,330.86
89.99,22.56,330.89
89.42,21.64,331.20
88.95,20.75,331.83
88.63,19.90,332.77
88.46,19.11,333.97
88.35,18.39,335.36
88.25,17.70,336.85
88.18,17.05,338.40
88.18,16.43,339.96
88.28,15.83,341.49
88.47,15.21,342.98
88.74,14.55,344.39
89.04,13.84,345.71
89.32,13.08,346.91
89.56,12.31,347.98
89.72,11.53,348.90
89.75,10.78,349.69
89.61,10.11,350.30
89.28,9.54,350.71
88.76,9.06,350.90
88.06,8.67,350.81
87.21,8.32,350.39
86.21,7.98,349.61
85.00,7.56,348.46
83.61,7.03,346.97
82.12,6.36,345.23
80.68,5.62,343.37
79.44,4.90,341.51
78.61,4.35,339.77
78.31,4.09,338.24
78.49,4.18,336.91
78.93,4.69,335.78
79.39,5.57,334.88
79.67,6.68,334.22
79.73,7.91,333.81
79.59,9.16,333.60
79.24,10.37,333.56
78.69,11.51,333.65
77.99,12.64,333.83
77.27,13.86,334.07
76.67,15.24,334.32
76.26,16.77,334.56
76.12,18.37,334.79
75.92,18.01,335.24
77.88,16.43,337.26
80.45,14.96,339.54
81.56,13.33,341.12
81.38,11.40,341.43
80.86,9.58,341.34
81.12,8.19,341.41
81.41,7.09,341.51
81.50,6.14,341.73
81.77,5.26,342.16
82.31,4.39,342.67
82.63,3.69,343.12
82.87,3.21,343.41
83.00,2.95,343.60
83.12,2.81,343.71
83.14,2.79,343.77
83.00,2.86,343.82
82.74,2.97,343.90
82.46,3.14,344.00
82.20,3.34,344.08
82.02,3.51,344.10
81.92,3.63,344.11
81.90,3.67,344.11
81.91,3.62,344.13
81.94,3.53,344.15
81.97,3.40,344.19
82.01,3.26,344.24
82.06,3.14,344.29
82.11,3.06,344.34
82.16,3.00,344.37
82.18,2.97,344.40
82.19,2.97,344.43
82.18,2.97,344.47
82.17,2.96,344.51
82.15,2.95,344.55
82.12,2.94,344.59
82.06,2.92,344.64
82.00,2.90,344.71
81.94,2.88,344.77
81.90,2.85,344.84
81.87,2.82,344.90
81.87,2.79,344.97
81.88,2.75,345.03
81.91,2.70,345.08
81.96,2.66,345.14
82.02,2.62,345.19
82.06,2.58,345.24
82.11,2.56,345.30
82.13,2.55,345.35
82.12,2.56,345.40
82.09,2.58,345.46
82.04,2.60,345.52
81.98,2.64,345.58
81.93,2.67,345.64
81.88,2.71,345.69
81.83,2.73,345.75
81.77,2.74,345.81
81.72,2.74,345.87
81.69,2.75,345.94
81.66,2.78,346.00
81.63,2.83,346.06
81.60,2.90,346.10
81.58,2.99,346.12
81.55,3.08,346.13
81.52,3.16,346.15
81.49,3.23,346.17
81.46,3.28,346.21
81.41,3.31,346.25
81.35,3.31,346.31
81.30,3.31,346.37
81.25,3.30,346.44
81.20,3.30,346.50
81.14,3.33,346.56
81.07,3.38,346.61
80.99,3.45,346.66
80.93,3.51,346.70
80.86,3.58,346.73
80.79,3.64,346.76
80.70,3.68,346.79
80.61,3.69,346.83
80.52,3.69,346.89
80.45,3.68,346.93
80.41,3.68,346.97
80.38,3.70,346.98
80.37,3.73,346.98
80.36,3.77,346.98
80.36,3.81,346.96
80.37,3.86,346.94
80.38,3.90,346.92
80.40,3.90,346.91
80.43,3.88,346.91
80.46,3.83,346.91
80.50,3.79,346.92
80.54,3.76,346.92
80.57,3.75,346.91
80.59,3.75,346.89
80.61,3.76,346.88
80.65,3.76,346.86
80.69,3.79,346.82
80.73,3.83,346.76
80.79,3.90,346.69
80.87,3.99,346.59
80.97,4.11,346.47
81.10,4.29,346.30
81.22,4.59,346.07
81.27,5.04,345.79
81.30,5.65,345.58
81.38,6.44,345.48
81.44,7.38,345.43
81.49,8.47,345.39
81.55,9.71,345.36
81.62,11.10,345.34
81.70,12.62,345.34
81.81,14.27,345.35
82.00,16.00,345.41
82.25,17.77,345.52
82.56,19.57,345.67
82.86,21.39,345.82
83.21,23.23,346.02
83.57,25.06,346.26
83.85,26.80,346.46
84.22,28.51,346.70
84.83,30.19,347.03
85.56,31.83,347.43
86.27,33.41,347.79
86.79,34.73,347.91
87.10,35.80,347.66
87.09,36.42,347.15
86.94,36.34,346.58
87.07,35.85,346.15
87.57,35.19,345.96
88.33,34.45,345.97
88.95,33.74,345.97
89.37,33.12,345.96
89.50,32.53,345.89
89.63,32.01,345.90
89.83,31.51,346.02
89.99,31.03,346.15
89.98,30.54,346.20
89.86,29.96,346.16
89.77,29.20,346.12
89.82,28.26,346.10
90.02,27.19,346.13
90.30,26.08,346.16
90.58,24.98,346.15
90.80,23.90,346.08
90.95,22.84,345.94
91.06,21.79,345.71
91.16,20.72,345.44
91.26,19.67,345.16
91.30,18.65,344.89
91.26,17.67,344.63
91.18,16.70,344.38
91.09,15.71,344.15
91.01,14.71,343.92
90.94,13.69,343.67
90.89,12.68,343.39
90.84,11.69,343.07
90.78,10.72,342.71
90.71,9.78,342.31
90.63,8.88,341.89
90.52,8.03,341.46
90.39,7.26,341.01
90.24,6.56,340.55
90.07,5.96,340.06
89.88,5.46,339.55
89.68,5.06,339.00
89.50,4.78,338.42
89.35,4.63,337.83
89.24,4.63,337.22
89.17,4.78,336.60
89.08,5.19,335.97
88.57,5.49,335.41
89.06,5.08,335.15
89.61,4.19,334.47
89.50,3.49,333.78
89.26,2.94,332.74
88.86,2.60,331.62
88.32,2.42,330.69
87.76,2.39,330.20
87.30,2.52,330.31
87.26,2.57,330.55
87.21,2.63,330.66
87.03,2.68,330.70
86.79,2.75,330.79
86.38,2.87,330.93
85.88,2.97,331.08
85.44,3.03,331.21
85.09,3.07,331.32
84.83,3.09,331.41
84.65,3.08,331.46
84.56,3.04,331.50
84.51,2.99,331.53
84.46,2.95,331.55
84.42,2.92,331.58
84.36,2.90,331.61
84.27,2.89,331.66
84.14,2.87,331.71
83.98,2.86,331.77
83.80,2.85,331.83
83.60,2.84,331.91
83.40,2.84,331.99
83.20,2.86,332.06
83.02,2.90,332.13
82.86,2.95,332.20
82.70,3.01,332.26
82.56,3.09,332.31
82.43,3.18,332.36
82.30,3.29,332.41
82.18,3.40,332.46
82.08,3.52,332.50
81.99,3.65,332.54
81.92,3.79,332.57
81.86,3.93,332.59
81.80,4.05,332.62
81.73,4.15,332.64
81.66,4.25,332.67
81.58,4.32,332.70
81.50,4.37,332.73
81.42,4.38,332.75
81.34,4.35,332.78
81.25,4.31,332.81
81.15,4.26,332.83
81.04,4.24,332.87
80.93,4.27,332.91
80.83,4.34,332.95
80.72,4.42,332.99
80.60,4.48,333.03
80.48,4.51,333.08
80.34,4.51,333.12
80.20,4.48,333.16
80.04,4.43,333.20
79.86,4.40,333.25
79.70,4.39,333.30
79.55,4.39,333.34
79.41,4.41,333.39
79.27,4.41,333.42
79.15,4.41,333.46
79.03,4.40,333.49
78.93,4.37,333.52
78.82,4.34,333.55
78.72,4.32,333.59
78.62,4.31,333.62
78.53,4.33,333.66
78.43,4.40,333.69
78.31,4.52,333.73
78.20,4.68,333.76
78.09,4.79,333.77
78.02,4.84,333.78
77.95,4.87,333.79
77.89,4.90,333.81
77.85,4.91,333.81
77.82,4.90,333.82
77.79,4.88,333.84
77.75,4.88,333.85
77.72,4.90,333.85
77.68,4.95,333.85
77.66,5.05,333.84
77.65,5.21,333.80
77.69,5.44,333.71
77.80,5.69,333.60
77.96,5.95,333.46
78.15,6.22,333.33
78.37,6.47,333.22
78.63,6.74,333.13
78.92,7.06,333.03
79.26,7.53,332.93
79.65,8.21,332.82
80.15,9.17,332.76
80.78,10.38,332.79
81.52,11.85,332.90
82.46,13.51,333.13
83.52,15.34,333.46
84.72,17.30,333.97
86.15,19.26,334.70
87.64,21.08,335.66
89.30,22.68,336.88
90.89,24.02,338.42
92.24,25.13,340.23
93.17,25.90,342.10
93.73,26.20,343.82
93.77,26.06,345.26
93.53,25.47,346.29
93.41,24.62,346.99
93.56,23.79,347.42
93.92,23.10,347.55
94.28,22.55,347.34
94.55,22.06,346.84
94.84,21.57,346.22
95.22,21.10,345.63
95.68,20.67,345.11
96.09,20.28,344.68
96.25,19.86,344.28
96.16,19.35,343.92
96.00,18.71,343.68
95.88,17.98,343.60
95.80,17.26,343.66
95.70,16.55,343.81
95.52,15.87,344.01
95.33,15.21,344.23
95.19,14.57,344.45
95.12,13.97,344.65
95.07,13.42,344.80
94.98,12.91,344.85
94.82,12.43,344.77
94.64,11.95,344.57
94.46,11.45,344.25
94.32,10.93,343.82
94.23,10.40,343.30
94.16,9.89,342.73
94.08,9.41,342.12
93.97,8.98,341.51
93.86,8.58,340.93
93.74,8.19,340.40
93.56,7.82,339.90
93.27,7.46,339.43
92.90,7.09,338.98
92.53,6.66,338.59
92.16,6.20,338.23
91.80,5.77,337.88
91.45,5.40,337.51
91.13,5.10,337.11
90.83,4.87,336.66
90.58,4.71,336.17
90.39,4.59,335.65
90.24,4.53,335.10
90.10,4.53,334.50
89.95,4.55,333.88
89.77,4.55,333.26
89.66,4.49,332.67
89.65,4.42,332.14
89.71,4.37,331.65
89.76,4.36,331.19
89.78,4.41,330.73
89.79,4.51,330.31
89.88,4.69,329.95
90.03,4.95,329.62
90.18,5.32,329.30
90.24,5.78,328.94
90.18,6.27,328.50
90.07,6.74,327.99
90.02,7.16,327.46
90.04,7.52,326.94
90.06,7.84,326.45
90.04,8.16,325.98
89.96,8.51,325.50
88.90,8.35,324.76
88.20,7.58,324.02
87.87,6.76,323.67
87.63,6.11,323.50
87.40,5.31,323.47
86.93,4.51,323.46
86.13,3.87,323.58
85.14,3.38,323.87
84.17,3.22,324.20
83.48,3.12,324.47
83.31,3.04,324.59
83.18,3.05,324.66
83.00,3.12,324.74
82.83,3.20,324.81
82.69,3.29,324.88
82.58,3.36,324.93
82.48,3.39,324.99
82.38,3.40,325.05
82.27,3.38,325.11
82.10,3.34,325.19
81.78,3.31,325.32
81.43,3.32,325.46
81.08,3.35,325.60
80.75,3.42,325.71
80.49,3.50,325.81
80.27,3.60,325.88
80.08,3.69,325.94
79.89,3.77,326.00
79.70,3.83,326.07
79.49,3.90,326.14
79.29,3.95,326.21
79.10,4.00,326.28
78.92,4.02,326.34
78.77,4.05,326.41
78.64,4.06,326.46
78.53,4.07,326.51
78.43,4.08,326.55
78.35,4.10,326.58
78.28,4.11,326.61
78.22,4.13,326.64
78.16,4.14,326.67
78.10,4.14,326.69
78.04,4.14,326.72
77.97,4.13,326.75
77.90,4.10,326.79
77.82,4.09,326.83
77.75,4.07,326.86
77.67,4.06,326.90
77.60,4.05,326.93
77.53,4.04,326.97
77.45,4.04,327.01
77.38,4.04,327.04
77.30,4.03,327.08
77.21,4.03,327.12
77.12,4.04,327.17
77.02,4.05,327.21
76.92,4.06,327.25
76.80,4.07,327.29
76.66,4.09,327.35
76.51,4.11,327.40
76.33,4.14,327.44
76.10,4.18,327.49
75.80,4.22,327.56
75.55,4.25,327.63
75.30,4.27,327.70
75.09,4.30,327.76
74.93,4.30,327.81
74.79,4.34,327.85
74.67,4.39,327.88
74.54,4.45,327.89
74.45,4.51,327.89
74.37,4.58,327.89
74.31,4.64,327.89
74.26,4.67,327.90
74.22,4.69,327.90
74.20,4.67,327.91
74.19,4.66,327.90
74.23,4.72,327.86
74.27,4.80,327.81
74.31,4.86,327.73
74.33,4.93,327.66
74.35,4.93,327.60
74.35,5.00,327.55
74.36,5.09,327.49
74.40,5.24,327.38
74.50,5.45,327.18
74.68,5.82,326.88
74.99,6.40,326.53
75.51,7.24,326.16
76.21,8.43,325.78
77.12,10.04,325.39
78.20,12.04,325.02
79.35,14.42,324.68
80.60,17.14,324.43
81.93,20.15,324.23
83.40,23.33,324.15
85.25,26.62,324.21
87.55,29.68,324.48
89.58,32.02,325.10
89.99,33.17,325.76
90.00,33.21,326.67
90.52,32.80,328.01
91.22,32.32,329.48
91.49,31.96,330.66
91.36,31.61,331.47
91.25,31.09,332.04
91.39,30.37,332.48
91.63,29.51,332.73
91.77,28.59,332.70
91.77,27.61,332.44
91.76,26.51,332.11
91.83,25.32,331.83
91.86,24.10,331.62
91.81,22.90,331.47
91.70,21.70,331.38
91.57,20.50,331.37
91.43,19.31,331.44
91.28,18.14,331.60
91.10,17.00,331.83
90.89,15.87,332.15
90.62,14.74,332.55
90.30,13.60,333.02
89.94,12.46,333.55
89.52,11.32,334.12
89.04,10.15,334.70
88.56,8.90,335.29
88.13,7.57,335.93
87.74,6.21,336.60
87.36,4.87,337.28
86.99,3.60,337.94
86.71,2.44,338.57
86.51,1.48,339.17
86.41,0.82,339.71
86.36,0.47,340.19
86.11,0.27,340.63
85.60,0.02,341.12
85.01,-0.40,341.78
84.51,-0.98,342.64
84.14,-1.57,343.67
83.84,-2.09,344.81
83.62,-2.51,346.01
83.52,-2.85,347.24
83.62,-3.12,348.45
83.94,-3.33,349.58
84.40,-3.45,350.57
84.92,-3.50,351.38
85.35,-3.55,351.98
85.49,-3.70,352.36
85.38,-4.02,352.57
85.20,-4.45,352.67
85.08,-4.85,352.75
85.36,-4.80,352.74
86.29,-4.98,352.95
87.26,-5.33,353.34
87.97,-5.55,353.69
88.65,-5.74,353.87
88.15,-5.61,353.97
87.18,-5.43,354.22
86.81,-5.32,354.37
86.37,-5.14,354.47
85.77,-4.88,354.55
85.15,-4.58,354.65
84.56,-4.27,354.75
84.02,-4.00,354.84
83.52,-3.74,354.94
83.07,-3.49,355.05
82.64,-3.28,355.18
82.27,-3.11,355.31
82.03,-2.99,355.40
81.86,-2.88,355.49
81.71,-2.78,355.56
81.57,-2.68,355.63
81.45,-2.59,355.71
81.34,-2.51,355.79
81.24,-2.43,355.86
81.16,-2.36,355.92
81.10,-2.29,355.97
81.05,-2.23,356.01
81.02,-2.16,356.04
80.96,-2.09,356.07
80.93,-2.02,356.10
80.90,-1.94,356.12
80.87,-1.85,356.13
80.86,-1.75,356.12
80.85,-1.64,356.11
80.84,-1.54,356.09
80.83,-1.44,356.07
80.81,-1.34,356.05
80.81,-1.23,356.03
80.81,-1.12,355.99
80.82,-1.00,355.94
80.83,-0.87,355.88
80.84,-0.73,355.83
80.85,-0.58,355.79
80.83,-0.41,355.74
80.82,-0.21,355.72
80.80,0.01,355.71
80.78,0.23,355.72
80.75,0.46,355.74
80.71,0.68,355.77
80.66,0.90,355.81
80.59,1.10,355.86
80.51,1.30,355.89
80.44,1.49,355.91
80.38,1.65,355.91
80.32,1.80,355.91
80.28,1.95,355.92
80.26,2.10,355.92
80.26,2.25,355.93
80.26,2.41,355.94
80.27,2.56,355.94
80.27,2.70,355.94
80.27,2.86,355.94
80.28,3.02,355.95
80.27,3.18,355.96
80.26,3.34,355.96
80.23,3.51,355.97
80.18,3.70,355.99
80.11,3.91,356.01
80.03,4.14,356.04
79.95,4.42,356.09
79.86,4.75,356.14
79.79,5.14,356.20
79.72,5.60,356.26
79.68,6.16,356.33
79.69,6.86,356.39
79.75,7.71,356.41
79.86,8.74,356.37
80.03,9.97,356.28
80.30,11.45,356.14
80.66,13.16,355.93
81.02,15.11,355.67
81.26,17.28,355.37
81.37,19.75,355.03
81.40,22.47,354.69
81.27,25.43,354.31
81.00,28.51,353.81
80.76,31.65,353.25
80.48,34.84,352.68
80.11,37.86,352.08
79.63,40.73,351.40
79.27,43.29,350.43
78.86,44.86,349.63
78.28,45.53,348.87
77.62,45.58,348.04
76.95,45.15,347.25
76.44,44.44,346.61
76.15,43.59,346.17
76.12,42.70,345.92
76.39,41.84,345.89
76.95,41.07,346.05
77.63,40.40,346.31
78.32,39.76,346.62
78.91,39.12,346.91
79.31,38.39,347.14
79.51,37.48,347.30
79.56,36.38,347.38
79.66,35.13,347.47
79.91,33.76,347.62
80.35,32.31,347.83
80.91,30.80,348.09
81.49,29.24,348.33
82.01,27.60,348.54
82.44,25.89,348.70
82.83,24.15,348.86
83.21,22.41,349.05
83.60,20.68,349.32
83.99,18.93,349.67
84.35,17.13,350.08
84.61,15.26,350.50
84.72,13.32,350.86
84.72,11.31,351.13
84.65,9.25,351.31
84.56,7.14,351.39
84.47,5.01,351.36
84.41,2.88,351.23
84.37,0.76,351.01
84.37,-1.33,350.74
84.41,-3.38,350.47
84.45,-5.35,350.25
84.49,-7.23,350.12
84.50,-9.04,350.10
84.44,-10.77,350.18
84.29,-12.38,350.35
84.07,-13.81,350.58
83.79,-15.05,350.86
83.47,-16.07,351.17
83.14,-16.88,351.47
82.84,-17.52,351.75
82.57,-18.01,352.00
82.33,-18.41,352.22
82.15,-18.74,352.39
82.07,-19.05,352.51
82.13,-19.35,352.59
82.32,-19.65,352.60
82.62,-19.95,352.54
82.93,-20.17,352.37
83.22,-19.67,352.17
83.64,-18.59,352.10
83.72,-16.85,352.28
83.23,-14.63,352.70
81.76,-12.60,353.31
81.09,-12.07,353.29
80.73,-11.98,353.42
80.86,-11.99,353.52
80.84,-11.84,353.57
80.77,-11.74,353.62
80.55,-11.62,353.67
80.21,-11.45,353.73
79.91,-11.27,353.77
79.59,-11.05,353.80
79.24,-10.83,353.82
78.93,-10.60,353.86
78.73,-10.37,353.91
78.62,-10.17,353.95
78.57,-10.00,353.98
78.52,-9.85,354.02
78.44,-9.70,354.06
78.33,-9.54,354.12
78.22,-9.39,354.17
78.08,-9.23,354.22
77.91,-9.07,354.28
77.76,-8.90,354.32
77.60,-8.74,354.37
77.43,-8.58,354.42
77.25,-8.43,354.49
77.08,-8.29,354.56
76.93,-8.17,354.64
76.79,-8.05,354.71
76.66,-7.93,354.78
76.53,-7.82,354.85
76.41,-7.70,354.91
76.34,-7.59,354.96
76.29,-7.48,354.99
76.24,-7.37,355.02
76.20,-7.27,355.05
76.17,-7.17,355.07
76.13,-7.07,355.09
76.11,-6.97,355.11
76.09,-6.88,355.12
76.11,-6.81,355.12
76.12,-6.73,355.13
76.14,-6.66,355.13
76.17,-6.59,355.14
76.20,-6.51,355.14
76.23,-6.44,355.14
76.25,-6.36,355.15
76.26,-6.29,355.16
76.27,-6.21,355.18
76.27,-6.14,355.20
76.27,-6.06,355.21
76.28,-5.99,355.23
76.27,-5.91,355.25
76.27,-5.84,355.27
76.26,-5.77,355.29
76.25,-5.69,355.31
76.23,-5.62,355.34
76.21,-5.56,355.37
76.19,-5.48,355.39
