-,-,-
70.78,-7.43,152.41
70.81,-7.30,152.40
70.80,-7.13,152.39
70.78,-7.01,152.38
70.76,-6.94,152.39
70.73,-6.90,152.40
70.70,-6.87,152.40
70.69,-6.84,152.39
70.72,-6.75,152.40
70.75,-6.61,152.43
70.78,-6.45,152.48
70.69,-6.19,152.55
70.65,-5.83,152.61
70.66,-5.40,152.66
70.73,-4.92,152.67
70.95,-4.37,152.67
71.06,-3.80,152.69
71.23,-3.25,152.70
71.34,-2.73,152.70
71.44,-2.29,152.69
71.51,-1.88,152.67
71.59,-1.49,152.64
71.66,-1.09,152.61
71.74,-0.65,152.58
71.82,-0.20,152.54
71.91,0.28,152.50
71.99,0.76,152.46
72.06,1.26,152.43
72.12,1.75,152.42
72.17,2.24,152.42
72.23,2.73,152.44
72.29,3.25,152.46
72.35,3.78,152.48
72.42,4.32,152.50
72.49,4.85,152.51
72.55,5.36,152.51
72.62,5.85,152.49
72.68,6.29,152.47
72.74,6.68,152.44
72.78,7.01,152.40
72.81,7.30,152.37
72.85,7.57,152.34
72.90,7.83,152.31
72.94,8.10,152.28
72.99,8.40,152.23
73.06,8.76,152.18
73.16,9.21,152.13
73.31,9.80,152.08
73.51,10.53,152.02
73.73,11.46,151.95
73.96,12.57,151.86
74.22,13.91,151.78
74.53,15.47,151.73
74.90,17.23,151.73
75.35,19.14,151.83
75.88,21.04,152.08
76.44,22.88,152.44
76.99,24.83,152.75
77.73,26.63,153.15
78.70,28.19,153.64
79.94,29.51,154.18
81.66,30.57,154.81
83.61,31.12,155.61
84.88,30.93,156.35
85.42,30.33,156.97
85.51,29.47,157.42
85.68,28.44,157.80
86.10,27.38,158.14
86.71,26.42,158.47
87.21,25.59,158.67
87.51,24.83,158.71
87.77,24.15,158.62
88.06,23.55,158.41
88.30,23.01,158.10
88.42,22.55,157.74
88.52,22.20,157.42
88.71,21.97,157.24
89.00,21.83,157.28
89.33,21.72,157.55
89.66,21.60,158.07
90.00,21.42,158.78
90.36,21.18,159.62
90.76,20.77,160.47
91.14,20.12,161.19
91.45,19.23,161.72
91.71,18.23,162.10
91.93,17.30,162.35
92.12,16.56,162.52
92.26,16.01,162.62
92.32,15.60,162.62
92.28,15.25,162.53
92.10,14.91,162.34
91.79,14.54,162.09
91.41,14.13,161.82
91.02,13.64,161.57
90.71,13.06,161.39
90.54,12.36,161.26
90.48,11.56,161.20
90.44,10.73,161.18
90.34,9.96,161.20
90.15,9.29,161.22
89.84,8.73,161.20
89.47,8.28,161.11
89.07,7.90,160.90
88.68,7.58,160.58
88.31,7.33,160.14
87.95,7.16,159.66
87.55,7.08,159.19
87.12,7.14,158.84
86.69,7.32,158.62
86.43,7.56,158.41
86.68,6.98,157.79
86.87,6.08,157.13
87.00,5.45,156.73
87.07,4.84,156.36
87.19,4.20,156.01
87.38,3.45,155.68
87.16,2.71,155.29
86.88,1.98,155.00
86.64,1.23,154.86
86.32,0.58,154.78
86.07,-0.01,154.74
85.84,-0.47,154.70
85.65,-0.79,154.63
85.51,-0.99,154.58
85.39,-1.10,154.55
85.28,-1.15,154.55
85.15,-1.17,154.60
85.01,-1.20,154.69
84.85,-1.25,154.80
84.68,-1.32,154.92
84.50,-1.41,155.01
84.32,-1.53,155.09
84.14,-1.67,155.15
83.98,-1.85,155.17
83.84,-2.07,155.17
83.74,-2.31,155.14
83.67,-2.60,155.08
83.62,-2.91,154.99
83.58,-3.22,154.88
83.54,-3.53,154.78
83.53,-3.83,154.68
83.54,-4.12,154.58
83.60,-4.40,154.47
83.69,-4.66,154.35
83.77,-4.86,154.20
83.85,-5.03,154.06
83.93,-5.16,153.93
83.99,-5.27,153.82
84.03,-5.38,153.75
84.04,-5.50,153.70
84.03,-5.64,153.68
83.99,-5.80,153.68
83.92,-5.99,153.68
83.87,-6.19,153.67
83.82,-6.40,153.65
83.77,-6.60,153.61
83.72,-6.81,153.55
83.68,-7.01,153.49
83.63,-7.21,153.42
83.58,-7.42,153.36
83.52,-7.63,153.31
83.45,-7.85,153.28
83.38,-8.08,153.25
83.31,-8.31,153.22
83.23,-8.55,153.20
83.15,-8.77,153.19
83.07,-8.98,153.17
82.99,-9.18,153.16
82.91,-9.36,153.16
82.82,-9.51,153.17
82.75,-9.66,153.18
82.69,-9.78,153.18
82.65,-9.87,153.18
82.61,-9.94,153.18
82.58,-9.99,153.19
82.54,-10.03,153.21
82.49,-10.09,153.24
82.44,-10.15,153.27
82.39,-10.22,153.30
82.35,-10.28,153.32
82.32,-10.32,153.34
82.28,-10.33,153.35
82.25,-10.31,153.37
82.21,-10.26,153.41
82.15,-10.20,153.48
82.07,-10.13,153.58
81.99,-10.06,153.69
81.90,-10.00,153.80
81.83,-9.93,153.89
81.77,-9.87,153.97
81.71,-9.79,154.02
81.67,-9.71,154.05
81.62,-9.63,154.07
81.58,-9.55,154.09
81.54,-9.49,154.10
81.51,-9.42,154.11
81.49,-9.34,154.12
81.48,-9.26,154.14
81.48,-9.16,154.17
81.49,-9.05,154.20
81.50,-8.94,154.22
81.51,-8.83,154.25
81.52,-8.75,154.28
81.52,-8.72,154.31
81.54,-8.73,154.32
81.56,-8.76,154.31
81.59,-8.80,154.29
81.63,-8.84,154.26
81.68,-8.87,154.23
81.73,-8.87,154.18
81.77,-8.83,154.14
81.81,-8.75,154.12
81.82,-8.65,154.11
81.82,-8.58,154.11
81.80,-8.54,154.11
81.78,-8.51,154.11
81.77,-8.51,154.09
81.78,-8.53,154.03
81.79,-8.55,153.94
81.82,-8.55,153.84
81.86,-8.55,153.76
81.91,-8.49,153.69
81.95,-8.36,153.62
81.98,-8.15,153.57
82.02,-7.89,153.53
82.03,-7.57,153.50
82.03,-7.20,153.49
82.01,-6.76,153.50
81.98,-6.26,153.52
81.96,-5.71,153.57
81.95,-5.15,153.64
81.94,-4.58,153.73
81.91,-4.02,153.84
81.83,-3.42,153.96
81.68,-2.77,154.11
81.49,-2.05,154.32
81.29,-1.27,154.59
81.12,-0.40,154.91
80.99,0.56,155.26
80.87,1.64,155.63
80.81,2.81,156.01
80.84,4.06,156.40
80.95,5.35,156.80
81.08,6.64,157.22
81.18,7.88,157.66
81.24,9.07,158.05
81.27,10.21,158.41
81.32,11.26,158.73
81.60,12.36,159.03
81.95,13.16,159.29
82.03,13.46,159.46
81.83,13.30,159.57
81.78,12.81,159.73
82.08,12.21,159.98
82.38,11.65,160.24
82.43,11.11,160.42
82.26,10.67,160.52
82.15,10.29,160.60
82.20,9.93,160.67
82.37,9.61,160.73
82.62,9.36,160.78
82.95,9.19,160.80
83.34,9.05,160.79
83.69,8.87,160.75
83.90,8.62,160.68
84.02,8.32,160.62
84.14,8.01,160.62
84.29,7.72,160.71
84.51,7.46,160.90
84.79,7.17,161.18
85.12,6.80,161.50
85.45,6.28,161.82
85.76,5.61,162.08
86.04,4.81,162.27
86.30,3.98,162.36
86.54,3.16,162.36
86.76,2.41,162.27
86.88,1.76,162.08
86.86,1.21,161.78
86.66,0.77,161.40
86.32,0.42,160.96
85.88,0.14,160.48
85.41,-0.06,160.02
85.02,-0.24,159.62
84.82,-0.44,159.28
84.82,-0.70,158.99
84.91,-1.01,158.74
84.99,-1.35,158.49
84.99,-1.71,158.21
84.86,-2.10,157.89
84.61,-2.55,157.53
84.29,-3.09,157.13
83.96,-3.71,156.74
83.69,-4.37,156.35
83.53,-5.07,155.98
83.49,-5.71,155.60
83.53,-6.21,155.21
83.57,-6.52,154.78
83.53,-6.65,154.32
83.36,-6.65,153.83
83.10,-6.60,153.31
83.56,-7.32,152.78
84.12,-8.45,152.33
84.57,-9.44,151.82
84.78,-10.31,151.21
84.78,-11.26,150.48
84.63,-12.06,149.73
84.52,-12.74,149.00
84.57,-13.36,148.32
84.68,-13.96,147.67
84.72,-14.46,147.01
84.64,-14.83,146.35
84.56,-15.15,145.72
84.57,-15.43,145.19
84.63,-15.69,144.75
84.64,-15.92,144.37
84.57,-16.12,144.04
84.47,-16.33,143.82
84.36,-16.53,143.73
84.21,-16.73,143.76
83.96,-16.89,143.84
83.65,-17.01,143.96
83.36,-17.11,144.12
83.09,-17.20,144.28
82.86,-17.26,144.43
82.69,-17.36,144.54
82.59,-17.48,144.62
82.48,-17.60,144.68
82.38,-17.75,144.72
82.31,-17.99,144.73
82.27,-18.30,144.73
82.33,-18.68,144.67
82.36,-19.12,144.58
82.46,-19.58,144.44
82.57,-20.03,144.29
82.72,-20.48,144.10
82.87,-20.95,143.91
82.98,-21.42,143.72
83.06,-21.89,143.56
83.09,-22.35,143.42
83.06,-22.78,143.31
83.00,-23.17,143.24
82.89,-23.51,143.21
82.78,-23.76,143.20
82.69,-23.95,143.20
82.62,-24.05,143.20
82.56,-24.07,143.19
82.51,-24.01,143.20
82.45,-23.89,143.22
82.38,-23.71,143.27
82.30,-23.48,143.33
82.20,-23.20,143.42
82.09,-22.89,143.52
81.98,-22.56,143.64
81.89,-22.22,143.75
81.80,-21.87,143.85
81.74,-21.54,143.94
81.70,-21.23,144.02
81.67,-20.97,144.08
81.67,-20.78,144.11
81.67,-20.64,144.12
81.68,-20.54,144.12
81.68,-20.45,144.13
81.69,-20.36,144.13
81.71,-20.26,144.14
81.74,-20.13,144.15
81.76,-19.98,144.16
81.77,-19.83,144.19
81.76,-19.67,144.24
81.72,-19.52,144.29
81.67,-19.35,144.32
81.62,-19.14,144.36
81.58,-18.91,144.40
81.55,-18.67,144.44
81.53,-18.43,144.48
81.53,-18.20,144.50
81.54,-18.00,144.51
81.58,-17.79,144.52
81.63,-17.58,144.52
81.68,-17.37,144.53
81.73,-17.13,144.54
81.80,-16.84,144.55
81.89,-16.52,144.56
81.97,-16.21,144.58
82.06,-15.91,144.60
82.14,-15.66,144.60
82.22,-15.41,144.59
82.29,-15.17,144.57
82.34,-14.94,144.57
82.38,-14.69,144.60
82.41,-14.39,144.64
82.44,-14.01,144.70
82.46,-13.54,144.77
82.49,-12.95,144.87
82.53,-12.21,145.01
82.56,-11.29,145.22
82.60,-10.18,145.51
82.64,-8.86,145.90
82.67,-7.34,146.39
82.69,-5.64,146.97
82.75,-3.76,147.63
82.90,-1.76,148.37
83.18,0.30,149.20
83.69,2.30,150.18
84.39,4.09,151.26
85.04,5.46,152.29
85.63,6.31,153.27
85.90,6.44,154.22
86.17,5.95,155.05
86.76,5.24,155.78
87.51,4.47,156.39
88.12,3.72,156.76
88.55,2.91,156.83
88.91,2.01,156.72
89.44,1.11,156.51
90.11,0.33,156.29
90.79,-0.27,156.08
91.32,-0.73,155.93
91.54,-1.23,155.80
91.44,-1.86,155.71
91.34,-2.59,155.70
91.34,-3.40,155.78
91.48,-4.23,155.93
91.60,-5.07,156.11
91.58,-5.93,156.27
91.50,-6.80,156.40
91.47,-7.65,156.49
91.52,-8.43,156.58
91.62,-9.09,156.67
91.70,-9.64,156.78
91.71,-10.08,156.91
91.66,-10.42,157.09
91.58,-10.71,157.31
91.53,-10.95,157.59
91.52,-11.20,157.91
91.57,-11.44,158.26
91.66,-11.69,158.63
91.76,-11.95,158.98
91.85,-12.21,159.28
91.89,-12.48,159.50
91.85,-12.74,159.63
91.76,-12.99,159.66
91.63,-13.25,159.59
91.48,-13.51,159.44
91.28,-13.80,159.22
91.04,-14.11,158.94
90.78,-14.44,158.61
90.51,-14.75,158.23
90.24,-15.00,157.81
89.97,-15.16,157.35
89.69,-15.22,156.89
89.40,-15.24,156.43
89.09,-15.25,156.00
88.80,-15.28,155.62
88.56,-15.38,155.29
88.37,-15.53,155.03
88.24,-15.69,154.83
88.13,-15.80,154.70
88.00,-15.82,154.61
87.83,-15.75,154.55
87.63,-15.65,154.51
87.40,-15.54,154.47
87.17,-15.46,154.42
86.95,-15.42,154.35
86.72,-15.40,154.26
86.49,-15.37,154.14
86.22,-15.35,153.99
85.88,-15.31,153.81
85.50,-15.26,153.61
85.13,-15.25,153.40
84.78,-15.28,153.15
84.46,-15.33,152.87
84.13,-15.32,152.53
83.74,-15.22,152.14
83.31,-15.02,151.72
82.90,-14.73,151.32
82.54,-14.40,150.95
82.27,-14.05,150.65
82.07,-13.73,150.44
81.92,-13.48,150.33
81.83,-13.34,150.28
81.80,-13.21,150.25
81.74,-12.95,150.22
82.32,-13.23,150.12
83.21,-13.80,150.00
84.00,-14.37,149.85
84.49,-15.17,149.57
84.88,-16.01,149.19
85.37,-16.87,148.76
85.81,-17.60,148.35
86.16,-18.30,148.00
86.48,-18.96,147.75
86.73,-19.52,147.54
86.89,-19.99,147.36
87.02,-20.38,147.24
87.10,-20.69,147.16
87.13,-20.93,147.11
87.12,-21.08,147.07
87.07,-21.15,147.05
86.96,-21.15,147.08
86.79,-21.10,147.17
86.54,-21.01,147.32
86.22,-20.90,147.53
85.88,-20.79,147.76
85.54,-20.71,148.01
85.29,-20.68,148.21
85.08,-20.67,148.36
84.87,-20.71,148.46
84.70,-20.77,148.52
84.55,-20.84,148.55
84.44,-20.92,148.56
84.38,-21.01,148.55
84.36,-21.17,148.51
84.39,-21.38,148.46
84.43,-21.63,148.38
84.48,-21.91,148.28
84.53,-22.21,148.17
84.57,-22.53,148.05
84.61,-22.85,147.92
84.66,-23.18,147.78
84.71,-23.51,147.64
84.76,-23.84,147.51
84.81,-24.17,147.38
84.87,-24.50,147.26
84.92,-24.82,147.14
84.99,-25.11,147.02
85.07,-25.37,146.90
85.16,-25.60,146.76
85.25,-25.79,146.63
85.32,-25.95,146.53
85.35,-26.08,146.46
85.37,-26.16,146.42
85.35,-26.22,146.40
85.32,-26.24,146.40
85.27,-26.24,146.41
85.20,-26.23,146.43
85.12,-26.21,146.46
85.04,-26.19,146.48
84.96,-26.17,146.52
84.88,-26.14,146.56
84.78,-26.11,146.62
84.67,-26.08,146.68
84.55,-26.05,146.76
84.45,-26.02,146.83
84.35,-25.99,146.90
84.26,-25.96,146.96
84.18,-25.95,147.01
84.11,-25.94,147.05
84.05,-25.93,147.10
84.00,-25.92,147.16
83.94,-25.92,147.22
83.86,-25.93,147.28
83.77,-25.94,147.34
83.66,-25.93,147.41
83.54,-25.91,147.49
83.43,-25.88,147.57
83.31,-25.85,147.63
83.19,-25.82,147.68
83.10,-25.79,147.73
83.03,-25.74,147.77
82.96,-25.67,147.83
82.88,-25.59,147.89
82.78,-25.47,147.97
82.67,-25.35,148.06
82.56,-25.21,148.16
82.43,-25.05,148.26
82.31,-24.87,148.34
82.17,-24.71,148.40
82.06,-24.54,148.44
81.99,-24.33,148.48
81.96,-24.07,148.50
81.95,-23.76,148.50
81.95,-23.37,148.50
81.94,-22.94,148.52
81.91,-22.46,148.56
81.85,-21.96,148.61
81.78,-21.46,148.68
81.69,-20.99,148.76
81.59,-20.55,148.83
81.49,-20.13,148.90
81.40,-19.75,148.97
81.34,-19.47,149.04
81.32,-19.26,149.10
81.33,-19.11,149.12
81.35,-18.96,149.11
81.36,-18.77,149.08
81.40,-18.55,149.04
81.44,-18.23,148.99
81.48,-17.82,148.93
81.51,-17.33,148.87
81.53,-16.77,148.83
81.52,-16.16,148.81
81.51,-15.44,148.82
81.48,-14.62,148.86
81.44,-13.73,148.94
81.41,-12.78,149.06
81.37,-11.75,149.22
81.31,-10.61,149.40
81.24,-9.29,149.60
81.16,-7.76,149.85
81.07,-6.05,150.20
80.97,-4.20,150.69
80.89,-2.28,151.33
80.81,-0.44,152.10
80.72,1.40,152.93
80.67,3.37,153.73
80.72,5.29,154.57
80.92,7.11,155.46
81.17,8.76,156.35
81.71,10.29,157.22
82.40,11.51,158.02
82.87,12.07,158.51
83.10,11.80,158.45
83.16,11.15,157.87
83.40,10.31,156.98
83.93,9.47,156.03
84.68,8.78,155.13
85.51,8.14,154.32
86.19,7.49,153.63
86.67,6.73,153.06
87.00,5.81,152.60
87.29,4.73,152.24
87.60,3.51,151.93
87.92,2.12,151.63
88.19,0.59,151.29
88.38,-1.03,150.93
88.47,-2.63,150.58
88.54,-4.14,150.25
88.65,-5.54,149.98
88.84,-6.84,149.78
89.01,-8.03,149.62
89.07,-9.09,149.52
89.05,-9.97,149.50
89.01,-10.64,149.57
88.96,-11.15,149.71
88.90,-11.56,149.91
88.89,-11.89,150.15
88.97,-12.17,150.43
89.11,-12.38,150.77
89.28,-12.52,151.14
89.43,-12.60,151.55
89.53,-12.65,151.95
89.53,-12.70,152.34
89.40,-12.78,152.67
89.14,-12.92,152.93
88.72,-13.17,153.11
88.16,-13.54,153.22
87.50,-14.06,153.27
86.83,-14.68,153.28
86.24,-15.40,153.24
85.77,-16.18,153.16
85.41,-16.99,152.99
85.13,-17.78,152.71
84.86,-18.47,152.28
84.53,-18.98,151.69
84.10,-19.27,150.94
83.50,-19.41,150.07
82.72,-19.51,149.13
81.79,-19.63,148.24
80.87,-19.84,147.46
80.11,-20.20,146.83
79.59,-20.71,146.34
79.29,-21.26,145.91
79.13,-21.68,145.48
78.95,-21.91,145.00
78.67,-21.95,144.50
78.29,-21.84,144.04
77.86,-21.66,143.66
77.49,-21.44,143.38
77.21,-21.17,143.21
77.05,-20.83,143.13
77.01,-20.41,143.10
77.09,-19.94,143.09
77.27,-19.43,143.07
77.49,-18.90,143.03
77.75,-18.35,142.97
78.00,-17.76,142.88
78.16,-16.98,142.81
78.71,-16.41,142.87
80.63,-17.31,143.31
82.66,-18.44,143.75
84.10,-19.54,143.88
84.63,-20.74,143.61
84.78,-21.90,143.09
85.27,-23.08,142.60
85.73,-24.17,142.16
86.05,-25.14,141.76
86.36,-26.00,141.41
86.69,-26.74,141.04
86.94,-27.41,140.68
87.15,-27.99,140.38
87.26,-28.46,140.15
87.26,-28.85,140.01
87.18,-29.15,139.95
87.00,-29.39,139.95
86.73,-29.56,140.03
86.39,-29.64,140.18
86.02,-29.68,140.35
85.64,-29.69,140.52
85.31,-29.67,140.66
85.04,-29.65,140.77
84.82,-29.63,140.83
84.69,-29.61,140.84
84.62,-29.60,140.81
84.61,-29.60,140.75
84.65,-29.62,140.67
84.73,-29.66,140.56
84.83,-29.73,140.45
84.95,-29.82,140.33
85.07,-29.92,140.21
85.18,-30.03,140.09
85.31,-30.13,139.97
85.44,-30.23,139.85
85.55,-30.30,139.74
85.64,-30.36,139.64
85.71,-30.38,139.55
85.78,-30.37,139.47
85.82,-30.33,139.40
85.85,-30.26,139.34
85.85,-30.16,139.30
85.84,-30.03,139.27
85.81,-29.90,139.26
85.76,-29.75,139.26
85.70,-29.60,139.27
85.63,-29.45,139.28
85.56,-29.30,139.30
85.49,-29.14,139.31
85.43,-28.96,139.33
85.36,-28.80,139.34
85.29,-28.63,139.36
85.21,-28.47,139.38
85.13,-28.32,139.41
85.05,-28.18,139.44
84.96,-28.04,139.46
84.88,-27.93,139.48
84.79,-27.81,139.50
84.71,-27.70,139.52
84.63,-27.59,139.55
84.54,-27.49,139.59
84.44,-27.41,139.64
84.32,-27.33,139.70
84.20,-27.26,139.76
84.08,-27.22,139.82
83.96,-27.22,139.88
83.84,-27.27,139.93
83.74,-27.37,139.97
83.68,-27.51,140.00
83.65,-27.68,140.02
83.66,-27.85,140.03
83.70,-28.02,140.03
83.75,-28.18,140.02
83.79,-28.32,140.02
83.82,-28.44,140.03
83.80,-28.52,140.06
83.74,-28.58,140.09
83.67,-28.60,140.13
83.60,-28.59,140.15
83.52,-28.53,140.18
83.45,-28.42,140.21
83.38,-28.21,140.27
83.31,-27.90,140.34
83.23,-27.49,140.43
83.12,-27.00,140.55
82.97,-26.47,140.69
82.80,-25.91,140.85
82.62,-25.32,141.01
82.43,-24.72,141.17
82.26,-24.12,141.30
82.14,-23.52,141.39
82.03,-22.91,141.46
81.94,-22.34,141.49
81.85,-21.79,141.51
81.79,-21.25,141.50
81.78,-20.70,141.49
81.80,-20.17,141.49
81.84,-19.67,141.49
81.87,-19.20,141.49
81.89,-18.76,141.50
81.88,-18.33,141.51
81.85,-17.92,141.53
81.80,-17.55,141.55
81.77,-17.22,141.56
81.71,-16.84,141.55
81.67,-16.43,141.54
81.65,-15.98,141.53
81.64,-15.46,141.54
81.65,-14.84,141.56
81.65,-14.07,141.61
81.65,-13.11,141.69
81.64,-11.95,141.82
81.64,-10.62,142.02
81.62,-9.14,142.31
81.56,-7.51,142.70
81.48,-5.82,143.19
81.39,-4.16,143.81
81.25,-2.38,144.46
81.16,-0.44,145.12
81.15,1.54,145.80
81.12,3.50,146.51
81.03,5.36,147.21
80.96,7.11,147.90
80.98,8.76,148.60
81.27,10.09,149.23
81.60,10.59,149.53
81.91,10.35,149.26
82.21,9.83,148.37
82.63,9.16,147.08
83.19,8.41,145.65
83.89,7.57,144.21
84.61,6.57,142.84
85.25,5.47,141.62
85.78,4.30,140.61
86.17,3.06,139.83
86.46,1.76,139.29
86.72,0.40,138.94
87.00,-0.97,138.77
87.28,-2.32,138.71
87.50,-3.74,138.75
87.68,-5.10,138.86
87.85,-6.33,139.06
88.02,-7.41,139.35
88.22,-8.32,139.74
88.39,-9.09,140.23
88.50,-9.76,140.83
88.56,-10.37,141.54
88.56,-10.90,142.34
88.51,-11.33,143.23
88.40,-11.65,144.17
88.25,-11.89,145.11
88.05,-12.08,146.03
87.84,-12.29,146.89
87.66,-12.55,147.64
87.56,-12.91,148.25
87.55,-13.41,148.68
87.55,-14.05,148.93
87.50,-14.82,148.97
87.38,-15.67,148.81
87.20,-16.53,148.44
86.98,-17.35,147.89
86.75,-18.14,147.18
86.54,-18.91,146.31
86.31,-19.67,145.33
86.03,-20.40,144.29
85.66,-21.02,143.24
85.14,-21.42,142.19
84.40,-21.58,141.17
83.36,-21.56,140.21
82.07,-21.43,139.31
80.69,-21.28,138.50
79.43,-21.19,137.76
78.40,-21.17,137.08
77.60,-21.19,136.44
77.00,-21.21,135.83
76.62,-21.20,135.23
76.47,-21.12,134.65
76.48,-20.92,134.08
76.55,-20.55,133.54
76.58,-20.05,133.05
76.58,-19.47,132.66
76.58,-18.84,132.37
76.57,-18.12,132.17
76.61,-17.14,132.05
77.31,-16.31,132.10
79.84,-17.28,132.71
81.87,-18.94,133.22
82.70,-20.38,133.13
82.60,-21.63,132.63
83.01,-22.97,132.19
83.50,-24.17,131.80
83.75,-25.16,131.40
84.01,-25.93,131.09
84.21,-26.54,130.82
84.36,-27.01,130.58
84.40,-27.34,130.48
84.26,-27.54,130.52
83.95,-27.62,130.68
83.51,-27.58,130.95
83.01,-27.43,131.26
82.55,-27.20,131.54
82.19,-26.92,131.77
81.91,-26.61,131.93
81.71,-26.27,132.03
81.55,-25.89,132.09
81.39,-25.51,132.14
81.25,-25.17,132.18
81.12,-24.87,132.23
80.98,-24.63,132.31
80.82,-24.45,132.41
80.68,-24.35,132.51
80.59,-24.31,132.58
80.58,-24.30,132.61
80.59,-24.31,132.61
80.60,-24.32,132.62
80.61,-24.32,132.61
80.64,-24.34,132.59
80.70,-24.37,132.56
80.76,-24.41,132.53
80.81,-24.46,132.51
80.83,-24.49,132.51
80.83,-24.51,132.54
80.80,-24.52,132.57
80.77,-24.50,132.61
80.73,-24.46,132.66
80.68,-24.40,132.71
80.65,-24.31,132.75
80.61,-24.22,132.79
80.57,-24.13,132.82
80.54,-24.02,132.86
80.51,-23.90,132.89
80.47,-23.79,132.91
80.43,-23.70,132.92
80.38,-23.64,132.93
80.34,-23.64,132.93
80.30,-23.65,132.94
80.25,-23.66,132.97
80.20,-23.66,132.99
80.16,-23.64,133.01
80.15,-23.61,133.02
80.14,-23.57,133.02
80.14,-23.53,133.03
80.13,-23.49,133.03
80.11,-23.46,133.05
80.09,-23.47,133.05
80.08,-23.57,133.04
80.12,-23.70,133.00
80.13,-23.80,132.95
80.18,-23.89,132.87
80.25,-23.98,132.81
80.31,-24.04,132.75
80.37,-24.10,132.69
80.42,-24.14,132.64
80.45,-24.19,132.59
80.45,-24.24,132.55
80.39,-24.32,132.54
80.29,-24.39,132.55
80.27,-24.42,132.53
80.25,-24.45,132.51
80.25,-24.41,132.49
80.26,-24.31,132.50
80.25,-24.15,132.53
80.20,-23.93,132.58
80.12,-23.66,132.67
80.00,-23.32,132.78
79.86,-22.91,132.90
79.71,-22.43,133.01
79.54,-21.98,133.11
79.45,-21.62,133.16
79.40,-21.29,133.19
79.33,-20.95,133.21
79.30,-20.58,133.22
79.28,-20.22,133.24
79.26,-19.84,133.28
79.22,-19.43,133.34
79.16,-18.91,133.39
79.11,-18.28,133.43
79.05,-17.53,133.48
78.97,-16.68,133.55
78.85,-15.72,133.67
78.68,-14.66,133.83
78.46,-13.51,134.04
78.19,-12.21,134.28
77.88,-10.78,134.58
77.54,-9.28,134.97
77.13,-7.72,135.43
76.68,-6.06,135.94
76.24,-4.31,136.49
75.86,-2.51,137.08
75.52,-0.62,137.70
75.43,1.30,138.34
75.71,3.23,139.03
76.30,5.04,139.80
77.24,6.58,140.65
78.40,7.76,141.54
79.37,8.18,142.22
79.89,8.07,142.56
80.38,7.66,142.63
81.15,7.12,142.58
82.09,6.45,142.46
82.94,5.62,142.21
83.66,4.66,141.85
84.34,3.64,141.36
85.01,2.55,140.79
85.70,1.40,140.18
86.41,0.28,139.59
87.16,-0.73,139.11
87.93,-1.58,138.74
88.68,-2.30,138.49
89.41,-2.90,138.33
90.06,-3.42,138.25
90.57,-3.85,138.26
90.90,-4.25,138.34
91.04,-4.63,138.48
91.02,-5.04,138.66
90.89,-5.46,138.88
90.70,-5.90,139.12
90.52,-6.35,139.36
90.46,-6.82,139.61
90.58,-7.32,139.86
90.87,-7.82,140.11
91.25,-8.33,140.36
91.57,-8.83,140.58
91.76,-9.32,140.75
91.77,-9.84,140.84
91.62,-10.41,140.86
91.34,-11.03,140.82
90.99,-11.72,140.72
90.61,-12.45,140.57
90.25,-13.23,140.40
89.97,-14.00,140.18
89.75,-14.69,139.91
89.54,-15.26,139.59
89.24,-15.70,139.18
88.79,-16.07,138.64
88.17,-16.39,137.99
87.43,-16.68,137.22
86.65,-16.93,136.37
85.92,-17.19,135.46
85.27,-17.45,134.53
84.71,-17.74,133.63
84.28,-18.05,132.80
83.95,-18.35,132.08
83.63,-18.58,131.50
83.27,-18.67,131.06
82.84,-18.58,130.77
82.35,-18.28,130.64
81.87,-17.84,130.66
81.49,-17.37,130.84
81.25,-16.91,131.14
81.14,-16.47,131.53
81.10,-16.00,131.95
81.07,-15.47,132.38
81.00,-14.88,132.80
80.90,-14.29,133.19
80.84,-13.77,133.53
80.86,-13.36,133.77
80.88,-13.04,133.89
80.84,-12.72,133.88
80.73,-12.35,133.77
80.53,-11.90,133.63
80.32,-11.36,133.50
80.22,-10.75,133.41
80.28,-9.99,133.34
80.88,-9.56,133.37
82.46,-10.16,133.46
83.52,-10.66,133.41
83.70,-11.24,133.12
83.97,-12.23,132.68
84.63,-13.61,132.14
85.20,-14.87,131.50
85.78,-15.90,130.79
86.24,-16.95,130.20
86.56,-17.93,129.78
86.79,-18.87,129.52
86.91,-19.73,129.37
86.92,-20.51,129.32
86.85,-21.20,129.33
86.71,-21.78,129.37
86.53,-22.28,129.43
86.33,-22.70,129.54
86.12,-23.04,129.70
85.94,-23.32,129.85
85.80,-23.54,129.93
85.67,-23.72,129.99
85.55,-23.89,130.02
85.43,-24.07,130.04
85.27,-24.28,130.09
85.08,-24.55,130.16
84.86,-24.80,130.22
84.63,-25.03,130.26
84.56,-25.21,130.29
84.53,-25.34,130.29
84.54,-25.47,130.23
84.61,-25.60,130.17
84.73,-25.70,130.12
84.88,-25.77,130.07
85.06,-25.82,130.01
85.27,-25.84,129.94
85.47,-25.85,129.86
85.67,-25.87,129.77
85.85,-25.91,129.69
85.97,-25.97,129.64
86.04,-26.02,129.63
86.07,-26.05,129.67
86.07,-26.03,129.73
86.05,-25.98,129.79
86.02,-25.88,129.86
86.00,-25.74,129.93
85.97,-25.56,129.98
85.94,-25.36,130.03
85.90,-25.16,130.07
85.85,-24.98,130.12
85.79,-24.82,130.17
85.71,-24.68,130.23
85.63,-24.54,130.30
85.55,-24.41,130.37
85.46,-24.28,130.44
85.37,-24.15,130.50
85.30,-24.03,130.55
85.22,-23.92,130.60
85.14,-23.82,130.65
85.05,-23.75,130.70
84.96,-23.72,130.76
84.88,-23.67,130.81
84.84,-23.61,130.85
84.80,-23.52,130.89
84.77,-23.40,130.93
84.74,-23.25,130.97
84.70,-23.07,131.03
84.63,-22.87,131.10
84.52,-22.67,131.19
84.36,-22.47,131.31
84.16,-22.29,131.45
83.96,-22.10,131.60
83.79,-21.86,131.72
83.67,-21.60,131.84
83.60,-21.30,131.92
83.56,-20.96,131.98
83.52,-20.60,132.03
83.47,-20.19,132.07
83.43,-19.76,132.13
83.38,-19.34,132.19
83.33,-18.95,132.26
83.30,-18.55,132.31
83.30,-18.16,132.33
83.31,-17.74,132.33
83.34,-17.34,132.34
83.37,-16.94,132.34
83.39,-16.53,132.34
83.41,-16.13,132.35
83.44,-15.77,132.38
83.46,-15.43,132.42
83.48,-15.09,132.45
83.49,-14.73,132.46
83.52,-14.32,132.45
83.58,-13.89,132.43
83.66,-13.45,132.38
83.74,-13.01,132.30
83.83,-12.58,132.20
83.90,-12.12,132.12
83.96,-11.65,132.07
83.98,-11.15,132.10
83.97,-10.55,132.23
83.91,-9.82,132.47
83.86,-8.89,132.85
83.82,-7.70,133.32
83.83,-6.24,133.88
83.90,-4.58,134.52
84.01,-2.82,135.25
84.14,-0.88,136.06
84.30,1.29,136.87
84.45,3.61,137.73
84.64,5.93,138.62
84.91,8.12,139.57
85.27,10.18,140.54
85.83,12.20,141.46
86.76,14.01,142.32
87.81,15.16,142.96
88.39,15.33,143.11
88.31,14.67,142.57
87.95,13.53,141.49
87.62,11.99,140.10
87.44,10.41,138.66
87.47,8.89,137.28
87.61,7.53,136.03
87.79,6.37,134.99
87.93,5.37,134.17
88.02,4.43,133.57
88.06,3.50,133.16
88.06,2.52,132.90
88.02,1.51,132.74
88.01,0.37,132.66
88.00,-0.68,132.62
87.94,-1.63,132.55
87.81,-2.50,132.45
87.61,-3.31,132.30
87.37,-4.09,132.16
87.11,-4.83,132.05
86.84,-5.57,131.98
86.55,-6.29,131.99
86.24,-6.98,132.09
85.94,-7.62,132.29
85.66,-8.23,132.58
85.37,-8.82,132.98
85.03,-9.41,133.46
84.64,-10.02,134.00
84.18,-10.65,134.57
83.69,-11.34,135.14
83.24,-12.06,135.69
82.87,-12.83,136.16
82.56,-13.63,136.51
82.29,-14.43,136.73
82.05,-15.20,136.80
81.84,-15.90,136.68
81.71,-16.54,136.35
81.72,-17.15,135.83
81.79,-17.76,135.12
81.85,-18.38,134.28
81.82,-18.99,133.37
81.70,-19.55,132.45
81.52,-20.03,131.55
81.28,-20.40,130.73
81.00,-20.66,130.02
80.66,-20.83,129.43
80.25,-20.93,128.98
79.78,-20.98,128.67
79.30,-20.99,128.47
78.87,-20.99,128.38
78.55,-21.00,128.37
78.36,-21.04,128.41
78.25,-21.06,128.47
78.11,-21.02,128.53
77.88,-20.90,128.60
77.57,-20.73,128.66
77.22,-20.53,128.70
76.88,-20.32,128.73
76.57,-20.09,128.73
76.33,-19.87,128.70
76.16,-19.68,128.64
76.09,-19.51,128.53
76.13,-19.38,128.35
76.30,-19.28,128.10
76.57,-19.18,127.78
76.85,-19.03,127.39
77.11,-18.81,126.96
77.30,-18.52,126.49
77.29,-18.00,126.05
77.34,-17.64,125.92
77.82,-18.24,126.43
78.32,-19.11,126.90
78.51,-20.06,127.07
78.31,-21.09,127.08
78.47,-22.14,126.96
78.65,-23.09,126.82
78.94,-23.99,126.61
79.33,-24.80,126.35
79.74,-25.50,126.04
80.09,-26.20,125.75
80.44,-26.80,125.46
80.77,-27.34,125.19
81.05,-27.83,124.95
81.25,-28.25,124.77
81.36,-28.62,124.66
81.36,-28.93,124.64
81.27,-29.17,124.68
81.13,-29.34,124.74
80.99,-29.45,124.80
80.84,-29.54,124.86
80.70,-29.62,124.89
80.58,-29.70,124.91
80.50,-29.78,124.91
80.43,-29.86,124.88
80.39,-29.92,124.84
80.37,-29.97,124.79
80.35,-30.02,124.74
80.34,-30.09,124.69
80.33,-30.16,124.65
80.30,-30.25,124.63
80.27,-30.35,124.62
80.22,-30.46,124.62
80.16,-30.57,124.63
80.11,-30.66,124.64
80.09,-30.73,124.63
80.08,-30.76,124.63
80.09,-30.76,124.62
80.10,-30.74,124.63
80.09,-30.70,124.65
80.06,-30.66,124.67
80.02,-30.62,124.71
79.97,-30.59,124.75
79.95,-30.56,124.79
79.94,-30.53,124.81
79.96,-30.49,124.82
79.99,-30.42,124.82
80.01,-30.35,124.84
80.01,-30.25,124.87
80.00,-30.16,124.91
79.96,-30.06,124.97
79.90,-29.97,125.03
79.83,-29.88,125.09
79.78,-29.80,125.13
79.73,-29.73,125.16
79.72,-29.64,125.18
79.71,-29.53,125.19
79.71,-29.41,125.20
79.68,-29.27,125.23
79.65,-29.10,125.26
79.60,-28.90,125.30
79.53,-28.70,125.35
79.45,-28.48,125.40
79.36,-28.26,125.45
79.28,-28.05,125.49
79.21,-27.87,125.51
79.16,-27.67,125.52
79.11,-27.46,125.54
79.10,-27.20,125.53
79.07,-26.90,125.54
79.02,-26.54,125.56
78.97,-26.10,125.58
78.89,-25.61,125.63
78.79,-25.09,125.71
78.66,-24.57,125.80
78.50,-24.10,125.92
78.34,-23.73,126.04
78.21,-23.47,126.15
78.13,-23.25,126.22
78.14,-23.00,126.25
78.16,-22.69,126.25
78.18,-22.30,126.24
78.18,-21.85,126.22
78.18,-21.32,126.21
78.17,-20.72,126.21
78.13,-20.05,126.21
78.08,-19.32,126.22
78.06,-18.52,126.19
78.06,-17.61,126.14
78.08,-16.56,126.06
78.02,-15.31,125.98
78.01,-13.90,125.92
78.01,-12.30,125.92
77.96,-10.50,125.99
77.84,-8.53,126.18
77.65,-6.44,126.51
77.40,-4.35,126.98
77.08,-2.31,127.51
76.66,-0.23,128.07
76.20,1.78,128.63
75.76,3.65,129.19
75.46,5.42,129.74
74.98,7.00,130.23
74.25,8.51,130.61
73.44,9.55,130.78
72.87,10.16,130.81
72.88,10.16,130.69
73.49,9.79,130.50
74.44,9.23,130.27
75.34,8.59,130.02
75.98,7.96,129.71
76.34,7.34,129.35
76.55,6.65,128.99
76.82,5.86,128.64
77.19,4.92,128.30
77.59,3.83,127.94
77.93,2.63,127.49
78.17,1.38,126.93
78.34,0.10,126.27
78.48,-1.19,125.50
78.58,-2.45,124.69
78.55,-3.68,123.88
78.47,-4.95,123.16
78.37,-6.18,122.58
78.23,-7.31,122.17
78.05,-8.27,121.92
77.79,-9.03,121.84
77.41,-9.61,121.91
76.90,-10.04,122.09
76.29,-10.37,122.37
75.66,-10.65,122.69
75.08,-10.92,123.01
74.57,-11.18,123.28
74.11,-11.41,123.47
73.68,-11.61,123.58
73.29,-11.81,123.59
72.92,-12.01,123.54
72.52,-12.20,123.46
72.05,-12.39,123.38
71.46,-12.59,123.34
70.71,-12.81,123.37
69.86,-13.02,123.46
69.02,-13.25,123.56
68.25,-13.52,123.65
67.59,-13.84,123.67
67.02,-14.23,123.60
66.52,-14.73,123.39
66.07,-15.35,123.06
65.64,-16.07,122.62
65.19,-16.80,122.12
64.72,-17.48,121.60
64.28,-18.05,121.12
63.92,-18.52,120.75
63.57,-18.87,120.55
63.19,-19.12,120.55
62.82,-19.28,120.72
62.52,-19.35,121.06
62.26,-19.33,121.54
61.99,-19.25,122.10
61.68,-19.12,122.68
61.34,-18.96,123.24
60.99,-18.80,123.72
60.69,-18.68,124.06
60.46,-18.59,124.18
60.31,-18.51,123.99
60.20,-18.40,123.46
60.05,-18.27,122.63
59.86,-18.12,121.60
59.73,-17.89,120.51
60.24,-17.83,119.86
61.94,-18.49,119.69
64.69,-19.83,119.77
66.94,-21.61,119.65
68.63,-23.28,118.97
70.10,-24.66,118.31
71.50,-25.56,117.79
72.48,-26.20,117.37
73.09,-26.82,117.10
73.31,-27.26,117.12
73.10,-27.54,117.38
72.59,-27.73,117.81
71.96,-27.79,118.33
71.44,-27.90,118.82
71.06,-28.00,119.20
70.87,-28.05,119.39
70.86,-28.03,119.39
70.99,-27.98,119.29
71.16,-27.87,119.14
71.29,-27.81,119.03
71.39,-27.78,118.97
71.48,-27.75,118.93
71.59,-27.76,118.90
71.68,-27.76,118.86
71.78,-27.73,118.81
71.88,-27.67,118.75
72.00,-27.55,118.67
72.12,-27.34,118.56
72.21,-27.04,118.45
72.26,-26.68,118.35
72.26,-26.29,118.27
72.23,-25.87,118.22
72.18,-25.45,118.17
72.16,-25.07,118.13
72.16,-24.73,118.07
72.22,-24.43,118.00
72.31,-24.15,117.91
72.43,-23.87,117.80
72.56,-23.60,117.67
72.72,-23.35,117.53
72.85,-23.12,117.38
72.90,-22.91,117.26
72.94,-22.73,117.16
72.96,-22.57,117.08
72.94,-22.44,117.02
72.92,-22.36,116.98
73.00,-22.34,116.92
73.11,-22.34,116.85
73.23,-22.36,116.75
73.27,-22.40,116.66
73.28,-22.43,116.58
73.29,-22.50,116.50
73.28,-22.56,116.45
73.27,-22.62,116.40
73.31,-22.68,116.33
73.30,-22.73,116.28
73.28,-22.72,116.23
73.25,-22.70,116.20
73.24,-22.65,116.17
73.21,-22.54,116.14
73.19,-22.38,116.12
73.16,-22.16,116.10
73.13,-21.86,116.08
73.14,-21.51,116.06
73.17,-21.11,116.02
73.20,-20.66,115.99
73.28,-20.18,115.93
73.35,-19.66,115.87
73.43,-19.09,115.78
73.55,-18.47,115.67
73.68,-17.79,115.53
73.80,-17.07,115.37
73.85,-16.29,115.19
73.87,-15.43,115.02
73.94,-14.49,114.84
74.03,-13.45,114.66
74.13,-12.27,114.47
74.23,-10.94,114.27
74.31,-9.51,114.06
74.32,-7.95,113.86
74.28,-6.22,113.63
74.26,-4.28,113.37
74.15,-2.18,113.14
73.87,0.04,112.93
73.37,2.36,112.73
72.63,4.71,112.55
71.80,7.04,112.33
70.90,9.29,112.09
69.88,11.48,111.78
68.91,13.59,111.40
67.96,15.55,110.93
67.08,17.33,110.37
66.17,18.85,109.64
65.00,19.66,108.64
63.46,19.79,107.31
61.82,19.28,105.84
60.22,18.24,104.44
58.78,16.97,103.21
57.63,15.65,102.20
56.76,14.39,101.37
56.13,13.30,100.74
55.66,12.37,100.27
55.29,11.56,99.96
54.94,10.83,99.81
54.56,10.13,99.79
54.14,9.41,99.90
53.71,8.61,100.10
53.28,7.66,100.35
52.83,6.54,100.63
52.29,5.24,100.92
51.60,3.80,101.21
50.79,2.23,101.50
49.90,0.59,101.85
48.97,-1.05,102.30
48.04,-2.69,102.87
47.14,-4.26,103.58
46.23,-5.75,104.39
45.29,-7.06,105.33
44.26,-8.21,106.40
43.13,-9.22,107.57
41.91,-10.10,108.82
40.62,-10.88,110.11
39.38,-11.61,111.41
38.31,-12.34,112.69
37.49,-13.12,113.94
36.90,-13.97,115.09
36.45,-14.85,116.09
36.07,-15.74,116.91
35.65,-16.60,117.51
35.15,-17.40,117.88
34.56,-18.13,118.03
33.90,-18.81,117.99
33.21,-19.44,117.81
32.52,-20.03,117.52
31.88,-20.59,117.15
31.37,-21.16,116.75
31.03,-21.79,116.36
30.82,-22.47,116.02
30.71,-23.20,115.76
30.70,-23.92,115.59
30.73,-24.54,115.49
30.79,-24.98,115.37
30.88,-25.19,115.17
31.01,-25.17,114.82
31.15,-24.98,114.28
31.31,-24.71,113.58
31.55,-24.44,112.71
31.92,-24.24,111.67
32.45,-24.05,110.68
33.54,-24.23,110.43
34.76,-24.58,110.75
35.73,-24.76,111.17
36.51,-25.02,111.67
37.10,-25.40,112.06
37.33,-25.75,112.24
37.45,-25.99,112.35
37.55,-26.15,112.55
37.45,-26.29,112.82
37.25,-26.42,113.13
37.03,-26.52,113.46
36.82,-26.55,113.75
36.69,-26.54,114.01
36.67,-26.49,114.16
36.77,-26.42,114.19
36.98,-26.34,114.12
37.25,-26.25,113.98
37.57,-26.13,113.81
37.89,-25.99,113.62
38.18,-25.84,113.46
38.41,-25.68,113.34
38.58,-25.54,113.26
38.70,-25.40,113.22
38.77,-25.28,113.20
38.84,-25.17,113.19
38.90,-25.08,113.17
38.98,-24.99,113.13
39.07,-24.92,113.09
39.18,-24.85,113.02
39.32,-24.78,112.93
39.48,-24.71,112.82
39.66,-24.62,112.70
39.84,-24.53,112.58
40.03,-24.43,112.46
40.22,-24.33,112.33
40.41,-24.21,112.20
40.60,-24.09,112.06
40.79,-23.96,111.92
40.98,-23.83,111.78
41.16,-23.68,111.63
41.34,-23.53,111.48
41.52,-23.38,111.32
41.70,-23.23,111.17
41.87,-23.08,111.01
42.05,-22.94,110.85
42.24,-22.80,110.69
42.41,-22.67,110.53
42.60,-22.54,110.37
42.79,-22.43,110.20
42.99,-22.31,110.02
43.18,-22.19,109.84
43.36,-22.07,109.69
43.52,-21.95,109.56
43.66,-21.83,109.43
43.81,-21.71,109.30
43.97,-21.58,109.15
44.14,-21.44,108.99
44.33,-21.29,108.81
44.52,-21.12,108.61
44.71,-20.94,108.42
44.90,-20.73,108.21
45.09,-20.51,107.99
45.29,-20.27,107.76
45.49,-20.00,107.51
45.71,-19.71,107.24
45.93,-19.40,106.96
46.16,-19.07,106.66
46.39,-18.70,106.34
46.62,-18.30,106.01
46.85,-17.87,105.66
47.08,-17.39,105.29
47.31,-16.88,104.92
47.54,-16.33,104.53
47.78,-15.74,104.12
48.02,-15.12,103.68
48.27,-14.46,103.21
48.51,-13.77,102.70
48.75,-13.02,102.15
48.99,-12.21,101.56
49.22,-11.32,100.93
49.46,-10.33,100.26
49.69,-9.22,99.52
49.87,-7.97,98.73
50.00,-6.62,97.92
50.08,-5.16,97.09
50.08,-3.53,96.20
49.94,-1.66,95.14
49.65,0.38,94.02
49.18,2.56,92.89
48.41,4.86,91.77
47.34,7.20,90.67
46.14,9.50,89.55
44.95,11.72,88.43
43.73,13.91,87.24
42.43,16.03,86.01
40.95,18.05,84.78
39.28,19.83,83.50
37.54,21.38,82.17
35.90,22.52,80.90
34.67,22.85,79.95
33.98,22.47,79.43
33.73,21.52,79.37
33.77,20.21,79.65
34.00,18.69,80.15
34.31,17.05,80.77
34.60,15.40,81.41
34.85,13.84,82.05
35.08,12.41,82.65
35.33,11.11,83.22
35.62,9.89,83.78
35.85,8.68,84.38
35.98,7.36,85.03
35.95,5.86,85.78
35.79,4.17,86.62
35.51,2.33,87.51
35.16,0.40,88.45
34.78,-1.55,89.39
34.39,-3.46,90.32
33.99,-5.29,91.24
33.58,-7.02,92.19
33.14,-8.67,93.25
32.65,-10.23,94.46
32.09,-11.69,95.82
31.44,-13.04,97.36
30.70,-14.31,99.04
29.87,-15.48,100.82
29.00,-16.54,102.62
28.11,-17.49,104.37
27.24,-18.29,105.97
26.45,-18.92,107.37
25.75,-19.35,108.52
25.08,-19.57,109.39
24.36,-19.59,109.97
23.49,-19.45,110.32
22.39,-19.24,110.52
21.04,-19.05,110.69
19.51,-18.94,110.92
18.18,-19.13,111.46
16.97,-19.54,112.40
15.56,-20.06,113.54
14.44,-20.72,114.66
13.67,-21.46,115.59
13.17,-22.25,116.18
12.88,-23.05,116.37
12.73,-23.86,116.19
12.71,-24.70,115.79
12.78,-25.52,115.27
12.90,-26.28,114.73
13.15,-26.89,114.16
13.84,-27.47,113.74
15.26,-27.86,113.62
17.26,-27.95,113.85
19.37,-27.54,114.32
21.42,-27.26,115.23
22.74,-27.32,116.22
23.05,-27.70,116.72
22.97,-28.05,116.79
23.21,-28.04,116.78
23.44,-27.95,116.75
23.44,-27.86,116.77
23.41,-27.68,116.85
23.37,-27.41,116.86
23.37,-27.08,116.80
23.41,-26.74,116.73
23.44,-26.41,116.68
23.51,-26.10,116.63
23.62,-25.84,116.56
23.74,-25.64,116.49
23.87,-25.50,116.40
24.02,-25.39,116.31
24.18,-25.32,116.22
24.33,-25.27,116.16
24.47,-25.23,116.13
24.59,-25.19,116.12
24.72,-25.15,116.11
24.86,-25.12,116.10
25.02,-25.09,116.06
25.19,-25.06,116.02
25.37,-25.03,115.97
25.55,-25.01,115.91
25.73,-24.99,115.84
25.91,-24.96,115.76
26.10,-24.94,115.66
26.30,-24.90,115.55
26.49,-24.86,115.44
26.68,-24.81,115.32
26.87,-24.75,115.21
27.06,-24.69,115.08
27.25,-24.63,114.95
27.43,-24.56,114.82
27.61,-24.50,114.70
27.78,-24.42,114.57
27.94,-24.34,114.45
28.10,-24.26,114.32
28.26,-24.19,114.20
28.43,-24.11,114.07
28.59,-24.04,113.93
28.77,-23.97,113.79
28.95,-23.90,113.63
29.12,-23.82,113.48
29.29,-23.74,113.32
29.48,-23.65,113.16
29.67,-23.54,112.99
29.86,-23.43,112.81
30.06,-23.32,112.63
30.25,-23.19,112.45
30.45,-23.06,112.25
30.64,-22.92,112.06
30.84,-22.79,111.85
31.03,-22.65,111.64
31.24,-22.51,111.42
31.45,-22.37,111.19
31.67,-22.22,110.96
31.90,-22.07,110.72
32.12,-21.92,110.47
32.34,-21.75,110.23
32.54,-21.57,109.99
32.75,-21.38,109.75
32.95,-21.17,109.51
33.16,-20.94,109.27
33.35,-20.69,109.03
33.53,-20.42,108.80
33.70,-20.12,108.56
33.88,-19.80,108.30
34.08,-19.45,108.01
34.29,-19.08,107.67
34.54,-18.69,107.28
34.81,-18.27,106.84
35.10,-17.81,106.34
35.40,-17.32,105.79
35.71,-16.78,105.19
36.02,-16.20,104.55
36.34,-15.57,103.87
36.67,-14.89,103.16
37.00,-14.12,102.40
37.34,-13.28,101.58
37.70,-12.35,100.71
38.08,-11.31,99.76
38.46,-10.15,98.73
38.85,-8.86,97.61
39.20,-7.44,96.45
39.52,-5.91,95.27
39.79,-4.23,94.04
39.93,-2.36,92.71
39.92,-0.34,91.27
39.65,1.79,89.80
39.07,3.99,88.34
38.26,6.13,86.92
37.44,8.13,85.55
36.70,10.03,84.20
35.99,11.82,82.86
35.17,13.44,81.52
34.29,14.76,80.25
33.42,15.33,79.10
32.44,15.05,78.02
31.52,14.07,77.11
30.67,12.57,76.45
29.87,10.83,75.99
29.16,9.01,75.71
28.60,7.26,75.56
28.23,5.67,75.51
28.05,4.28,75.54
28.02,3.07,75.66
28.02,1.99,75.92
27.94,0.96,76.37
27.68,-0.13,77.09
27.24,-1.32,78.10
26.68,-2.61,79.37
26.07,-3.92,80.80
25.46,-5.20,82.29
24.83,-6.43,83.77
24.16,-7.61,85.22
23.38,-8.75,86.64
22.51,-9.84,88.06
21.55,-10.85,89.49
20.52,-11.73,90.96
19.45,-12.50,92.47
18.31,-13.19,94.00
17.07,-13.82,95.57
15.80,-14.44,97.19
14.61,-15.12,98.88
13.57,-15.86,100.60
12.69,-16.69,102.25
11.89,-17.58,103.76
11.09,-18.51,105.06
10.28,-19.41,106.11
9.49,-20.25,106.87
8.71,-20.99,107.36
7.83,-21.62,107.59
6.75,-22.14,107.65
5.44,-22.59,107.66
4.03,-23.02,107.76
2.72,-23.48,108.06
1.63,-23.96,108.54
0.74,-24.46,109.14
0.04,-24.96,109.71
-0.51,-25.41,110.05
-1.00,-25.79,110.09
-1.50,-26.13,109.88
-2.02,-26.39,109.51
-2.57,-26.56,109.06
-3.08,-26.61,108.58
-3.31,-26.53,108.09
-2.48,-26.61,107.87
-0.73,-26.62,107.93
1.32,-26.46,108.28
3.42,-25.88,108.70
5.63,-25.11,109.41
7.77,-24.53,110.47
8.98,-24.41,111.32
9.14,-24.80,111.64
9.27,-25.10,111.67
9.67,-25.24,111.78
9.80,-25.32,112.02
9.87,-25.34,112.28
10.02,-25.29,112.43
10.22,-25.28,112.46
10.43,-25.28,112.48
10.62,-25.28,112.47
10.85,-25.26,112.41
11.04,-25.22,112.34
11.18,-25.17,112.28
11.24,-25.10,112.26
11.23,-25.03,112.29
11.20,-24.98,112.38
11.15,-24.98,112.51
11.14,-25.01,112.67
11.16,-25.08,112.83
11.25,-25.17,112.98
11.41,-25.28,113.08
11.64,-25.37,113.13
11.92,-25.44,113.12
12.17,-25.47,113.07
12.38,-25.48,113.02
12.54,-25.47,112.99
12.65,-25.45,112.98
12.74,-25.43,112.97
12.80,-25.42,112.98
12.87,-25.45,113.01
12.92,-25.51,113.07
13.03,-25.60,113.11
13.24,-25.66,113.07
13.49,-25.66,113.01
13.73,-25.63,112.93
13.93,-25.57,112.83
14.10,-25.50,112.74
14.23,-25.42,112.65
14.34,-25.35,112.58
14.43,-25.29,112.52
14.53,-25.23,112.46
14.63,-25.18,112.41
14.75,-25.15,112.36
14.87,-25.14,112.34
15.00,-25.15,112.33
15.17,-25.17,112.30
15.35,-25.20,112.27
15.54,-25.20,112.23
15.74,-25.19,112.18
15.91,-25.17,112.13
16.08,-25.15,112.08
16.23,-25.12,112.04
16.38,-25.08,111.99
16.53,-25.05,111.94
16.66,-25.03,111.90
16.77,-25.02,111.89
16.86,-25.04,111.91
16.96,-25.07,111.93
17.09,-25.10,111.93
17.24,-25.12,111.92
17.41,-25.12,111.89
17.60,-25.09,111.84
17.77,-25.05,111.79
17.91,-24.98,111.73
18.03,-24.91,111.67
18.14,-24.83,111.61
18.25,-24.75,111.53
18.35,-24.67,111.45
18.44,-24.59,111.36
18.55,-24.52,111.27
18.67,-24.46,111.18
18.82,-24.38,111.05
18.99,-24.29,110.89
19.16,-24.18,110.70
19.33,-24.05,110.48
19.54,-23.88,110.17
19.70,-23.66,109.80
19.80,-23.38,109.39
19.90,-23.09,108.98
20.03,-22.82,108.59
20.15,-22.57,108.23
20.27,-22.36,107.88
20.44,-22.17,107.53
20.67,-21.97,107.13
20.94,-21.75,106.68
21.25,-21.48,106.17
21.57,-21.14,105.61
21.91,-20.77,105.02
22.25,-20.39,104.42
22.57,-20.00,103.82
22.88,-19.60,103.22
23.17,-19.17,102.60
23.45,-18.72,101.96
23.77,-18.25,101.32
24.09,-17.80,100.68
24.40,-17.38,100.08
24.72,-17.01,99.50
25.03,-16.67,98.96
25.35,-16.34,98.44
25.67,-16.00,97.91
26.02,-15.64,97.31
26.40,-15.23,96.64
26.81,-14.75,95.88
27.26,-14.19,95.04
27.72,-13.53,94.10
28.20,-12.74,93.03
28.71,-11.80,91.80
29.30,-10.69,90.46
29.99,-9.43,89.06
30.65,-8.02,87.71
31.24,-6.50,86.48
31.76,-4.91,85.39
32.21,-3.18,84.37
32.58,-1.30,83.24
32.84,0.62,82.11
33.00,2.58,81.00
33.05,4.58,79.94
32.99,6.59,78.95
32.91,8.58,78.04
32.84,10.53,77.18
32.82,12.43,76.35
32.90,14.32,75.55
33.03,16.11,74.80
33.26,17.73,74.24
33.50,19.22,73.79
34.04,20.36,73.53
35.07,21.28,73.48
36.24,22.29,73.55
36.62,21.84,74.30
36.95,19.82,75.24
36.80,17.36,75.99
36.76,15.06,76.40
37.06,12.95,76.54
37.64,11.10,76.47
38.26,9.56,76.23
38.84,8.28,75.94
39.26,7.16,75.70
39.59,6.04,75.60
39.97,4.81,75.70
40.48,3.43,76.02
41.09,1.92,76.48
41.69,0.29,77.01
42.17,-1.38,77.50
42.50,-3.05,77.94
42.71,-4.67,78.34
42.86,-6.17,78.71
43.01,-7.54,79.11
43.15,-8.75,79.57
43.23,-9.76,80.10
43.19,-10.49,80.69
42.98,-10.87,81.32
42.64,-10.85,82.03
42.23,-10.50,82.81
41.81,-9.89,83.69
41.40,-9.15,84.65
41.04,-8.36,85.67
40.74,-7.61,86.71
40.47,-6.93,87.75
40.17,-6.35,88.80
39.80,-5.89,89.86
39.43,-5.53,90.94
39.19,-5.24,92.01
39.18,-5.04,92.95
39.44,-4.99,93.68
39.81,-5.18,94.10
40.01,-5.67,94.17
39.79,-6.48,93.93
39.15,-7.56,93.46
38.28,-8.83,92.84
37.36,-10.18,92.18
36.42,-11.51,91.55
35.46,-12.74,91.01
34.54,-13.81,90.59
33.75,-14.78,90.32
33.16,-15.72,90.19
32.83,-16.67,90.11
32.65,-17.57,89.92
32.46,-18.36,89.51
32.18,-19.01,88.89
31.85,-19.49,88.15
31.57,-19.77,87.40
31.39,-19.88,86.74
31.29,-19.87,86.22
31.22,-19.79,85.84
31.12,-19.69,85.57
30.97,-19.61,85.36
30.80,-19.58,85.16
30.61,-19.57,84.92
30.48,-19.61,84.60
30.43,-19.67,84.26
30.51,-19.72,83.95
30.75,-19.74,83.67
31.18,-19.73,83.38
31.69,-19.55,83.05
32.34,-19.40,83.12
33.07,-19.38,83.51
33.74,-19.65,83.92
33.84,-20.32,84.39
33.89,-21.16,84.90
34.07,-22.08,85.45
34.33,-22.89,85.85
34.54,-23.65,86.18
34.72,-24.34,86.45
34.83,-25.00,86.75
34.83,-25.62,87.10
34.71,-26.11,87.42
34.49,-26.47,87.72
34.20,-26.71,88.04
33.90,-26.83,88.33
33.60,-26.85,88.57
33.30,-26.78,88.77
33.01,-26.66,88.96
32.74,-26.50,89.12
32.54,-26.33,89.24
32.44,-26.18,89.29
32.44,-26.07,89.26
32.55,-26.00,89.13
32.75,-25.97,88.95
33.00,-25.98,88.75
33.26,-26.03,88.57
33.50,-26.13,88.43
33.69,-26.25,88.35
33.83,-26.41,88.34
33.91,-26.61,88.40
33.95,-26.84,88.52
33.99,-27.10,88.67
34.08,-27.38,88.80
34.25,-27.67,88.90
34.50,-27.96,88.95
34.85,-28.25,88.95
35.25,-28.55,88.88
35.70,-28.83,88.78
36.14,-29.09,88.65
36.55,-29.33,88.50
36.89,-29.54,88.39
37.14,-29.71,88.32
37.31,-29.85,88.32
37.41,-29.96,88.36
37.49,-30.03,88.42
37.58,-30.07,88.45
37.69,-30.07,88.45
37.82,-30.05,88.41
37.99,-30.01,88.34
38.17,-29.95,88.23
38.35,-29.89,88.12
38.51,-29.82,88.01
38.63,-29.75,87.92
38.73,-29.69,87.86
38.81,-29.63,87.83
38.89,-29.56,87.81
38.99,-29.48,87.76
39.12,-29.38,87.68
39.27,-29.27,87.58
39.42,-29.16,87.48
39.55,-29.06,87.39
39.66,-28.95,87.32
39.74,-28.86,87.28
39.80,-28.78,87.26
39.84,-28.73,87.25
39.89,-28.70,87.24
39.96,-28.67,87.22
40.03,-28.63,87.20
40.10,-28.57,87.18
40.16,-28.51,87.16
40.23,-28.45,87.15
40.31,-28.39,87.14
40.41,-28.34,87.09
40.55,-28.31,87.01
40.70,-28.28,86.90
40.89,-28.25,86.77
41.08,-28.20,86.63
41.28,-28.12,86.50
41.51,-28.01,86.35
41.76,-27.83,86.16
42.04,-27.59,85.91
42.32,-27.27,85.63
42.60,-26.90,85.34
42.85,-26.51,85.06
43.07,-26.10,84.79
43.28,-25.70,84.54
43.46,-25.29,84.29
43.65,-24.91,84.07
43.84,-24.53,83.84
44.05,-24.16,83.59
44.30,-23.79,83.31
44.56,-23.43,83.02
44.81,-23.11,82.74
45.03,-22.83,82.49
45.21,-22.60,82.28
45.37,-22.40,82.10
45.50,-22.22,81.94
45.63,-22.04,81.76
45.79,-21.86,81.54
46.01,-21.68,81.28
46.28,-21.48,80.99
46.59,-21.22,80.67
46.94,-20.87,80.31
47.33,-20.37,79.90
47.78,-19.65,79.40
48.31,-18.67,78.79
48.87,-17.35,78.04
49.46,-15.65,77.19
50.09,-13.56,76.26
50.71,-11.22,75.37
51.25,-8.76,74.70
51.70,-6.08,73.94
51.97,-3.31,73.18
52.09,-0.57,72.58
52.25,2.00,72.17
52.80,4.06,72.05
53.69,5.02,72.25
54.55,4.82,72.39
55.16,4.19,72.17
55.45,3.34,71.75
55.68,2.48,71.31
56.02,1.60,71.02
56.47,0.64,70.96
56.92,-0.39,71.17
57.33,-1.46,71.62
57.67,-2.55,72.26
57.99,-3.65,73.02
58.31,-4.73,73.79
58.67,-5.75,74.51
59.05,-6.65,75.10
59.43,-7.40,75.53
59.72,-7.99,75.78
59.91,-8.48,75.89
59.99,-8.93,75.90
59.98,-9.36,75.87
59.94,-9.81,75.90
59.81,-10.21,76.04
59.79,-10.68,76.33
59.95,-11.28,76.83
60.20,-11.97,77.48
60.34,-12.67,78.31
60.29,-13.34,79.35
60.09,-13.91,80.59
59.89,-14.34,81.96
59.79,-14.60,83.41
59.85,-14.70,84.87
60.07,-14.64,86.27
60.33,-14.52,87.56
60.49,-14.44,88.69
60.49,-14.48,89.60
60.36,-14.69,90.27
60.13,-15.07,90.68
59.84,-15.60,90.87
59.52,-16.27,90.88
59.18,-17.07,90.74
58.80,-17.98,90.49
58.33,-18.97,90.12
57.72,-19.94,89.64
56.87,-20.71,89.04
55.76,-21.17,88.35
54.49,-21.33,87.65
53.23,-21.25,87.07
52.21,-21.01,86.69
51.62,-20.69,86.55
51.49,-20.35,86.59
51.60,-19.93,86.73
51.73,-19.50,86.88
51.77,-19.15,86.97
51.66,-18.97,86.94
51.58,-19.02,86.75
52.04,-19.78,86.67
52.49,-20.61,86.71
53.35,-21.72,86.88
54.22,-23.24,86.99
55.25,-24.69,86.73
56.18,-26.25,86.49
56.85,-27.49,86.26
57.45,-28.46,86.16
57.90,-29.26,86.21
58.07,-29.93,86.38
58.01,-30.43,86.67
57.74,-30.75,87.05
57.30,-30.91,87.47
56.83,-30.93,87.87
56.41,-30.85,88.22
56.07,-30.70,88.48
55.84,-30.54,88.63
55.72,-30.40,88.68
55.69,-30.27,88.65
55.72,-30.18,88.59
55.81,-30.14,88.52
55.94,-30.15,88.44
56.13,-30.20,88.33
56.39,-30.27,88.19
56.70,-30.33,88.01
57.04,-30.38,87.80
57.35,-30.40,87.61
57.60,-30.42,87.44
57.81,-30.45,87.32
57.95,-30.46,87.25
58.03,-30.46,87.21
58.10,-30.47,87.19
58.16,-30.48,87.17
58.24,-30.48,87.14
58.34,-30.51,87.09
58.48,-30.57,87.02
58.65,-30.64,86.93
58.84,-30.72,86.84
59.03,-30.81,86.75
59.22,-30.89,86.67
59.40,-30.96,86.60
59.56,-31.00,86.55
59.69,-31.01,86.50
59.79,-30.98,86.47
59.88,-30.95,86.45
59.96,-30.92,86.44
60.01,-30.89,86.44
60.06,-30.90,86.44
60.12,-30.96,86.45
60.18,-31.06,86.45
60.29,-31.17,86.43
60.43,-31.27,86.37
60.59,-31.33,86.29
60.77,-31.36,86.19
60.95,-31.33,86.09
61.11,-31.27,86.00
61.24,-31.16,85.92
61.33,-31.01,85.87
61.38,-30.82,85.85
61.43,-30.67,85.85
61.46,-30.58,85.87
61.46,-30.55,85.92
61.50,-30.56,85.95
61.57,-30.57,85.95
61.69,-30.55,85.91
61.87,-30.45,85.81
62.07,-30.27,85.67
62.23,-29.98,85.52
62.33,-29.57,85.38
62.37,-29.05,85.27
62.33,-28.45,85.21
62.28,-27.81,85.18
62.24,-27.24,85.15
62.19,-26.74,85.14
62.18,-26.30,85.12
62.21,-25.93,85.09
62.28,-25.62,85.03
62.39,-25.38,84.94
62.53,-25.20,84.83
62.70,-25.01,84.71
62.87,-24.82,84.60
63.04,-24.64,84.50
63.20,-24.46,84.40
63.35,-24.28,84.32
63.50,-24.12,84.24
63.66,-23.96,84.15
63.82,-23.76,84.04
63.98,-23.48,83.91
64.14,-23.12,83.76
64.28,-22.63,83.57
64.41,-21.99,83.37
64.55,-21.22,83.19
64.72,-20.31,83.02
64.92,-19.26,82.85
65.13,-18.02,82.68
65.36,-16.57,82.52
65.58,-14.91,82.37
65.80,-13.05,82.27
66.01,-11.09,82.25
65.99,-9.14,82.37
65.94,-7.03,82.46
65.91,-4.82,82.58
65.85,-2.63,82.76
65.71,-0.45,82.98
65.58,1.64,83.25
65.66,3.57,83.60
65.97,5.03,83.96
66.33,5.44,84.14
66.48,4.89,83.88
66.59,3.92,83.12
66.82,2.72,82.13
67.23,1.58,81.11
67.79,0.54,80.15
68.36,-0.48,79.31
68.82,-1.53,78.62
69.15,-2.66,78.09
69.39,-3.86,77.73
69.60,-5.09,77.53
69.80,-6.29,77.45
70.01,-7.39,77.45
70.27,-8.37,77.51
70.48,-9.26,77.63
70.51,-10.01,77.81
70.42,-10.55,78.06
70.24,-10.93,78.40
69.99,-11.18,78.86
69.69,-11.35,79.47
69.36,-11.47,80.22
69.04,-11.58,81.12
68.72,-11.66,82.20
68.42,-11.67,83.47
68.25,-11.65,84.96
68.29,-11.58,86.64
68.55,-11.46,88.49
69.08,-11.34,90.38
69.79,-11.30,92.16
70.49,-11.41,93.65
71.05,-11.66,94.72
71.44,-12.03,95.26
71.61,-12.52,95.29
71.59,-13.12,94.90
71.53,-13.86,94.24
71.60,-14.73,93.48
71.83,-15.71,92.70
72.12,-16.78,91.96
72.31,-17.92,91.24
72.24,-19.02,90.48
71.88,-19.98,89.63
71.31,-20.76,88.65
70.62,-21.36,87.54
69.92,-21.82,86.36
69.28,-22.19,85.17
68.69,-22.52,84.06
68.13,-22.79,83.11
67.70,-23.00,82.32
67.41,-23.05,81.60
67.09,-23.01,80.92
66.65,-22.93,80.18
66.13,-22.84,79.36
65.53,-22.70,78.47
64.89,-22.44,77.55
64.27,-22.01,76.67
63.74,-21.40,75.87
63.43,-20.69,75.17
63.41,-19.86,74.54
64.35,-19.64,74.41
65.92,-20.68,74.92
66.72,-21.67,75.07
66.81,-22.56,74.80
67.15,-23.73,74.53
67.65,-25.13,74.36
67.83,-26.37,74.21
67.94,-27.34,74.17
68.03,-28.11,74.22
68.01,-28.70,74.30
67.98,-29.12,74.42
67.88,-29.40,74.57
67.74,-29.55,74.74
67.59,-29.58,74.91
67.45,-29.50,75.07
67.31,-29.35,75.21
67.18,-29.17,75.34
67.04,-29.00,75.47
66.91,-28.87,75.59
66.81,-28.82,75.71
66.74,-28.87,75.81
66.70,-29.02,75.90
66.73,-29.24,75.95
66.86,-29.50,75.94
67.10,-29.76,75.86
67.46,-30.00,75.71
67.87,-30.21,75.53
68.29,-30.39,75.35
68.64,-30.57,75.19
68.94,-30.74,75.07
69.16,-30.93,75.00
69.34,-31.11,74.98
69.48,-31.29,74.98
69.61,-31.43,75.00
69.73,-31.52,75.02
69.87,-31.57,75.03
69.99,-31.58,75.03
70.12,-31.56,75.04
70.23,-31.53,75.05
70.34,-31.50,75.07
70.46,-31.51,75.08
70.57,-31.58,75.09
70.68,-31.68,75.09
70.82,-31.77,75.07
71.00,-31.81,75.03
71.19,-31.78,74.98
71.36,-31.70,74.93
71.50,-31.59,74.90
71.58,-31.46,74.89
71.60,-31.30,74.92
71.57,-31.14,74.99
71.48,-30.97,75.07
71.39,-30.83,75.17
71.31,-30.72,75.25
71.29,-30.59,75.29
71.33,-30.41,75.29
71.42,-30.19,75.27
71.51,-29.93,75.24
71.59,-29.66,75.23
71.65,-29.36,75.23
71.70,-29.06,75.23
71.73,-28.76,75.24
71.75,-28.46,75.24
71.79,-28.16,75.23
71.86,-27.85,75.21
71.97,-27.53,75.15
72.11,-27.17,75.09
72.24,-26.79,75.05
72.33,-26.40,75.04
72.39,-26.01,75.08
72.43,-25.60,75.14
72.47,-25.16,75.19
72.52,-24.66,75.22
72.60,-24.10,75.23
72.70,-23.49,75.23
72.82,-22.87,75.21
72.97,-22.26,75.17
73.15,-21.65,75.10
73.36,-21.04,75.00
73.61,-20.40,74.87
73.85,-19.71,74.75
74.12,-18.96,74.63
74.39,-18.09,74.52
74.62,-17.04,74.43
74.86,-15.79,74.39
75.14,-14.34,74.43
75.44,-12.69,74.58
75.77,-10.85,74.81
76.03,-8.99,75.18
76.28,-6.99,75.63
76.46,-4.67,76.08
76.61,-2.23,76.60
76.79,0.20,77.18
76.95,2.66,77.79
77.14,5.07,78.41
77.45,7.37,79.11
78.00,9.48,79.84
78.83,11.46,80.59
80.10,13.14,81.32
81.98,14.18,82.04
83.63,14.27,82.53
84.39,13.46,82.51
84.24,12.28,81.92
83.65,10.98,80.94
83.04,9.59,79.81
82.74,8.28,78.72
82.83,7.05,77.75
83.16,5.94,76.95
83.59,4.93,76.32
83.96,3.95,75.84
84.19,2.93,75.50
84.32,1.86,75.29
84.43,0.72,75.17
84.59,-0.43,75.11
84.85,-1.59,75.09
85.11,-2.83,75.00
85.21,-4.13,74.83
85.24,-5.43,74.58
85.23,-6.75,74.36
85.19,-8.08,74.23
85.10,-9.38,74.30
84.94,-10.64,74.66
84.69,-11.85,75.33
84.36,-12.97,76.33
83.98,-13.95,77.61
83.56,-14.69,79.11
83.15,-15.18,80.76
82.81,-15.41,82.46
82.63,-15.44,84.11
82.63,-15.35,85.60
82.80,-15.24,86.86
83.07,-15.20,87.81
83.38,-15.32,88.40
83.66,-15.65,88.63
83.91,-16.21,88.52
84.18,-16.97,88.11
84.52,-17.81,87.46
84.87,-18.64,86.62
85.16,-19.32,85.61
85.24,-19.76,84.46
84.98,-19.92,83.18
84.34,-19.86,81.81
83.35,-19.68,80.38
82.11,-19.49,78.98
80.88,-19.36,77.63
79.87,-19.37,76.39
79.13,-19.52,75.31
78.71,-19.79,74.40
78.58,-20.12,73.62
78.65,-20.45,72.93
78.77,-20.68,72.28
78.84,-20.70,71.64
78.76,-20.42,70.98
78.51,-19.82,70.29
78.13,-19.02,69.65
77.62,-18.13,69.10
77.08,-17.27,68.69
76.58,-16.49,68.45
76.16,-15.80,68.35
75.82,-15.16,68.32
76.19,-15.11,68.35
77.27,-16.01,68.50
78.13,-16.71,68.58
78.71,-17.36,68.56
78.95,-18.18,68.38
79.29,-19.05,68.11
79.76,-19.92,67.79
80.19,-20.81,67.42
80.42,-21.66,67.14
80.56,-22.39,66.94
80.67,-23.01,66.82
80.73,-23.55,66.74
80.75,-23.99,66.70
80.72,-24.33,66.74
80.64,-24.58,66.82
80.53,-24.74,66.92
80.36,-24.85,67.06
80.18,-24.90,67.23
80.00,-24.92,67.40
79.84,-24.93,67.57
79.73,-24.96,67.72
79.67,-25.02,67.84
79.67,-25.12,67.91
79.71,-25.26,67.93
79.79,-25.42,67.93
79.91,-25.60,67.88
80.06,-25.78,67.80
80.26,-25.95,67.70
80.49,-26.12,67.59
80.73,-26.27,67.48
80.98,-26.41,67.36
81.22,-26.54,67.24
81.44,-26.67,67.13
81.63,-26.81,67.04
81.76,-26.95,66.98
81.85,-27.09,66.94
81.91,-27.22,66.94
81.96,-27.33,66.94
82.00,-27.41,66.95
82.06,-27.46,66.95
82.15,-27.47,66.94
82.26,-27.45,66.90
82.40,-27.40,66.85
82.56,-27.34,66.77
82.72,-27.27,66.69
82.87,-27.20,66.61
83.00,-27.13,66.55
83.10,-27.06,66.49
83.17,-26.99,66.46
83.22,-26.90,66.44
83.23,-26.81,66.45
83.22,-26.74,66.49
83.19,-26.67,66.54
83.16,-26.61,66.61
83.14,-26.57,66.66
83.13,-26.53,66.71
83.13,-26.48,66.75
83.14,-26.43,66.80
83.14,-26.38,66.86
83.12,-26.33,66.93
83.09,-26.30,67.00
83.06,-26.27,67.08
83.04,-26.23,67.16
83.04,-26.18,67.24
83.05,-26.11,67.28
83.09,-26.02,67.31
83.13,-25.92,67.34
83.16,-25.79,67.38
83.17,-25.62,67.42
83.12,-25.43,67.50
83.01,-25.24,67.62
82.85,-25.12,67.78
82.69,-25.08,67.95
82.57,-25.11,68.08
82.52,-25.18,68.15
82.56,-25.24,68.16
82.68,-25.24,68.13
82.85,-25.18,68.07
83.04,-25.04,68.03
83.19,-24.82,68.04
83.29,-24.51,68.11
83.35,-24.14,68.22
83.37,-23.71,68.37
83.39,-23.22,68.52
83.43,-22.69,68.65
83.50,-22.13,68.75
83.57,-21.52,68.79
83.65,-20.89,68.81
83.71,-20.23,68.85
83.72,-19.58,68.93
83.69,-18.92,69.09
83.64,-18.20,69.32
83.58,-17.39,69.61
83.52,-16.46,69.95
83.49,-15.36,70.33
83.50,-14.04,70.73
83.57,-12.48,71.15
83.67,-10.68,71.61
83.84,-8.66,72.14
84.04,-6.59,72.75
84.30,-4.42,73.46
84.56,-2.03,74.18
84.85,0.49,74.93
85.19,3.03,75.74
85.55,5.44,76.56
86.00,7.61,77.43
86.83,9.53,78.31
88.02,10.95,79.16
89.09,11.25,79.72
89.66,10.69,79.79
89.83,9.86,79.49
89.80,8.89,78.95
89.81,7.96,78.37
89.97,7.09,77.84
90.27,6.24,77.39
90.64,5.35,76.99
91.00,4.41,76.62
91.35,3.45,76.26
91.68,2.49,75.89
91.96,1.56,75.50
92.14,0.67,75.06
92.19,-0.23,74.57
92.15,-1.19,74.05
92.10,-2.27,73.51
92.11,-3.48,72.99
92.24,-4.82,72.54
92.44,-6.24,72.19
92.71,-7.68,71.96
92.97,-9.06,71.84
93.13,-10.28,71.84
93.18,-11.30,71.96
93.11,-12.06,72.25
92.93,-12.59,72.71
92.60,-12.94,73.34
92.12,-13.17,74.15
91.53,-13.35,75.13
90.88,-13.56,76.26
90.26,-13.84,77.51
89.74,-14.22,78.81
89.39,-14.70,80.06
89.25,-15.25,81.20
89.29,-15.84,82.15
89.46,-16.46,82.83
89.73,-17.07,83.15
90.06,-17.67,83.06
90.35,-18.22,82.57
90.51,-18.69,81.70
90.47,-19.09,80.54
90.25,-19.42,79.15
89.85,-19.71,77.65
89.25,-19.99,76.12
88.37,-20.26,74.68
87.37,-20.44,73.37
86.49,-20.51,72.25
85.84,-20.44,71.32
85.47,-20.28,70.62
85.33,-20.10,70.14
85.38,-19.97,69.83
85.52,-19.86,69.60
85.63,-19.65,69.41
85.60,-19.28,69.23
85.38,-18.78,69.07
84.99,-18.16,68.98
84.58,-17.49,68.96
84.26,-16.82,69.03
84.08,-16.17,69.17
84.08,-15.52,69.34
84.25,-14.89,69.50
84.55,-14.24,69.63
84.94,-13.64,69.64
85.27,-13.10,69.55
85.45,-12.57,69.40
85.57,-12.13,69.33
86.34,-12.54,69.58
87.33,-13.47,69.82
87.74,-14.39,69.76
87.64,-15.47,69.46
87.88,-16.62,69.12
88.24,-17.67,68.73
88.50,-18.52,68.33
88.71,-19.35,68.02
88.88,-20.12,67.74
89.00,-20.83,67.46
89.10,-21.43,67.23
89.11,-21.93,67.07
89.04,-22.34,66.97
88.83,-22.69,66.96
88.47,-23.01,67.02
87.94,-23.29,67.18
87.33,-23.52,67.45
86.73,-23.69,67.77
86.24,-23.79,68.06
85.91,-23.83,68.27
85.70,-23.81,68.37
85.60,-23.74,68.39
85.57,-23.65,68.35
85.58,-23.56,68.28
85.62,-23.50,68.18
85.67,-23.49,68.08
85.70,-23.51,67.99
85.74,-23.57,67.92
85.77,-23.66,67.83
85.82,-23.77,67.75
85.89,-23.88,67.67
85.98,-23.99,67.60
86.10,-24.08,67.52
86.23,-24.17,67.44
86.39,-24.26,67.34
86.58,-24.33,67.24
86.81,-24.39,67.13
87.05,-24.44,67.00
87.27,-24.48,66.86
87.50,-24.51,66.73
87.71,-24.52,66.62
87.90,-24.52,66.53
88.08,-24.49,66.47
88.24,-24.44,66.42
88.37,-24.39,66.39
88.49,-24.33,66.38
88.57,-24.29,66.36
88.63,-24.29,66.34
88.65,-24.35,66.32
88.66,-24.45,66.32
88.65,-24.57,66.32
88.69,-24.67,66.33
88.73,-24.75,66.31
88.81,-24.79,66.29
88.90,-24.80,66.26
88.97,-24.79,66.23
89.01,-24.77,66.23
89.00,-24.78,66.24
88.94,-24.82,66.28
88.85,-24.89,66.33
88.76,-24.97,66.38
88.71,-25.04,66.41
88.70,-25.06,66.44
88.70,-25.02,66.47
88.66,-24.93,66.53
88.61,-24.80,66.63
88.55,-24.63,66.74
88.46,-24.41,66.87
88.35,-24.13,67.03
88.20,-23.80,67.21
88.02,-23.45,67.39
87.86,-23.10,67.55
87.74,-22.77,67.70
87.67,-22.46,67.82
87.64,-22.16,67.92
87.64,-21.87,67.99
87.66,-21.58,68.04
87.69,-21.27,68.08
87.69,-20.93,68.13
87.66,-20.57,68.20
87.60,-20.19,68.29
87.52,-19.78,68.41
87.45,-19.34,68.54
87.39,-18.88,68.68
87.35,-18.44,68.82
87.33,-18.06,68.91
87.35,-17.74,68.97
87.38,-17.45,68.99
87.43,-17.17,69.00
87.48,-16.89,69.01
87.54,-16.58,69.03
87.57,-16.23,69.09
87.59,-15.80,69.20
87.59,-15.25,69.37
87.57,-14.53,69.58
87.54,-13.59,69.85
87.51,-12.40,70.19
87.43,-10.91,70.54
87.39,-9.15,70.93
87.48,-7.13,71.40
87.62,-4.89,71.98
87.81,-2.55,72.71
88.01,-0.22,73.58
88.19,2.23,74.54
88.37,4.81,75.59
88.54,7.40,76.72
88.72,9.83,77.89
88.95,12.10,79.10
89.31,14.21,80.29
89.88,16.04,81.40
90.33,17.01,82.16
90.41,17.04,82.33
90.29,16.48,81.92
90.22,15.59,81.13
90.32,14.55,80.20
90.63,13.59,79.33
91.12,12.68,78.54
91.68,11.83,77.88
92.19,10.97,77.35
92.63,10.04,76.92
93.02,9.01,76.56
93.37,7.85,76.24
93.67,6.54,75.91
93.94,5.14,75.54
94.17,3.61,75.13
94.36,2.08,74.59
94.54,0.64,73.97
94.71,-0.72,73.34
94.88,-2.01,72.74
95.01,-3.23,72.23
95.10,-4.37,71.85
95.15,-5.40,71.64
95.17,-6.26,71.63
95.13,-6.94,71.82
94.99,-7.50,72.23
94.77,-7.97,72.85
94.48,-8.41,73.68
94.18,-8.81,74.70
93.88,-9.18,75.85
93.59,-9.51,77.05
93.30,-9.80,78.23
93.00,-10.05,79.35
92.71,-10.29,80.37
92.47,-10.54,81.27
92.31,-10.81,82.02
92.22,-11.15,82.57
92.21,-11.57,82.85
92.25,-12.08,82.83
92.29,-12.68,82.50
92.27,-13.30,81.86
92.18,-13.90,80.95
91.97,-14.40,79.84
91.54,-14.78,78.59
90.85,-15.05,77.27
89.94,-15.28,75.93
88.86,-15.48,74.63
87.72,-15.69,73.42
86.67,-15.90,72.32
85.81,-16.07,71.34
85.25,-16.14,70.44
85.00,-16.04,69.60
85.00,-15.77,68.77
85.13,-15.35,67.99
85.24,-14.83,67.27
85.26,-14.25,66.68
85.15,-13.63,66.26
84.91,-12.98,66.02
84.55,-12.31,65.94
84.11,-11.59,66.00
83.62,-10.82,66.17
83.34,-9.94,66.36
84.73,-10.23,66.56
86.71,-11.45,66.77
87.97,-12.46,66.82
88.55,-13.58,66.56
88.90,-14.58,66.05
89.43,-15.61,65.50
89.92,-16.55,64.95
90.33,-17.34,64.50
90.68,-18.02,64.17
90.95,-18.61,63.89
91.09,-19.11,63.68
91.12,-19.52,63.57
91.00,-19.85,63.56
90.79,-20.09,63.66
90.53,-20.23,63.80
90.24,-20.30,63.97
89.97,-20.33,64.13
89.73,-20.30,64.27
89.52,-20.21,64.40
89.36,-20.10,64.50
89.25,-19.97,64.59
89.16,-19.85,64.64
89.09,-19.76,64.69
89.03,-19.70,64.74
88.98,-19.67,64.80
88.93,-19.66,64.85
88.90,-19.70,64.89
88.89,-19.77,64.92
88.91,-19.86,64.94
88.95,-19.97,64.92
89.02,-20.07,64.90
89.12,-20.16,64.85
89.22,-20.26,64.80
89.31,-20.35,64.75
89.39,-20.44,64.72
89.44,-20.53,64.70
89.47,-20.62,64.70
89.48,-20.71,64.72
89.48,-20.79,64.74
89.48,-20.86,64.77
89.48,-20.90,64.80
89.49,-20.91,64.83
89.51,-20.89,64.86
89.53,-20.84,64.89
89.54,-20.78,64.94
89.52,-20.71,65.01
89.45,-20.64,65.13
89.34,-20.59,65.28
89.21,-20.55,65.43
89.10,-20.52,65.57
89.01,-20.51,65.68
88.97,-20.49,65.77
88.96,-20.48,65.82
89.00,-20.48,65.83
89.07,-20.49,65.81
89.15,-20.51,65.77
89.23,-20.54,65.71
89.29,-20.57,65.66
89.33,-20.61,65.63
89.35,-20.67,65.61
89.35,-20.75,65.61
89.36,-20.86,65.62
89.37,-20.97,65.65
89.37,-21.12,65.66
89.37,-21.26,65.66
89.38,-21.39,65.66
89.39,-21.49,65.66
89.41,-21.54,65.64
89.44,-21.54,65.62
89.46,-21.50,65.60
89.47,-21.43,65.59
89.46,-21.35,65.59
89.45,-21.25,65.60
89.42,-21.13,65.62
89.39,-20.99,65.67
89.34,-20.83,65.74
89.28,-20.65,65.83
89.22,-20.43,65.93
89.15,-20.18,66.03
89.08,-19.88,66.12
89.00,-19.54,66.23
88.89,-19.14,66.36
88.77,-18.69,66.51
88.64,-18.20,66.69
88.50,-17.70,66.87
88.37,-17.25,67.07
88.29,-16.89,67.23
88.21,-16.60,67.35
88.16,-16.36,67.43
88.16,-16.17,67.48
88.16,-15.99,67.53
88.17,-15.77,67.59
88.19,-15.49,67.65
88.24,-15.11,67.73
88.25,-14.67,67.85
88.23,-14.17,68.00
88.18,-13.64,68.18
88.10,-13.09,68.39
88.00,-12.58,68.61
87.89,-12.14,68.86
87.79,-11.76,69.11
87.68,-11.37,69.34
87.58,-10.95,69.56
87.50,-10.45,69.78
87.44,-9.83,69.99
87.41,-9.06,70.22
87.39,-8.10,70.47
87.41,-6.97,70.77
87.46,-5.66,71.14
87.53,-4.19,71.60
87.64,-2.60,72.16
87.69,-1.01,72.80
87.68,0.68,73.47
87.65,2.42,74.17
87.61,4.13,74.90
87.51,5.69,75.60
87.48,7.08,76.26
87.62,8.10,76.80
87.75,8.57,76.96
87.76,8.75,76.67
87.88,8.75,76.13
88.25,8.57,75.54
88.80,8.28,75.06
89.28,7.88,74.71
89.57,7.39,74.52
89.70,6.82,74.47
89.82,6.22,74.56
90.00,5.61,74.74
90.13,4.99,74.95
90.08,4.42,75.16
89.80,3.87,75.33
89.37,3.25,75.46
88.94,2.51,75.57
88.57,1.65,75.67
88.23,0.73,75.75
87.99,-0.24,75.81
87.96,-1.26,75.84
88.15,-2.31,75.84
88.47,-3.33,75.79
88.78,-4.25,75.71
89.07,-5.04,75.62
89.37,-5.67,75.59
89.67,-6.17,75.66
89.93,-6.59,75.87
90.11,-6.99,76.17
90.16,-7.40,76.54
90.08,-7.81,76.94
89.92,-8.22,77.34
89.79,-8.62,77.72
89.77,-9.05,78.08
89.88,-9.53,78.42
90.08,-10.04,78.75
90.31,-10.55,79.07
90.50,-11.05,79.38
90.60,-11.50,79.67
90.58,-11.91,79.93
90.44,-12.29,80.14
90.17,-12.67,80.29
89.81,-13.04,80.37
89.35,-13.42,80.38
88.87,-13.85,80.29
88.39,-14.35,80.10
87.95,-14.97,79.78
87.61,-15.70,79.31
87.36,-16.48,78.70
87.15,-17.18,77.93
86.90,-17.71,77.01
86.55,-18.02,75.94
86.07,-18.12,74.76
85.47,-18.08,73.51
84.85,-17.97,72.24
84.34,-17.85,71.03
84.00,-17.76,69.92
83.90,-17.70,68.97
84.05,-17.66,68.19
84.39,-17.63,67.60
84.83,-17.60,67.19
85.27,-17.52,66.89
85.62,-17.35,66.68
85.82,-17.08,66.58
85.82,-16.72,66.57
85.65,-16.29,66.66
85.40,-15.81,66.83
85.14,-15.33,67.08
84.91,-14.87,67.43
84.72,-14.43,67.86
84.56,-13.99,68.35
84.42,-13.52,68.87
84.29,-13.00,69.40
84.19,-12.47,69.92
84.11,-11.97,70.43
84.06,-11.56,70.92
84.05,-11.25,71.39
84.10,-11.07,71.80
84.22,-10.99,72.08
84.35,-10.88,72.20
84.43,-10.69,72.16
84.53,-10.37,71.95
84.68,-9.97,71.60
84.81,-9.46,71.19
85.20,-9.17,70.99
86.30,-9.70,71.21
87.97,-10.62,71.41
89.29,-11.90,71.32
89.84,-13.21,70.86
90.16,-14.44,70.20
90.53,-15.66,69.64
90.85,-16.66,69.28
91.05,-17.51,68.99
91.23,-18.25,68.73
91.38,-18.88,68.49
91.47,-19.36,68.36
91.49,-19.71,68.29
91.44,-19.94,68.29
91.31,-20.06,68.37
91.08,-20.09,68.54
90.75,-20.05,68.81
90.38,-19.96,69.12
90.01,-19.79,69.46
89.67,-19.56,69.77
89.36,-19.29,70.04
89.09,-19.02,70.26
88.90,-18.76,70.43
88.79,-18.53,70.55
88.73,-18.33,70.62
88.71,-18.16,70.64
88.74,-18.01,70.63
88.79,-17.91,70.61
88.85,-17.83,70.58
88.93,-17.77,70.54
89.01,-17.74,70.50
89.09,-17.74,70.46
89.18,-17.76,70.42
89.26,-17.79,70.38
89.35,-17.83,70.34
89.45,-17.88,70.29
89.55,-17.94,70.25
89.67,-18.01,70.22
89.78,-18.09,70.19
89.88,-18.18,70.16
89.97,-18.27,70.14
90.06,-18.37,70.13
90.13,-18.47,70.13
90.19,-18.56,70.14
90.24,-18.65,70.16
90.29,-18.72,70.19
90.34,-18.77,70.22
90.38,-18.82,70.25
90.42,-18.86,70.27
90.45,-18.91,70.31
90.45,-18.97,70.35
90.45,-19.06,70.38
90.45,-19.16,70.42
90.45,-19.27,70.44
90.47,-19.38,70.45
90.50,-19.50,70.47
90.54,-19.61,70.50
90.61,-19.70,70.50
90.68,-19.77,70.47
90.74,-19.83,70.43
90.78,-19.88,70.40
90.80,-19.92,70.37
90.79,-19.98,70.36
90.76,-20.08,70.35
90.71,-20.22,70.36
90.66,-20.38,70.38
90.63,-20.54,70.42
90.61,-20.68,70.45
90.63,-20.79,70.49
90.66,-20.90,70.49
90.70,-21.01,70.47
90.73,-21.10,70.45
90.75,-21.19,70.42
90.75,-21.29,70.39
90.72,-21.42,70.38
90.68,-21.56,70.37
90.65,-21.69,70.37
90.64,-21.78,70.38
90.64,-21.82,70.41
90.63,-21.79,70.45
90.61,-21.72,70.52
90.56,-21.61,70.61
90.48,-21.48,70.74
90.38,-21.33,70.90
90.26,-21.17,71.05
90.14,-21.00,71.21
90.04,-20.82,71.35
89.96,-20.63,71.47
89.92,-20.44,71.58
89.92,-20.23,71.66
89.95,-20.02,71.74
89.97,-19.79,71.81
89.97,-19.56,71.88
89.95,-19.32,71.98
89.91,-19.07,72.08
89.87,-18.79,72.19
89.81,-18.48,72.31
89.75,-18.13,72.43
89.69,-17.74,72.54
89.63,-17.30,72.65
89.58,-16.83,72.78
89.53,-16.34,72.91
89.46,-15.84,73.05
89.40,-15.34,73.18
89.33,-14.85,73.31
89.26,-14.36,73.44
89.18,-13.91,73.58
89.09,-13.46,73.73
89.00,-13.00,73.87
88.91,-12.51,74.01
88.82,-11.98,74.13
88.75,-11.39,74.24
88.68,-10.74,74.34
88.63,-10.03,74.45
88.61,-9.31,74.59
88.57,-8.57,74.75
88.53,-7.84,74.94
88.47,-7.10,75.16
88.37,-6.33,75.43
88.27,-5.50,75.72
88.20,-4.54,76.03
88.20,-3.44,76.35
88.30,-2.17,76.72
88.49,-0.74,77.17
88.79,0.84,77.75
89.26,2.38,78.44
89.73,3.88,79.22
89.89,5.57,80.04
89.99,7.33,80.91
90.06,9.09,81.80
90.14,10.69,82.67
90.33,12.14,83.56
90.73,13.44,84.44
91.17,14.39,85.14
91.39,14.93,85.50
91.23,15.19,85.54
90.99,15.00,85.37
91.05,14.47,85.18
91.46,13.73,85.07
92.00,12.87,85.05
92.41,11.97,85.07
92.55,11.11,85.13
92.55,10.25,85.22
92.58,9.46,85.39
92.72,8.74,85.61
92.85,7.97,85.81
92.82,7.07,85.89
92.59,6.01,85.84
92.33,4.77,85.61
92.20,3.45,85.24
92.22,2.12,84.77
92.32,0.80,84.22
92.45,-0.52,83.62
92.60,-1.81,83.06
92.77,-3.04,82.59
92.96,-4.17,82.27
93.16,-5.11,82.10
93.30,-5.80,82.05
93.32,-6.25,82.11
93.20,-6.54,82.26
92.98,-6.75,82.50
92.73,-6.93,82.82
92.56,-7.14,83.22
92.55,-7.41,83.68
92.70,-7.75,84.19
92.98,-8.16,84.73
93.30,-8.61,85.27
93.60,-9.04,85.77
93.83,-9.40,86.24
93.97,-9.67,86.67
94.03,-9.86,87.07
94.04,-10.00,87.46
94.03,-10.17,87.82
94.06,-10.41,88.09
94.12,-10.78,88.25
94.19,-11.29,88.25
94.24,-11.91,88.06
94.25,-12.58,87.67
94.18,-13.23,87.09
93.98,-13.82,86.37
93.68,-14.30,85.53
93.31,-14.66,84.61
92.97,-14.86,83.62
92.64,-14.90,82.61
92.34,-14.78,81.60
92.06,-14.54,80.64
91.85,-14.25,79.78
91.73,-13.96,79.03
91.72,-13.69,78.44
91.77,-13.47,78.00
91.84,-13.31,77.70
91.88,-13.19,77.54
91.86,-13.10,77.49
91.76,-13.06,77.50
91.53,-12.99,77.54
91.24,-12.86,77.62
90.94,-12.68,77.72
90.64,-12.46,77.86
90.35,-12.21,78.00
90.06,-11.92,78.14
89.79,-11.62,78.26
89.56,-11.36,78.38
89.39,-11.17,78.48
89.30,-11.05,78.56
89.28,-10.96,78.64
89.32,-10.80,78.71
89.41,-10.50,78.77
89.55,-10.01,78.85
89.73,-9.32,78.98
89.89,-8.45,79.18
89.99,-7.50,79.47
90.27,-6.46,79.81
92.15,-6.88,80.03
93.59,-7.90,80.09
93.91,-8.68,79.84
93.87,-9.52,79.37
94.18,-10.62,78.83
94.47,-11.44,78.27
94.69,-12.20,77.77
94.89,-12.91,77.39
95.04,-13.50,77.09
95.12,-14.01,76.84
95.16,-14.49,76.70
95.11,-14.91,76.62
95.00,-15.29,76.60
94.83,-15.65,76.63
94.63,-15.97,76.70
94.44,-16.28,76.78
94.26,-16.57,76.85
94.11,-16.85,76.90
94.02,-17.08,76.91
93.98,-17.29,76.89
94.00,-17.49,76.83
94.05,-17.69,76.75
94.13,-17.89,76.66
94.22,-18.10,76.56
94.29,-18.31,76.46
94.35,-18.51,76.36
94.41,-18.67,76.26
94.46,-18.79,76.16
94.52,-18.87,76.08
94.57,-18.91,76.01
94.62,-18.90,75.96
94.64,-18.85,75.93
94.65,-18.76,75.92
94.63,-18.65,75.94
94.61,-18.54,75.96
94.56,-18.46,76.00
94.51,-18.40,76.04
94.46,-18.38,76.08
94.41,-18.37,76.10
94.39,-18.36,76.10
94.39,-18.32,76.08
94.43,-18.26,76.04
94.47,-18.18,75.98
94.51,-18.09,75.91
94.54,-18.00,75.85
94.55,-17.92,75.80
94.53,-17.87,75.76
94.50,-17.87,75.73
94.44,-17.93,75.70
94.36,-18.01,75.68
94.31,-18.07,75.65
94.30,-18.06,75.61
94.31,-17.99,75.57
94.31,-17.88,75.56
94.28,-17.74,75.57
94.19,-17.62,75.64
94.05,-17.52,75.75
93.84,-17.45,75.91
93.59,-17.45,76.07
93.33,-17.50,76.19
93.14,-17.58,76.27
93.00,-17.59,76.31
92.96,-17.51,76.31
92.97,-17.37,76.31
92.95,-17.19,76.34
92.88,-17.01,76.41
92.78,-16.84,76.51
92.63,-16.68,76.64
92.45,-16.51,76.77
92.27,-16.33,76.89
92.11,-16.12,76.97
92.02,-15.88,77.02
91.95,-15.60,77.07
91.92,-15.30,77.10
91.90,-14.95,77.13
91.86,-14.56,77.17
91.78,-14.12,77.22
91.66,-13.54,77.28
91.56,-12.76,77.35
91.45,-11.77,77.44
91.38,-10.54,77.55
91.37,-9.08,77.70
91.41,-7.45,77.92
91.52,-5.73,78.26
91.64,-3.93,78.77
91.68,-2.06,79.43
91.67,-0.18,80.25
91.64,1.63,81.18
91.58,3.46,82.19
91.52,5.31,83.28
91.51,7.17,84.42
91.57,8.96,85.61
91.66,10.71,86.80
91.78,12.37,87.98
92.02,13.96,89.12
92.42,15.52,90.20
93.05,16.78,91.10
93.55,17.41,91.59
93.71,17.42,91.56
93.70,16.93,90.96
93.68,16.22,89.95
93.73,15.37,88.77
93.86,14.57,87.58
94.07,13.85,86.45
94.22,13.21,85.42
94.25,12.60,84.51
94.17,11.93,83.70
94.05,11.16,83.02
93.93,10.30,82.47
93.81,9.39,82.05
93.69,8.45,81.74
93.61,7.49,81.45
93.38,6.49,81.07
93.05,5.44,80.55
92.70,4.36,79.97
92.37,3.24,79.38
92.09,2.10,78.84
91.86,0.95,78.38
91.65,-0.18,78.01
91.43,-1.28,77.76
91.19,-2.32,77.63
90.88,-3.27,77.62
90.50,-4.10,77.73
90.00,-4.77,77.98
89.41,-5.27,78.34
88.79,-5.60,78.81
88.18,-5.81,79.35
87.59,-5.96,79.92
87.00,-6.11,80.51
86.46,-6.34,81.08
85.98,-6.67,81.63
85.55,-7.13,82.15
85.14,-7.69,82.66
84.73,-8.31,83.12
84.31,-8.98,83.51
83.95,-9.67,83.77
83.68,-10.38,83.88
83.50,-11.10,83.83
83.37,-11.81,83.63
83.31,-12.53,83.28
83.31,-13.23,82.83
83.27,-13.90,82.29
83.11,-14.49,81.72
82.79,-14.99,81.12
82.32,-15.36,80.49
81.73,-15.59,79.85
81.06,-15.67,79.21
80.41,-15.61,78.61
79.83,-15.45,78.07
79.33,-15.23,77.65
78.94,-14.99,77.37
78.65,-14.74,77.24
78.46,-14.54,77.27
78.33,-14.34,77.40
78.17,-14.11,77.60
77.99,-13.83,77.80
77.78,-13.47,77.92
77.53,-12.95,77.89
77.25,-12.26,77.71
76.99,-11.33,77.40
76.97,-10.18,76.96
77.19,-8.94,76.47
77.63,-7.75,76.09
79.34,-7.82,76.31
81.39,-8.58,76.65
83.19,-9.30,76.61
84.16,-10.97,76.02
85.28,-12.46,75.14
86.47,-14.24,74.24
87.32,-15.58,73.49
88.13,-16.63,72.99
88.82,-17.56,72.51
89.31,-18.46,72.17
89.57,-19.28,72.04
89.63,-20.02,72.03
89.57,-20.64,72.11
89.41,-21.08,72.27
89.23,-21.34,72.45
89.10,-21.43,72.59
89.09,-21.40,72.66
89.04,-21.32,72.67
89.05,-21.20,72.63
89.09,-21.09,72.54
89.14,-21.02,72.44
