-,-,-
-114.14,48.68,289.24
-113.86,48.70,289.06
-113.68,48.72,288.90
-113.59,48.75,288.77
-113.56,48.78,288.66
-113.59,48.81,288.57
-113.67,48.85,288.49
-113.79,48.87,288.44
-113.93,48.90,288.40
-114.08,48.93,288.36
-114.23,48.96,288.34
-114.36,49.00,288.31
-114.48,49.04,288.28
-114.59,49.07,288.26
-114.71,49.11,288.23
-114.81,49.16,288.20
-114.90,49.20,288.19
-115.00,49.23,288.18
-115.10,49.26,288.19
-115.17,49.28,288.23
-115.10,49.32,288.26
-114.96,49.36,288.31
-114.88,49.40,288.37
-114.85,49.44,288.38
-114.82,49.46,288.38
-114.80,49.47,288.39
-114.80,49.47,288.38
-114.81,49.46,288.39
-114.80,49.45,288.41
-114.80,49.45,288.43
-114.79,49.45,288.46
-114.77,49.45,288.48
-114.73,49.45,288.51
-114.67,49.45,288.53
-114.58,49.46,288.53
-114.48,49.48,288.54
-114.39,49.50,288.53
-114.29,49.54,288.51
-114.20,49.63,288.45
-114.16,49.76,288.34
-114.13,49.90,288.21
-114.07,50.04,288.11
-114.00,50.18,288.03
-113.91,50.27,288.00
-113.79,50.28,288.01
-113.65,50.29,288.04
-113.55,50.26,288.07
-113.47,50.22,288.10
-113.39,50.18,288.13
-113.29,50.15,288.17
-113.23,50.11,288.20
-113.25,50.05,288.23
-113.34,49.98,288.26
-113.45,49.86,288.29
-113.56,49.70,288.31
-113.69,49.50,288.31
-113.74,49.24,288.31
-113.71,48.89,288.34
-113.63,48.44,288.39
-113.61,47.90,288.39
-113.67,47.33,288.36
-113.69,46.58,288.39
-113.45,45.62,288.59
-112.91,44.60,288.88
-112.36,43.51,289.18
-111.94,42.32,289.42
-111.67,41.02,289.63
-111.47,39.58,289.81
-111.31,37.99,289.99
-111.13,36.24,290.19
-110.91,34.35,290.41
-110.68,32.34,290.64
-110.45,30.27,290.82
-110.30,28.23,290.92
-110.30,26.26,291.03
-110.58,24.45,291.15
-110.95,22.78,291.30
-111.03,21.37,291.39
-110.66,20.67,291.13
-109.99,21.13,290.62
-109.10,22.10,290.11
-108.35,23.11,289.85
-108.05,24.09,289.95
-107.98,24.97,290.46
-107.97,25.64,291.26
-107.75,26.03,292.18
-107.13,26.21,293.13
-106.15,26.24,294.04
-105.12,26.21,294.88
-104.26,26.14,295.64
-103.65,26.04,296.29
-103.26,25.89,296.81
-103.06,25.76,297.16
-103.02,25.71,297.35
-103.15,25.78,297.40
-103.41,26.00,297.30
-103.78,26.36,297.07
-104.24,26.89,296.71
-104.78,27.53,296.23
-105.40,28.24,295.67
-106.12,28.99,295.06
-106.93,29.78,294.42
-107.80,30.61,293.76
-108.70,31.50,293.08
-109.63,32.48,292.37
-110.58,33.55,291.65
-111.55,34.70,290.94
-112.47,35.88,290.28
-113.29,37.06,289.71
-113.99,38.25,289.26
-114.56,39.47,288.95
-115.01,40.71,288.73
-115.41,41.96,288.54
-115.83,43.19,288.32
-116.33,44.37,288.00
-116.93,45.47,287.58
-117.64,46.48,287.05
-118.47,47.42,286.39
-119.37,48.28,285.64
-120.24,49.04,284.87
-121.02,49.70,284.15
-121.69,50.24,283.51
-122.27,50.64,282.91
-122.82,50.88,282.30
-123.42,50.92,281.64
-124.11,50.73,280.92
-124.88,50.27,280.13
-125.69,49.52,279.32
-125.62,48.18,278.90
-123.11,46.57,279.32
-121.09,45.29,279.46
-120.03,44.59,279.44
-119.35,44.63,280.12
-119.15,44.87,280.48
-119.51,45.42,280.37
-120.08,46.05,280.17
-120.59,46.55,279.95
-120.75,46.83,279.85
-120.64,46.92,279.84
-120.43,46.92,279.87
-120.24,46.88,279.91
-120.12,46.85,279.95
-120.08,46.85,279.96
-120.09,46.88,279.98
-120.10,46.91,280.01
-120.09,46.92,280.03
-120.08,46.91,280.06
-120.07,46.90,280.09
-120.09,46.88,280.10
-120.12,46.88,280.10
-120.16,46.90,280.09
-120.20,46.92,280.08
-120.23,46.94,280.08
-120.23,46.96,280.08
-120.24,46.96,280.06
-120.28,46.93,280.03
-120.34,46.88,279.99
-120.41,46.83,279.94
-120.48,46.79,279.89
-120.55,46.74,279.84
-120.61,46.69,279.79
-120.67,46.64,279.74
-120.71,46.59,279.70
-120.73,46.54,279.65
-120.74,46.50,279.61
-120.74,46.47,279.58
-120.73,46.46,279.54
-120.72,46.43,279.52
-120.70,46.39,279.49
-120.70,46.35,279.45
-120.72,46.32,279.41
-120.76,46.30,279.36
-120.78,46.28,279.31
-120.79,46.25,279.27
-120.80,46.23,279.22
-120.79,46.19,279.19
-120.78,46.14,279.15
-120.77,46.10,279.12
-120.76,46.07,279.10
-120.76,46.05,279.07
-120.75,46.04,279.04
-120.74,46.05,279.02
-120.72,46.07,278.99
-120.70,46.11,278.97
-120.65,46.15,278.95
-120.56,46.20,278.95
-120.48,46.26,278.95
-120.41,46.32,278.95
-120.35,46.36,278.95
-120.30,46.40,278.95
-120.26,46.42,278.94
-120.25,46.43,278.93
-120.25,46.43,278.92
-120.25,46.42,278.90
-120.25,46.41,278.89
-120.25,46.38,278.89
-120.21,46.34,278.90
-120.18,46.30,278.93
-120.18,46.29,278.95
-120.21,46.29,278.96
-120.24,46.30,278.97
-120.27,46.32,278.97
-120.30,46.34,278.97
-120.32,46.34,278.97
-120.33,46.34,278.96
-120.33,46.34,278.95
-120.33,46.32,278.92
-120.32,46.31,278.90
-120.29,46.29,278.89
-120.26,46.25,278.89
-120.22,46.18,278.90
-120.17,46.07,278.92
-120.11,45.93,278.93
-120.05,45.75,278.94
-119.96,45.51,278.97
-119.86,45.21,279.00
-119.77,44.82,279.02
-119.68,44.33,279.03
-119.67,43.77,279.02
-119.84,43.15,279.07
-119.90,42.42,279.25
-119.41,41.62,279.62
-119.08,40.82,279.91
-118.75,39.85,280.25
-118.29,38.77,280.65
-117.74,37.58,281.08
-117.17,36.28,281.54
-116.64,34.86,281.98
-116.21,33.33,282.39
-115.83,31.69,282.78
-115.52,29.94,283.15
-115.27,28.11,283.44
-115.10,26.23,283.69
-115.04,24.26,283.86
-115.18,22.25,283.97
-115.49,20.26,284.03
-116.00,18.51,284.03
-116.49,16.88,284.10
-116.76,15.18,284.18
-117.12,13.57,284.20
-117.66,12.33,284.23
-118.04,11.84,284.13
-118.19,11.73,283.95
-118.09,11.69,283.80
-117.91,11.58,283.78
-117.75,11.34,283.95
-117.66,11.03,284.36
-117.61,10.74,285.03
-117.60,10.55,285.92
-117.54,10.51,286.96
-117.35,10.63,288.03
-116.95,10.89,289.01
-116.30,11.27,289.86
-115.51,11.72,290.58
-114.75,12.17,291.18
-114.14,12.62,291.72
-113.75,13.10,292.17
-113.57,13.69,292.51
-113.50,14.44,292.68
-113.49,15.32,292.65
-113.55,16.28,292.44
-113.70,17.27,292.06
-114.00,18.27,291.55
-114.46,19.33,290.96
-115.04,20.51,290.29
-115.68,21.78,289.56
-116.36,23.14,288.79
-117.09,24.59,288.00
-117.89,26.16,287.22
-118.72,27.82,286.43
-119.58,29.53,285.64
-120.51,31.24,284.84
-121.51,32.93,284.04
-122.60,34.60,283.24
-123.74,36.22,282.43
-124.87,37.78,281.59
-125.94,39.27,280.76
-126.85,40.66,279.95
-127.57,41.94,279.17
-128.19,43.11,278.37
-128.90,44.15,277.48
-129.79,45.05,276.47
-130.88,45.81,275.33
-132.15,46.44,274.10
-133.48,46.94,272.86
-134.76,47.31,271.70
-135.91,47.53,270.71
-136.87,47.61,269.93
-137.60,47.55,269.37
-138.01,47.34,269.05
-138.05,46.92,269.01
-137.09,46.01,269.55
-134.18,44.71,270.94
-131.87,44.44,271.00
-129.74,44.49,271.21
-128.16,44.70,271.66
-127.65,44.77,271.88
-127.91,44.76,271.82
-128.35,44.71,271.70
-128.74,44.66,271.58
-128.94,44.59,271.50
-128.99,44.51,271.47
-129.03,44.47,271.44
-129.08,44.47,271.40
-129.09,44.48,271.35
-129.09,44.50,271.31
-129.17,44.53,271.25
-129.27,44.58,271.17
-129.34,44.62,271.10
-129.39,44.66,271.04
-129.47,44.70,270.96
-129.58,44.73,270.89
-129.69,44.75,270.81
-129.78,44.77,270.75
-129.84,44.79,270.69
-129.90,44.80,270.64
-129.96,44.81,270.60
-130.00,44.82,270.56
-130.03,44.84,270.51
-130.05,44.86,270.47
-130.07,44.88,270.44
-130.08,44.90,270.40
-130.10,44.92,270.36
-130.12,44.94,270.33
-130.14,44.95,270.31
-130.15,44.96,270.29
-130.16,44.97,270.27
-130.17,44.99,270.24
-130.18,45.01,270.21
-130.19,45.03,270.17
-130.18,45.06,270.15
-130.19,45.07,270.12
-130.19,45.09,270.09
-130.20,45.10,270.07
-130.21,45.12,270.05
-130.21,45.13,270.03
-130.20,45.13,270.01
-130.19,45.14,269.99
-130.17,45.16,269.97
-130.12,45.18,269.95
-130.06,45.20,269.94
-130.00,45.23,269.92
-129.93,45.26,269.90
-129.87,45.30,269.88
-129.81,45.34,269.85
-129.76,45.39,269.83
-129.71,45.43,269.81
-129.68,45.47,269.78
-129.65,45.51,269.75
-129.65,45.55,269.72
-129.63,45.58,269.68
-129.61,45.62,269.65
-129.61,45.66,269.62
-129.60,45.69,269.59
-129.58,45.72,269.56
-129.56,45.74,269.54
-129.52,45.76,269.52
-129.48,45.78,269.50
-129.46,45.79,269.49
-129.44,45.79,269.48
-129.43,45.78,269.47
-129.41,45.77,269.46
-129.40,45.75,269.46
-129.36,45.72,269.47
-129.32,45.69,269.48
-129.27,45.65,269.50
-129.23,45.59,269.52
-129.21,45.53,269.55
-129.20,45.45,269.57
-129.20,45.35,269.60
-129.21,45.23,269.63
-129.25,45.11,269.66
-129.30,44.98,269.68
-129.35,44.84,269.70
-129.36,44.68,269.72
-129.32,44.47,269.75
-129.20,44.23,269.82
-129.02,43.95,269.97
-128.84,43.66,270.16
-128.85,43.34,270.39
-129.10,42.86,270.73
-128.96,42.23,271.23
-128.73,41.54,271.70
-128.56,40.78,272.16
-128.39,39.92,272.63
-128.18,38.98,273.13
-127.97,37.97,273.64
-127.69,36.85,274.18
-127.20,35.63,274.79
-126.67,34.30,275.40
-126.25,32.87,275.94
-125.98,31.36,276.45
-125.84,29.81,276.93
-125.75,28.23,277.42
-125.60,26.57,277.93
-125.50,24.87,278.47
-125.43,23.14,279.10
-125.34,21.38,279.83
-125.52,19.64,280.70
-125.62,18.16,281.72
-125.40,17.02,282.59
-124.83,15.90,283.39
-124.13,14.68,284.21
-123.64,13.38,285.11
-123.50,12.13,286.12
-123.66,11.05,287.26
-123.97,10.23,288.50
-124.26,9.71,289.77
-124.33,9.51,291.01
-124.12,9.64,292.13
-123.68,10.08,293.11
-123.12,10.75,293.98
-122.55,11.56,294.77
-121.98,12.39,295.54
-121.45,13.14,296.28
-121.01,13.79,296.97
-120.67,14.35,297.53
-120.43,14.89,297.88
-120.32,15.48,297.98
-120.37,16.14,297.82
-120.58,16.84,297.42
-120.97,17.58,296.84
-121.53,18.36,296.10
-122.24,19.23,295.25
-123.03,20.19,294.30
-123.87,21.25,293.28
-124.75,22.39,292.27
-125.69,23.61,291.33
-126.63,24.91,290.47
-127.56,26.29,289.69
-128.44,27.75,288.96
-129.27,29.29,288.32
-130.00,30.94,287.77
-130.56,32.69,287.32
-130.97,34.52,286.93
-131.34,36.37,286.52
-131.79,38.12,286.00
-132.45,39.68,285.30
-133.39,40.98,284.37
-134.64,42.03,283.22
-136.13,42.83,281.89
-137.76,43.43,280.41
-139.39,43.85,278.81
-141.00,44.10,277.13
-142.56,44.22,275.45
-144.06,44.21,273.83
-145.48,44.09,272.31
-146.82,43.90,270.92
-148.09,43.69,269.61
-149.30,43.49,268.32
-150.40,43.27,267.02
-151.37,42.98,265.74
-152.24,42.59,264.56
-152.99,42.11,263.55
-153.56,41.51,262.78
-153.90,40.79,262.28
-153.97,39.95,262.07
-151.71,38.69,263.14
-149.55,37.82,263.96
-148.27,37.93,263.95
-147.28,38.48,263.94
-146.96,38.95,263.98
-147.18,39.16,263.85
-147.46,39.17,263.85
-147.64,39.02,263.99
-147.65,38.79,264.09
-147.52,38.61,264.18
-147.39,38.52,264.27
-147.38,38.47,264.29
-147.46,38.48,264.26
-147.53,38.50,264.22
-147.54,38.52,264.18
-147.53,38.54,264.15
-147.56,38.57,264.11
-147.63,38.61,264.05
-147.70,38.64,264.00
-147.75,38.65,263.96
-147.80,38.66,263.94
-147.86,38.66,263.91
-147.91,38.67,263.88
-147.96,38.67,263.85
-148.01,38.68,263.82
-148.06,38.68,263.78
-148.10,38.68,263.75
-148.13,38.68,263.72
-148.15,38.68,263.68
-148.17,38.68,263.64
-148.18,38.69,263.60
-148.19,38.70,263.56
-148.20,38.70,263.53
-148.21,38.69,263.50
-148.21,38.69,263.47
-148.20,38.70,263.44
-148.20,38.71,263.40
-148.19,38.72,263.36
-148.20,38.73,263.32
-148.22,38.74,263.28
-148.25,38.74,263.24
-148.27,38.74,263.20
-148.30,38.74,263.17
-148.32,38.74,263.14
-148.34,38.73,263.12
-148.36,38.72,263.10
-148.38,38.71,263.08
-148.38,38.70,263.06
-148.39,38.70,263.04
-148.41,38.70,263.01
-148.42,38.70,262.98
-148.43,38.70,262.95
-148.44,38.71,262.93
-148.44,38.70,262.91
-148.44,38.69,262.89
-148.44,38.69,262.88
-148.44,38.68,262.86
-148.45,38.69,262.83
-148.45,38.70,262.81
-148.46,38.71,262.77
-148.47,38.73,262.73
-148.49,38.75,262.68
-148.50,38.78,262.63
-148.50,38.82,262.58
-148.50,38.86,262.54
-148.49,38.89,262.49
-148.48,38.93,262.44
-148.46,38.96,262.41
-148.44,38.98,262.38
-148.42,38.99,262.36
-148.42,39.00,262.33
-148.42,39.01,262.31
-148.42,39.01,262.29
-148.44,39.01,262.29
-148.44,38.99,262.31
-148.41,38.95,262.37
-148.37,38.90,262.44
-148.31,38.83,262.53
-148.23,38.74,262.64
-148.13,38.64,262.77
-148.00,38.51,262.91
-147.88,38.37,263.07
-147.73,38.20,263.26
-147.59,38.00,263.46
-147.47,37.74,263.69
-147.35,37.43,263.93
-147.23,37.05,264.20
-147.16,36.61,264.51
-147.30,36.14,264.92
-147.45,35.62,265.50
-147.22,35.05,266.20
-146.89,34.36,267.01
-146.50,33.55,267.92
-146.03,32.64,268.92
-145.49,31.57,269.99
-144.80,30.38,271.13
-144.15,29.04,272.26
-143.57,27.56,273.37
-143.09,25.99,274.46
-142.77,24.38,275.52
-142.53,22.73,276.58
-142.40,21.03,277.64
-142.43,19.35,278.70
-142.57,17.73,279.76
-142.95,16.30,280.76
-143.12,15.35,281.67
-142.64,14.88,282.21
-141.55,14.59,282.69
-140.19,14.33,283.35
-139.03,14.05,284.31
-138.32,13.82,285.58
-138.00,13.65,287.13
-137.84,13.54,288.84
-137.63,13.49,290.57
-137.21,13.53,292.13
-136.58,13.70,293.38
-135.86,14.01,294.32
-135.22,14.41,295.00
-134.73,14.81,295.54
-134.38,15.21,295.99
-134.14,15.63,296.35
-133.97,16.11,296.59
-133.87,16.69,296.67
-133.84,17.37,296.56
-133.93,18.11,296.26
-134.16,18.87,295.80
-134.55,19.60,295.20
-135.08,20.30,294.45
-135.72,20.99,293.58
-136.41,21.73,292.61
-137.16,22.52,291.56
-137.97,23.39,290.48
-138.80,24.32,289.37
-139.65,25.33,288.28
-140.52,26.41,287.22
-141.41,27.56,286.20
-142.32,28.77,285.20
-143.24,30.03,284.19
-144.18,31.32,283.19
-145.15,32.62,282.17
-146.16,33.91,281.12
-147.18,35.14,280.02
-148.21,36.28,278.86
-149.24,37.30,277.63
-150.34,38.15,276.34
-151.50,38.85,275.00
-152.71,39.40,273.64
-153.95,39.84,272.21
-155.24,40.18,270.71
-156.54,40.41,269.15
-157.83,40.51,267.63
-159.09,40.49,266.19
-160.26,40.35,264.87
-161.31,40.12,263.69
-162.16,39.81,262.69
-162.77,39.41,261.90
-163.08,38.89,261.38
-163.07,38.24,261.18
-162.62,37.43,261.34
-160.22,36.25,263.00
-159.38,35.47,263.54
-158.91,35.65,263.39
-158.64,35.97,263.30
-158.76,36.23,263.08
-159.00,36.35,262.93
-159.16,36.38,262.92
-159.21,36.33,262.96
-159.07,36.19,263.07
-158.88,36.05,263.18
-158.75,35.95,263.27
-158.71,35.91,263.30
-158.72,35.90,263.28
-158.73,35.92,263.26
-158.72,35.93,263.23
-158.72,35.93,263.21
-158.74,35.93,263.20
-158.76,35.91,263.19
-158.79,35.90,263.19
-158.83,35.88,263.19
-158.89,35.85,263.18
-158.96,35.82,263.17
-159.00,35.78,263.18
-159.05,35.74,263.19
-159.09,35.70,263.20
-159.13,35.67,263.19
-159.18,35.65,263.17
-159.24,35.63,263.15
-159.32,35.62,263.10
-159.40,35.62,263.04
-159.48,35.62,262.98
-159.54,35.62,262.93
-159.58,35.61,262.88
-159.62,35.60,262.85
-159.64,35.59,262.82
-159.66,35.59,262.79
-159.68,35.60,262.75
-159.71,35.61,262.70
-159.74,35.61,262.65
-159.78,35.62,262.61
-159.81,35.63,262.57
-159.85,35.63,262.53
-159.89,35.63,262.48
-159.93,35.64,262.44
-159.97,35.64,262.39
-160.01,35.64,262.35
-160.05,35.65,262.30
-160.09,35.66,262.25
-160.11,35.68,262.20
-160.12,35.69,262.17
-160.12,35.69,262.13
-160.11,35.70,262.11
-160.11,35.70,262.08
-160.10,35.70,262.06
-160.10,35.70,262.02
-160.11,35.70,261.99
-160.12,35.72,261.94
-160.13,35.73,261.90
-160.13,35.75,261.85
-160.13,35.76,261.80
-160.13,35.78,261.75
-160.12,35.80,261.70
-160.11,35.82,261.65
-160.10,35.85,261.60
-160.08,35.89,261.54
-160.08,35.93,261.48
-160.08,35.96,261.44
-160.06,35.97,261.41
-160.05,35.97,261.39
-160.05,35.96,261.38
-160.06,35.95,261.36
-160.07,35.95,261.35
-160.06,35.94,261.34
-160.05,35.94,261.33
-160.03,35.94,261.32
-160.00,35.94,261.32
-159.97,35.94,261.33
-159.92,35.92,261.36
-159.88,35.88,261.40
-159.84,35.84,261.46
-159.80,35.79,261.53
-159.79,35.73,261.60
-159.79,35.67,261.68
-159.79,35.60,261.78
-159.78,35.51,261.89
-159.74,35.41,262.03
-159.66,35.28,262.20
-159.55,35.12,262.39
-159.44,34.94,262.61
-159.34,34.73,262.84
-159.24,34.48,263.10
-159.10,34.17,263.42
-159.03,33.81,263.85
-159.10,33.39,264.42
-159.10,32.99,265.13
-158.76,32.55,265.93
-158.42,32.00,266.85
-158.04,31.34,267.88
-157.59,30.60,268.99
-156.97,29.73,270.24
-156.27,28.74,271.58
-155.58,27.62,272.94
-154.92,26.39,274.33
-154.34,25.06,275.70
-153.87,23.69,277.04
-153.42,22.28,278.36
-153.05,20.83,279.60
-152.86,19.43,280.74
-152.75,18.10,281.82
-152.92,16.84,282.83
-153.07,15.85,283.78
-152.77,15.18,284.34
-152.05,14.66,284.68
-151.14,14.16,285.02
-150.42,13.65,285.50
-150.11,13.12,286.19
-150.23,12.61,287.10
-150.69,12.22,288.16
-151.35,12.02,289.25
-151.98,12.04,290.27
-152.31,12.24,291.14
-152.25,12.59,291.83
-151.87,13.06,292.37
-151.36,13.58,292.81
-150.84,14.12,293.24
-150.37,14.66,293.67
-149.98,15.25,294.09
-149.64,15.90,294.42
-149.32,16.64,294.60
-149.01,17.42,294.61
-148.74,18.20,294.43
-148.57,18.95,294.09
-148.56,19.64,293.60
-148.75,20.26,292.95
-149.15,20.82,292.15
-149.76,21.34,291.21
-150.51,21.85,290.14
-151.39,22.39,288.96
-152.33,22.99,287.69
-153.33,23.67,286.35
-154.34,24.43,284.96
-155.32,25.24,283.56
-156.26,26.09,282.17
-157.22,27.01,280.77
-158.23,27.98,279.33
-159.28,28.99,277.88
-160.33,30.00,276.41
-161.36,30.96,274.94
-162.41,31.84,273.46
-163.51,32.62,271.97
-164.66,33.26,270.46
-165.83,33.75,268.93
-167.00,34.08,267.41
-168.16,34.29,265.92
-169.28,34.40,264.46
-170.38,34.44,263.04
-171.42,34.44,261.67
-172.38,34.38,260.39
-173.24,34.28,259.18
-174.00,34.13,258.07
-174.63,33.91,257.07
-175.11,33.61,256.23
-175.41,33.21,255.60
-175.47,32.69,255.24
-174.33,32.09,255.70
-171.79,31.45,257.16
-169.89,31.07,258.34
-168.84,30.85,258.49
-168.19,30.84,258.51
-167.97,31.00,258.66
-168.07,31.19,258.81
-168.26,31.34,258.78
-168.47,31.38,258.67
-168.58,31.38,258.61
-168.60,31.39,258.58
-168.55,31.38,258.58
-168.45,31.34,258.61
-168.34,31.30,258.66
-168.24,31.26,258.69
-168.17,31.25,258.69
-168.16,31.25,258.66
-168.18,31.28,258.61
-168.20,31.31,258.56
-168.23,31.33,258.52
-168.26,31.34,258.49
-168.31,31.34,258.48
-168.36,31.33,258.46
-168.42,31.32,258.44
-168.46,31.33,258.42
-168.49,31.33,258.39
-168.53,31.34,258.36
-168.58,31.34,258.33
-168.62,31.33,258.31
-168.65,31.32,258.30
-168.69,31.32,258.28
-168.73,31.32,258.26
-168.79,31.32,258.22
-168.85,31.32,258.19
-168.92,31.32,258.15
-168.98,31.31,258.11
-169.03,31.31,258.08
-169.08,31.31,258.04
-169.12,31.31,258.01
-169.15,31.30,257.99
-169.15,31.29,257.98
-169.15,31.29,257.96
-169.15,31.29,257.94
-169.16,31.29,257.91
-169.17,31.29,257.88
-169.18,31.28,257.85
-169.19,31.27,257.83
-169.21,31.26,257.81
-169.23,31.26,257.78
-169.25,31.25,257.75
-169.28,31.25,257.71
-169.30,31.25,257.67
-169.32,31.25,257.63
-169.32,31.24,257.60
-169.31,31.24,257.58
-169.30,31.24,257.55
-169.31,31.23,257.53
-169.33,31.22,257.50
-169.34,31.22,257.47
-169.35,31.21,257.43
-169.36,31.21,257.39
-169.37,31.22,257.34
-169.39,31.22,257.29
-169.40,31.23,257.24
-169.40,31.23,257.21
-169.39,31.22,257.18
-169.38,31.21,257.17
-169.39,31.19,257.16
-169.41,31.18,257.14
-169.43,31.16,257.13
-169.45,31.14,257.12
-169.46,31.13,257.11
-169.46,31.11,257.11
-169.44,31.10,257.11
-169.42,31.09,257.11
-169.40,31.09,257.11
-169.37,31.08,257.12
-169.34,31.07,257.14
-169.30,31.04,257.18
-169.25,31.00,257.25
-169.20,30.95,257.34
-169.15,30.88,257.44
-169.10,30.81,257.55
-169.05,30.73,257.66
-168.97,30.65,257.79
-168.88,30.56,257.94
-168.78,30.46,258.11
-168.64,30.35,258.31
-168.48,30.21,258.54
-168.29,30.03,258.82
-168.10,29.81,259.14
-167.94,29.57,259.51
-167.84,29.28,259.92
-167.73,28.93,260.45
-167.48,28.59,261.13
-167.13,28.25,261.87
-166.70,27.87,262.74
-166.20,27.43,263.73
-165.61,26.92,264.87
-165.03,26.32,266.11
-164.41,25.63,267.42
-163.78,24.85,268.79
-163.14,23.99,270.22
-162.53,23.07,271.66
-161.95,22.06,273.08
-161.39,20.96,274.50
-160.92,19.80,275.92
-160.57,18.61,277.32
-160.37,17.45,278.62
-160.25,16.34,279.85
-160.11,15.27,281.07
-160.03,14.24,282.31
-160.10,13.31,283.58
-160.32,12.69,284.70
-160.45,12.52,285.33
-160.40,12.59,285.68
-160.18,12.72,286.02
-159.92,12.83,286.51
-159.77,12.89,287.20
-159.77,12.89,288.08
-159.86,12.86,289.11
-159.95,12.83,290.20
-160.02,12.87,291.21
-160.06,13.02,292.01
-159.97,13.32,292.52
-159.66,13.76,292.77
-159.12,14.27,292.87
-158.53,14.84,292.92
-158.00,15.43,292.98
-157.58,16.02,293.10
-157.23,16.58,293.28
-156.96,17.12,293.46
-156.73,17.65,293.54
-156.53,18.18,293.49
-156.38,18.69,293.28
-156.31,19.18,292.93
-156.36,19.63,292.45
-156.53,20.02,291.86
-156.81,20.36,291.19
-157.17,20.69,290.44
-157.59,21.02,289.60
-158.09,21.39,288.66
-158.68,21.85,287.63
-159.35,22.37,286.52
-160.05,22.95,285.35
-160.78,23.57,284.12
-161.56,24.24,282.84
-162.40,24.93,281.51
-163.31,25.63,280.14
-164.28,26.31,278.73
-165.33,26.97,277.29
-166.45,27.58,275.85
-167.60,28.13,274.42
-168.75,28.62,272.96
-169.90,29.04,271.48
-171.01,29.42,269.95
-172.08,29.74,268.40
-173.13,29.96,266.89
-174.15,30.07,265.42
-175.18,30.06,264.01
-176.21,29.96,262.65
-177.23,29.79,261.35
-178.21,29.57,260.12
-179.09,29.33,258.96
-179.89,29.08,257.89
179.40,28.83,256.87
178.77,28.61,255.93
178.24,28.41,255.05
177.81,28.25,254.26
177.49,28.14,253.58
177.24,28.05,253.00
177.08,27.94,252.52
176.99,27.75,252.15
176.97,27.44,251.93
177.18,26.98,251.99
178.93,26.27,253.33
-179.07,25.65,255.20
-177.89,25.39,255.83
-177.30,25.44,255.73
-177.08,25.58,255.65
-177.27,25.61,255.54
-177.58,25.60,255.46
-177.85,25.58,255.42
-177.97,25.56,255.38
-177.96,25.54,255.36
-177.88,25.52,255.35
-177.83,25.52,255.32
-177.82,25.53,255.27
-177.80,25.55,255.21
-177.78,25.58,255.15
-177.77,25.61,255.09
-177.78,25.64,255.03
-177.77,25.67,254.96
-177.75,25.69,254.90
-177.73,25.71,254.84
-177.72,25.73,254.78
-177.71,25.74,254.73
-177.70,25.76,254.68
-177.73,25.76,254.63
-177.76,25.77,254.57
-177.78,25.78,254.52
-177.83,25.77,254.48
-177.88,25.77,254.44
-177.88,25.76,254.40
-177.91,25.75,254.36
-177.94,25.74,254.32
-177.95,25.74,254.28
-177.94,25.73,254.25
-177.95,25.72,254.22
-177.97,25.70,254.20
-177.99,25.69,254.18
-178.02,25.67,254.17
-178.05,25.65,254.16
-178.08,25.62,254.15
-178.13,25.60,254.14
-178.18,25.58,254.13
-178.23,25.56,254.12
-178.29,25.54,254.10
-178.36,25.52,254.09
-178.42,25.49,254.07
-178.48,25.47,254.06
-178.52,25.45,254.05
-178.56,25.43,254.04
-178.60,25.42,254.03
-178.63,25.40,254.02
-178.66,25.38,254.01
-178.68,25.37,254.00
-178.69,25.35,253.99
-178.70,25.34,253.97
-178.71,25.33,253.96
-178.71,25.31,253.94
-178.71,25.30,253.93
-178.70,25.29,253.91
-178.68,25.28,253.90
-178.67,25.27,253.88
-178.66,25.26,253.87
-178.66,25.25,253.85
-178.66,25.24,253.85
-178.64,25.23,253.85
-178.63,25.21,253.85
-178.61,25.19,253.86
-178.59,25.17,253.88
-178.57,25.15,253.91
-178.54,25.14,253.96
-178.52,25.12,254.01
-178.50,25.09,254.07
-178.47,25.06,254.14
-178.45,25.01,254.23
-178.42,24.95,254.34
-178.39,24.89,254.48
-178.34,24.81,254.66
-178.25,24.71,254.87
-178.11,24.58,255.14
-177.94,24.46,255.44
-177.76,24.34,255.79
-177.58,24.21,256.16
-177.47,24.13,256.55
-177.45,24.09,257.04
-177.29,23.94,257.68
-176.95,23.75,258.42
-176.52,23.54,259.25
-176.11,23.28,260.18
-175.66,22.95,261.23
-175.13,22.58,262.45
-174.56,22.15,263.78
-173.92,21.64,265.25
-173.28,21.09,266.79
-172.71,20.48,268.38
-172.32,19.83,270.03
-172.27,19.22,271.81
-172.43,18.68,273.87
-172.42,18.17,276.04
-172.24,17.53,278.21
-172.01,16.70,280.30
-171.87,15.86,282.00
-171.54,15.08,283.12
-170.82,14.24,284.20
-169.98,13.37,285.49
-169.42,12.59,286.96
-169.22,12.01,288.49
-169.17,11.63,290.00
-169.02,11.43,291.45
-168.63,11.35,292.77
-168.02,11.36,293.89
-167.35,11.48,294.74
-166.74,11.72,295.30
-166.21,12.03,295.60
-165.70,12.37,295.75
-165.18,12.73,295.81
-164.72,13.13,295.80
-164.44,13.64,295.65
-164.38,14.28,295.31
-164.47,15.04,294.74
-164.63,15.82,293.99
-164.88,16.60,293.06
-165.23,17.35,291.98
-165.66,18.05,290.79
-166.18,18.69,289.53
-166.79,19.27,288.25
-167.52,19.82,286.92
-168.34,20.36,285.53
-169.26,20.92,284.04
-170.29,21.51,282.44
-171.43,22.10,280.72
-172.65,22.67,278.90
-173.94,23.23,277.01
-175.24,23.78,275.09
-176.53,24.34,273.17
-177.81,24.94,271.32
-179.04,25.55,269.55
179.83,26.14,267.85
178.84,26.65,266.19
177.94,27.02,264.57
177.06,27.17,263.01
176.13,27.05,261.50
175.15,26.62,260.04
174.13,25.89,258.68
173.03,24.98,257.44
171.90,24.03,256.39
170.83,23.15,255.54
169.94,22.39,254.87
169.23,21.76,254.34
168.74,21.22,253.94
168.47,20.72,253.72
168.84,20.32,253.89
170.97,20.21,254.37
173.50,20.27,254.55
174.74,20.33,254.54
175.47,20.56,254.38
175.69,20.72,254.25
175.59,20.73,254.23
175.37,20.67,254.28
175.16,20.58,254.32
175.02,20.49,254.37
174.97,20.43,254.40
174.95,20.40,254.42
174.92,20.38,254.41
174.85,20.36,254.36
174.79,20.35,254.30
174.77,20.33,254.25
174.75,20.32,254.22
174.73,20.31,254.19
174.71,20.29,254.17
174.69,20.27,254.16
174.66,20.25,254.13
174.63,20.24,254.10
174.59,20.23,254.07
174.56,20.22,254.04
174.52,20.20,254.00
174.49,20.19,253.96
174.45,20.18,253.92
174.43,20.17,253.87
174.40,20.16,253.82
174.37,20.15,253.77
174.35,20.14,253.72
174.33,20.13,253.68
174.32,20.12,253.64
174.31,20.12,253.60
174.29,20.11,253.57
174.28,20.10,253.53
174.26,20.09,253.50
174.24,20.08,253.46
174.23,20.07,253.43
174.21,20.06,253.40
174.20,20.05,253.37
174.19,20.03,253.34
174.19,20.02,253.32
174.19,20.00,253.29
174.19,19.99,253.27
174.20,19.98,253.25
174.20,19.96,253.24
174.20,19.95,253.23
174.20,19.93,253.23
174.20,19.91,253.23
174.21,19.89,253.24
174.22,19.88,253.25
174.23,19.86,253.25
174.22,19.85,253.24
174.22,19.84,253.23
174.23,19.83,253.20
174.24,19.83,253.17
174.27,19.83,253.14
174.29,19.83,253.09
174.32,19.83,253.05
174.36,19.83,253.00
174.40,19.84,252.94
174.43,19.86,252.88
174.47,19.88,252.81
174.49,19.90,252.75
174.50,19.90,252.70
174.50,19.90,252.66
174.48,19.89,252.61
174.44,19.88,252.58
174.40,19.86,252.55
174.35,19.84,252.53
174.29,19.82,252.52
174.22,19.80,252.52
174.16,19.78,252.54
174.09,19.76,252.57
174.02,19.73,252.61
173.95,19.71,252.66
173.89,19.68,252.73
173.83,19.65,252.82
173.78,19.61,252.93
173.75,19.58,253.06
173.72,19.54,253.22
173.71,19.50,253.40
173.73,19.44,253.62
173.76,19.36,253.87
173.79,19.26,254.15
173.77,19.12,254.44
173.69,18.94,254.74
173.52,18.75,255.12
173.28,18.57,255.56
172.96,18.40,256.07
172.63,18.20,256.74
172.66,18.12,257.56
172.86,18.01,258.50
173.06,17.88,259.58
173.27,17.72,260.77
173.59,17.54,262.07
173.99,17.30,263.51
174.42,17.02,265.07
174.89,16.70,266.71
175.38,16.34,268.43
175.87,15.91,270.22
176.31,15.36,272.01
176.73,14.72,273.74
177.29,14.00,275.56
178.11,13.17,277.32
179.13,12.22,278.93
-179.82,11.25,280.41
-178.83,10.36,281.83
-177.97,9.56,283.37
-177.50,8.87,285.09
-177.45,8.36,287.01
-177.65,8.07,288.77
-178.04,7.93,290.24
-178.52,7.89,291.47
-179.02,7.90,292.51
-179.54,7.98,293.40
179.99,8.14,294.17
179.67,8.37,294.82
179.58,8.66,295.39
179.75,8.98,295.91
-179.81,9.30,296.43
-179.18,9.61,296.95
-178.49,9.91,297.46
-177.92,10.26,297.84
-177.57,10.67,298.03
-177.42,11.12,298.00
-177.34,11.58,297.80
-177.24,12.05,297.46
-177.10,12.52,297.03
-176.97,13.01,296.51
-176.94,13.51,295.89
-177.02,14.01,295.22
-177.20,14.48,294.50
-177.39,14.90,293.76
-177.56,15.27,292.95
-177.72,15.60,292.05
-177.90,15.92,291.03
-178.19,16.24,289.89
-178.62,16.56,288.61
-179.16,16.89,287.22
-179.74,17.20,285.75
179.64,17.52,284.25
178.96,17.85,282.75
178.18,18.21,281.24
177.29,18.60,279.69
176.34,18.98,278.09
175.39,19.37,276.40
174.45,19.75,274.63
173.50,20.15,272.82
172.49,20.57,270.99
171.46,21.00,269.16
170.43,21.41,267.34
169.44,21.76,265.53
168.53,22.03,263.77
167.65,22.21,262.09
166.78,22.29,260.51
165.94,22.23,259.05
165.14,22.01,257.75
164.39,21.60,256.57
163.68,21.05,255.49
162.94,20.41,254.49
162.20,19.75,253.56
161.57,19.09,252.75
161.06,18.45,252.03
160.65,17.87,251.38
160.33,17.36,250.81
160.11,16.92,250.32
159.95,16.55,249.92
160.85,16.32,250.50
162.37,16.34,252.25
163.77,16.52,253.18
164.41,16.45,253.11
164.87,16.53,252.90
164.90,16.56,252.80
164.72,16.52,252.81
164.50,16.48,252.82
164.39,16.45,252.82
164.41,16.44,252.82
164.46,16.43,252.81
164.47,16.43,252.79
164.45,16.42,252.75
164.44,16.41,252.71
164.45,16.41,252.65
164.44,16.41,252.59
164.42,16.41,252.51
164.37,16.40,252.45
164.34,16.38,252.41
164.31,16.36,252.39
164.28,16.35,252.38
164.24,16.33,252.37
164.19,16.32,252.35
164.15,16.30,252.35
164.10,16.28,252.34
164.07,16.26,252.34
164.03,16.24,252.34
163.99,16.22,252.33
163.96,16.20,252.33
163.93,16.18,252.32
163.90,16.16,252.30
163.89,16.14,252.28
163.87,16.12,252.26
163.85,16.11,252.24
163.83,16.09,252.22
163.82,16.07,252.19
163.81,16.06,252.17
163.79,16.04,252.14
163.76,16.02,252.12
163.73,16.01,252.10
163.71,15.99,252.08
163.68,15.97,252.05
163.66,15.95,252.02
163.65,15.94,252.00
163.64,15.93,251.98
163.63,15.91,251.97
163.62,15.90,251.97
163.62,15.89,251.97
163.62,15.87,251.98
163.63,15.86,251.98
163.64,15.85,251.98
163.66,15.85,251.98
163.67,15.84,251.98
163.69,15.83,251.97
163.71,15.83,251.97
163.73,15.83,251.96
163.73,15.82,251.94
163.73,15.81,251.93
163.72,15.80,251.90
163.71,15.79,251.88
163.72,15.78,251.86
163.72,15.77,251.84
163.72,15.76,251.80
163.73,15.76,251.77
163.75,15.75,251.73
163.76,15.75,251.71
163.77,15.74,251.70
163.78,15.74,251.70
163.77,15.73,251.71
163.74,15.71,251.72
163.71,15.70,251.74
163.67,15.68,251.77
163.63,15.65,251.80
163.60,15.63,251.85
163.58,15.61,251.90
163.57,15.59,251.97
163.56,15.57,252.05
163.54,15.54,252.13
163.51,15.52,252.20
163.48,15.50,252.29
163.46,15.49,252.38
163.46,15.47,252.48
163.47,15.46,252.59
163.48,15.45,252.71
163.48,15.42,252.86
163.48,15.40,253.03
163.43,15.39,253.29
163.27,15.32,253.74
163.06,15.28,254.33
163.19,15.36,255.00
163.43,15.45,255.75
163.70,15.54,256.63
163.99,15.63,257.65
164.27,15.68,258.79
164.62,15.73,260.09
165.02,15.72,261.54
165.47,15.68,263.11
165.97,15.60,264.78
166.50,15.46,266.52
167.00,15.23,268.27
167.43,14.90,269.99
167.87,14.54,271.83
168.25,14.14,273.75
168.50,13.75,275.71
168.85,13.36,277.68
169.29,12.97,279.64
169.70,12.57,281.67
170.00,12.24,283.68
170.32,11.94,285.26
170.77,11.58,286.47
171.41,11.19,287.51
172.11,10.81,288.51
172.61,10.47,289.54
172.79,10.22,290.60
172.68,10.09,291.61
172.40,10.10,292.53
172.11,10.25,293.34
171.93,10.55,293.99
171.91,10.98,294.46
172.01,11.50,294.74
172.23,12.10,294.88
172.53,12.75,294.90
172.88,13.44,294.84
173.24,14.17,294.70
173.55,14.91,294.49
173.76,15.67,294.18
173.85,16.40,293.72
173.87,17.08,293.12
173.88,17.65,292.39
173.84,18.10,291.55
173.70,18.41,290.60
173.46,18.58,289.60
173.10,18.61,288.56
172.61,18.54,287.48
172.04,18.41,286.31
171.42,18.26,285.02
170.79,18.10,283.60
170.14,17.95,282.09
169.45,17.82,280.53
168.72,17.72,278.95
167.95,17.64,277.35
167.16,17.59,275.70
166.36,17.55,273.99
165.56,17.52,272.25
164.74,17.51,270.50
163.90,17.50,268.77
163.04,17.45,267.08
162.22,17.36,265.45
161.50,17.26,263.89
160.91,17.21,262.39
160.40,17.28,260.94
159.91,17.45,259.50
159.44,17.71,258.07
158.98,17.97,256.63
158.51,18.17,255.21
158.02,18.22,253.86
157.52,18.06,252.61
156.99,17.66,251.50
156.42,17.08,250.57
155.85,16.35,249.85
155.37,15.51,249.34
155.02,14.58,249.08
154.85,13.60,249.10
154.84,12.60,249.45
155.45,11.76,250.34
156.31,11.15,251.01
156.75,10.54,250.78
156.84,10.44,250.70
156.76,10.44,250.50
156.62,10.44,250.34
156.50,10.41,250.33
156.49,10.40,250.35
156.61,10.39,250.37
156.79,10.38,250.41
156.92,10.38,250.45
156.97,10.38,250.47
156.98,10.38,250.47
156.95,10.37,250.45
156.91,10.36,250.42
156.89,10.35,250.38
156.88,10.34,250.32
156.86,10.33,250.26
156.82,10.32,250.20
156.78,10.30,250.15
156.75,10.29,250.11
156.72,10.27,250.08
156.69,10.25,250.05
156.67,10.24,250.01
156.66,10.22,249.97
156.65,10.21,249.93
156.63,10.19,249.90
156.60,10.17,249.87
156.57,10.15,249.85
156.54,10.13,249.83
156.51,10.11,249.82
156.48,10.09,249.80
156.45,10.07,249.78
156.42,10.05,249.77
156.38,10.03,249.77
156.34,10.01,249.77
156.31,9.99,249.77
156.28,9.97,249.76
156.26,9.96,249.76
156.24,9.95,249.76
156.22,9.94,249.77
156.20,9.93,249.77
156.18,9.92,249.78
156.16,9.91,249.78
156.14,9.90,249.78
156.13,9.89,249.79
156.12,9.88,249.79
156.10,9.87,249.79
156.09,9.86,249.79
156.08,9.84,249.78
156.07,9.83,249.78
156.06,9.82,249.78
156.06,9.81,249.78
156.07,9.80,249.78
156.08,9.79,249.78
156.09,9.78,249.79
156.10,9.77,249.79
156.11,9.76,249.79
156.11,9.74,249.78
156.12,9.73,249.77
156.14,9.72,249.75
156.16,9.71,249.73
156.19,9.70,249.72
156.23,9.70,249.69
156.25,9.69,249.67
156.27,9.68,249.64
156.29,9.67,249.61
156.30,9.66,249.57
156.31,9.65,249.53
156.32,9.64,249.51
156.33,9.64,249.49
156.35,9.63,249.49
156.36,9.62,249.50
156.36,9.61,249.50
156.36,9.60,249.51
156.35,9.59,249.52
156.33,9.57,249.52
156.31,9.56,249.53
156.29,9.55,249.53
156.28,9.54,249.55
156.27,9.52,249.57
156.26,9.52,249.60
156.24,9.51,249.63
156.23,9.50,249.68
156.22,9.49,249.74
156.21,9.49,249.80
156.19,9.48,249.88
156.19,9.47,249.97
156.18,9.46,250.05
156.17,9.45,250.13
156.16,9.44,250.21
156.17,9.44,250.30
156.20,9.44,250.40
156.24,9.45,250.52
156.28,9.46,250.65
156.33,9.48,250.82
156.38,9.50,251.04
156.37,9.51,251.33
156.29,9.54,251.73
156.33,9.61,252.22
156.42,9.67,252.72
156.48,9.72,253.28
156.53,9.76,253.90
156.58,9.82,254.63
156.65,9.89,255.47
156.77,9.99,256.45
156.94,10.14,257.58
157.17,10.31,258.84
157.43,10.49,260.21
157.71,10.65,261.66
158.01,10.79,263.17
158.33,10.89,264.74
158.65,10.92,266.32
158.99,10.87,267.88
159.31,10.78,269.46
159.66,10.69,271.11
160.13,10.48,272.74
160.63,10.16,274.35
161.13,9.80,275.96
161.72,9.46,277.59
162.33,9.21,279.30
162.79,9.08,281.11
163.08,9.11,282.94
163.21,9.22,284.50
163.24,9.34,285.84
163.31,9.45,287.09
163.47,9.53,288.33
163.69,9.56,289.64
163.95,9.56,291.06
164.28,9.54,292.57
164.73,9.51,294.16
165.31,9.50,295.79
165.99,9.51,297.38
166.62,9.57,298.84
167.14,9.72,300.07
167.55,9.96,300.98
167.91,10.29,301.60
168.30,10.72,302.02
168.75,11.21,302.33
169.27,11.75,302.62
169.81,12.32,302.89
170.35,12.90,303.11
170.87,13.50,303.28
171.37,14.07,303.37
171.86,14.62,303.34
172.36,15.13,303.19
172.84,15.59,302.89
173.27,16.01,302.46
173.59,16.38,301.91
173.80,16.70,301.25
173.92,16.97,300.50
173.98,17.21,299.64
174.00,17.40,298.66
174.00,17.56,297.59
173.95,17.71,296.42
173.80,17.85,295.13
173.49,18.02,293.71
172.99,18.22,292.12
172.35,18.44,290.38
171.67,18.66,288.56
171.02,18.89,286.72
170.37,19.11,284.92
169.68,19.36,283.15
168.94,19.64,281.41
168.15,19.93,279.67
167.34,20.22,277.90
166.55,20.47,276.04
165.75,20.68,274.08
164.87,20.85,272.01
163.91,20.98,269.87
162.90,21.08,267.73
161.85,21.13,265.64
160.78,21.11,263.58
159.70,20.98,261.55
158.60,20.70,259.52
157.51,20.24,257.50
156.47,19.61,255.53
155.46,18.82,253.67
154.42,17.88,251.89
153.38,16.77,250.17
152.39,15.48,248.51
151.52,14.02,246.94
150.78,12.38,245.47
150.16,10.60,244.10
149.66,8.70,242.85
149.29,6.73,241.75
149.03,4.73,240.80
148.85,2.74,240.00
148.74,0.80,239.36
148.63,-1.05,238.89
148.43,-2.77,238.58
148.14,-4.31,238.45
147.91,-5.64,238.44
147.83,-6.78,238.48
147.96,-7.74,238.48
148.25,-8.53,238.36
148.54,-9.14,238.04
148.65,-9.57,237.50
148.58,-9.84,236.82
148.41,-9.93,236.19
148.26,-9.89,235.78
148.18,-9.76,235.65
148.19,-9.59,235.74
148.29,-9.40,235.96
148.33,-9.21,236.38
148.23,-8.96,237.25
148.00,-8.79,238.04
147.69,-8.69,238.70
147.33,-8.68,239.27
146.87,-8.66,239.95
146.30,-8.54,240.90
145.62,-8.35,242.07
144.94,-8.09,243.30
144.40,-7.78,244.34
144.06,-7.47,245.04
143.91,-7.22,245.39
143.88,-7.07,245.53
143.83,-7.00,245.61
143.77,-6.97,245.66
143.72,-6.94,245.70
143.71,-6.90,245.75
143.73,-6.86,245.79
143.77,-6.83,245.83
143.81,-6.81,245.87
143.87,-6.79,245.90
143.92,-6.74,245.93
143.95,-6.66,245.99
143.96,-6.57,246.06
143.99,-6.52,246.11
144.02,-6.52,246.11
144.07,-6.54,246.09
144.10,-6.56,246.07
144.12,-6.58,246.05
144.13,-6.61,246.03
144.14,-6.64,246.01
144.15,-6.67,245.99
144.18,-6.70,245.97
144.21,-6.72,245.94
144.22,-6.74,245.93
144.23,-6.76,245.91
144.22,-6.77,245.90
144.19,-6.77,245.89
144.13,-6.77,245.88
144.06,-6.76,245.88
143.95,-6.75,245.88
143.81,-6.73,245.87
143.66,-6.69,245.87
143.53,-6.65,245.86
143.44,-6.62,245.87
143.43,-6.60,245.88
143.45,-6.58,245.90
143.46,-6.55,245.92
143.46,-6.52,245.95
143.47,-6.50,245.98
143.45,-6.48,246.02
143.43,-6.46,246.05
143.40,-6.45,246.09
143.37,-6.44,246.13
143.35,-6.43,246.16
143.35,-6.42,246.20
143.35,-6.41,246.24
143.35,-6.41,246.27
143.36,-6.41,246.31
143.35,-6.41,246.34
143.35,-6.41,246.38
143.34,-6.42,246.41
143.32,-6.42,246.44
143.31,-6.42,246.47
143.29,-6.43,246.49
143.28,-6.43,246.51
143.28,-6.43,246.53
143.27,-6.43,246.56
143.27,-6.43,246.59
143.27,-6.42,246.64
143.27,-6.41,246.68
143.26,-6.40,246.74
143.25,-6.38,246.80
143.24,-6.37,246.87
143.22,-6.35,246.95
143.20,-6.33,247.04
143.19,-6.31,247.15
143.18,-6.29,247.29
143.14,-6.28,247.42
143.08,-6.27,247.58
143.02,-6.26,247.77
142.96,-6.26,248.00
142.92,-6.23,248.26
142.86,-6.17,248.57
142.80,-6.08,248.94
142.73,-5.93,249.37
142.68,-5.74,249.85
142.73,-5.50,250.34
142.82,-5.24,250.89
142.89,-4.95,251.49
142.94,-4.65,252.16
142.96,-4.34,252.92
142.96,-4.02,253.77
142.95,-3.68,254.72
142.93,-3.31,255.80
142.92,-2.90,256.99
142.91,-2.45,258.30
142.89,-1.97,259.71
142.87,-1.47,261.23
142.88,-0.89,262.88
142.93,-0.24,264.66
143.02,0.53,266.56
143.20,1.44,268.62
143.48,2.48,270.82
143.83,3.62,273.19
144.25,4.83,275.72
144.68,6.01,278.38
145.00,7.08,281.08
145.18,8.08,283.77
145.30,9.03,286.37
145.58,10.01,288.94
146.09,10.95,291.38
146.86,11.81,293.55
147.97,12.61,295.43
149.07,13.24,296.73
149.78,13.67,297.27
149.94,13.91,296.99
149.74,14.00,296.17
149.42,13.96,295.06
149.12,13.82,293.87
148.95,13.63,292.70
148.97,13.40,291.56
149.12,13.13,290.45
149.35,12.82,289.38
149.58,12.47,288.30
149.76,12.08,287.19
149.80,11.62,285.96
149.66,11.08,284.54
149.39,10.44,282.90
149.07,9.70,281.05
148.79,8.88,279.03
148.58,8.04,276.90
148.42,7.21,274.72
148.29,6.44,272.53
148.13,5.76,270.35
147.89,5.15,268.18
147.58,4.59,266.00
147.23,4.04,263.83
146.91,3.45,261.66
146.65,2.81,259.51
146.43,2.13,257.42
146.23,1.40,255.41
145.97,0.61,253.47
145.62,-0.28,251.57
145.22,-1.34,249.69
144.86,-2.57,247.88
144.57,-3.95,246.23
144.34,-5.45,244.79
144.14,-7.09,243.56
143.93,-8.87,242.51
143.75,-10.82,241.53
143.61,-12.93,240.59
143.44,-15.16,239.63
143.06,-17.41,238.69
142.72,-19.60,237.78
142.87,-21.67,236.82
143.68,-23.52,235.67
145.00,-24.99,234.32
146.32,-25.90,232.93
147.09,-26.18,231.80
147.07,-25.88,231.15
146.49,-25.13,231.04
145.74,-24.05,231.37
145.30,-22.91,232.56
145.44,-21.80,233.79
145.54,-20.90,234.92
145.45,-20.28,235.94
145.06,-19.89,236.99
144.41,-19.66,238.21
143.58,-19.45,239.65
142.73,-19.20,241.23
141.77,-18.85,242.84
140.84,-18.32,244.41
140.16,-17.67,245.68
139.75,-16.95,246.41
139.47,-16.52,246.78
139.34,-16.36,246.94
139.37,-16.39,246.93
139.40,-16.40,246.93
139.38,-16.41,246.94
139.36,-16.42,246.94
139.36,-16.44,246.94
139.37,-16.45,246.94
139.40,-16.46,246.94
139.45,-16.48,246.93
139.49,-16.49,246.92
139.52,-16.50,246.91
139.56,-16.51,246.90
139.59,-16.52,246.89
139.59,-16.53,246.88
139.57,-16.54,246.88
139.54,-16.54,246.88
139.49,-16.55,246.89
139.42,-16.56,246.90
139.34,-16.57,246.91
139.26,-16.58,246.91
139.16,-16.59,246.92
139.07,-16.60,246.92
138.99,-16.60,246.93
138.91,-16.60,246.93
138.83,-16.58,246.95
138.74,-16.56,246.97
138.67,-16.54,246.99
138.59,-16.52,247.01
138.51,-16.50,247.03
138.42,-16.48,247.06
138.32,-16.46,247.09
138.24,-16.43,247.12
138.17,-16.40,247.16
138.12,-16.36,247.20
138.11,-16.33,247.24
138.11,-16.29,247.29
138.12,-16.25,247.34
138.15,-16.21,247.39
138.16,-16.17,247.45
138.18,-16.13,247.50
138.17,-16.09,247.56
138.15,-16.06,247.61
138.12,-16.03,247.66
138.10,-16.00,247.72
138.08,-15.96,247.77
138.08,-15.92,247.84
138.09,-15.87,247.91
138.10,-15.81,247.97
138.12,-15.76,248.04
138.14,-15.70,248.11
138.14,-15.63,248.18
138.13,-15.57,248.25
138.10,-15.50,248.32
138.05,-15.42,248.41
138.00,-15.34,248.50
137.95,-15.26,248.61
137.89,-15.18,248.73
137.81,-15.10,248.87
137.70,-15.03,249.04
137.54,-14.97,249.25
137.33,-14.91,249.49
137.06,-14.86,249.83
136.73,-14.78,250.24
136.31,-14.66,250.73
135.78,-14.47,251.27
135.10,-14.26,251.87
134.37,-14.00,252.51
133.81,-13.61,253.16
133.42,-13.14,253.88
133.20,-12.54,254.73
132.84,-11.93,255.69
132.45,-11.22,256.80
132.07,-10.34,258.08
131.85,-9.27,259.55
131.88,-8.00,261.22
131.87,-6.58,263.11
131.74,-5.00,265.18
131.53,-3.24,267.46
131.30,-1.33,269.90
131.18,0.57,272.42
131.21,2.47,274.97
131.35,4.33,277.54
131.59,6.09,280.08
131.88,7.75,282.59
132.14,9.35,285.06
132.36,10.93,287.44
132.70,12.38,289.46
133.12,13.59,290.82
133.65,14.50,291.44
133.98,15.06,291.26
133.98,15.36,290.50
133.77,15.51,289.42
133.40,15.57,288.19
132.99,15.58,286.89
132.68,15.56,285.57
132.52,15.47,284.22
132.50,15.31,282.87
132.57,15.06,281.51
132.65,14.71,280.10
132.60,14.20,278.60
132.34,13.50,276.97
131.92,12.60,275.21
131.44,11.52,273.38
130.97,10.30,271.52
130.56,8.99,269.65
130.20,7.63,267.78
129.86,6.24,265.89
129.52,4.83,263.97
129.16,3.41,262.05
128.80,1.97,260.14
128.45,0.53,258.29
128.17,-0.92,256.53
127.96,-2.40,254.86
127.81,-3.90,253.32
127.69,-5.41,251.90
127.56,-6.97,250.58
127.39,-8.63,249.29
127.19,-10.44,248.01
127.01,-12.36,246.77
126.87,-14.35,245.62
126.78,-16.40,244.57
126.73,-18.52,243.64
126.72,-20.73,242.83
126.76,-22.99,242.13
126.83,-25.26,241.55
126.84,-27.51,241.05
126.60,-29.66,240.62
126.20,-31.68,240.20
125.87,-33.58,239.70
125.77,-35.35,239.02
125.92,-36.88,238.17
126.09,-38.00,237.35
125.97,-38.57,236.89
125.34,-38.30,237.53
124.48,-37.57,238.97
123.94,-36.64,240.90
123.64,-35.75,242.80
123.14,-35.06,244.71
122.38,-34.57,246.56
121.29,-34.18,248.46
119.97,-33.62,250.53
118.70,-32.84,252.55
117.53,-31.88,254.29
116.68,-30.84,255.60
116.29,-29.86,256.35
116.12,-29.05,256.57
115.92,-28.53,256.68
115.66,-28.26,256.90
115.55,-28.22,257.01
115.49,-28.19,257.07
115.41,-28.13,257.14
115.36,-28.08,257.20
115.33,-28.04,257.26
115.32,-27.98,257.31
115.34,-27.93,257.37
115.37,-27.88,257.41
115.38,-27.84,257.45
115.38,-27.80,257.47
115.37,-27.77,257.49
115.34,-27.74,257.51
115.31,-27.71,257.53
115.26,-27.69,257.56
115.19,-27.67,257.58
115.12,-27.65,257.60
115.04,-27.64,257.62
114.97,-27.62,257.64
114.90,-27.60,257.66
114.85,-27.58,257.68
114.81,-27.55,257.70
114.79,-27.50,257.73
114.78,-27.45,257.75
114.77,-27.40,257.79
114.75,-27.35,257.82
114.72,-27.31,257.85
114.68,-27.26,257.89
114.62,-27.22,257.93
114.56,-27.18,257.97
114.49,-27.13,258.01
114.44,-27.07,258.06
114.41,-27.00,258.12
114.38,-26.91,258.17
114.35,-26.83,258.23
114.32,-26.74,258.28
114.29,-26.65,258.34
114.25,-26.57,258.39
114.21,-26.49,258.44
114.16,-26.40,258.50
114.11,-26.31,258.58
114.06,-26.21,258.66
114.01,-26.10,258.74
113.95,-25.99,258.83
113.90,-25.86,258.93
113.85,-25.73,259.03
113.79,-25.59,259.13
113.73,-25.45,259.25
113.67,-25.30,259.36
113.59,-25.16,259.48
113.49,-25.02,259.60
113.37,-24.88,259.73
113.22,-24.74,259.87
113.04,-24.59,260.03
112.82,-24.43,260.21
112.59,-24.24,260.40
112.37,-24.02,260.60
112.20,-23.77,260.80
112.04,-23.51,261.03
111.88,-23.21,261.29
111.74,-22.89,261.58
111.57,-22.56,261.92
111.35,-22.21,262.28
111.04,-21.80,262.68
110.68,-21.33,263.11
110.28,-20.81,263.57
109.89,-20.21,264.04
109.56,-19.54,264.55
109.39,-18.75,265.10
109.45,-17.84,265.67
109.61,-16.83,266.30
109.76,-15.70,266.99
109.84,-14.46,267.77
109.74,-13.09,268.64
109.60,-11.57,269.57
109.48,-9.85,270.57
109.44,-7.93,271.64
109.43,-5.80,272.79
109.46,-3.50,274.03
109.51,-1.13,275.37
109.57,1.20,276.78
109.65,3.51,278.21
109.81,5.76,279.63
110.13,7.94,281.04
110.63,10.05,282.40
111.42,11.98,283.60
112.39,13.52,284.49
113.33,14.58,285.00
114.01,15.12,285.12
114.38,15.27,284.88
114.60,15.23,284.47
114.80,15.08,283.98
115.02,14.87,283.45
115.29,14.59,282.88
115.59,14.23,282.29
115.91,13.77,281.66
116.23,13.18,280.99
116.56,12.44,280.26
116.86,11.54,279.47
117.10,10.45,278.61
117.29,9.21,277.69
117.45,7.82,276.72
117.58,6.35,275.72
117.69,4.80,274.70
117.79,3.20,273.66
117.88,1.56,272.60
117.97,-0.12,271.49
118.06,-1.86,270.33
118.15,-3.66,269.10
118.23,-5.51,267.82
118.34,-7.41,266.49
118.49,-9.33,265.16
118.67,-11.27,263.84
118.88,-13.19,262.57
119.09,-15.06,261.42
119.29,-16.88,260.39
119.43,-18.71,259.43
119.52,-20.60,258.51
119.58,-22.53,257.69
119.62,-24.41,257.05
119.59,-26.21,256.62
119.46,-27.93,256.41
119.23,-29.59,256.39
118.96,-31.28,256.44
118.78,-33.10,256.41
118.75,-35.06,256.19
118.86,-37.16,255.69
119.06,-39.33,254.88
119.30,-41.48,253.78
119.35,-43.57,252.51
118.72,-45.55,251.30
117.70,-47.40,250.20
116.97,-49.08,249.16
116.68,-50.50,248.22
116.68,-51.52,247.49
116.76,-52.00,247.09
116.80,-51.90,247.01
116.74,-51.34,247.15
116.56,-50.53,247.33
116.27,-49.66,247.40
115.87,-48.92,247.35
115.44,-48.37,247.24
115.04,-47.98,247.23
114.67,-47.73,247.44
114.26,-47.57,247.88
113.76,-47.52,248.55
113.20,-47.32,249.99
112.91,-46.94,252.02
112.42,-46.59,254.18
111.77,-46.12,256.57
111.03,-45.52,258.92
110.11,-44.73,261.24
108.95,-43.72,263.48
107.74,-42.56,265.38
106.98,-41.40,266.59
106.77,-40.39,266.99
106.73,-39.72,267.11
106.60,-39.36,267.29
106.47,-39.31,267.45
106.34,-39.26,267.55
106.12,-39.20,267.65
105.87,-39.16,267.75
105.66,-39.12,267.84
105.51,-39.07,267.91
105.42,-39.01,267.97
105.39,-38.96,268.02
105.39,-38.91,268.06
105.41,-38.88,268.09
105.43,-38.85,268.11
105.45,-38.83,268.13
105.47,-38.81,268.14
105.47,-38.79,268.16
105.43,-38.76,268.19
105.36,-38.73,268.23
105.26,-38.69,268.27
105.14,-38.66,268.31
105.01,-38.62,268.35
104.88,-38.59,268.39
104.77,-38.56,268.43
104.67,-38.53,268.47
104.59,-38.50,268.51
104.52,-38.46,268.54
104.46,-38.42,268.58
104.41,-38.37,268.61
104.36,-38.32,268.64
104.30,-38.28,268.67
104.25,-38.23,268.71
104.19,-38.19,268.74
104.13,-38.14,268.78
104.06,-38.09,268.82
103.99,-38.04,268.86
103.92,-37.99,268.90
103.86,-37.94,268.94
103.81,-37.89,268.98
103.76,-37.84,269.01
103.72,-37.79,269.04
103.68,-37.74,269.07
103.64,-37.70,269.10
103.59,-37.65,269.13
103.54,-37.61,269.16
103.48,-37.56,269.19
103.42,-37.51,269.23
103.35,-37.45,269.26
103.27,-37.39,269.30
103.19,-37.32,269.35
103.11,-37.24,269.40
103.02,-37.17,269.45
102.93,-37.09,269.51
102.85,-37.01,269.56
102.77,-36.94,269.61
102.69,-36.86,269.65
102.62,-36.79,269.70
102.55,-36.70,269.75
102.48,-36.60,269.81
102.39,-36.50,269.87
102.30,-36.40,269.94
102.19,-36.30,270.00
102.09,-36.20,270.07
101.99,-36.10,270.13
101.90,-36.00,270.20
101.81,-35.89,270.26
101.72,-35.78,270.33
101.63,-35.66,270.42
101.54,-35.53,270.51
101.43,-35.39,270.62
101.32,-35.24,270.73
101.21,-35.09,270.85
101.10,-34.92,270.98
100.96,-34.74,271.11
100.79,-34.53,271.27
100.55,-34.31,271.46
100.27,-34.07,271.68
99.93,-33.80,271.93
99.51,-33.47,272.21
99.04,-33.04,272.52
98.84,-32.46,272.76
98.90,-31.74,272.98
99.07,-30.90,273.22
99.11,-29.98,273.53
99.03,-28.99,273.92
98.89,-27.93,274.40
98.75,-26.79,274.93
98.57,-25.59,275.54
98.35,-24.32,276.22
98.12,-22.98,276.95
97.84,-21.58,277.75
97.51,-20.14,278.60
97.22,-18.70,279.46
96.96,-17.22,280.33
96.69,-15.68,281.19
96.42,-14.12,282.05
96.18,-12.64,282.89
96.00,-11.31,283.68
95.92,-10.20,284.41
95.84,-9.27,285.07
95.71,-8.59,285.57
95.82,-8.56,285.77
96.38,-9.20,285.73
97.31,-10.14,285.57
98.27,-11.09,285.39
99.00,-11.91,285.22
99.37,-12.53,285.05
99.37,-12.95,284.88
99.12,-13.18,284.72
98.83,-13.29,284.53
98.65,-13.33,284.32
98.63,-13.36,284.08
98.78,-13.41,283.78
99.06,-13.51,283.40
99.42,-13.64,282.97
99.82,-13.76,282.50
100.24,-13.85,282.06
100.66,-13.91,281.67
101.04,-13.95,281.39
101.35,-13.99,281.22
101.60,-14.08,281.16
101.75,-14.26,281.20
101.83,-14.54,281.33
101.86,-14.90,281.54
101.82,-15.32,281.80
101.69,-15.77,282.08
101.47,-16.26,282.38
101.19,-16.81,282.65
100.89,-17.41,282.90
100.60,-18.08,283.11
100.34,-18.79,283.27
100.09,-19.52,283.37
99.85,-20.25,283.43
99.62,-21.00,283.44
99.40,-21.75,283.41
99.21,-22.48,283.37
99.05,-23.20,283.30
98.88,-23.94,283.21
98.72,-24.75,283.08
98.59,-25.65,282.91
98.49,-26.64,282.70
98.40,-27.70,282.46
98.27,-28.83,282.24
98.12,-30.02,282.06
97.94,-31.27,281.94
97.73,-32.51,281.90
97.45,-33.71,281.96
97.10,-34.83,282.11
96.73,-35.88,282.31
96.38,-36.87,282.52
96.07,-37.81,282.70
95.80,-38.69,282.84
95.56,-39.50,282.93
95.36,-40.24,282.98
95.21,-40.94,283.01
95.09,-41.57,283.06
94.93,-42.12,283.16
94.69,-42.58,283.37
94.36,-42.94,283.69
93.92,-43.18,284.16
93.39,-43.26,284.79
92.79,-43.14,285.58
92.19,-42.77,286.51
91.61,-42.14,287.57
91.07,-41.24,288.70
91.73,-40.08,289.44
93.67,-39.87,290.26
94.53,-40.20,290.31
97.02,-40.59,289.96
98.00,-40.73,289.23
98.32,-40.92,288.47
98.39,-41.13,287.83
98.26,-41.26,287.50
98.10,-41.20,287.55
98.07,-41.02,287.74
98.12,-40.73,287.90
98.15,-40.45,288.04
98.13,-40.30,288.15
98.09,-40.24,288.20
98.05,-40.24,288.17
98.03,-40.26,288.10
98.04,-40.29,288.04
98.02,-40.30,288.02
97.95,-40.26,288.03
97.84,-40.20,288.06
97.73,-40.13,288.11
97.62,-40.07,288.16
97.52,-40.01,288.20
97.41,-39.94,288.23
97.32,-39.87,288.27
97.21,-39.79,288.32
97.10,-39.70,288.37
96.98,-39.62,288.41
96.86,-39.54,288.46
96.74,-39.48,288.50
96.63,-39.43,288.54
96.50,-39.38,288.58
96.38,-39.34,288.61
96.29,-39.30,288.64
96.22,-39.26,288.66
96.16,-39.22,288.68
96.11,-39.17,288.71
96.06,-39.13,288.74
96.03,-39.08,288.76
96.01,-39.04,288.78
96.00,-38.99,288.80
96.00,-38.95,288.82
95.99,-38.92,288.84
95.97,-38.90,288.85
95.96,-38.88,288.87
95.94,-38.86,288.88
95.91,-38.84,288.90
95.89,-38.82,288.91
95.86,-38.80,288.92
95.84,-38.78,288.93
95.83,-38.77,288.93
95.82,-38.76,288.92
95.82,-38.74,288.92
95.82,-38.73,288.91
95.82,-38.71,288.90
95.82,-38.69,288.90
95.83,-38.66,288.90
95.84,-38.63,288.91
95.85,-38.59,288.92
95.85,-38.55,288.93
95.85,-38.50,288.96
95.83,-38.45,288.98
95.81,-38.41,289.01
95.79,-38.36,289.03
95.78,-38.32,289.04
95.77,-38.29,289.05
95.75,-38.25,289.05
95.73,-38.22,289.05
95.70,-38.18,289.05
95.67,-38.15,289.04
95.63,-38.11,289.04
95.59,-38.06,289.04
95.55,-38.01,289.04
95.52,-37.96,289.05
95.47,-37.91,289.07
95.42,-37.86,289.08
95.37,-37.80,289.11
95.33,-37.74,289.13
95.27,-37.69,289.16
95.22,-37.64,289.19
95.16,-37.59,289.22
95.08,-37.53,289.25
95.00,-37.47,289.28
94.92,-37.41,289.32
94.85,-37.34,289.36
94.77,-37.27,289.40
94.69,-37.19,289.45
94.62,-37.10,289.50
94.55,-36.99,289.56
94.46,-36.86,289.63
94.36,-36.70,289.73
94.25,-36.52,289.84
94.14,-36.33,289.97
94.02,-36.12,290.11
93.92,-35.90,290.24
93.83,-35.65,290.40
93.72,-35.37,290.58
93.56,-35.02,290.80
93.39,-34.58,291.07
93.22,-34.02,291.36
93.00,-33.36,291.65
92.80,-32.60,291.99
92.70,-31.70,292.28
92.60,-30.81,292.56
92.52,-29.77,292.86
92.43,-28.59,293.23
92.41,-27.29,293.65
92.28,-25.92,294.12
92.15,-24.44,294.62
91.96,-22.88,295.18
91.69,-21.25,295.77
91.42,-19.55,296.38
91.16,-17.81,297.01
90.93,-16.08,297.67
90.64,-14.32,298.37
90.28,-12.57,299.09
89.83,-10.89,299.83
89.26,-9.26,300.52
88.70,-7.67,301.14
88.21,-6.05,301.72
87.71,-4.44,302.28
87.11,-2.88,302.76
86.75,-1.85,303.14
86.83,-1.31,303.51
87.40,-0.93,303.91
88.21,-0.52,304.32
88.93,0.03,304.71
89.36,0.71,305.02
89.40,1.51,305.17
89.02,2.39,305.10
88.42,3.25,304.81
87.80,3.98,304.32
87.34,4.50,303.65
87.14,4.78,302.89
87.21,4.86,302.07
87.45,4.83,301.22
87.71,4.77,300.33
87.88,4.66,299.38
87.94,4.50,298.37
87.93,4.26,297.32
87.96,3.99,296.30
88.06,3.67,295.36
88.18,3.27,294.55
88.27,2.75,293.86
88.27,2.05,293.31
88.18,1.17,292.88
88.03,0.14,292.58
87.80,-1.00,292.39
87.46,-2.20,292.30
87.01,-3.47,292.29
86.49,-4.79,292.33
85.91,-6.15,292.38
85.27,-7.54,292.40
84.59,-8.97,292.39
83.88,-10.43,292.33
83.17,-11.95,292.21
82.45,-13.52,292.04
81.72,-15.15,291.83
81.02,-16.79,291.56
80.36,-18.39,291.23
79.80,-19.90,290.80
79.42,-21.33,290.22
79.26,-22.68,289.48
79.28,-23.98,288.63
79.39,-25.25,287.75
79.48,-26.47,286.97
79.46,-27.64,286.41
79.22,-28.73,286.16
78.70,-29.73,286.30
77.86,-30.61,286.81
76.69,-31.32,287.68
75.23,-31.80,288.80
73.58,-32.00,290.08
72.46,-31.73,291.30
73.83,-30.73,291.70
75.36,-30.48,291.82
77.09,-30.40,291.63
78.25,-30.54,291.38
78.63,-30.65,291.17
78.50,-30.64,291.10
78.21,-30.52,291.08
77.99,-30.35,291.12
77.93,-30.19,291.18
77.93,-30.03,291.23
77.94,-29.91,291.26
77.92,-29.83,291.29
77.86,-29.78,291.31
77.76,-29.76,291.33
77.69,-29.73,291.35
77.65,-29.68,291.37
77.62,-29.64,291.38
77.60,-29.60,291.38
77.58,-29.55,291.39
77.54,-29.50,291.40
77.50,-29.44,291.41
77.45,-29.36,291.42
77.41,-29.28,291.43
77.35,-29.18,291.44
77.27,-29.07,291.46
77.20,-28.97,291.47
77.12,-28.87,291.49
77.05,-28.77,291.50
76.99,-28.68,291.52
76.93,-28.59,291.53
76.89,-28.50,291.54
76.85,-28.42,291.55
76.82,-28.34,291.56
76.79,-28.25,291.57
76.77,-28.16,291.58
76.76,-28.07,291.59
76.74,-27.98,291.60
76.71,-27.88,291.61
76.67,-27.79,291.63
76.62,-27.70,291.64
76.57,-27.61,291.66
76.50,-27.51,291.67
76.44,-27.41,291.69
76.39,-27.31,291.70
76.34,-27.20,291.71
76.30,-27.10,291.71
76.28,-27.01,291.71
76.26,-26.92,291.71
76.26,-26.84,291.71
76.25,-26.76,291.71
76.26,-26.69,291.71
76.28,-26.60,291.70
76.30,-26.51,291.70
76.32,-26.42,291.69
76.34,-26.32,291.69
76.36,-26.23,291.68
76.37,-26.14,291.68
76.36,-26.06,291.68
76.35,-25.98,291.68
76.34,-25.90,291.68
76.34,-25.83,291.67
76.34,-25.75,291.67
76.36,-25.65,291.66
76.38,-25.53,291.65
76.42,-25.39,291.65
76.45,-25.24,291.64
76.45,-25.10,291.64
76.45,-24.97,291.64
76.45,-24.84,291.64
76.43,-24.73,291.64
76.41,-24.61,291.65
76.39,-24.51,291.65
76.36,-24.40,291.66
76.32,-24.30,291.67
76.30,-24.21,291.67
76.29,-24.12,291.67
76.29,-24.03,291.67
76.29,-23.95,291.66
76.28,-23.89,291.66
76.27,-23.82,291.65
76.25,-23.75,291.64
76.24,-23.66,291.63
76.24,-23.54,291.63
76.25,-23.40,291.63
76.25,-23.23,291.63
76.23,-23.05,291.64
76.19,-22.85,291.64
76.14,-22.63,291.63
76.07,-22.38,291.64
76.00,-22.11,291.65
75.91,-21.81,291.66
75.82,-21.49,291.69
75.73,-21.13,291.71
75.64,-20.71,291.76
75.56,-20.21,291.82
75.43,-19.62,291.91
75.21,-18.95,291.95
74.60,-18.15,292.00
73.92,-17.27,292.02
73.82,-16.25,291.95
73.71,-15.11,291.91
73.60,-13.87,291.89
73.57,-12.56,291.86
73.63,-11.12,291.81
73.79,-9.57,291.75
73.97,-7.93,291.70
74.11,-6.20,291.69
74.17,-4.41,291.70
74.18,-2.59,291.77
74.16,-0.84,291.90
74.13,0.89,292.06
74.18,2.65,292.23
74.48,4.26,292.46
75.00,5.77,292.76
75.67,7.24,293.05
76.26,8.74,293.29
76.63,10.33,293.41
76.76,11.87,293.38
76.72,13.03,293.29
76.62,13.88,293.21
76.56,14.53,293.16
76.43,15.08,293.16
76.11,15.60,293.19
75.66,16.10,293.22
75.10,16.60,293.23
74.54,17.08,293.18
74.14,17.53,293.05
73.96,17.89,292.78
73.94,18.14,292.33
74.04,18.40,291.75
74.07,18.61,291.04
73.99,18.72,290.22
73.86,18.72,289.36
73.78,18.64,288.52
73.82,18.49,287.73
73.93,18.31,287.01
74.05,18.08,286.35
74.13,17.82,285.78
74.14,17.46,285.31
74.15,16.99,284.98
74.22,16.38,284.81
74.37,15.63,284.78
74.56,14.75,284.90
74.72,13.81,285.12
74.79,12.80,285.44
74.76,11.74,285.82
74.65,10.60,286.25
74.50,9.37,286.70
74.31,8.04,287.14
74.05,6.60,287.57
73.69,5.07,287.96
73.28,3.48,288.34
72.84,1.85,288.69
72.42,0.18,289.01
72.08,-1.53,289.27
71.79,-3.27,289.44
71.51,-5.01,289.52
71.28,-6.86,289.61
71.14,-8.73,289.70
71.00,-10.56,289.80
70.79,-12.35,289.93
70.50,-14.04,290.11
70.14,-15.60,290.38
69.73,-17.02,290.76
69.26,-18.30,291.23
68.77,-19.44,291.79
68.29,-20.41,292.39
67.77,-21.21,293.01
67.26,-21.83,293.60
66.75,-22.28,294.15
66.27,-22.56,294.64
65.84,-22.70,295.05
65.52,-22.68,295.39
65.31,-22.39,295.68
66.90,-21.41,295.57
68.68,-21.12,295.42
69.67,-21.18,295.32
70.50,-21.31,295.05
70.65,-21.40,294.95
70.37,-21.33,295.01
70.09,-21.21,295.06
69.98,-21.13,295.08
70.04,-21.02,295.09
70.17,-20.89,295.09
70.27,-20.79,295.09
70.30,-20.71,295.08
70.31,-20.66,295.09
70.35,-20.61,295.09
70.40,-20.57,295.09
70.46,-20.53,295.09
70.51,-20.49,295.08
70.54,-20.44,295.08
70.58,-20.37,295.07
70.62,-20.28,295.07
70.66,-20.17,295.07
70.68,-20.07,295.07
70.68,-19.97,295.07
70.69,-19.86,295.07
70.70,-19.76,295.07
70.69,-19.64,295.08
70.67,-19.51,295.08
70.65,-19.40,295.09
70.62,-19.29,295.10
70.60,-19.18,295.10
70.59,-19.07,295.11
70.58,-18.97,295.11
70.58,-18.88,295.11
70.58,-18.79,295.11
70.59,-18.71,295.11
70.60,-18.63,295.11
70.61,-18.57,295.12
70.62,-18.50,295.13
70.62,-18.43,295.14
70.63,-18.36,295.15
70.62,-18.29,295.16
70.62,-18.22,295.17
70.62,-18.14,295.19
70.62,-18.07,295.20
70.62,-18.00,295.21
70.63,-17.92,295.22
70.65,-17.86,295.23
70.67,-17.79,295.24
70.69,-17.73,295.24
70.71,-17.66,295.25
70.72,-17.59,295.25
70.73,-17.52,295.26
70.75,-17.45,295.26
70.77,-17.38,295.27
70.79,-17.31,295.27
70.82,-17.24,295.28
70.83,-17.17,295.28
70.84,-17.10,295.28
70.85,-17.03,295.29
70.85,-16.96,295.29
70.85,-16.88,295.29
70.84,-16.81,295.29
70.85,-16.74,295.29
70.85,-16.67,295.29
70.87,-16.60,295.28
70.89,-16.54,295.28
70.91,-16.48,295.27
70.92,-16.42,295.26
70.94,-16.36,295.25
70.95,-16.30,295.24
70.96,-16.23,295.24
70.98,-16.15,295.24
71.01,-16.06,295.24
71.06,-15.95,295.23
71.10,-15.83,295.22
71.13,-15.69,295.21
71.14,-15.55,295.20
71.14,-15.40,295.19
71.13,-15.24,295.17
71.11,-15.08,295.16
71.10,-14.92,295.16
71.10,-14.74,295.15
71.09,-14.52,295.16
71.10,-14.26,295.17
71.13,-13.97,295.18
71.19,-13.66,295.18
71.26,-13.34,295.17
71.31,-12.97,295.14
71.13,-12.45,295.11
71.21,-11.72,294.97
71.48,-10.94,294.79
71.78,-10.06,294.58
71.99,-9.05,294.39
72.16,-7.94,294.22
72.27,-6.70,294.07
72.33,-5.37,293.94
72.33,-3.93,293.85
72.32,-2.45,293.82
72.23,-0.93,293.82
72.04,0.62,293.87
71.58,2.25,293.93
70.99,4.00,293.92
70.52,5.80,293.92
70.13,7.63,294.02
69.65,9.48,294.29
68.79,11.24,294.77
68.04,12.49,295.46
67.80,13.36,296.43
68.05,14.10,297.51
68.41,14.85,298.51
68.48,15.66,299.25
68.10,16.59,299.62
67.37,17.61,299.55
66.46,18.68,299.00
65.52,19.67,298.03
64.68,20.54,296.69
63.99,21.14,295.10
63.49,21.46,293.37
63.16,21.55,291.58
63.04,21.50,289.82
63.12,21.36,288.13
63.34,21.16,286.56
63.64,20.92,285.11
63.96,20.67,283.83
64.24,20.42,282.76
64.48,20.14,281.91
64.68,19.77,281.32
64.88,19.28,281.02
65.09,18.71,281.00
65.29,18.06,281.25
65.43,17.37,281.71
65.45,16.62,282.33
65.39,15.81,283.08
65.29,14.94,283.89
65.14,14.01,284.73
64.94,13.02,285.56
64.69,11.96,286.38
64.42,10.79,287.18
64.16,9.46,287.97
63.88,8.01,288.70
63.55,6.49,289.34
63.22,4.94,289.86
62.93,3.37,290.27
62.72,1.78,290.58
62.56,0.18,290.82
62.44,-1.40,291.01
62.31,-2.92,291.19
62.17,-4.38,291.41
62.00,-5.79,291.72
61.75,-7.18,292.16
61.41,-8.51,292.75
61.01,-9.75,293.50
60.53,-10.89,294.39
59.96,-11.93,295.33
59.33,-12.87,296.26
58.72,-13.68,297.13
58.16,-14.37,297.92
57.70,-14.94,298.64
57.32,-15.42,299.28
57.03,-15.78,299.81
56.86,-15.99,300.22
56.82,-16.04,300.47
56.91,-15.89,300.54
57.10,-15.55,300.46
57.31,-15.09,300.27
59.52,-14.57,299.75
61.40,-14.65,299.21
62.49,-14.77,299.16
63.14,-15.10,299.03
63.16,-15.40,299.07
62.93,-15.44,299.12
62.68,-15.26,299.06
62.50,-15.04,299.00
62.45,-14.84,299.03
62.53,-14.73,299.08
62.65,-14.62,299.10
62.72,-14.52,299.11
62.74,-14.46,299.14
62.74,-14.40,299.16
62.73,-14.37,299.20
62.74,-14.35,299.23
62.78,-14.34,299.27
62.84,-14.32,299.30
62.89,-14.29,299.33
62.90,-14.23,299.35
62.92,-14.15,299.34
62.92,-14.07,299.34
62.91,-13.99,299.35
62.90,-13.92,299.35
62.90,-13.87,299.35
62.92,-13.82,299.35
62.92,-13.77,299.35
62.92,-13.73,299.35
62.91,-13.69,299.36
62.90,-13.65,299.36
62.87,-13.62,299.37
62.85,-13.58,299.38
62.82,-13.53,299.39
62.78,-13.47,299.41
62.74,-13.40,299.43
62.69,-13.34,299.45
62.67,-13.29,299.47
62.65,-13.24,299.49
62.64,-13.19,299.51
62.64,-13.14,299.52
62.65,-13.08,299.54
62.66,-13.03,299.55
62.67,-12.98,299.57
62.69,-12.92,299.59
62.71,-12.87,299.61
62.72,-12.81,299.63
62.72,-12.75,299.66
62.73,-12.68,299.68
62.73,-12.61,299.70
62.72,-12.55,299.72
62.72,-12.49,299.74
62.72,-12.43,299.77
62.71,-12.38,299.79
62.70,-12.32,299.81
62.69,-12.26,299.83
62.68,-12.19,299.84
62.66,-12.12,299.86
62.65,-12.06,299.88
62.64,-12.01,299.90
62.67,-11.97,299.91
62.71,-11.93,299.91
62.77,-11.89,299.92
62.82,-11.84,299.92
62.87,-11.78,299.93
62.90,-11.73,299.94
62.91,-11.68,299.96
62.90,-11.63,299.98
62.90,-11.58,300.01
62.90,-11.54,300.03
62.90,-11.50,300.05
62.91,-11.46,300.08
62.92,-11.43,300.11
62.93,-11.40,300.13
62.95,-11.37,300.16
62.96,-11.33,300.18
62.97,-11.29,300.20
62.96,-11.23,300.22
62.94,-11.16,300.25
62.91,-11.10,300.27
62.86,-11.02,300.30
62.81,-10.95,300.32
62.77,-10.86,300.35
62.73,-10.77,300.38
62.68,-10.67,300.41
62.64,-10.56,300.43
62.60,-10.45,300.45
62.56,-10.35,300.46
62.52,-10.26,300.48
62.47,-10.17,300.51
62.43,-10.08,300.53
62.38,-9.99,300.54
62.33,-9.89,300.55
62.28,-9.79,300.56
62.24,-9.69,300.56
62.20,-9.58,300.55
62.18,-9.45,300.54
62.19,-9.29,300.52
62.20,-9.11,300.50
62.22,-8.91,300.47
62.28,-8.68,300.42
62.33,-8.39,300.35
62.11,-7.98,300.23
62.00,-7.34,300.02
62.11,-6.64,299.78
62.22,-5.86,299.53
62.33,-4.97,299.27
62.39,-4.00,299.02
62.43,-2.94,298.77
62.52,-1.75,298.47
62.62,-0.44,298.17
62.66,0.99,297.88
62.68,2.52,297.58
62.72,4.16,297.31
62.70,5.86,297.09
62.66,7.63,296.91
62.61,9.52,296.78
62.61,11.51,296.64
62.52,13.58,296.51
62.52,15.62,296.39
62.72,17.61,296.28
62.95,19.70,296.15
62.98,21.88,295.99
62.92,23.86,295.88
62.89,25.44,295.95
63.05,26.79,296.18
63.32,28.00,296.48
63.40,29.13,296.76
63.12,30.18,296.96
62.44,31.07,297.03
61.47,31.73,296.93
60.40,32.19,296.66
59.39,32.45,296.20
58.49,32.51,295.55
57.66,32.36,294.75
56.88,31.99,293.84
56.17,31.45,292.85
55.56,30.82,291.82
55.09,30.16,290.79
54.75,29.49,289.81
54.50,28.78,288.91
54.31,28.00,288.13
54.19,27.16,287.50
54.19,26.31,287.06
54.37,25.48,286.80
54.70,24.69,286.71
55.10,23.92,286.78
55.45,23.13,287.00
55.68,22.26,287.35
55.82,21.32,287.83
55.93,20.33,288.43
56.05,19.30,289.15
56.16,18.22,289.96
56.23,17.07,290.83
56.21,15.81,291.75
56.12,14.47,292.70
56.03,13.05,293.68
55.97,11.57,294.67
55.87,10.06,295.62
55.71,8.54,296.50
55.54,6.97,297.29
55.38,5.39,297.98
55.27,3.79,298.60
55.22,2.20,299.17
55.19,0.66,299.74
55.12,-0.84,300.34
54.96,-2.31,301.01
54.74,-3.72,301.76
54.50,-5.04,302.60
54.25,-6.28,303.49
53.96,-7.41,304.39
53.62,-8.46,305.28
53.26,-9.41,306.15
52.94,-10.25,307.00
52.65,-10.96,307.79
52.40,-11.54,308.51
52.18,-12.00,309.16
52.03,-12.33,309.74
51.94,-12.51,310.26
51.97,-12.45,310.71
53.70,-11.46,310.42
55.31,-10.02,309.74
56.49,-9.70,309.54
57.30,-9.96,309.47
57.62,-10.32,309.32
57.42,-10.35,309.19
57.28,-10.45,309.13
57.12,-10.42,309.09
57.03,-10.38,309.09
57.05,-10.33,309.11
57.13,-10.27,309.11
57.20,-10.22,309.11
57.24,-10.17,309.11
57.27,-10.13,309.12
57.28,-10.11,309.13
57.30,-10.09,309.13
57.33,-10.09,309.14
57.37,-10.10,309.15
57.41,-10.10,309.15
57.46,-10.09,309.14
57.52,-10.07,309.14
57.57,-10.05,309.13
57.61,-10.03,309.12
57.66,-10.01,309.11
57.71,-9.99,309.10
57.76,-9.97,309.09
57.80,-9.94,309.08
57.84,-9.90,309.08
57.87,-9.87,309.08
57.91,-9.83,309.07
57.94,-9.79,309.08
57.97,-9.75,309.08
58.01,-9.71,309.08
58.04,-9.66,309.09
58.08,-9.62,309.09
58.11,-9.58,309.10
58.13,-9.53,309.11
58.16,-9.50,309.12
58.19,-9.46,309.13
58.22,-9.42,309.14
58.24,-9.39,309.15
58.25,-9.36,309.15
58.25,-9.32,309.15
58.23,-9.28,309.15
58.21,-9.24,309.15
58.20,-9.19,309.15
58.18,-9.14,309.13
58.18,-9.09,309.12
58.19,-9.05,309.10
58.21,-9.00,309.08
58.24,-8.95,309.05
58.29,-8.90,309.02
58.34,-8.84,309.00
58.39,-8.78,308.97
58.44,-8.72,308.95
58.48,-8.66,308.93
58.51,-8.60,308.91
58.54,-8.55,308.91
58.57,-8.50,308.90
58.60,-8.46,308.90
58.63,-8.42,308.91
58.68,-8.40,308.91
58.73,-8.39,308.91
58.80,-8.39,308.92
58.89,-8.40,308.93
58.97,-8.43,308.94
59.07,-8.47,308.95
59.16,-8.51,308.96
59.27,-8.56,308.97
59.37,-8.61,308.99
59.46,-8.66,309.01
59.56,-8.69,309.02
59.65,-8.71,309.03
59.73,-8.72,309.04
59.78,-8.72,309.06
59.81,-8.71,309.08
59.83,-8.70,309.10
59.86,-8.69,309.13
59.89,-8.68,309.15
59.92,-8.67,309.17
59.95,-8.66,309.18
59.99,-8.66,309.20
60.02,-8.65,309.21
60.05,-8.64,309.22
60.08,-8.62,309.24
60.09,-8.58,309.24
60.10,-8.53,309.25
60.10,-8.46,309.25
60.10,-8.39,309.25
60.10,-8.31,309.25
60.10,-8.23,309.25
60.12,-8.14,309.24
60.14,-8.04,309.24
60.17,-7.93,309.24
60.20,-7.80,309.25
60.26,-7.66,309.26
60.35,-7.48,309.27
60.46,-7.26,309.29
60.60,-6.97,309.30
60.73,-6.61,309.29
60.83,-6.20,309.24
60.89,-5.72,309.14
60.65,-5.16,309.03
60.21,-4.53,308.81
60.16,-3.75,308.57
60.11,-2.84,308.32
60.11,-1.82,308.06
60.11,-0.71,307.77
60.16,0.51,307.46
60.31,1.86,307.10
60.44,3.31,306.75
60.54,4.87,306.39
60.59,6.50,306.06
60.60,8.18,305.77
60.52,9.91,305.53
60.56,11.69,305.34
60.56,13.51,305.16
60.45,15.34,304.92
60.26,17.12,304.62
59.88,18.86,304.24
59.21,20.34,303.76
58.88,21.22,303.38
59.10,21.69,303.16
59.67,22.07,303.00
60.14,22.56,302.79
60.14,23.18,302.48
59.57,23.89,302.01
58.56,24.63,301.37
57.37,25.35,300.58
56.27,26.02,299.69
55.41,26.60,298.77
54.82,26.97,297.88
54.45,27.06,297.08
54.29,26.89,296.37
54.32,26.57,295.71
54.50,26.22,295.09
54.76,25.89,294.51
54.97,25.58,293.99
55.12,25.28,293.60
55.26,24.95,293.38
55.43,24.55,293.37
55.65,24.05,293.59
55.90,23.47,294.03
56.14,22.86,294.66
56.33,22.24,295.42
56.48,21.61,296.30
56.60,20.94,297.24
56.68,20.20,298.20
56.74,19.34,299.13
56.79,18.38,300.02
56.82,17.30,300.88
56.85,16.12,301.69
56.85,14.85,302.46
56.82,13.49,303.16
56.77,12.06,303.79
56.71,10.57,304.37
56.65,9.05,304.90
56.56,7.51,305.43
56.43,5.97,305.96
56.27,4.42,306.54
56.13,2.91,307.17
55.98,1.46,307.83
55.79,0.11,308.47
55.54,-1.16,309.12
55.30,-2.34,309.79
55.08,-3.45,310.49
54.84,-4.47,311.18
54.57,-5.45,311.84
54.33,-6.39,312.45
54.13,-7.29,313.02
54.00,-8.16,313.54
53.90,-8.98,314.05
53.81,-9.72,314.58
53.69,-10.35,315.11
53.53,-10.86,315.62
53.36,-11.26,316.07
53.61,-11.34,316.34
55.70,-10.09,315.69
58.00,-8.64,314.73
59.71,-8.29,314.20
60.62,-8.31,314.12
60.91,-8.40,314.17
60.62,-8.23,314.18
60.27,-7.97,314.16
60.07,-7.82,314.16
60.06,-7.71,314.19
60.09,-7.59,314.21
60.09,-7.46,314.22
60.05,-7.39,314.26
60.05,-7.33,314.29
60.07,-7.26,314.31
60.09,-7.19,314.33
60.08,-7.13,314.36
60.07,-7.07,314.39
60.06,-7.02,314.41
60.04,-6.96,314.44
60.00,-6.89,314.47
59.96,-6.83,314.50
59.93,-6.77,314.53
59.90,-6.71,314.57
59.87,-6.65,314.60
59.84,-6.58,314.63
59.82,-6.51,314.65
59.78,-6.42,314.68
59.74,-6.34,314.71
59.71,-6.26,314.75
59.68,-6.18,314.78
59.67,-6.11,314.81
59.66,-6.05,314.84
59.65,-5.98,314.87
59.65,-5.92,314.89
59.64,-5.85,314.92
59.64,-5.79,314.95
59.64,-5.76,314.98
59.65,-5.72,315.01
59.66,-5.69,315.04
59.66,-5.65,315.06
59.66,-5.61,315.09
59.63,-5.54,315.12
59.61,-5.46,315.16
59.58,-5.38,315.19
59.55,-5.30,315.22
59.52,-5.22,315.26
59.49,-5.15,315.29
59.47,-5.09,315.32
59.44,-5.04,315.36
59.43,-4.99,315.40
59.43,-4.94,315.43
59.43,-4.90,315.47
59.45,-4.86,315.50
59.47,-4.82,315.53
59.48,-4.78,315.56
59.50,-4.74,315.59
59.52,-4.71,315.63
59.53,-4.68,315.66
59.54,-4.64,315.70
59.56,-4.61,315.73
59.56,-4.56,315.76
59.57,-4.53,315.79
59.57,-4.50,315.82
59.58,-4.47,315.85
59.58,-4.44,315.89
59.59,-4.41,315.94
59.60,-4.39,315.97
59.63,-4.37,316.01
59.65,-4.34,316.04
59.66,-4.31,316.08
59.69,-4.30,316.11
59.70,-4.29,316.14
59.71,-4.28,316.17
59.73,-4.27,316.20
59.75,-4.24,316.22
59.76,-4.22,316.26
59.72,-4.17,316.31
59.67,-4.13,316.37
59.63,-4.07,316.42
59.57,-4.02,316.47
59.51,-3.97,316.53
59.48,-3.92,316.56
59.46,-3.88,316.60
59.44,-3.83,316.63
59.42,-3.76,316.66
59.40,-3.69,316.69
59.40,-3.61,316.71
59.40,-3.51,316.74
59.40,-3.39,316.75
59.41,-3.27,316.77
59.43,-3.14,316.77
59.46,-3.01,316.77
59.51,-2.87,316.74
59.60,-2.72,316.71
59.70,-2.55,316.65
59.83,-2.36,316.58
59.97,-2.12,316.47
60.23,-1.83,316.33
60.63,-1.46,316.14
60.89,-0.96,315.91
61.23,-0.35,315.66
61.46,0.36,315.38
61.64,1.16,315.08
61.76,2.05,314.79
61.83,3.02,314.50
61.85,4.07,314.21
61.84,5.19,313.92
61.80,6.38,313.63
61.74,7.64,313.32
61.68,8.94,313.02
61.58,10.31,312.73
61.45,11.69,312.46
61.30,13.10,312.24
61.10,14.51,312.07
60.80,15.87,311.92
60.26,17.19,311.77
59.54,18.46,311.55
58.91,19.72,311.30
58.30,21.02,311.11
57.57,22.37,311.04
56.69,23.59,311.14
55.96,24.43,311.49
55.52,25.02,311.98
55.28,25.56,312.47
55.03,26.15,312.82
54.57,26.86,312.91
53.83,27.68,312.68
52.81,28.57,312.12
51.54,29.42,311.24
50.10,30.09,310.15
48.71,30.44,308.95
47.58,30.43,307.78
46.90,30.10,306.72
46.66,29.55,305.79
46.70,28.89,305.00
46.89,28.12,304.33
47.13,27.26,303.77
47.40,26.38,303.28
47.68,25.56,302.80
47.95,24.84,302.32
48.17,24.23,301.83
48.28,23.68,301.36
48.28,23.08,301.02
48.31,22.38,300.87
48.50,21.62,300.91
48.85,20.84,301.14
49.24,20.06,301.50
49.54,19.30,301.95
49.75,18.56,302.46
49.87,17.87,303.03
49.93,17.20,303.66
49.94,16.52,304.39
49.93,15.79,305.21
49.88,14.99,306.13
49.81,14.10,307.15
49.77,13.13,308.23
49.77,12.10,309.34
49.74,11.06,310.41
49.63,10.01,311.40
49.47,8.94,312.33
49.32,7.90,313.19
49.21,6.88,314.01
49.11,5.86,314.80
49.04,4.83,315.57
49.01,3.77,316.36
48.98,2.66,317.15
48.96,1.53,317.96
48.94,0.44,318.76
48.91,-0.60,319.57
48.86,-1.57,320.38
48.77,-2.43,321.20
48.64,-3.17,322.01
48.47,-3.77,322.81
48.29,-4.22,323.61
48.10,-4.53,324.36
47.88,-4.81,325.07
47.66,-5.23,325.76
47.53,-5.82,326.39
47.52,-6.47,326.89
47.57,-7.13,327.19
47.65,-7.78,327.28
47.79,-8.41,327.21
47.99,-8.97,327.06
49.43,-8.53,326.35
51.31,-7.38,325.01
52.73,-5.81,323.75
53.62,-5.11,323.15
54.14,-5.04,323.15
54.39,-5.02,323.21
54.25,-4.89,323.23
54.02,-4.80,323.26
53.83,-4.69,323.28
53.78,-4.61,323.30
53.89,-4.51,323.30
54.06,-4.39,323.29
54.24,-4.29,323.28
54.39,-4.22,323.27
54.52,-4.15,323.26
54.64,-4.09,323.25
54.73,-4.02,323.25
54.81,-3.96,323.24
54.87,-3.91,323.25
54.91,-3.86,323.26
54.95,-3.81,323.27
54.99,-3.76,323.27
55.04,-3.71,323.28
55.10,-3.63,323.27
55.17,-3.53,323.26
55.24,-3.40,323.25
55.27,-3.27,323.24