-,-,-
0.34,0.76,0.05,-1.89,1.34,-1.53,0.83,2.78,1,329,129,8
0.35,0.90,-0.01,-28.87,9.16,9.28,0.97,31.68,1,285,138,8
0.39,0.98,-0.13,-29.97,8.36,18.80,1.06,36.35,1,260,137,7
0.37,1.03,-0.13,1.28,-0.79,37.48,1.10,37.51,2,232,139,8
0.33,1.04,-0.05,23.25,-5.98,35.40,1.09,42.78,2,213,139,8
0.29,1.04,0.02,22.52,-4.76,8.36,1.08,24.49,2,206,141,10
0.29,1.04,0.03,2.38,0.06,-5.25,1.08,5.76,2,204,136,8
0.31,0.97,-0.02,-6.35,3.78,-20.02,1.02,21.34,2,215,142,8
0.34,1.04,-0.05,-8.00,3.91,-28.69,1.10,30.04,2,231,140,10
0.34,0.89,-0.02,-3.60,2.93,-40.10,0.95,40.37,1,257,145,10
0.37,0.83,-0.06,-5.43,4.52,-32.96,0.91,33.71,1,288,140,9
0.40,0.93,-0.09,5.31,1.10,-24.17,1.01,24.77,1,315,146,10
0.40,0.93,-0.06,16.72,-2.01,-22.89,1.02,28.42,1,335,145,8
0.39,0.87,-0.02,27.77,-4.58,-23.07,0.96,36.39,1,364,141,9
0.39,0.91,0.04,17.58,14.16,-25.02,0.99,33.70,1,400,142,8
0.42,1.03,0.01,8.00,2.56,-33.26,1.12,34.31,1,440,139,8
0.41,1.05,0.04,4.88,5.74,-51.88,1.13,52.42,1,489,136,9
0.43,1.06,0.06,-4.33,10.74,-75.56,1.15,76.44,1,526,131,9
0.45,1.18,0.07,-12.51,16.24,-106.81,1.27,108.76,1,555,120,9
0.52,1.55,0.03,-22.71,22.09,-156.62,1.64,159.79,1,573,114,10
0.63,1.85,0.08,-32.47,28.20,-239.26,1.95,243.09,1,580,82,6
0.75,2.14,0.20,-71.84,48.89,-315.43,2.27,327.18,1,708,37,2
0.92,2.65,0.37,-99.61,63.05,-369.63,2.83,387.97,1,871,15,2
0.13,2.48,0.26,10.99,69.70,-395.20,2.49,401.45,1,927,5,3
-0.53,0.83,-0.45,78.67,-65.37,-15.99,1.08,103.53,1,921,5,11
-0.35,1.07,0.10,4.39,-188.23,151.92,1.13,241.93,1,918,4,12
-0.72,0.85,0.22,100.65,-245.67,218.38,1.14,343.76,1,929,3,14
-0.74,0.05,-0.27,149.29,-216.25,271.30,0.79,377.70,1,937,4,16
-0.62,0.03,-0.41,29.11,-132.81,279.05,0.74,310.41,1,945,5,16
-0.47,0.78,-0.10,-67.38,-42.42,252.81,0.91,265.05,1,948,3,16
0.20,0.86,-0.16,-89.17,36.80,260.93,0.90,278.19,1,941,3,13
1.06,1.34,0.13,-122.13,103.45,231.93,1.72,281.80,1,934,2,11
2.11,1.40,0.09,-53.89,164.98,145.14,2.53,226.25,1,924,2,6
3.88,0.84,-0.67,-14.95,157.53,93.32,4.03,183.71,1,882,3,6
4.00,0.46,-0.66,20.26,4.76,-1.83,4.08,20.90,1,828,2,4
2.47,-2.72,-0.75,93.87,-75.13,-184.08,3.75,219.87,1,821,22,8
0.29,0.85,0.24,-2.08,-38.09,83.44,0.93,91.74,1,696,71,4
0.42,0.79,-0.20,-38.70,8.79,77.21,0.92,86.81,1,478,112,9
0.31,2.22,0.01,-63.60,11.84,81.67,2.25,104.18,1,369,126,9
0.33,1.66,-0.10,-17.88,1.95,-6.65,1.70,19.18,1,312,138,9
0.32,0.86,0.04,-7.63,3.60,-52.61,0.92,53.28,1,318,139,9
0.37,1.07,-0.02,-17.64,7.69,-57.56,1.13,60.69,1,347,150,9
0.41,0.73,-0.07,-5.37,5.49,-45.78,0.84,46.42,1,368,156,11
0.42,0.94,-0.06,1.28,1.71,-26.37,1.03,26.45,1,385,153,10
0.41,1.09,-0.01,10.01,0.79,-29.66,1.17,31.32,1,401,153,12
0.44,1.17,0.02,6.77,5.68,-48.52,1.25,49.32,1,464,149,9
0.45,1.31,0.01,0.67,10.38,-82.76,1.39,83.41,1,555,142,9
0.48,1.36,-0.03,4.03,11.60,-127.69,1.45,128.27,1,641,132,8
0.48,1.27,0.14,2.32,13.61,-175.11,1.37,175.65,1,698,105,7
0.55,1.20,0.22,-22.77,32.65,-224.49,1.34,227.99,1,748,61,5
0.62,1.37,0.40,-63.54,58.41,-251.89,1.55,266.27,1,833,36,3
0.74,1.81,0.52,-82.28,97.29,-276.92,2.02,304.82,1,896,20,3
0.36,1.70,0.53,30.94,124.02,-290.22,1.82,317.13,1,938,9,2
0.15,0.47,-0.71,121.58,101.56,-129.88,0.87,204.86,1,935,3,12
0.14,1.13,-0.46,-59.69,-48.77,58.59,1.23,96.82,1,941,3,7
-0.31,2.05,0.27,-53.10,-161.68,85.75,2.09,190.56,1,949,3,7
-0.68,1.33,0.06,110.78,-178.96,144.29,1.50,255.18,1,956,4,10
-0.61,0.42,-0.36,166.08,-148.56,202.15,0.83,300.86,1,960,3,14
-0.33,0.07,-0.53,93.87,-130.55,247.19,0.63,294.89,1,959,3,15
-0.11,0.50,-0.43,2.01,-127.99,253.23,0.67,283.75,1,960,5,16
0.01,1.07,-0.16,-11.54,-93.87,273.62,1.08,289.51,1,959,3,12
0.92,0.79,-0.13,-50.48,8.00,224.91,1.22,230.65,1,953,4,13
2.43,1.04,0.05,-93.26,111.33,183.47,2.64,233.99,1,943,5,9
4.00,1.05,0.24,-116.64,134.58,94.48,4.14,201.60,1,912,3,6
4.00,0.71,0.33,51.76,37.48,11.78,4.08,64.98,1,890,3,7
3.17,-0.69,-0.24,106.14,-95.15,-174.32,3.25,225.18,1,918,11,7
-0.19,1.16,0.87,-125.85,-14.34,50.90,1.46,136.51,1,832,48,3
0.34,1.42,0.28,-45.47,14.71,28.63,1.48,55.71,1,788,89,6
0.43,1.04,-0.08,-68.66,20.20,37.78,1.13,80.93,0,0,113,8
0.48,1.11,-0.18,-64.03,15.81,12.57,1.22,67.14,1,642,129,8
0.40,0.93,-0.08,-7.87,2.69,12.39,1.02,14.92,1,528,134,10
0.38,1.18,-0.04,12.02,-2.87,8.12,1.24,14.79,1,450,141,8
0.34,0.99,0.04,17.33,-2.99,-20.02,1.04,26.65,1,422,144,11
0.36,0.93,0.02,4.82,1.10,-28.50,1.00,28.93,1,418,146,10
0.41,1.01,-0.04,-0.31,2.56,-29.05,1.10,29.17,1,449,147,12
0.40,0.99,0.02,6.23,0.92,-31.62,1.07,32.24,1,496,146,9
0.42,1.14,0.01,1.95,3.60,-38.09,1.21,38.31,1,559,143,6
0.45,1.38,-0.01,0.55,5.49,-67.93,1.45,68.16,1,632,140,10
0.41,1.55,0.01,12.08,5.80,-140.69,1.60,141.32,1,728,133,11
0.44,1.65,-0.01,18.80,12.76,-217.90,1.71,219.08,1,811,112,9
0.51,1.83,0.30,11.90,21.67,-292.72,1.93,293.77,1,864,68,6
0.79,2.00,0.49,-13.67,53.22,-339.05,2.21,343.47,1,923,31,1
-0.04,2.99,0.65,38.45,65.06,-343.69,3.06,351.90,1,965,14,2
-1.57,0.51,-0.43,188.29,77.94,-265.69,1.71,334.84,1,964,6,18
-0.21,0.99,-0.77,-14.95,-19.71,26.06,1.27,35.94,1,962,6,14
-0.60,1.51,0.01,-91.80,-120.73,90.03,1.63,176.37,1,965,7,13
-0.98,1.21,0.24,1.46,-131.84,135.56,1.57,189.10,1,970,6,15
-0.79,0.49,-0.15,67.26,-79.22,248.96,0.94,269.78,1,969,3,17
-0.36,0.38,-0.25,-11.41,-49.38,276.73,0.57,281.34,1,967,4,16
0.04,0.79,-0.15,-47.30,-36.32,272.28,0.80,278.73,1,966,7,17
0.34,1.07,-0.01,-65.37,-32.29,257.69,1.13,267.81,1,965,4,13
1.00,1.45,0.18,-74.83,11.90,216.74,1.78,229.60,1,963,3,13
2.14,0.85,-0.21,-49.13,91.00,119.93,2.31,158.37,1,961,3,11
3.39,0.28,-0.53,-141.91,160.64,28.69,3.44,216.26,1,947,3,7
4.00,0.76,-0.05,-147.52,190.61,63.84,4.07,249.34,1,895,5,1
4.00,-0.28,-0.73,36.50,51.15,-115.30,4.07,131.31,1,841,10,4
0.62,-1.68,-0.37,100.04,-43.76,62.62,1.83,125.87,1,565,54,3
0.47,0.78,-0.08,19.17,-3.54,80.20,0.91,82.53,1,380,107,8
0.35,1.87,-0.10,-20.51,4.82,81.36,1.90,84.04,1,305,127,10
0.30,1.42,0.01,21.18,-6.77,0.06,1.46,22.24,1,270,134,10
0.31,0.88,0.06,-9.03,4.27,-25.39,0.93,27.29,1,264,143,10
0.38,1.22,-0.09,-13.79,5.62,-31.25,1.28,34.62,1,280,151,10
0.35,0.79,0.00,-1.65,3.11,-45.10,0.87,45.24,1,297,152,12
0.41,0.84,-0.05,-14.34,7.63,-28.26,0.94,32.60,1,316,159,11
0.42,1.12,-0.07,-7.81,5.49,-27.83,1.20,29.43,1,346,158,12
0.42,1.27,-0.02,-7.02,6.84,-65.25,1.34,65.98,1,388,158,10
0.38,1.42,0.05,-5.55,12.02,-112.98,1.47,113.75,1,459,150,12
0.37,1.61,0.12,-31.25,22.89,-182.80,1.66,186.86,1,540,137,10
0.55,1.50,0.17,-62.62,44.13,-257.14,1.61,268.31,1,577,82,5
0.73,1.50,0.10,-108.46,75.01,-301.39,1.67,328.98,1,715,40,4
0.69,2.43,0.45,-125.18,101.62,-315.25,2.57,354.09,1,865,21,3
-0.00,0.46,-0.00,10.07,96.86,-277.47,0.46,294.06,1,905,7,15
0.44,0.88,-0.66,-49.44,-52.86,7.08,1.18,72.72,1,912,5,9
-0.50,1.73,0.17,-159.55,-200.93,117.07,1.81,282.01,1,926,3,7
-0.89,1.55,0.47,73.61,-247.38,144.71,1.84,295.90,1,935,4,11
-0.89,0.33,-0.13,107.60,-221.56,207.89,0.96,322.31,1,941,3,13
-0.66,0.27,-0.15,48.52,-169.92,242.98,0.73,300.45,1,944,2,15
-0.32,0.46,-0.14,-29.24,-111.63,245.79,0.57,271.53,1,944,2,15
0.08,1.25,0.32,-71.47,-43.27,246.58,1.29,260.35,1,941,6,14
0.75,1.22,0.19,3.23,79.41,220.21,1.44,234.12,1,938,5,12
1.68,1.00,-0.20,19.53,186.71,150.45,1.97,240.58,1,924,5,12
3.37,0.46,-0.48,-69.52,162.66,123.17,3.44,215.55,1,904,5,6
4.00,1.51,0.39,-38.45,58.29,71.47,4.29,99.92,1,885,9,4
3.84,-0.52,-0.25,156.56,-0.92,-188.48,3.89,245.02,1,870,25,10
0.06,1.45,-0.02,-92.65,-7.45,101.93,1.45,137.95,1,785,63,4
0.64,0.93,-0.42,-37.84,17.40,16.60,1.20,44.84,1,667,103,7
0.35,1.92,0.03,-34.06,2.26,45.59,1.95,56.95,1,465,128,8
0.32,1.42,0.05,-17.27,0.24,-7.45,1.46,18.81,1,381,133,9
0.38,0.83,-0.09,-25.51,8.67,-36.19,0.92,45.12,1,335,143,11
0.39,1.01,-0.08,-13.37,4.94,-33.75,1.09,36.64,1,325,145,9
0.38,0.70,-0.04,2.75,0.85,-34.91,0.80,35.03,1,327,154,9
0.40,0.75,-0.06,-3.05,2.56,1.95,0.85,4.44,1,302,150,9
0.39,1.26,-0.02,5.00,0.73,-3.78,1.32,6.32,1,303,152,9
0.35,1.25,0.02,-7.14,6.77,-37.41,1.30,38.69,1,342,156,10
0.38,1.45,-0.01,-19.29,12.57,-82.58,1.50,85.73,1,413,154,9
0.34,1.40,0.02,-27.40,17.03,-149.41,1.44,152.86,1,497,145,11
0.36,1.68,0.12,-53.59,33.94,-226.32,1.72,235.04,1,542,133,12
0.54,1.67,0.17,-75.99,53.16,-312.50,1.77,325.97,1,588,77,7
0.73,2.06,0.39,-95.52,88.62,-350.89,2.22,374.30,1,788,35,4
0.21,2.60,0.28,-21.30,95.89,-361.33,2.63,374.44,1,902,18,2
-0.27,0.91,-0.26,92.16,88.26,-321.78,0.98,346.16,1,923,8,15
0.34,0.70,-0.85,31.19,-72.14,26.43,1.15,82.92,1,927,5,14
-0.05,1.77,-0.01,-61.10,-205.75,176.39,1.77,277.81,1,941,4,11
-0.46,1.41,0.23,24.23,-244.51,192.63,1.50,312.21,1,947,3,11
-0.72,0.77,0.02,132.26,-201.35,223.27,1.05,328.46,1,955,4,16
-0.55,-0.07,-0.39,102.66,-145.75,266.48,0.68,320.62,1,957,5,17
-0.43,0.38,-0.20,-18.80,-94.30,256.90,0.61,274.30,1,957,4,15
-0.11,0.90,-0.17,-43.46,-54.26,257.63,0.92,266.84,1,947,4,16
0.28,1.38,-0.07,-51.09,-28.32,248.72,1.41,255.49,1,947,3,15
1.20,1.29,-0.01,-26.55,44.62,210.21,1.76,216.52,1,945,6,12
2.30,0.42,-0.36,-95.46,139.71,129.03,2.36,212.79,1,944,3,10
4.00,0.83,-0.73,-186.65,194.03,61.04,4.15,276.06,1,931,3,6
4.00,-0.20,-0.97,-108.52,119.26,-53.16,4.12,169.78,1,869,3,3
0.50,-0.89,1.88,193.36,-161.44,-62.56,2.14,259.55,1,488,35,4
-0.34,2.39,0.95,49.93,-52.06,175.23,2.59,189.50,1,312,84,7
0.29,0.50,0.16,13.73,5.13,43.03,0.60,45.46,2,209,113,10
0.22,1.56,-0.07,21.91,-6.77,-3.72,1.58,23.24,2,198,128,9
0.18,0.75,0.15,14.95,-2.81,-56.46,0.79,58.47,2,218,134,12
0.34,1.15,-0.12,-21.06,8.36,-37.96,1.20,44.21,1,232,146,9
0.26,0.73,0.05,8.36,3.17,-38.76,0.77,39.78,1,254,150,10
0.32,1.17,0.01,-9.28,6.59,-28.08,1.22,30.30,1,275,152,11
0.34,1.44,0.00,-8.73,5.37,-60.67,1.48,61.53,1,334,148,10
0.27,1.59,0.09,-17.76,13.55,-116.39,1.62,118.52,1,430,151,14
0.34,1.70,0.05,-30.58,24.29,-195.31,1.73,199.18,1,543,138,12
0.40,1.80,0.02,-33.26,31.49,-283.08,1.84,286.76,1,606,94,9
0.61,2.05,0.17,-60.73,49.07,-343.44,2.15,352.21,1,757,38,3
0.79,2.49,0.41,-76.05,70.13,-349.30,2.65,364.30,1,889,15,2
-0.20,1.60,0.31,63.84,79.77,-357.36,1.64,371.68,1,935,7,10
0.32,0.93,-0.67,114.01,18.01,-46.14,1.19,124.31,1,933,4,10
-0.24,1.20,0.01,-76.84,-138.49,40.28,1.22,163.42,1,942,4,6
-0.81,1.54,0.38,4.58,-162.48,57.37,1.78,172.37,1,950,3,10
-0.88,0.83,-0.01,133.97,-127.44,130.31,1.21,226.21,1,953,4,12
-0.60,0.05,-0.56,135.38,-98.69,194.09,0.82,256.40,1,954,4,16
-0.29,0.04,-0.65,35.58,-96.19,238.46,0.72,259.58,1,952,5,16
-0.03,0.57,-0.46,-41.93,-106.26,244.20,0.73,269.60,1,954,4,14
0.09,0.95,-0.13,-62.81,-92.77,252.32,0.96,276.07,1,954,3,14
0.37,1.18,0.00,-52.98,-7.75,226.32,1.23,232.57,1,955,3,12
1.45,0.89,-0.26,-92.16,94.30,147.89,1.72,198.13,1,952,4,9
2.84,1.13,-0.45,-220.64,199.46,67.02,3.09,304.89,1,951,2,4
4.00,0.51,-0.61,-188.29,215.39,-2.56,4.08,286.10,1,925,2,2
4.00,-0.17,-0.71,-105.29,92.53,-71.90,4.07,157.53,1,836,5,2
0.36,-0.22,1.51,111.88,-133.36,-114.44,1.57,208.32,1,673,37,4
-0.08,0.89,0.78,73.18,-36.44,114.56,1.19,140.74,1,435,87,8
0.43,0.58,-0.17,6.23,8.36,56.58,0.74,57.53,1,332,121,9
0.30,1.67,-0.09,47.79,-10.19,46.94,1.70,67.76,1,278,134,11
0.27,0.78,0.08,21.30,-3.91,-13.85,0.83,25.71,1,265,133,11
0.39,1.11,-0.17,-10.07,5.31,-12.82,1.19,17.14,1,262,144,11
0.36,1.07,-0.05,11.11,-2.26,-32.17,1.13,34.10,1,277,144,10
0.41,1.09,-0.11,-2.08,2.87,-44.62,1.17,44.76,1,323,143,12
0.41,1.23,-0.09,-0.31,2.38,-66.10,1.30,66.14,1,388,147,9
0.37,1.34,-0.04,-4.09,7.45,-107.24,1.39,107.57,1,483,144,12
0.45,1.82,0.01,-17.94,17.88,-171.26,1.88,173.13,1,586,125,10
0.43,1.65,0.07,-10.74,23.62,-261.66,1.70,262.94,1,660,74,6
0.51,1.62,0.30,-66.47,55.24,-314.03,1.73,325.70,1,778,36,3
1.01,2.40,0.21,-121.52,96.25,-343.32,2.62,376.70,1,888,16,1
-0.33,1.49,0.67,14.59,94.60,-343.26,1.67,356.36,1,919,8,17
-0.18,0.95,-0.89,25.27,-38.45,3.42,1.31,46.14,1,916,5,15
-1.25,1.89,-0.13,-47.55,-195.50,121.77,2.27,235.17,1,931,7,11
-1.39,1.22,-0.08,44.25,-242.80,216.37,1.85,328.21,1,955,4,14
-1.00,0.69,-0.28,85.27,-226.81,298.95,1.25,384.82,1,963,2,16
-0.48,0.48,-0.28,35.95,-176.33,311.95,0.73,360.14,1,966,2,14
-0.43,1.03,-0.04,-52.19,-104.49,272.28,1.12,296.27,1,965,3,16
0.31,1.26,-0.07,-59.39,-1.04,276.92,1.30,283.21,1,957,5,13
1.50,1.69,0.19,-117.31,85.08,237.43,2.27,278.16,1,949,4,9
3.32,0.80,-0.27,-116.52,155.76,127.87,3.43,232.78,1,932,2,8
4.00,0.84,-0.38,-194.15,183.11,-18.07,4.10,267.49,1,908,1,3
4.00,0.01,-0.18,-77.58,103.58,-93.20,4.00,159.48,1,843,4,4
0.47,-2.22,0.18,198.67,-43.76,-92.10,2.28,223.31,1,632,30,4
-0.18,1.52,0.85,43.27,-39.55,74.58,1.75,94.87,1,441,71,6
0.30,0.61,-0.00,-19.59,5.37,18.80,0.68,27.68,1,358,108,6
0.38,1.57,-0.34,-18.80,4.70,31.80,1.65,37.24,1,317,123,8
0.25,1.02,-0.05,29.11,-10.01,3.05,1.05,30.94,1,280,133,9
0.32,1.11,-0.15,0.37,1.34,-4.88,1.17,5.08,1,260,140,9
0.29,0.96,-0.05,-4.46,4.03,-35.95,1.00,36.45,1,261,149,12
0.34,0.91,-0.14,-16.78,5.55,-36.50,0.98,40.56,1,281,152,11
0.35,1.21,-0.13,-15.26,6.84,-50.90,1.27,53.58,1,319,148,11
0.39,1.22,-0.18,-11.84,6.10,-77.58,1.30,78.71,1,381,154,11
0.36,1.42,-0.12,-2.01,5.55,-114.69,1.47,114.84,1,449,150,12
0.36,1.59,-0.04,-13.18,15.20,-173.71,1.63,174.87,1,515,140,12
0.38,1.88,-0.07,-21.55,22.64,-269.29,1.91,271.10,1,544,113,10
0.66,2.09,0.09,-44.74,45.10,-348.39,2.19,354.13,1,677,53,5
0.64,2.77,0.55,-63.72,66.59,-378.05,2.89,389.12,1,868,24,2
-0.36,0.70,0.32,76.54,69.64,-392.52,0.85,405.93,1,911,11,16
-0.11,0.32,-0.80,10.13,22.77,-65.19,0.86,69.79,1,897,6,16
-0.39,1.46,-0.13,-68.60,-111.57,60.49,1.51,144.27,1,912,5,14
-0.76,1.26,0.04,-2.50,-151.37,120.79,1.47,193.67,1,933,5,13
-0.68,0.73,-0.24,61.04,-149.72,197.08,1.02,254.92,1,945,4,14
-0.58,0.63,-0.28,58.78,-141.60,282.17,0.90,321.13,1,951,2,15
-0.15,0.42,-0.41,54.38,-137.45,302.37,0.60,336.57,1,955,2,15
-0.05,0.68,-0.24,0.79,-122.56,292.18,0.72,316.84,1,955,4,13
0.31,0.92,0.03,-27.10,-48.40,279.66,0.97,285.11,1,953,5,11
1.27,0.94,0.02,-45.41,47.55,219.79,1.58,229.41,1,953,4,12
2.41,0.93,0.04,-65.86,96.25,182.62,2.58,216.68,1,942,3,7
4.00,0.51,-0.27,-144.65,138.49,47.06,4.04,205.71,1,928,3,5
4.00,0.13,-0.49,-105.04,125.31,-61.65,4.03,174.74,1,904,2,4
0.55,2.50,0.54,-6.35,-61.10,-87.95,2.61,107.28,1,741,29,3
-0.25,1.51,0.70,-11.66,-41.87,153.44,1.69,159.48,1,385,61,4
0.27,0.75,-0.03,-24.66,11.29,61.65,0.80,67.35,2,225,98,6
-0.07,1.59,-0.14,31.62,-11.60,54.14,1.59,63.76,2,193,118,7
0.02,0.60,0.07,64.82,-22.83,-69.03,0.61,97.41,2,197,133,9
0.30,1.14,-0.24,-34.42,10.01,-43.33,1.20,56.24,2,208,141,9
0.25,0.74,-0.06,2.44,1.16,-29.17,0.78,29.30,2,211,141,10
0.29,1.19,-0.12,-7.08,3.36,-11.29,1.23,13.74,2,213,148,9
0.27,1.19,-0.05,-1.46,2.81,-34.97,1.22,35.12,1,238,149,9
0.30,1.43,-0.06,-14.53,7.69,-71.72,1.46,73.58,1,315,147,9
0.25,1.63,-0.04,-18.86,10.07,-132.69,1.65,134.40,1,435,146,8
0.25,1.52,-0.01,-24.41,20.94,-199.22,1.55,201.80,1,559,133,9
0.29,1.70,-0.02,-24.60,24.48,-271.67,1.72,273.87,1,627,84,6
0.59,1.86,-0.04,-36.74,40.83,-325.81,1.96,330.40,1,749,44,5
0.51,2.15,0.18,-34.00,48.83,-344.54,2.22,349.64,1,871,22,2
-0.29,1.32,-0.01,63.96,60.49,-368.77,1.35,379.14,1,898,12,8
-0.73,0.25,-0.55,1.53,60.79,-261.90,0.95,268.87,1,906,4,21
-0.24,1.49,-0.20,-57.68,-78.55,76.48,1.53,123.88,1,930,4,14
-0.21,1.35,0.01,1.04,-163.57,202.21,1.37,260.09,1,946,4,12
-0.27,1.15,-0.01,66.77,-198.18,201.54,1.19,290.43,1,952,2,13
-0.61,0.44,-0.28,120.48,-181.95,205.87,0.80,300.01,1,956,2,15
-0.45,0.02,-0.54,71.47,-144.35,242.31,0.71,290.96,1,953,1,18
-0.25,0.33,-0.51,-42.48,-117.00,253.48,0.66,282.39,1,953,2,16
-0.12,1.15,-0.22,-76.48,-80.57,267.76,1.18,289.89,1,958,3,15
0.49,1.02,-0.52,-57.37,47.91,234.01,1.25,245.66,1,952,4,11
1.74,1.16,-0.16,-167.79,132.26,172.91,2.10,274.85,1,945,3,8
3.59,1.18,-0.04,-267.27,192.32,69.21,3.78,336.47,1,935,3,5
4.00,1.27,0.57,-131.71,158.20,76.84,4.24,219.73,1,882,5,1
4.00,2.46,-0.54,-6.04,-101.01,-146.91,4.72,178.39,1,780,16,5
0.49,-0.83,-0.38,172.18,-20.57,46.39,1.03,179.50,1,497,63,5
0.39,1.52,-0.29,-1.83,9.09,33.26,1.60,34.53,1,400,104,8
0.31,2.00,-0.26,13.55,-1.83,56.70,2.04,58.33,1,330,118,9
0.19,0.87,0.14,58.41,-14.89,8.97,0.90,60.94,1,293,133,10
0.28,1.10,-0.06,5.25,-0.55,-11.05,1.13,12.24,1,271,134,10
0.30,1.03,-0.07,-5.07,2.08,-29.72,1.08,30.22,1,271,143,11
0.31,1.07,-0.07,-13.67,5.62,-46.45,1.12,48.74,1,307,142,9
0.36,1.28,-0.11,-12.33,5.98,-63.66,1.33,65.12,1,376,147,10
0.33,1.21,-0.07,-6.10,6.59,-95.95,1.26,96.37,1,475,145,11
0.36,1.36,-0.10,-0.24,10.13,-126.65,1.41,127.05,0,0,142,11
0.38,1.62,-0.07,7.63,10.07,-173.71,1.67,174.16,1,673,123,9
0.40,1.53,0.09,12.08,14.22,-243.35,1.58,244.06,1,742,75,7
0.51,1.64,0.29,-38.70,38.51,-287.90,1.74,293.03,1,833,42,2
0.70,2.02,0.38,-67.63,64.70,-311.52,2.17,325.28,1,900,21,3
-0.12,1.30,0.29,62.32,86.67,-352.91,1.34,368.70,1,931,13,7
-0.02,-0.09,-0.95,28.32,42.42,-183.47,0.95,190.43,1,931,7,16
-0.50,1.53,-0.10,-119.81,-131.77,87.04,1.61,198.23,1,952,7,12
-0.49,1.38,0.08,-41.87,-188.48,165.10,1.46,254.04,1,962,6,10
-0.75,1.38,0.20,41.20,-176.88,161.87,1.58,243.28,1,964,3,12
-0.75,0.40,-0.28,120.42,-123.72,237.49,0.89,293.61,1,962,3,14
-0.29,0.08,-0.50,34.36,-93.99,269.59,0.59,287.57,1,963,4,16
0.00,0.63,-0.16,-68.97,-81.24,243.96,0.65,266.22,1,950,4,14
0.27,1.39,0.27,-63.23,-72.63,230.59,1.44,249.89,1,945,4,11
0.75,0.92,0.18,-51.09,23.19,227.97,1.20,234.77,1,942,4,10
2.81,1.15,0.12,-103.39,139.40,203.80,3.04,267.69,1,930,4,6
4.00,0.56,-0.45,-129.21,227.23,31.49,4.06,263.29,1,902,4,6
4.00,0.40,-0.70,-72.27,168.46,-101.75,4.08,209.65,1,852,5,5
0.90,2.02,-0.29,71.47,-54.81,-218.08,2.23,235.95,1,782,35,4
-0.07,1.46,1.08,-2.14,-64.45,44.62,1.82,78.42,1,656,90,8
0.39,0.51,-0.15,-11.60,8.18,78.12,0.65,79.40,1,561,116,7
0.35,1.55,-0.09,-16.36,4.09,76.97,1.60,78.79,1,455,133,10
0.32,1.28,-0.06,1.77,-0.73,0.31,1.32,1.94,1,383,135,10
0.25,1.13,0.04,-20.45,6.65,-36.68,1.15,42.52,1,344,147,11
0.36,1.08,-0.11,-20.87,6.71,-59.75,1.15,63.65,1,357,150,10
0.37,0.81,-0.08,-7.93,5.31,-54.44,0.89,55.27,1,371,154,11
0.41,1.05,-0.10,-3.48,4.21,-42.48,1.13,42.83,1,404,154,10
0.39,1.27,-0.06,6.65,2.44,-58.53,1.33,58.96,1,465,153,11
0.40,1.38,-0.06,4.76,7.39,-100.52,1.44,100.91,1,552,147,9
0.40,1.59,0.04,1.53,13.12,-161.13,1.64,161.67,1,629,131,10
0.39,1.91,0.07,-16.97,23.38,-254.88,1.95,256.51,1,689,103,8
0.60,1.90,0.27,-45.10,52.37,-358.64,2.01,365.24,1,781,56,5
0.63,2.07,0.47,-45.10,88.99,-374.08,2.22,387.16,1,896,31,3
0.06,1.69,0.19,58.65,102.17,-386.47,1.70,404.03,1,934,13,4
0.18,-0.06,-0.98,105.53,55.18,-144.04,1.00,186.89,1,935,7,14
0.03,1.33,-0.25,-93.32,-106.02,91.98,1.35,168.55,1,929,5,11
-0.25,1.52,0.13,-23.50,-217.65,172.61,1.55,278.78,1,947,1,12
-0.73,1.02,0.14,44.43,-239.07,199.77,1.26,314.70,1,957,4,13
-0.91,0.53,-0.07,100.40,-171.33,259.16,1.06,326.49,1,962,3,16
-0.58,0.04,-0.39,49.44,-98.51,297.36,0.70,317.13,1,962,3,17
-0.23,0.57,-0.29,-51.39,-58.17,296.81,0.68,306.79,1,960,3,17
0.16,1.29,-0.02,-67.93,-65.49,293.40,1.30,308.20,1,956,2,14
0.84,1.68,-0.00,-40.28,-1.77,217.41,1.88,221.11,1,952,4,11
2.21,1.08,-0.25,-27.53,72.20,151.25,2.47,169.84,1,938,5,12
3.86,0.65,-0.15,-118.96,94.42,80.14,3.92,171.72,1,923,3,5
4.00,0.52,-0.15,-146.61,113.28,-12.45,4.04,185.69,1,899,2,4
4.00,-0.44,-0.34,-25.57,81.97,-130.37,4.04,156.11,1,887,5,4
-0.48,-3.49,1.25,191.77,-80.26,30.15,3.74,210.07,1,730,67,8
-0.02,2.39,0.47,-19.78,-4.03,112.00,2.44,113.80,1,527,99,9
0.27,2.22,-0.09,-61.28,8.48,92.65,2.24,111.41,1,328,124,13
0.19,1.52,0.17,21.42,-6.53,-16.11,1.54,27.59,2,267,132,11
0.33,1.24,-0.07,-24.72,8.67,-50.35,1.29,56.76,1,278,137,11
0.30,0.84,0.00,-14.10,5.74,-74.22,0.89,75.76,1,332,141,9
0.37,0.89,-0.08,-9.83,6.59,-58.90,0.97,60.08,1,403,145,9
0.42,1.20,-0.13,4.58,1.46,-49.62,1.28,49.85,1,472,148,8
0.40,1.28,-0.02,28.26,-6.59,-71.66,1.34,77.31,1,566,143,11
0.38,1.29,-0.00,34.06,-4.21,-102.11,1.35,107.72,1,678,134,10
0.31,1.44,0.02,30.09,0.61,-144.53,1.47,147.63,1,777,116,8
0.42,1.70,0.15,17.76,9.70,-210.63,1.76,211.60,1,852,65,4
0.59,1.63,0.28,-8.12,37.23,-285.58,1.76,288.11,1,890,37,4
0.70,2.02,0.38,-78.43,56.52,-309.88,2.17,324.61,1,931,19,0
0.39,1.47,0.61,-7.45,67.20,-323.36,1.64,330.36,1,952,10,10
-0.38,0.17,-0.59,49.38,37.05,-161.50,0.72,172.89,1,956,7,16
-0.59,1.29,-0.22,-58.72,-107.36,94.24,1.44,154.45,1,960,4,14
-0.82,1.19,0.04,-37.66,-161.74,146.61,1.45,221.52,1,966,5,15
-0.87,1.16,0.13,42.60,-155.15,182.80,1.45,243.52,1,968,3,14
-0.75,-0.02,-0.39,77.82,-118.35,238.95,0.85,277.78,1,967,3,17
-0.32,0.22,-0.30,-53.53,-93.44,260.25,0.49,281.65,1,967,2,17
-0.14,1.03,0.20,-83.44,-71.96,259.70,1.06,282.11,1,966,2,14
0.62,1.14,0.46,-92.71,-18.31,239.26,1.38,257.25,1,960,4,13
1.38,1.42,0.61,-72.75,87.71,167.30,2.07,202.42,1,956,5,12
2.84,0.92,0.02,-79.65,175.11,88.44,2.99,211.73,1,950,3,7
4.00,1.26,0.15,21.12,151.06,99.49,4.19,182.11,1,926,4,4
4.00,-0.60,-0.80,82.15,5.68,-88.56,4.12,120.93,1,898,5,8
-0.11,0.32,-0.83,-122.86,-53.77,-98.02,0.90,166.12,1,766,41,5
-0.16,1.38,0.65,-45.29,5.19,128.36,1.54,136.21,1,435,90,6
0.52,0.46,-0.33,-94.60,44.01,60.79,0.77,120.76,2,250,113,8
0.50,1.41,-0.52,72.81,-22.34,10.50,1.58,76.88,2,201,120,9
0.24,0.90,0.03,15.81,-5.86,-26.61,0.93,31.50,2,202,132,9
0.30,1.18,-0.09,9.77,-2.50,-20.87,1.22,23.18,2,208,140,8
0.27,0.85,-0.02,29.60,-5.49,-30.64,0.89,42.96,2,226,144,9
0.28,0.95,-0.00,10.62,0.12,-15.01,0.99,18.39,2,244,147,10
0.29,1.21,0.01,14.53,-1.77,-26.79,1.24,30.53,1,282,150,9
0.25,1.15,0.08,-0.49,3.23,-56.27,1.18,56.37,1,353,146,9
0.31,1.20,0.04,-9.64,9.22,-81.24,1.24,82.33,1,447,147,9
0.38,1.16,-0.07,0.67,8.48,-101.62,1.22,101.98,1,566,140,8
0.37,1.29,0.02,15.32,6.77,-135.25,1.35,136.29,1,681,126,8
0.39,1.31,0.03,15.26,14.10,-179.02,1.37,180.22,1,761,97,5
0.53,1.58,0.05,4.64,17.58,-227.11,1.66,227.84,1,813,60,3
0.64,1.57,0.07,-11.35,20.57,-268.31,1.70,269.34,1,876,34,2
0.56,1.69,0.12,-22.83,29.36,-298.83,1.78,301.13,1,921,19,2
0.05,1.58,0.31,2.93,28.56,-346.50,1.61,347.68,1,950,12,9
-0.90,0.71,-0.12,79.10,35.52,-251.59,1.15,266.11,1,968,6,24
-0.12,1.44,-0.45,1.89,-62.74,96.19,1.52,114.86,1,966,5,15
-0.60,1.16,0.01,-28.75,-148.56,161.56,1.30,221.35,1,969,5,13
-1.03,1.35,0.29,84.78,-105.10,224.98,1.72,262.39,1,972,3,17
-0.52,0.15,-0.54,100.59,-49.07,275.15,0.77,297.04,1,970,3,17
-0.20,0.46,-0.55,-10.80,-27.83,265.93,0.75,267.60,1,970,3,18
-0.00,1.09,-0.35,-51.88,-39.18,258.24,1.15,266.30,1,968,5,17
0.35,1.36,-0.23,-49.13,-19.90,256.41,1.42,261.83,1,967,6,14
1.19,1.27,-0.11,-70.56,78.55,174.56,1.74,204.01,1,967,4,13
2.73,0.86,-0.17,-126.77,171.08,113.89,2.87,241.48,1,954,2,8
4.00,1.77,0.28,-120.24,177.61,71.78,4.38,226.18,1,926,4,5
4.00,1.11,0.29,76.72,-12.57,-103.21,4.16,129.22,1,851,30,4
0.55,-0.81,0.67,49.56,-57.07,68.66,1.19,102.12,1,532,84,6
0.47,0.09,-0.02,28.87,5.68,-15.32,0.48,33.17,1,403,118,7
0.41,1.65,-0.10,-16.05,4.03,-1.71,1.70,16.64,1,368,130,7
0.35,0.85,0.03,10.25,0.92,-41.32,0.92,42.58,1,375,132,8
0.38,0.95,0.01,-3.54,4.15,-34.85,1.02,35.28,1,412,138,9
0.40,0.89,-0.00,8.00,1.65,-37.66,0.97,38.53,1,450,139,8
0.39,0.83,0.07,6.53,2.26,-33.57,0.92,34.27,1,471,139,8
0.45,1.13,-0.01,3.48,3.42,-31.86,1.22,32.23,1,516,140,8
0.44,1.28,0.03,10.86,0.98,-53.89,1.35,54.99,1,589,135,8
0.44,1.36,0.04,15.81,2.87,-109.31,1.43,110.49,1,696,128,9
0.47,1.47,0.12,8.67,11.47,-166.99,1.54,167.61,1,785,98,6
0.56,1.60,0.29,-8.61,29.24,-236.21,1.72,238.16,1,812,54,4
0.53,1.61,0.33,-70.07,54.20,-281.13,1.72,294.75,1,862,26,2
0.60,2.55,0.55,-122.25,66.59,-319.95,2.68,348.92,1,933,12,3
0.32,1.20,0.26,12.88,72.88,-335.21,1.27,343.28,1,967,6,15
0.37,0.88,-0.57,44.25,-11.23,-93.26,1.11,103.84,1,965,5,14
-0.41,0.99,-0.25,-39.55,-137.63,84.47,1.10,166.26,1,970,5,12
-0.92,0.90,-0.00,-26.25,-187.74,126.22,1.29,227.75,1,970,2,13
-1.15,0.76,-0.00,52.67,-140.08,210.75,1.38,258.48,1,972,3,16
-0.73,-0.08,-0.49,20.69,-84.90,270.81,0.88,284.56,1,971,4,17
-0.22,0.54,-0.29,-81.18,-55.48,270.87,0.65,288.17,1,970,4,15
0.01,1.20,0.09,-89.36,-26.06,261.17,1.21,277.26,1,969,4,14
0.62,1.38,0.15,-55.85,47.55,228.09,1.52,239.59,1,963,4,11
2.04,1.20,-0.05,-29.66,118.90,197.51,2.37,232.44,1,945,3,8
3.98,0.32,-0.43,-122.38,133.61,89.23,4.02,201.96,1,925,3,3
4.00,0.91,-0.10,-154.24,132.14,-29.60,4.10,205.25,1,908,3,4
3.97,1.59,0.52,38.82,-22.46,-96.74,4.31,106.63,1,732,29,3
0.10,0.98,0.32,60.24,-57.25,104.43,1.04,133.46,1,478,80,6
0.32,0.29,-0.00,-12.39,7.57,34.06,0.43,37.02,1,343,121,6
0.40,1.69,-0.24,-3.97,2.93,14.16,1.75,14.99,1,281,136,8
0.31,0.72,0.05,28.99,-3.97,-45.90,0.79,54.43,1,286,144,9
0.35,1.03,0.00,4.27,1.40,-36.56,1.09,36.84,1,330,147,10
0.37,0.82,-0.04,7.57,1.53,-45.29,0.91,45.94,1,375,153,9
0.37,0.87,0.03,6.29,1.89,-31.07,0.94,31.75,1,391,149,10
0.42,1.28,-0.05,10.13,0.18,-32.04,1.35,33.61,1,445,156,10
0.41,1.22,0.02,24.17,-1.04,-59.57,1.28,64.30,1,520,150,9
0.40,1.21,0.05,23.38,15.14,-98.82,1.28,102.67,1,627,138,8
0.42,1.08,0.07,19.53,2.81,-124.94,1.16,126.49,1,712,118,8
0.49,1.24,0.14,7.32,9.09,-154.11,1.34,154.56,1,771,91,7
0.58,1.24,0.15,-1.34,21.85,-191.47,1.38,192.71,1,805,56,4
0.64,1.17,0.22,-50.60,37.17,-219.12,1.35,227.93,1,840,33,4
0.71,1.53,0.30,-103.09,54.75,-251.77,1.72,277.51,1,895,21,1
0.68,2.12,0.42,-102.72,62.07,-291.32,2.27,315.08,1,940,10,1
0.47,1.91,0.07,-39.92,57.07,-296.88,1.97,304.93,1,963,5,11
0.18,1.07,-0.59,95.89,-17.58,-63.29,1.24,116.23,1,956,3,12
-0.08,0.92,-0.50,12.08,-108.40,113.46,1.06,157.39,1,959,3,9
-0.63,0.78,-0.05,5.68,-158.75,157.84,1.00,223.94,1,965,3,13
-0.71,0.60,-0.07,71.72,-123.29,241.21,0.93,280.23,1,967,3,15
-0.36,-0.04,-0.47,56.58,-71.72,263.43,0.59,278.82,1,965,3,16
-0.09,0.38,-0.40,-43.82,-43.21,253.05,0.56,260.43,1,964,3,16
0.08,1.03,-0.08,-78.37,-37.96,246.77,1.04,261.68,1,962,4,14
0.43,1.28,0.10,-45.72,6.16,226.99,1.35,231.63,1,958,4,13
1.20,1.01,0.02,-32.47,85.63,181.70,1.57,203.48,1,953,3,12
2.62,0.40,-0.37,-99.91,140.50,144.96,2.68,225.25,1,948,1,6
4.00,1.27,0.07,-163.02,174.80,-19.23,4.20,239.80,1,936,2,4
4.00,0.44,0.32,66.22,62.13,-150.94,4.04,176.15,1,933,4,3
0.56,-2.19,-1.15,243.96,-5.19,54.81,2.54,250.09,1,805,39,4
0.03,1.80,0.54,15.14,-13.18,87.71,1.88,89.98,1,601,96,7
0.35,0.77,-0.03,-7.39,3.17,66.41,0.85,66.89,1,415,121,8
0.39,1.48,-0.14,-5.07,2.87,22.22,1.54,22.97,1,347,137,8
0.30,0.99,0.11,16.24,-2.01,-20.02,1.04,25.85,1,311,140,10
0.36,1.17,-0.00,-11.60,4.94,-35.10,1.22,37.29,1,323,148,9
0.37,0.71,-0.04,-0.12,2.81,-53.83,0.80,53.91,1,350,151,9
0.38,0.74,-0.00,-4.09,2.56,-30.15,0.83,30.54,1,362,150,10
0.44,1.14,-0.06,13.79,-2.87,-23.50,1.22,27.40,1,374,153,9
0.41,1.04,0.05,21.00,-2.20,-38.94,1.12,44.29,1,412,158,10
0.43,1.17,0.03,16.11,-1.34,-55.24,1.25,57.55,1,476,148,8
0.42,1.19,0.06,15.62,1.46,-84.66,1.27,86.10,1,545,149,9
0.39,1.38,0.19,-2.26,9.46,-128.30,1.45,128.66,1,616,137,7
0.39,1.37,0.30,-27.71,27.59,-198.36,1.46,202.18,1,647,113,5
0.57,1.25,0.35,-75.99,59.45,-255.43,1.42,273.05,1,686,67,4
0.64,1.78,0.36,-128.36,88.44,-281.80,1.93,322.04,1,829,33,1
0.85,2.20,0.13,-99.06,99.61,-327.39,2.36,356.26,1,915,15,3
0.48,0.51,-0.35,-6.65,68.60,-213.01,0.78,223.89,1,935,7,16
0.21,1.54,-0.26,-58.53,-117.68,62.68,1.57,145.61,1,940,5,12
-0.32,1.25,-0.12,-24.05,-222.17,134.09,1.30,260.61,1,950,4,12
-0.87,1.11,0.18,17.88,-223.69,159.67,1.42,275.41,1,956,4,12
-0.91,0.47,-0.10,130.98,-151.92,185.61,1.03,273.29,1,962,3,16
-0.58,-0.32,-0.53,75.74,-79.77,235.47,0.85,259.90,1,959,3,16
-0.22,0.51,-0.19,-46.14,-24.60,240.23,0.59,245.86,1,960,4,17
0.10,0.90,-0.02,-50.66,26.31,232.91,0.90,239.80,1,951,3,14
0.56,1.10,0.05,-45.78,63.29,237.79,1.23,250.29,1,946,3,13
1.55,1.14,-0.07,-37.41,110.05,190.49,1.93,223.15,1,938,3,10
3.19,0.68,-0.31,-63.35,71.66,111.69,3.27,147.05,1,923,2,7
3.97,1.22,0.21,-15.56,25.82,-11.84,4.16,32.39,1,924,3,5
3.34,-0.56,-0.33,92.53,-42.36,-148.99,3.40,180.42,1,928,3,9
1.02,0.13,0.55,-21.61,-47.24,-164.55,1.16,172.56,1,880,38,6
0.32,0.83,0.07,-15.62,9.46,98.14,0.90,99.83,1,795,85,4
0.41,1.13,-0.12,-26.25,11.78,99.00,1.21,103.09,1,651,110,8
0.41,1.51,-0.03,-16.11,8.24,54.08,1.57,57.03,1,477,119,7
0.37,1.21,0.00,6.53,-0.92,7.69,1.26,10.13,1,422,131,8
0.32,1.22,0.10,-3.36,1.53,-30.52,1.27,30.74,1,413,135,9
0.37,1.01,0.03,-7.63,4.76,-58.17,1.08,58.86,1,459,143,9
0.40,1.01,-0.00,-5.00,3.17,-64.58,1.09,64.85,1,526,145,9
0.45,0.88,0.02,4.88,0.92,-64.51,0.99,64.71,1,598,142,9
0.47,0.95,0.01,13.49,-0.12,-58.29,1.06,59.83,1,676,142,10
0.49,1.06,0.01,23.86,-2.69,-62.99,1.17,67.41,1,737,134,7
0.48,1.08,0.06,29.66,-4.39,-79.41,1.18,84.88,1,798,120,8
0.49,1.14,0.10,26.12,-1.77,-107.24,1.25,110.39,1,844,111,8
0.51,1.07,0.23,15.50,4.94,-143.01,1.20,143.93,1,872,87,6
0.57,1.18,0.36,-29.79,35.40,-189.27,1.36,194.84,1,865,56,5
0.81,1.36,0.22,-82.52,62.56,-231.51,1.60,253.61,1,858,33,2
1.12,2.44,0.30,-140.56,70.31,-276.98,2.70,318.46,1,905,19,2
0.66,1.87,0.24,-51.27,70.56,-297.67,2.00,310.18,1,957,6,11
0.18,1.09,-0.56,49.26,-39.79,-22.22,1.24,67.11,1,957,4,10
-0.68,1.28,-0.06,-45.10,-133.73,90.27,1.45,167.53,1,963,3,12
-1.09,1.28,0.11,30.27,-157.65,159.85,1.69,226.55,1,968,3,13
-0.87,0.40,-0.37,111.82,-144.17,224.30,1.02,289.13,1,966,2,16
-0.65,-0.03,-0.60,41.63,-125.92,240.11,0.88,274.30,1,968,2,17
-0.59,0.71,-0.34,-60.36,-68.91,252.26,0.98,268.38,1,971,4,15
0.11,1.14,-0.31,-46.69,13.49,258.24,1.19,262.77,1,969,4,14
1.09,1.16,-0.43,-75.20,86.49,205.20,1.65,235.03,1,969,4,15
2.40,1.04,-0.36,-135.99,137.15,154.48,2.64,247.32,1,952,4,8
4.00,0.50,-0.74,-118.77,139.04,81.85,4.10,200.34,1,922,4,5
4.00,2.71,0.72,-146.73,46.81,-94.06,4.88,180.46,1,833,21,1
0.31,-4.00,0.90,241.58,-192.75,-6.41,4.11,309.12,1,486,65,4
-0.86,1.70,2.27,31.62,-36.38,105.59,2.97,116.07,1,336,110,7
0.34,3.15,-0.30,-106.32,27.89,109.99,3.18,155.50,2,247,129,8
0.25,1.67,0.01,2.99,3.30,-55.91,1.68,56.09,1,245,137,10
0.28,1.03,0.08,-45.35,11.84,-56.70,1.07,73.57,1,276,141,10
0.35,1.18,-0.08,-11.47,6.10,-72.20,1.23,73.36,1,340,146,9
0.33,0.73,0.00,-2.14,4.64,-74.65,0.80,74.82,1,393,151,8
0.41,1.00,-0.08,-5.37,5.55,-60.79,1.09,61.28,1,442,145,10
0.43,1.05,-0.05,11.78,-1.10,-64.09,1.14,65.17,1,507,147,9
0.43,1.03,-0.02,19.53,-3.60,-75.87,1.12,78.42,1,572,143,9
0.46,1.08,-0.03,24.90,-5.68,-92.29,1.17,95.75,1,645,139,7
0.45,0.91,0.02,26.49,-2.93,-112.43,1.02,115.54,1,689,130,8
0.45,0.66,0.13,0.00,1.89,-117.92,0.81,117.94,1,719,118,8
0.58,0.79,0.08,-8.85,14.04,-111.21,0.98,112.44,1,719,112,6
0.75,1.01,0.01,-18.92,18.25,-126.16,1.25,128.87,1,687,106,7
0.96,1.28,-0.15,-57.13,26.79,-174.74,1.61,185.79,1,647,75,4
1.17,1.46,-0.29,-166.69,38.64,-246.83,1.89,300.33,1,752,41,4
0.98,2.32,0.13,-217.53,18.31,-287.17,2.52,360.72,1,885,15,2
0.57,-0.36,-0.65,-140.56,-6.77,-250.49,0.94,287.31,1,925,9,20
-0.44,1.19,-0.33,-200.99,-147.52,93.38,1.31,266.23,1,930,6,11
-1.13,0.98,0.09,-154.79,-203.31,198.49,1.50,323.56,1,942,6,9
-1.20,0.91,0.35,-86.79,-152.40,248.90,1.55,304.49,1,940,5,10
-0.52,0.32,0.08,-38.94,-141.11,275.33,0.62,311.83,1,933,4,11
-0.06,0.61,0.24,-132.51,-124.02,252.44,0.66,310.91,1,932,7,9
0.36,1.38,0.79,-168.95,-101.62,226.99,1.63,300.66,1,926,5,9
0.94,1.25,0.78,-115.72,-90.52,206.36,1.74,253.32,1,924,5,8
1.75,1.24,0.67,-102.23,-69.27,144.35,2.25,189.97,1,920,4,7
2.62,0.74,0.31,-111.88,-103.76,96.68,2.74,180.64,1,908,6,7
2.66,1.16,0.74,-96.25,-127.01,-27.83,3.00,161.78,1,910,4,6
2.14,0.07,0.30,-28.38,-140.62,-94.54,2.16,171.81,1,911,6,5
0.22,-0.49,1.64,136.47,-71.17,25.57,1.72,156.03,1,731,44,4
0.31,1.01,0.07,-24.72,14.83,105.65,1.06,109.51,1,483,94,6
0.55,1.97,-0.23,-35.77,11.60,91.00,2.06,98.46,1,382,123,7
0.38,1.44,-0.00,46.14,-10.56,0.98,1.49,47.35,1,313,131,7
0.31,0.65,0.18,16.54,-2.50,-30.70,0.74,34.96,1,296,144,8
0.42,1.20,-0.02,-12.82,4.33,-22.16,1.27,25.96,1,298,149,8
0.42,0.84,0.04,3.17,-0.73,-43.82,0.94,43.94,1,325,155,8
0.43,0.86,0.00,-1.46,1.16,-31.56,0.96,31.61,1,353,153,9
0.47,1.10,-0.04,10.44,-3.60,-33.33,1.20,35.11,1,385,156,8
0.43,0.93,0.05,21.30,-6.29,-46.14,1.02,51.21,1,418,151,10
0.44,0.93,0.04,14.95,-2.44,-47.30,1.03,49.67,1,464,148,8
0.50,0.90,0.03,17.40,-1.59,-53.47,1.02,56.25,1,513,140,7
0.49,0.86,0.08,15.56,-1.28,-57.01,0.99,59.11,1,569,128,8
0.51,0.81,0.10,9.58,2.20,-63.05,0.96,63.81,1,633,124,7
0.54,0.89,0.08,2.50,5.68,-74.28,1.04,74.54,1,676,118,8
0.57,0.91,0.10,-2.50,4.82,-88.56,1.08,88.73,1,684,117,6
0.65,0.97,0.07,-10.56,9.70,-116.39,1.18,117.27,1,674,110,6
0.91,1.01,-0.29,-51.15,16.24,-160.58,1.39,169.31,1,634,79,5
1.24,2.28,-0.16,-237.61,13.67,-257.51,2.60,350.65,1,726,43,3
1.11,1.80,-0.25,-194.34,-16.48,-276.98,2.13,338.75,1,868,18,1
0.19,0.96,-0.25,-170.65,-56.34,-238.28,1.01,298.45,1,921,10,7
-0.32,1.31,-0.16,-129.76,-195.80,48.40,1.36,239.83,1,934,5,6
-1.05,0.97,0.39,-108.03,-205.51,130.74,1.48,266.45,1,942,5,8
-1.10,0.28,0.39,-27.04,-132.57,195.74,1.20,237.95,1,937,5,10
-0.58,0.20,0.31,-64.76,-72.02,241.33,0.69,260.04,1,930,5,12
0.03,0.48,0.43,-108.28,-74.46,240.84,0.64,274.36,1,918,6,9
0.07,0.91,0.84,-128.85,-153.87,224.00,1.24,300.75,1,911,4,9
-0.27,1.11,1.13,-100.89,-172.67,214.84,1.60,293.52,1,919,6,10
0.36,1.12,0.87,-102.05,-124.69,211.00,1.46,265.49,1,914,6,7
1.88,1.68,0.94,-99.91,-108.09,144.47,2.69,206.25,1,912,4,8
2.89,0.95,0.47,-25.76,-95.83,43.15,3.08,108.20,1,912,4,7
2.72,0.65,0.44,-73.12,-71.17,-60.91,2.84,118.83,1,919,4,7
2.58,0.59,0.47,-28.26,-35.10,-117.92,2.68,126.24,1,890,16,7
0.29,-0.59,0.11,35.34,-71.59,-18.43,0.67,81.94,1,707,44,6
0.30,0.04,0.19,33.20,-12.08,8.36,0.36,36.31,1,424,93,6
0.40,1.62,-0.06,-49.87,14.16,85.88,1.67,100.31,1,319,119,7
0.39,1.51,-0.12,11.35,-1.10,-5.80,1.57,12.79,1,273,132,6
0.24,0.67,0.18,2.14,1.22,-19.10,0.74,19.26,1,261,141,10
0.39,1.21,-0.01,-10.38,6.10,-38.09,1.27,39.94,1,278,143,9
0.34,0.81,0.10,4.70,0.61,-53.10,0.88,53.31,1,307,143,9
0.39,0.97,0.05,-6.90,4.21,-43.76,1.05,44.50,1,318,151,9
0.43,1.07,0.03,-0.92,2.01,-51.39,1.15,51.44,1,337,156,9
0.41,0.90,0.09,5.86,1.10,-60.30,0.99,60.60,1,357,155,9
0.45,0.82,0.06,0.37,4.82,-57.56,0.93,57.76,1,389,154,9
0.49,0.79,0.07,0.85,5.92,-49.07,0.93,49.44,1,425,153,9
0.50,0.94,0.06,-2.44,7.32,-61.28,1.07,61.76,1,473,144,8
0.51,1.12,0.11,-4.52,10.86,-73.79,1.24,74.72,1,524,146,10
0.49,1.20,0.19,-19.90,19.53,-106.81,1.31,110.39,1,573,139,8
0.56,1.27,0.13,-39.31,31.86,-159.67,1.39,167.49,1,612,116,7
0.60,1.30,0.31,-64.64,45.78,-213.93,1.46,228.12,1,618,85,6
0.78,1.43,0.26,-114.32,85.02,-258.24,1.65,294.93,1,693,52,4
1.11,2.25,0.27,-190.55,108.28,-311.28,2.52,380.69,1,829,21,2
0.74,1.98,0.39,-130.31,118.04,-356.51,2.15,397.51,1,920,10,11
0.14,0.86,-0.55,-40.04,36.87,-69.21,1.03,88.05,1,924,5,8
0.00,1.42,-0.27,-90.27,-116.82,175.48,1.45,229.32,1,937,5,7
-0.52,1.26,0.38,-27.16,-191.28,173.52,1.41,259.69,1,935,4,8
-0.70,0.37,0.22,73.36,-176.70,217.59,0.82,289.74,1,944,3,12
-0.38,-0.10,-0.06,50.29,-157.04,251.34,0.39,300.61,1,942,4,11
-0.08,0.26,0.01,-42.91,-168.70,246.64,0.27,301.88,1,937,5,14
0.27,1.05,0.60,-50.96,-136.17,239.69,1.25,280.34,1,939,5,12
1.45,0.52,0.43,-19.96,-44.25,219.36,1.60,224.67,1,932,4,10
2.49,1.21,0.88,-71.11,0.18,191.10,2.90,203.90,1,921,4,9
4.00,0.65,0.89,-6.41,42.66,119.26,4.15,126.83,1,904,4,9
3.73,-0.41,0.30,98.63,8.61,-88.38,3.77,132.72,1,916,6,12
1.91,-1.93,-1.16,-118.35,54.75,-12.88,2.96,131.03,1,874,53,11
0.22,3.10,0.15,-110.35,13.00,163.51,3.11,197.69,1,747,103,7
0.42,1.47,-0.01,-1.95,-3.05,83.98,1.53,84.06,1,551,132,9
0.36,0.91,0.08,-10.56,7.02,38.94,0.98,40.95,1,390,145,11
0.36,1.37,-0.03,-18.98,3.05,11.41,1.41,22.36,1,322,154,10
0.35,1.15,0.05,4.82,-2.26,-21.48,1.20,22.13,1,305,150,11
0.37,0.95,0.04,1.16,-1.04,-37.54,1.02,37.57,1,330,156,9
0.36,0.82,0.07,6.29,-0.98,-36.56,0.89,37.11,1,355,158,11
0.39,0.99,0.04,2.69,0.98,-28.14,1.07,28.28,1,388,156,11
0.43,1.00,0.04,13.73,0.49,-33.87,1.09,36.56,1,450,147,9
0.45,1.23,0.05,19.10,0.12,-45.29,1.31,49.15,1,541,144,9
0.46,1.34,0.07,26.49,0.24,-77.64,1.42,82.03,1,663,133,8
0.44,1.46,0.15,16.66,4.03,-129.21,1.53,130.34,1,760,107,8
0.39,1.41,0.21,11.72,10.38,-191.77,1.48,192.41,1,828,83,6
0.49,1.32,0.34,-8.67,27.34,-237.67,1.45,239.40,1,859,50,4
0.67,1.45,0.18,-32.78,46.08,-270.75,1.61,276.59,1,895,31,3
0.87,2.29,0.18,-55.85,47.30,-315.49,2.46,323.87,1,930,17,1
0.57,1.94,0.26,-2.08,45.65,-373.96,2.03,376.74,1,960,12,8
-0.98,0.71,-0.32,66.83,8.97,-156.01,1.26,169.96,1,963,4,15
-0.40,1.02,-0.24,13.55,-57.80,80.87,1.12,100.32,1,962,4,12
-0.79,0.63,-0.14,3.17,-104.86,172.36,1.02,201.78,1,965,6,15
-0.86,0.72,0.03,-2.50,-107.18,273.50,1.12,293.76,1,968,3,12
-0.62,0.50,-0.05,31.49,-71.11,305.18,0.80,314.93,1,970,3,10
-0.09,0.26,-0.42,0.31,-56.88,311.40,0.50,316.55,1,966,5,13
0.19,0.88,-0.06,-91.13,-75.32,280.27,0.90,304.19,1,960,4,14
0.99,1.11,0.30,-82.28,-14.89,258.85,1.52,272.02,1,961,5,11
2.37,1.30,0.40,-76.17,72.39,238.65,2.73,260.76,1,957,4,11
4.00,0.85,0.00,-69.89,117.19,183.59,4.09,228.74,1,938,1,8
4.00,0.87,0.18,-54.08,79.04,-107.48,4.10,143.96,1,936,2,7
2.46,-0.31,0.08,13.12,29.36,-279.91,2.48,281.75,1,960,3,8
0.22,-1.00,-0.36,160.16,2.75,159.24,1.08,225.87,1,723,61,5
0.77,-0.22,-0.27,42.30,8.00,94.91,0.84,104.22,1,435,115,8
0.49,1.97,-0.26,10.68,-0.79,78.61,2.05,79.34,1,317,134,9
0.26,1.33,0.22,40.16,-11.29,3.05,1.37,41.83,1,271,143,11
0.32,1.02,0.14,-1.04,1.83,-25.88,1.08,25.96,1,269,149,9
0.39,1.08,0.00,-8.18,4.58,-47.73,1.15,48.64,1,289,155,11
0.37,0.71,0.09,-8.42,5.31,-40.89,0.80,42.09,1,314,155,10
0.43,1.07,0.03,-6.23,4.39,-29.85,1.15,30.80,1,342,155,10
0.42,1.07,0.06,-2.26,5.07,-41.81,1.15,42.18,1,389,156,8
0.44,1.19,0.07,-2.87,6.53,-59.27,1.27,59.69,1,458,153,9
0.43,1.50,0.09,-3.17,8.79,-99.73,1.56,100.17,1,551,144,10
0.39,1.59,0.19,-12.82,15.08,-164.37,1.65,165.55,1,678,132,8
0.42,1.50,0.27,-30.76,29.97,-249.33,1.59,253.00,1,749,95,5
0.68,1.48,0.27,-76.54,57.80,-306.21,1.65,320.88,1,830,48,4
0.40,2.05,0.73,-64.03,73.61,-330.69,2.22,344.78,1,898,21,3
0.80,2.05,0.34,-35.03,95.15,-321.17,2.22,336.79,1,939,10,5
0.41,1.07,-0.70,31.98,16.66,-116.88,1.34,122.32,1,939,4,11
-0.38,1.63,-0.19,-43.64,-136.96,78.43,1.69,163.75,1,951,5,8
-0.94,1.37,-0.19,-11.54,-213.20,111.27,1.67,240.76,1,963,4,11
-1.43,1.14,-0.03,25.63,-216.86,218.81,1.83,309.13,1,970,4,14
-1.00,0.66,-0.27,94.30,-168.82,291.56,1.23,349.86,1,974,2,15
-0.58,0.21,-0.61,33.63,-120.73,308.90,0.87,333.35,1,973,2,17
-0.16,0.86,-0.43,-100.16,-98.75,288.88,0.97,321.30,1,974,4,17
0.09,1.85,0.24,-121.22,-31.68,249.63,1.87,279.31,1,976,3,13
0.93,1.44,0.40,-49.87,194.64,232.48,1.76,307.28,1,968,2,12
4.00,1.09,0.05,-122.31,212.59,198.12,4.15,315.29,1,916,1,6
4.00,0.93,0.48,40.71,44.92,-38.09,4.13,71.60,1,894,2,7
4.00,-0.77,-0.27,0.73,-25.57,-140.93,4.08,143.23,1,779,48,18
-0.19,1.18,0.62,-23.01,-17.40,124.45,1.35,127.75,1,590,86,6
0.48,-0.37,-0.21,5.07,18.68,-17.52,0.64,26.10,1,466,118,8
0.42,0.98,-0.19,1.95,2.81,-28.75,1.08,28.95,1,424,137,8
0.30,0.58,0.14,9.40,3.78,-45.53,0.67,46.65,1,406,143,9
0.36,0.83,0.05,-17.94,6.90,-20.87,0.90,28.38,1,384,149,10
0.40,1.16,-0.00,-6.90,0.73,-9.70,1.23,11.93,1,367,157,9
0.38,1.15,0.09,10.13,1.34,-22.16,1.21,24.40,1,388,156,11
0.39,1.30,0.06,4.76,2.99,-48.46,1.36,48.79,1,478,154,9
0.39,1.24,0.07,8.67,2.56,-84.23,1.30,84.71,1,611,147,9
0.35,1.19,0.06,10.01,3.85,-114.38,1.24,114.88,1,731,136,7
0.47,1.52,0.03,8.12,10.50,-157.65,1.59,158.21,1,831,104,7
0.62,1.60,0.10,16.78,9.77,-212.40,1.71,213.29,1,877,55,3
0.85,1.33,0.13,1.77,19.90,-224.30,1.58,225.19,1,920,25,3
0.43,2.02,0.48,-20.32,23.07,-209.53,2.12,211.78,1,964,9,6
-0.49,0.73,-0.52,23.44,-5.98,-28.93,1.02,37.71,1,963,3,7
-0.72,1.71,0.14,-94.36,-43.40,-21.00,1.87,105.96,1,967,1,8
-0.65,1.18,0.19,-24.60,-49.99,10.44,1.36,56.68,1,965,5,10
-0.52,0.92,0.14,-0.85,-44.49,47.06,1.07,64.77,1,966,3,11
-0.32,0.66,0.05,17.27,-49.80,107.97,0.74,120.15,1,965,3,13
-0.17,0.37,0.02,18.49,-48.65,140.87,0.41,150.17,1,964,4,12
0.10,0.32,0.03,-13.00,-37.78,177.25,0.33,181.69,1,964,4,12
0.40,0.57,0.15,-40.71,-33.63,167.54,0.71,175.67,1,960,6,13
0.52,0.84,0.40,-37.41,-32.23,144.29,1.06,152.50,1,962,5,10
0.70,0.89,0.52,-7.45,21.48,155.40,1.25,157.05,1,965,5,9
1.27,0.71,0.22,-26.92,103.58,168.27,1.47,199.42,1,957,4,8
3.10,1.07,0.08,-45.41,122.19,112.06,3.28,171.90,1,944,5,6
3.65,0.97,-0.04,24.84,67.50,-4.52,3.78,72.07,1,932,4,6
2.91,-0.12,-0.77,67.57,5.55,-84.11,3.01,108.03,1,927,4,5
0.71,0.58,-0.03,-19.53,-35.64,-47.91,0.92,62.83,1,859,30,2
-0.08,1.67,0.87,1.28,-21.67,17.52,1.88,27.89,1,755,83,6
0.26,0.23,0.28,-1.04,0.31,43.64,0.45,43.65,1,624,115,8
0.37,1.23,-0.01,-28.69,8.24,57.31,1.29,64.62,1,467,126,8
0.35,1.41,0.01,-10.19,0.79,-2.93,1.46,10.64,1,394,140,8
0.31,1.04,0.06,-7.32,2.75,-34.73,1.09,35.60,1,375,141,8
0.33,0.94,0.08,-10.80,4.27,-53.10,1.00,54.36,1,386,152,9
0.41,0.77,-0.02,-19.59,8.48,-39.86,0.87,45.21,1,394,153,10
0.42,1.02,-0.00,-3.60,3.54,-25.82,1.10,26.31,1,400,156,10
0.41,1.06,0.03,9.34,1.28,-30.33,1.13,31.77,1,433,156,8
0.42,1.19,0.06,9.89,2.87,-45.59,1.26,46.74,1,495,149,7
0.42,1.34,0.05,7.39,6.41,-80.81,1.41,81.40,1,584,140,8
0.41,1.38,0.14,3.72,9.64,-128.72,1.45,129.14,1,668,140,9
0.43,1.41,0.20,-10.62,19.78,-208.86,1.49,210.07,1,741,114,7
0.49,1.33,0.34,-42.72,45.96,-255.07,1.45,262.67,1,800,60,5
0.79,1.50,0.43,-65.92,72.88,-283.94,1.75,300.46,1,866,35,2
0.50,2.13,0.50,-72.75,89.17,-302.98,2.25,324.10,1,909,19,2
0.25,1.62,0.42,7.75,110.66,-337.77,1.69,355.52,1,949,7,10
-0.36,-0.14,-0.71,80.93,74.28,-131.04,0.81,171.00,1,959,6,16
-0.33,1.32,-0.24,-55.24,-92.90,177.92,1.38,208.17,1,964,3,12
-0.47,1.45,0.10,-26.98,-177.06,220.70,1.53,284.23,1,968,4,12
-0.74,1.17,0.05,86.18,-182.43,247.80,1.39,319.56,1,970,2,15
-0.54,0.21,-0.42,129.88,-150.70,275.88,0.71,340.13,1,970,3,15
-0.27,0.07,-0.34,-22.77,-115.91,260.31,0.45,285.86,1,969,3,17
0.10,1.28,0.09,-51.88,-66.65,248.23,1.29,262.21,1,971,2,13
0.97,0.96,-0.12,-2.44,48.10,199.71,1.37,205.43,1,970,4,13
2.29,1.01,-0.04,-30.70,115.36,199.46,2.50,232.45,1,962,4,11
4.00,0.61,-0.05,-101.62,103.52,133.67,4.05,197.26,1,928,4,7
4.00,0.58,0.11,-69.03,48.10,11.96,4.04,84.98,1,905,8,5
4.00,1.81,0.35,-52.67,-20.32,-113.28,4.40,126.57,1,762,33,6
-0.08,0.60,0.67,12.33,-37.17,77.82,0.90,87.12,1,455,89,4
0.27,1.09,0.16,-6.90,2.14,39.98,1.14,40.62,1,279,124,7
0.30,1.81,-0.12,32.17,-7.02,-6.53,1.84,33.56,2,236,135,9
0.26,0.78,0.10,3.30,1.40,-44.01,0.83,44.15,2,246,144,8
0.33,0.96,-0.00,-3.17,2.38,-31.74,1.01,31.99,1,254,148,9
0.32,0.94,0.02,2.08,0.92,-19.35,1.00,19.48,1,265,154,10
0.33,1.09,0.04,5.19,1.22,-20.57,1.13,21.25,1,281,159,11
0.34,1.08,0.07,8.18,1.83,-31.37,1.13,32.47,1,330,160,9
0.34,1.30,0.07,-1.10,6.47,-49.74,1.34,50.17,1,403,156,9
0.36,1.29,0.05,0.79,8.67,-81.79,1.34,82.25,1,520,145,9
0.38,1.51,0.04,2.75,8.12,-119.38,1.55,119.69,1,660,137,9
0.38,1.84,0.05,15.87,11.60,-213.81,1.87,214.71,1,791,97,8
0.58,1.85,0.07,24.72,12.51,-280.46,1.94,281.82,1,887,47,4
0.53,1.88,0.18,-3.85,18.74,-311.58,1.96,312.17,1,931,24,2
-0.06,1.65,0.29,35.10,17.94,-341.43,1.67,343.70,1,963,12,8
-0.97,0.17,-0.55,80.02,10.50,-190.43,1.13,206.82,1,968,7,16
-0.85,1.21,-0.20,-72.27,-69.82,56.52,1.50,115.29,1,971,5,12
-0.88,1.68,0.34,-70.50,-88.20,105.35,1.93,154.42,1,973,2,13
-1.02,0.93,0.12,43.52,-56.34,162.11,1.39,177.05,1,968,5,14
-0.61,0.51,-0.14,30.15,-40.04,233.58,0.81,238.90,1,969,6,15
-0.18,0.55,-0.08,-25.70,-27.34,243.29,0.59,246.16,1,967,4,17
0.47,0.84,0.05,-45.78,-32.90,237.61,0.96,244.21,1,966,4,16
1.54,-0.39,-0.93,163.51,50.84,226.87,1.85,284.24,1,956,4,16
1.59,1.27,-0.09,-172.73,12.63,176.33,2.04,247.16,1,957,2,11
2.42,1.09,0.19,-52.19,50.84,87.28,2.66,113.69,1,953,5,10
2.72,0.17,-0.35,-76.60,89.17,7.75,2.75,117.81,1,952,6,8
3.19,0.44,-0.14,-141.72,99.43,-12.33,3.22,173.56,1,944,5,3
4.00,2.90,1.77,-0.55,79.53,-70.19,5.25,106.07,1,856,12,2
1.46,-2.64,-1.36,186.22,-34.85,5.74,3.31,189.54,1,644,45,4
-0.52,2.09,1.58,69.40,6.96,-6.04,2.67,70.01,1,503,80,5
0.56,0.47,-0.25,-14.95,11.96,22.40,0.77,29.47,1,410,103,8
0.44,1.41,-0.15,-16.30,5.43,17.88,1.48,24.80,1,337,120,8
0.36,0.87,0.03,25.63,-5.80,-15.14,0.95,30.33,1,309,122,8
0.35,0.95,0.06,14.22,-3.17,-3.11,1.01,14.90,1,289,136,8
0.37,0.96,0.04,12.15,-2.01,-13.98,1.03,18.63,1,279,142,8
0.39,0.88,0.06,5.00,0.61,-5.49,0.97,7.46,1,273,137,9
0.42,1.22,0.01,9.28,-1.10,-13.73,1.29,16.61,1,312,144,8
0.39,1.21,0.08,14.89,-1.65,-44.92,1.28,47.35,1,401,143,10
0.39,1.25,0.08,15.26,2.20,-86.24,1.31,87.61,1,510,137,7
0.39,1.14,0.09,22.46,3.48,-116.46,1.21,118.65,1,647,125,7
0.46,1.41,0.07,15.75,6.77,-153.14,1.49,154.09,1,776,101,7
0.52,1.60,-0.03,31.25,0.67,-215.27,1.68,217.53,1,840,74,5
0.63,1.47,0.14,33.08,4.64,-280.21,1.61,282.20,1,859,45,2
0.66,1.52,0.16,-26.12,16.24,-305.97,1.66,307.51,1,910,19,3
0.40,2.26,0.42,-65.49,18.68,-356.75,2.33,363.19,1,959,12,10
0.53,1.03,-0.04,-19.10,13.18,-315.98,1.16,316.83,1,969,4,26
-0.64,1.77,0.12,-32.10,-48.65,80.87,1.88,99.69,1,970,3,13
-0.76,1.04,0.01,3.97,-17.03,124.76,1.29,125.98,1,969,3,15
-0.67,0.78,-0.06,13.92,-15.50,213.26,1.03,214.27,1,964,2,14
-0.28,0.53,-0.09,24.35,-30.40,257.26,0.61,260.19,1,964,4,13
0.06,0.35,-0.15,-5.74,-42.54,266.24,0.39,269.67,1,959,4,15
0.25,0.80,0.03,-57.92,-47.12,258.30,0.84,268.88,1,953,4,11
0.42,0.94,0.18,-61.77,-53.53,242.86,1.05,256.24,1,947,2,13
0.74,1.10,0.44,-76.78,-16.11,199.95,1.39,214.79,1,946,4,11
1.38,1.61,0.81,-37.11,59.33,164.55,2.27,178.81,1,943,4,11
3.19,0.90,0.39,13.31,89.54,145.14,3.34,171.06,1,931,3,9
4.00,1.05,0.62,96.98,-17.52,-8.48,4.18,98.92,1,932,4,10
2.92,-0.24,0.04,72.45,-10.44,-175.72,2.93,190.36,1,883,30,15
0.07,1.81,0.10,-20.87,-6.16,87.04,1.81,89.72,1,788,58,4
0.60,0.78,-0.20,30.46,6.10,-30.88,1.01,43.80,1,569,87,7
0.27,0.66,0.31,-6.96,-0.18,6.10,0.77,9.26,1,368,120,8
0.36,1.53,0.10,-64.27,13.67,24.66,1.58,70.18,1,283,141,9
0.39,1.18,0.03,-7.69,3.91,-2.32,1.24,8.93,2,241,150,7
0.32,0.87,0.18,11.96,-2.20,-13.43,0.94,18.12,2,233,159,9
0.36,0.98,0.10,-6.35,3.30,-11.11,1.05,13.21,1,228,160,9
0.38,1.00,0.18,-13.61,3.11,-21.97,1.08,26.03,1,241,161,9
0.38,1.23,0.14,-7.87,6.77,-39.18,1.29,40.54,1,281,163,9
0.35,1.37,0.18,-19.23,11.17,-77.88,1.42,80.99,1,349,154,9
0.34,1.49,0.25,-40.89,22.46,-137.70,1.55,145.38,1,448,144,9
0.41,1.67,0.19,-62.62,34.55,-213.68,1.73,225.33,1,565,107,6
0.58,1.63,0.22,-80.69,45.10,-273.86,1.74,289.04,1,646,48,3
0.77,1.81,0.19,-116.76,58.65,-297.24,1.97,324.69,1,835,19,1
0.28,1.76,0.30,-76.60,50.17,-317.38,1.81,330.33,1,923,9,4
-0.80,1.15,-0.18,7.02,40.71,-207.21,1.41,211.29,1,941,5,13
-0.06,1.58,-0.23,-44.43,-146.42,31.62,1.60,156.25,1,945,4,8
-0.77,1.12,0.14,50.11,-227.29,37.41,1.37,235.74,1,963,2,12
-1.04,1.13,0.25,102.72,-186.58,122.74,1.56,245.83,1,970,2,12
-0.72,0.17,-0.41,133.30,-90.70,207.09,0.84,262.45,1,974,2,16
-0.01,0.28,-0.54,18.37,-43.52,248.72,0.61,253.16,1,968,3,16
0.16,0.95,-0.25,-28.63,-30.70,237.00,0.99,240.69,1,968,2,16
0.32,0.85,-0.43,-6.65,-17.64,256.96,1.01,257.65,1,966,4,16
0.86,0.75,-0.50,-47.30,46.81,231.69,1.25,241.06,1,967,4,11
1.65,1.27,0.13,-98.57,114.20,177.80,2.09,233.17,1,950,3,9
2.95,1.06,0.50,-57.80,99.12,139.40,3.18,180.55,1,929,3,9
4.00,1.02,0.78,54.99,86.36,-25.70,4.20,105.56,1,935,3,9
3.68,-0.55,-0.13,122.50,30.46,-106.57,3.72,165.20,1,935,5,12
0.26,-1.53,-0.98,10.62,-14.47,-137.76,1.83,138.92,1,897,20,7
-0.04,1.98,1.07,4.46,-27.65,27.34,2.25,39.14,1,845,59,3
0.26,-0.42,0.37,11.72,-0.31,48.52,0.62,49.92,1,705,103,8
0.32,1.51,0.09,-76.35,20.26,80.93,1.55,113.10,1,448,133,8
0.45,1.78,-0.09,-32.53,5.07,15.69,1.84,36.47,1,353,142,9
0.30,1.06,0.17,10.86,-3.17,-31.86,1.12,33.81,1,319,153,8
0.31,0.68,0.17,-3.78,5.19,-35.22,0.77,35.80,1,314,157,9
0.38,1.01,0.09,-9.03,5.68,-10.44,1.08,14.92,1,315,161,10
0.39,1.15,0.15,4.64,3.48,-22.40,1.23,23.14,1,350,163,10
0.38,1.33,0.12,1.40,7.63,-53.71,1.39,54.27,1,426,157,11
0.39,1.46,0.09,5.43,6.16,-99.91,1.51,100.25,1,561,148,9
0.38,1.45,0.15,10.31,5.25,-153.08,1.51,153.51,1,678,133,9
0.53,1.72,0.11,12.08,10.86,-213.81,1.80,214.42,1,802,86,6
0.58,1.73,0.23,4.09,15.32,-271.55,1.84,272.01,1,892,44,4
0.60,1.66,0.26,-20.87,19.84,-295.04,1.78,296.45,1,933,16,1
0.17,1.94,0.43,-14.22,40.16,-332.09,2.00,334.81,1,966,9,2
0.42,1.25,0.01,8.85,32.17,-261.47,1.32,263.59,1,976,3,13
-0.33,1.40,-0.22,-10.01,-51.88,-7.63,1.46,53.38,1,975,4,11
-0.44,1.42,-0.17,-12.94,-105.96,75.07,1.50,130.50,1,973,3,10
-1.06,1.03,-0.04,19.10,-101.56,122.62,1.48,160.36,1,974,2,13
-0.85,0.49,-0.35,51.64,-56.09,224.85,1.04,237.43,1,972,3,14
-0.58,0.14,-0.46,-12.15,-19.35,255.19,0.76,256.21,1,973,2,17
-0.31,0.57,-0.29,-79.28,12.63,267.09,0.71,278.90,1,968,3,15
0.18,0.78,-0.30,-101.81,8.12,267.64,0.86,286.46,1,965,3,15
0.50,1.22,0.11,-111.15,-4.52,236.08,1.32,260.98,1,963,5,14
1.18,1.11,0.14,-87.16,76.29,185.55,1.63,218.73,1,961,4,9
3.09,0.47,-0.14,-145.57,129.94,115.11,3.13,226.55,1,939,1,7
4.00,1.58,0.63,-192.69,141.78,2.93,4.35,239.25,1,928,1,4
4.00,-0.60,0.01,267.27,-40.83,-99.06,4.04,287.95,1,818,18,2
0.16,-0.37,-0.07,212.16,-29.11,47.36,0.41,219.32,1,531,56,4
0.45,0.77,-0.16,49.62,-9.09,21.55,0.91,54.86,1,389,101,6
0.33,1.33,0.06,28.99,-3.66,55.36,1.37,62.60,1,342,121,7
0.29,1.19,0.19,21.00,-3.30,18.37,1.24,28.09,1,316,136,9
0.33,0.98,0.07,4.03,1.71,-2.50,1.04,5.04,1,305,142,9
0.32,1.11,0.14,1.77,2.20,-15.26,1.16,15.52,1,298,148,8
0.34,1.01,0.10,-4.21,4.33,-38.57,1.07,39.04,1,321,145,10
0.36,1.01,0.09,-0.67,3.72,-39.73,1.08,39.91,1,379,154,9
0.38,1.06,0.10,3.05,3.36,-45.53,1.13,45.76,1,429,150,8
0.41,1.19,0.09,6.41,4.64,-61.65,1.26,62.15,1,514,140,7
0.42,1.26,0.11,10.68,5.13,-91.49,1.33,92.26,1,636,136,8
0.40,1.50,0.15,4.76,7.69,-136.72,1.56,137.02,1,726,110,7
0.50,1.54,0.18,5.68,11.78,-198.49,1.63,198.92,1,804,73,5
0.57,1.54,0.39,-17.64,25.21,-264.22,1.69,266.01,1,855,42,1
0.63,1.52,0.31,-78.06,49.56,-296.20,1.67,310.30,1,915,21,2
0.32,2.20,0.49,-61.28,50.72,-328.98,2.28,338.46,1,949,10,1
-1.01,0.87,-0.08,-0.24,46.14,-258.42,1.34,262.51,1,967,4,18
-0.45,1.52,-0.33,-20.51,-83.56,68.05,1.62,109.70,1,968,6,12
-0.85,1.04,-0.13,-54.81,-142.58,105.96,1.35,185.90,1,966,3,13
-1.05,1.25,0.20,-11.17,-133.24,202.21,1.64,242.42,1,968,3,13
-0.75,0.42,-0.13,58.65,-89.36,244.45,0.87,266.79,1,966,3,16
-0.50,0.26,-0.31,-4.52,-56.64,258.06,0.65,264.24,1,966,4,15
-0.03,0.70,-0.19,-70.74,-47.24,268.01,0.72,281.18,1,965,3,13
0.63,1.19,0.39,-72.27,6.84,252.50,1.40,262.73,1,960,0,12
2.71,1.01,0.42,-67.93,92.29,197.69,2.92,228.50,1,940,4,8
4.00,0.64,0.25,-52.86,100.65,139.40,4.06,179.88,1,917,2,9
3.99,0.25,0.24,-67.99,63.48,-40.04,4.01,101.27,1,907,5,8
3.54,-0.13,0.33,-56.52,72.20,-157.41,3.56,182.17,1,900,9,6
0.52,-2.67,-0.77,292.66,17.64,12.94,2.83,293.48,1,699,54,4
0.21,0.91,0.36,35.34,-19.10,117.86,1.00,124.52,1,459,108,5
0.30,1.66,0.19,34.61,-9.95,99.06,1.70,105.40,1,359,126,7
0.27,1.34,0.16,33.45,-6.65,34.48,1.38,48.50,1,305,139,8
0.29,1.07,0.17,7.08,2.14,-8.24,1.12,11.07,1,285,142,8
0.31,1.08,0.12,-3.42,4.52,-47.85,1.13,48.19,1,298,151,8
0.32,0.82,0.14,-10.31,5.62,-61.34,0.89,62.45,1,341,156,9
0.38,0.94,0.06,-12.39,6.35,-47.06,1.02,49.07,1,370,156,7
0.38,1.00,0.11,0.49,3.78,-46.81,1.08,46.97,1,412,156,9
0.40,1.18,0.09,1.71,4.94,-56.76,1.25,57.00,1,481,153,8
0.41,1.32,0.11,7.08,5.74,-78.92,1.39,79.44,1,575,146,9
0.41,1.35,0.16,7.02,7.81,-121.34,1.42,121.79,1,687,136,7
0.47,1.54,0.15,-0.98,15.62,-178.16,1.61,178.85,1,787,103,5
0.53,1.77,0.30,-16.72,27.10,-263.98,1.87,265.89,1,861,56,3
0.71,1.85,0.32,-35.89,40.71,-309.63,2.00,314.35,1,910,25,4
0.44,2.19,0.55,-7.39,59.14,-320.50,2.30,325.99,1,952,12,2
-0.77,0.81,0.04,21.18,48.03,-246.52,1.11,252.05,1,969,5,13
-0.49,1.36,-0.32,-14.04,-63.35,10.93,1.48,65.80,1,965,6,7
-0.83,1.25,-0.12,-21.30,-118.04,57.07,1.50,132.83,1,964,3,12
-1.11,0.89,-0.11,41.75,-117.80,141.42,1.42,188.73,1,966,3,12
-0.91,0.17,-0.47,53.04,-96.07,215.64,1.04,241.95,1,967,4,14
-0.63,0.26,-0.47,-33.81,-70.37,265.93,0.83,277.15,1,966,5,15
-0.15,0.74,-0.32,-91.49,-43.21,272.58,0.82,290.76,1,965,3,13
0.52,1.19,-0.01,-99.79,0.00,271.30,1.30,289.07,1,961,3,12
1.42,1.38,0.16,-105.96,90.33,214.60,1.99,255.81,1,953,4,9
2.56,0.86,0.21,-78.86,141.24,164.37,2.70,230.61,1,936,3,7
3.94,0.77,0.15,-102.17,156.25,61.71,4.02,196.62,1,919,4,4
4.00,0.10,-0.09,-16.36,121.09,-20.02,4.00,123.82,1,892,4,2
1.57,3.55,1.00,81.97,-16.91,-143.68,4.01,166.28,1,687,39,3
0.08,2.03,0.95,32.29,-43.40,103.52,2.25,116.80,1,398,90,4
0.55,0.31,-0.12,50.11,-5.25,29.48,0.64,58.37,1,292,128,7
0.27,1.41,0.16,29.11,-3.85,13.43,1.44,32.29,1,248,140,8
0.28,0.82,0.19,-1.16,5.19,-39.37,0.89,39.72,1,251,145,7
0.34,1.09,0.07,-19.78,6.53,-44.13,1.14,48.80,1,265,147,8
0.34,0.76,0.11,-7.45,5.31,-43.76,0.84,44.71,1,294,155,10
0.38,1.02,0.07,-10.74,6.23,-28.87,1.09,31.43,1,329,158,8
0.39,1.24,0.07,0.92,3.91,-39.86,1.30,40.06,1,367,156,9
0.37,1.21,0.13,7.26,3.42,-67.44,1.27,67.92,1,436,156,9
0.39,1.30,0.14,0.12,6.41,-102.60,1.36,102.80,1,544,146,8
0.36,1.36,0.23,-8.48,12.33,-149.96,1.43,150.71,1,661,133,6
0.42,1.64,0.26,-32.65,32.84,-245.97,1.72,250.29,1,744,87,4
0.56,1.72,0.46,-75.38,59.45,-300.96,1.86,315.90,1,844,41,4
0.61,2.27,0.59,-107.67,75.26,-330.20,2.43,355.37,1,926,17,1
0.27,1.49,0.50,-4.82,93.20,-318.24,1.59,331.64,1,961,9,12
0.60,1.49,-0.44,44.49,-13.18,5.74,1.67,46.76,1,963,3,8
-0.39,1.82,-0.09,-80.44,-117.98,111.45,1.87,181.14,1,958,3,8
-1.14,1.79,0.34,-4.82,-152.65,137.08,2.15,205.22,1,966,1,13
-0.91,0.69,-0.13,119.32,-118.77,231.14,1.15,285.96,1,965,1,15
-0.67,0.05,-0.35,55.85,-94.97,248.78,0.76,272.08,1,964,4,17
-0.38,0.51,-0.12,-23.74,-73.30,284.24,0.64,294.50,1,962,1,17
0.36,0.74,0.03,-39.55,-55.18,300.35,0.83,307.93,1,959,2,17
1.30,0.84,0.03,-55.36,15.87,261.66,1.55,267.92,1,953,5,15
1.93,1.15,0.06,-58.90,93.69,189.94,2.24,219.83,1,951,4,11
2.82,0.53,-0.36,-50.54,146.55,106.63,2.89,188.15,1,944,4,10
3.42,0.61,-0.58,-106.69,148.13,21.24,3.53,183.79,1,935,3,8
3.52,0.53,-0.51,-101.07,73.79,-52.49,3.59,135.71,1,913,2,6
3.82,-0.07,0.02,-20.26,-54.57,-123.17,3.82,136.23,1,851,17,3
0.33,-2.32,-0.31,217.35,-53.71,98.75,2.37,244.70,1,484,81,6
-0.03,2.33,0.47,34.61,3.23,99.55,2.37,105.44,1,256,116,7
0.14,1.71,-0.00,-18.74,5.43,30.70,1.72,36.38,2,212,131,8
0.07,0.99,0.15,11.47,-2.81,-25.39,1.00,28.00,2,207,144,8
0.16,0.95,0.00,-29.42,9.70,-36.07,0.96,47.55,2,210,151,8
0.20,0.96,-0.02,-17.52,6.96,-34.91,0.98,39.68,2,213,153,9
0.19,0.89,-0.02,-6.35,2.62,-23.44,0.91,24.42,2,216,159,7
0.20,1.09,-0.01,-1.89,1.04,-13.92,1.11,14.08,2,223,160,7
0.20,1.15,0.00,3.97,0.55,-28.50,1.17,28.78,1,243,160,9
0.21,1.13,0.03,0.49,3.23,-48.40,1.15,48.51,1,275,153,10
0.26,1.19,-0.04,-0.43,4.03,-76.60,1.22,76.71,1,326,153,9
0.24,1.27,0.03,7.02,5.80,-104.68,1.30,105.07,1,378,156,9
0.22,1.30,0.16,-12.02,11.60,-146.73,1.32,147.68,1,420,150,7
0.28,1.31,0.15,-40.89,25.76,-200.32,1.35,206.06,1,458,135,8
0.42,0.91,0.18,-62.19,41.63,-237.00,1.02,248.54,1,497,95,5
0.64,1.10,0.02,-90.15,65.19,-230.96,1.27,256.35,1,597,56,5
0.78,1.55,-0.02,-93.20,64.03,-226.14,1.73,252.83,1,752,29,2
0.94,1.40,-0.13,-65.37,54.02,-243.77,1.69,258.10,1,843,17,1
0.80,1.14,-0.06,-41.02,48.28,-199.95,1.40,209.75,1,885,7,5
0.70,1.38,-0.43,-21.00,-84.66,2.50,1.61,87.26,1,892,4,5
0.18,2.16,0.23,64.15,-213.56,28.44,2.18,224.79,1,906,4,5
-0.90,0.62,-0.38,179.20,-289.61,77.51,1.16,349.28,1,919,2,9
-1.25,0.06,-0.48,120.42,-293.21,151.37,1.34,351.27,1,932,4,11
-1.13,0.18,-0.27,41.32,-217.90,222.29,1.17,314.00,1,952,2,13
-0.66,0.09,-0.39,-19.29,-113.59,234.68,0.77,261.44,1,951,3,13
-0.31,0.83,-0.00,-106.69,-37.54,257.69,0.88,281.42,1,944,3,11
0.34,0.94,0.09,-115.72,46.45,253.30,1.01,282.33,1,934,2,10
1.34,1.26,0.17,-146.30,143.37,197.81,1.84,284.76,1,923,4,9
2.22,1.32,0.04,-122.31,228.21,70.50,2.59,268.35,1,911,0,6
3.38,0.69,-0.53,0.00,195.13,26.98,3.49,196.99,1,872,1,5
3.99,-0.22,-0.72,-12.08,27.59,-69.82,4.06,76.04,1,802,3,5
0.39,2.14,0.78,-32.84,-79.96,-137.45,2.31,162.37,1,734,29,3
0.07,1.22,0.47,9.89,-32.96,107.97,1.31,113.32,1,439,83,4
0.33,1.38,0.06,12.94,-2.44,77.15,1.42,78.26,1,304,118,8
0.28,1.51,0.07,22.71,-5.00,29.11,1.54,37.26,1,251,130,8
0.21,1.13,0.17,16.78,-1.95,-26.92,1.16,31.78,1,254,139,8
0.28,0.91,0.10,-13.61,7.20,-44.68,0.95,47.26,1,271,143,9
0.36,1.00,-0.02,-19.29,7.75,-45.65,1.06,50.16,1,284,151,8
0.33,0.79,0.04,-15.69,7.69,-34.42,0.86,38.60,1,289,153,9
0.37,1.14,0.05,-11.17,6.23,-27.83,1.20,30.63,1,310,161,8
0.37,1.15,0.06,-9.64,8.24,-46.94,1.21,48.62,1,350,158,10
0.36,1.33,0.05,-10.50,11.90,-76.78,1.38,78.41,1,432,156,9
0.37,1.40,0.09,-13.73,13.92,-127.20,1.45,128.69,1,523,147,7
0.37,1.62,0.16,-31.31,21.67,-195.98,1.67,199.65,1,598,120,8
0.43,1.36,0.24,-51.57,38.27,-265.75,1.45,273.40,1,660,61,4
0.68,1.44,0.28,-91.67,64.88,-288.76,1.62,309.83,1,810,31,2
0.85,1.98,0.25,-102.11,79.47,-297.67,2.17,324.57,1,889,15,2
0.22,0.95,-0.44,0.85,64.39,-207.58,1.07,217.34,1,914,6,9
0.08,1.74,-0.26,-92.53,-101.32,28.93,1.76,140.23,1,924,4,5
-0.37,1.90,0.34,-60.06,-192.99,64.58,1.97,212.19,1,934,2,6
-0.88,1.25,0.19,88.38,-186.95,81.97,1.54,222.44,1,938,3,10
-0.91,0.21,-0.30,130.98,-154.30,152.77,0.98,253.58,1,941,2,11
-0.78,-0.04,-0.37,47.24,-124.82,204.16,0.86,243.91,1,942,2,13
-0.59,0.45,-0.20,-27.77,-98.51,237.37,0.77,258.49,1,943,3,13
-0.47,1.01,-0.08,-41.32,-66.96,258.79,1.12,270.49,1,951,3,13
-0.01,1.32,-0.10,-31.13,-2.14,289.43,1.32,291.11,1,947,4,11
0.76,1.35,-0.02,-71.96,135.07,224.00,1.55,271.29,1,935,4,7
2.69,0.98,-0.38,-68.05,210.82,153.69,2.89,269.62,1,931,3,7
4.00,0.56,-0.83,-132.75,243.16,51.03,4.12,281.70,1,917,2,4
4.00,0.27,-0.73,-60.55,139.16,-86.98,4.08,174.92,1,868,3,4
0.83,-0.59,0.54,90.45,-76.66,-116.88,1.16,166.49,1,687,34,5
-0.11,1.18,0.52,69.70,-53.28,150.57,1.30,174.27,1,386,78,5
0.48,0.78,-0.14,56.76,-4.88,63.60,0.92,85.39,2,211,120,4
0.17,1.59,0.09,32.10,-14.59,30.58,1.60,46.67,2,187,136,8
0.15,0.78,0.26,4.82,3.05,-38.21,0.84,38.63,2,193,147,8
0.29,1.09,-0.10,-9.16,2.56,-39.00,1.13,40.14,2,201,147,10
0.30,0.89,0.03,-11.11,5.37,-37.17,0.94,39.16,2,215,159,8
0.30,1.03,0.06,-8.91,5.07,-31.98,1.08,33.58,1,229,155,8
0.31,1.22,0.07,-9.46,6.77,-49.56,1.26,50.91,1,271,160,8
0.30,1.22,0.08,-17.46,12.15,-84.72,1.26,87.35,1,329,153,8
0.31,1.34,0.11,-29.24,18.37,-122.56,1.38,127.33,1,403,150,7
0.28,1.34,0.12,-54.02,27.04,-178.34,1.37,188.30,1,480,129,8
0.48,1.49,0.25,-86.43,48.71,-238.65,1.58,258.45,1,528,70,5
0.75,1.66,0.20,-125.49,78.55,-275.88,1.83,313.09,1,679,30,3
0.68,1.90,0.12,-153.44,95.34,-282.71,2.02,335.50,1,839,11,2
0.43,1.12,0.17,-65.06,57.56,-203.25,1.21,221.03,1,883,5,3
0.16,1.79,-0.06,-3.23,-126.04,-20.81,1.80,127.79,1,893,4,1
-0.37,2.17,0.25,72.08,-241.46,21.67,2.21,252.91,1,910,3,1
-0.84,0.92,-0.36,203.00,-260.07,70.62,1.30,337.39,1,923,2,6
-1.03,0.29,-0.56,151.98,-240.23,149.48,1.21,321.17,1,940,2,9
-0.94,0.25,-0.44,90.45,-170.23,215.76,1.07,289.33,1,948,2,11
-0.37,0.19,-0.61,12.45,-101.38,247.86,0.74,268.08,1,948,1,11
-0.19,1.04,-0.17,-51.09,-58.35,268.68,1.07,279.65,1,946,2,12
0.42,1.06,-0.37,-49.19,83.01,215.70,1.20,236.30,1,941,4,9
1.40,0.86,-0.45,-102.60,174.26,154.48,1.70,254.47,1,938,4,8
2.69,1.25,-0.19,-151.73,235.47,129.21,2.97,308.49,1,934,4,6
4.00,0.47,-0.82,-119.02,240.54,78.49,4.11,279.62,1,903,3,2
4.00,3.31,-0.20,-119.26,86.91,-37.60,5.20,152.29,1,757,13,1
0.57,-1.52,0.58,107.85,-89.84,-23.93,1.72,142.39,1,417,51,4
-0.07,2.60,0.90,45.78,-31.37,97.29,2.75,112.00,1,267,107,5
0.21,1.55,0.12,-2.50,-0.12,49.07,1.57,49.14,2,228,130,7
0.20,1.05,0.15,36.68,-5.74,-1.89,1.08,37.18,2,219,141,9
0.23,0.98,0.12,-8.36,7.26,-19.41,1.01,22.35,2,224,145,8
0.26,1.04,0.09,-4.21,2.50,-41.14,1.07,41.43,2,242,151,8
0.30,1.04,0.07,-7.57,5.19,-42.85,1.09,43.82,1,278,155,8
0.33,1.13,0.04,-5.00,6.23,-44.43,1.18,45.15,1,330,152,9
0.34,1.26,0.05,3.97,3.23,-64.70,1.31,64.90,1,397,150,9
0.35,1.29,0.07,7.08,2.93,-97.84,1.33,98.14,1,498,145,10
0.36,1.45,0.11,0.55,9.83,-137.82,1.50,138.17,1,627,133,7
0.39,1.62,0.07,3.72,13.18,-200.99,1.67,201.46,1,720,88,6
0.46,1.64,0.24,-1.77,18.49,-257.45,1.72,258.12,1,786,49,3
0.60,1.36,0.14,-61.28,35.34,-294.86,1.50,303.23,1,878,25,2
0.19,1.72,0.34,-26.49,35.40,-328.25,1.77,331.21,1,925,12,4
-0.75,0.47,-0.35,17.82,30.15,-260.68,0.95,263.02,1,939,9,20
-0.45,1.57,-0.13,-71.72,-70.92,38.64,1.64,108.01,1,945,4,10
-0.82,1.38,0.19,-48.77,-106.69,76.66,1.62,140.13,1,950,4,10
-0.92,1.06,0.13,30.76,-96.80,144.90,1.41,176.95,1,954,5,12
-0.71,0.28,-0.24,63.78,-78.74,214.48,0.80,237.21,1,954,3,13
-0.30,0.28,-0.21,-12.51,-74.52,269.65,0.46,280.04,1,954,3,13
-0.03,0.80,0.08,-55.79,-60.06,253.23,0.81,266.17,1,952,4,12
0.37,0.90,0.20,-76.42,-43.27,253.11,0.99,267.91,1,940,5,12
1.41,1.22,0.67,-100.46,24.41,194.27,1.98,220.07,1,935,3,9
2.93,1.36,0.68,-48.16,100.34,146.73,3.30,184.17,1,926,5,8
4.00,0.58,0.16,-21.36,89.66,60.55,4.04,110.28,1,900,5,7
3.68,0.53,-0.05,21.91,53.89,-70.01,3.71,91.03,1,881,4,6
0.73,-0.73,-0.49,43.27,-17.27,-100.77,1.14,111.02,1,782,27,6
-0.19,1.50,1.07,-43.21,-20.51,60.61,1.85,77.21,1,542,80,7
0.27,0.77,0.09,-22.34,1.10,84.53,0.82,87.44,1,372,119,7
0.35,1.64,-0.15,11.90,-2.56,52.12,1.68,53.53,1,271,134,9
0.21,0.93,0.15,45.29,-4.88,-9.22,0.97,46.47,1,251,139,8
0.27,1.15,0.06,-4.27,1.77,-13.06,1.18,13.86,1,246,145,9
0.28,0.97,0.06,0.92,1.89,-25.70,1.01,25.78,1,248,149,9
0.30,1.03,0.06,-2.62,3.42,-31.43,1.08,31.73,1,270,147,8
0.32,1.04,0.06,-1.53,4.03,-40.95,1.09,41.18,1,314,151,8
0.33,1.12,0.08,-10.01,7.39,-54.32,1.18,55.73,1,377,151,9
0.35,1.20,0.05,-8.06,10.86,-66.96,1.25,68.31,1,460,143,9
0.37,1.27,0.03,-2.20,9.46,-93.51,1.32,94.01,1,579,142,8
0.38,1.45,0.09,1.71,10.56,-131.71,1.50,132.15,0,0,129,6
0.45,1.53,0.09,1.59,17.09,-206.36,1.60,207.07,1,758,96,6
0.55,1.83,0.17,-6.23,23.99,-260.25,1.92,261.43,1,838,52,5
0.59,1.82,0.19,-9.46,34.24,-299.87,1.92,301.96,1,897,27,1
0.12,2.34,0.45,9.34,39.06,-321.96,2.38,324.46,1,935,11,2
0.02,1.28,0.06,69.58,49.13,-324.58,1.28,335.58,1,961,6,11
-0.13,0.89,-0.52,77.39,-9.22,-89.42,1.04,118.62,1,953,3,13
-0.57,1.25,-0.12,-37.17,-90.39,98.45,1.38,138.73,1,954,4,9
-1.09,1.32,0.25,-22.03,-109.86,141.97,1.73,180.86,1,963,3,13
-0.97,0.68,-0.15,72.02,-86.85,228.33,1.20,254.69,1,962,4,14
-0.65,0.41,-0.34,22.52,-75.93,304.44,0.84,314.58,1,964,5,14
-0.18,0.83,-0.22,-47.67,-73.55,293.70,0.87,306.50,1,960,3,14
-0.04,1.43,0.05,-85.14,-59.14,257.20,1.43,277.31,1,953,4,11
0.57,1.78,0.31,-51.57,8.48,248.96,1.89,254.39,1,952,5,10
1.95,1.61,0.25,-51.64,105.65,239.01,2.54,266.38,1,941,4,7
3.99,0.88,-0.15,-84.72,177.49,125.67,4.09,233.39,1,917,5,7
4.00,1.08,0.04,-76.97,146.00,33.14,4.14,168.34,1,892,3,4
4.00,-0.31,-0.52,6.41,-5.80,-137.63,4.05,137.91,1,879,7,5
0.03,-1.29,0.80,82.76,-57.19,-58.65,1.52,116.45,1,702,55,4
0.01,1.11,0.65,5.19,1.22,28.44,1.29,28.94,1,452,104,5
0.35,1.44,-0.12,-38.39,9.22,53.34,1.48,66.37,1,339,128,7
0.30,1.51,0.01,-4.21,1.16,12.70,1.54,13.43,1,269,140,8
0.29,1.09,0.05,6.35,-1.53,-22.40,1.13,23.33,1,253,150,9
0.31,0.90,-0.00,-0.55,1.28,-29.91,0.95,29.94,1,262,149,9
0.34,0.97,0.05,11.84,-1.10,-28.56,1.03,30.94,1,280,159,9
0.34,0.95,0.03,2.56,2.01,-26.61,1.01,26.81,1,297,161,9
0.36,1.17,0.03,-0.79,3.48,-32.17,1.22,32.36,1,338,159,9
0.35,1.27,0.06,-5.43,6.16,-58.11,1.32,58.68,1,408,159,9
0.36,1.27,0.05,-10.74,13.12,-111.94,1.32,113.22,1,504,151,10
0.36,1.40,0.11,-25.02,20.20,-155.88,1.45,159.17,1,614,137,8
0.47,1.46,0.10,-33.33,28.26,-214.54,1.54,218.94,1,678,94,5
0.69,1.46,0.07,-51.51,44.86,-252.01,1.62,261.11,1,788,46,3
0.77,1.74,0.20,-56.21,52.98,-269.47,1.91,280.32,1,897,23,2
0.26,1.50,0.17,4.88,51.76,-286.50,1.53,291.18,1,934,12,4
-0.95,0.79,-0.51,84.90,50.90,-199.71,1.33,222.89,1,944,6,16
0.05,1.40,-0.57,-23.56,-70.68,50.90,1.52,90.23,1,947,5,10
-0.44,1.45,0.06,-57.13,-179.69,88.01,1.52,208.08,1,962,5,10
-0.95,1.35,0.36,37.48,-172.67,144.17,1.69,228.04,1,967,4,12
-0.73,0.20,-0.31,127.50,-91.19,194.64,0.82,249.91,1,967,2,12
-0.43,0.28,-0.39,16.60,-53.47,228.27,0.64,235.04,1,965,3,13
-0.06,0.89,-0.27,-29.42,-35.46,233.70,0.93,238.20,1,967,3,13
0.15,1.09,-0.37,-16.97,-21.55,253.30,1.16,254.78,1,967,4,13
0.72,0.99,-0.44,-37.66,29.91,244.63,1.30,249.31,1,964,3,13
1.44,1.18,-0.28,-112.18,110.05,188.54,1.88,245.44,1,958,3,11
3.22,1.58,0.03,-107.60,168.52,138.98,3.58,243.50,1,933,4,4
4.00,0.61,-0.33,-102.72,97.29,-16.11,4.06,142.40,1,902,5,2
4.00,0.28,0.69,99.43,-64.15,-127.50,4.07,173.95,1,620,39,5
-0.22,-0.52,0.53,-2.69,-31.68,113.83,0.77,118.19,1,383,69,4
0.41,0.54,-0.15,-26.98,11.47,0.18,0.69,29.32,1,264,110,5
0.33,1.59,-0.19,8.36,-1.89,18.86,1.63,20.72,2,228,121,7
0.22,0.89,0.11,41.20,-10.01,-14.65,0.92,44.86,2,223,133,6
0.27,0.88,0.04,13.61,-1.46,-9.52,0.92,16.68,2,223,134,8
0.25,1.02,0.07,7.32,-0.31,-12.08,1.06,14.13,2,224,144,8
0.25,0.87,0.09,1.10,1.77,-22.95,0.91,23.04,2,228,144,9
0.30,1.05,0.02,-12.33,5.37,-18.80,1.10,23.11,1,237,148,9
0.30,1.16,0.05,-6.23,3.60,-32.90,1.20,33.67,1,277,146,9
0.31,1.18,0.00,-7.20,5.62,-64.58,1.22,65.22,1,351,150,8
0.32,1.25,0.04,-0.85,8.06,-94.06,1.29,94.40,1,428,145,9
0.33,1.26,0.07,-1.71,9.46,-128.30,1.30,128.66,1,526,137,8
0.36,1.32,0.14,-6.53,14.47,-169.19,1.37,169.93,1,625,124,7
0.46,1.46,0.20,-25.88,27.47,-216.80,1.54,220.06,1,663,74,6
0.61,1.56,0.18,-58.04,46.08,-255.49,1.69,266.03,1,763,41,3
0.69,1.74,0.08,-71.59,55.36,-290.47,1.87,304.24,1,876,19,1
0.22,2.31,0.47,-32.59,51.09,-327.88,2.37,333.43,1,922,12,9
0.57,0.52,-0.32,94.60,58.84,-215.94,0.83,242.99,1,929,4,23
0.41,1.42,-0.31,-56.46,-156.43,127.56,1.51,209.60,1,938,1,13
-0.98,0.99,-0.03,-7.51,-241.58,161.44,1.39,290.65,1,957,1,13
-1.06,0.79,-0.02,58.59,-208.37,224.43,1.32,311.80,1,966,3,12
-0.84,-0.02,-0.39,53.47,-137.08,256.90,0.92,296.05,1,965,4,15
-0.26,0.32,-0.36,-58.96,-84.90,261.11,0.55,280.82,1,964,3,13
-0.04,1.20,0.25,-96.80,-20.51,256.65,1.22,275.07,1,964,3,12
1.01,1.04,0.02,-89.66,82.09,241.09,1.45,270.00,1,949,3,10
1.82,1.53,0.23,-121.34,155.76,185.42,2.39,270.86,1,938,5,7
3.52,1.39,0.05,-67.93,169.07,123.11,3.79,219.90,1,913,5,6
4.00,0.67,-0.23,-58.04,60.79,-88.68,4.06,122.19,1,893,6,6
3.35,0.24,0.66,-15.32,37.35,-189.51,3.42,193.77,1,896,9,7
0.72,-1.79,-1.20,169.56,2.50,47.42,2.27,176.08,1,630,53,4
0.50,0.66,-0.23,36.07,-1.22,105.41,0.86,111.42,1,416,102,6
0.34,2.04,-0.07,14.89,-2.62,98.63,2.07,99.79,1,287,130,7
0.20,1.38,0.14,50.72,-12.33,22.28,1.41,56.75,1,242,138,7
0.22,0.99,0.19,18.01,-0.73,-20.02,1.03,26.94,1,251,141,7
0.30,1.11,0.03,-4.94,4.88,-45.10,1.15,45.64,1,280,144,8
0.28,0.75,0.11,-5.31,5.62,-45.90,0.81,46.54,1,315,146,8
0.36,1.05,0.00,-4.88,5.13,-31.80,1.11,32.58,1,351,152,9
0.34,1.23,0.09,0.18,4.82,-51.70,1.28,51.92,1,402,150,9
0.37,1.34,0.10,-3.30,8.61,-84.84,1.39,85.34,1,500,145,8
0.34,1.30,0.09,-4.03,10.44,-128.36,1.35,128.84,1,615,140,9
0.38,1.23,0.12,-7.20,16.42,-168.82,1.29,169.77,1,697,121,7
0.49,1.45,0.15,-22.46,26.43,-212.28,1.54,215.10,1,736,76,4
0.51,1.50,0.39,-54.32,44.31,-248.90,1.63,258.58,1,815,39,3
0.68,1.62,0.20,-75.62,65.00,-271.24,1.76,288.99,1,906,19,2
