-,-,-
-0.30,0.77,0.00,-50.78,13.31,-10.13,0.83,53.46,0,0,4,27
-0.33,0.97,0.17,-18.07,19.47,-20.51,1.04,33.56,0,0,3,27
-0.23,0.70,0.01,-15.50,18.43,-21.48,0.74,32.28,0,0,3,27
-0.24,0.97,0.08,-34.91,5.86,14.95,1.00,38.43,0,0,3,27
-0.15,1.04,0.03,-14.04,-8.85,56.70,1.05,59.08,0,0,3,26
-0.08,0.94,0.01,-15.26,-23.56,70.74,0.94,76.11,0,0,5,26
-0.12,1.00,0.07,-23.38,-28.63,69.34,1.01,78.57,0,0,2,26
-0.11,1.00,0.09,-23.68,-23.99,70.07,1.01,77.75,0,0,2,25
-0.10,1.08,0.17,-29.05,-19.78,71.47,1.10,79.65,0,0,5,25
-0.07,1.04,0.18,-16.36,-14.04,69.70,1.06,72.96,0,0,2,24
-0.03,1.03,0.16,-13.61,-11.41,67.02,1.04,69.33,0,0,3,24
-0.04,1.02,0.15,-7.57,-9.58,69.40,1.03,70.46,0,0,3,24
-0.01,0.93,0.10,0.00,-4.94,61.71,0.93,61.90,0,0,3,24
0.04,1.01,0.21,0.06,-5.31,53.22,1.04,53.49,0,0,3,25
0.12,0.94,0.11,25.82,8.30,42.54,0.96,50.45,0,0,2,24
0.20,0.92,0.07,17.03,27.95,20.69,0.95,38.72,0,0,1,23
0.27,1.05,0.07,18.92,44.49,-1.77,1.08,48.38,0,0,4,25
0.29,1.09,-0.07,29.05,61.71,-18.92,1.13,70.78,0,0,3,24
-0.66,0.42,0.02,-18.74,43.33,-45.59,0.78,65.63,0,0,4,39
-0.34,0.47,0.01,53.10,26.73,-90.58,0.58,108.34,0,0,3,62
-0.36,0.88,-0.16,14.65,46.57,-108.34,0.97,118.83,0,0,6,83
0.35,1.24,0.30,31.37,51.21,-102.78,1.32,119.04,0,0,8,108
0.05,0.91,0.15,22.09,16.60,-35.89,0.92,45.30,2,257,8,122
-0.04,0.97,0.06,-0.79,4.39,-36.87,0.98,37.13,4,300,6,132
0.03,1.02,0.09,-2.08,14.28,-15.20,1.02,20.96,10,342,8,136
-0.02,0.98,0.07,2.69,0.73,-4.03,0.98,4.90,21,364,17,135
-0.01,0.97,0.08,4.46,-0.18,-6.41,0.98,7.81,55,394,26,135
-0.01,0.98,0.08,1.83,0.00,-4.27,0.98,4.65,101,416,33,134
-0.01,0.99,0.08,2.38,0.24,-3.91,0.99,4.58,151,436,43,133
-0.00,0.98,0.07,3.72,0.00,-5.19,0.99,6.39,198,452,53,127
-0.00,0.98,0.08,3.85,0.06,-4.33,0.99,5.79,248,465,62,124
-0.00,0.99,0.08,2.50,0.12,-3.05,0.99,3.95,299,474,67,126
0.00,0.98,0.08,3.23,0.43,-3.85,0.99,5.04,304,487,75,112
0.00,1.00,0.07,-0.06,0.00,-5.43,1.01,5.43,313,502,81,105
0.01,0.95,0.09,1.59,-0.37,-6.59,0.95,6.79,416,515,87,93
0.01,0.98,0.08,-1.28,-1.04,-6.53,0.98,6.74,512,531,88,78
0.01,1.04,0.06,1.10,-1.28,-8.85,1.04,9.01,473,549,92,56
0.03,0.97,0.08,4.94,-1.65,-10.99,0.97,12.16,317,575,101,47
0.02,0.97,0.09,3.60,-1.22,-10.44,0.98,11.11,374,599,104,33
0.03,0.97,0.09,1.95,-1.71,-10.86,0.97,11.17,230,623,107,28
0.03,0.99,0.08,-1.59,-2.20,-12.82,0.99,13.10,212,650,108,25
0.04,0.98,0.08,-1.89,-3.11,-17.64,0.98,18.01,177,676,113,21
0.05,1.01,0.07,-4.52,-2.08,-20.14,1.01,20.75,164,699,112,19
0.06,0.99,0.10,-4.70,-0.79,-25.76,1.00,26.19,96,719,116,18
0.07,1.00,0.09,-7.69,-0.06,-31.37,1.01,32.30,84,739,117,17
0.09,0.99,0.08,-10.19,1.40,-33.57,0.99,35.11,71,757,118,14
0.10,1.04,0.06,-11.78,2.75,-35.58,1.05,37.58,55,773,121,12
0.12,1.03,0.05,-7.75,3.85,-40.71,1.04,41.62,47,786,122,9
0.13,0.99,0.09,-7.81,5.98,-46.26,1.00,47.30,44,788,122,8
0.16,1.01,0.08,-17.33,8.97,-54.81,1.03,58.18,41,801,123,7
0.18,1.06,0.04,-19.35,10.38,-63.60,1.08,67.28,31,824,123,8
0.23,1.15,-0.00,-21.06,11.90,-78.19,1.17,81.84,24,841,120,8
0.22,1.32,0.02,-21.67,14.40,-101.56,1.34,104.84,19,848,114,7
0.25,1.38,-0.03,-13.18,16.05,-142.09,1.40,143.60,15,849,111,6
0.26,1.69,-0.02,-12.88,17.15,-200.93,1.71,202.07,11,848,90,5
0.35,1.92,0.17,-18.25,25.70,-269.65,1.96,271.49,5,845,46,3
0.56,1.67,0.00,-42.42,40.47,-312.13,1.76,317.59,1,804,22,2
-0.02,2.24,0.24,-86.00,32.23,-317.08,2.26,330.11,1,757,7,11
-0.64,0.51,-0.32,18.31,-3.48,-130.98,0.88,132.30,0,0,4,21
-0.31,1.05,0.08,-20.32,-101.93,64.76,1.10,122.46,0,0,5,21
-0.35,0.50,0.04,60.30,-142.15,88.81,0.62,178.13,0,0,4,24
-0.61,0.39,0.06,54.63,-144.78,143.43,0.72,210.99,0,0,3,24
-0.51,0.49,0.11,43.95,-101.07,193.12,0.71,222.35,0,0,3,25
-0.20,0.48,0.05,21.42,-60.18,215.33,0.52,224.61,0,0,3,25
0.02,0.64,0.13,-12.15,-56.40,203.00,0.65,211.04,0,0,3,26
-0.01,0.84,0.37,-36.32,-60.30,203.49,0.92,215.32,0,0,3,24
0.22,1.07,0.49,-39.61,-46.33,208.25,1.20,216.99,0,0,3,23
0.65,1.17,0.44,-47.61,27.83,137.70,1.41,148.33,0,0,2,24
1.15,1.30,0.42,-38.57,104.37,99.61,1.79,149.34,1,641,2,21
1.51,1.14,0.19,-37.60,130.13,30.76,1.90,138.90,1,684,2,18
1.61,1.51,0.28,5.00,100.40,38.27,2.23,107.57,1,696,3,17
1.71,0.74,-0.17,81.18,53.65,37.35,1.87,104.23,1,699,2,17
1.37,0.73,-0.11,47.55,21.36,10.68,1.56,53.21,1,693,3,16
1.26,0.72,-0.15,55.24,32.84,-4.88,1.46,64.45,1,697,3,17
1.36,0.65,-0.24,44.49,58.29,-29.42,1.53,79.01,1,704,2,17
1.31,-0.50,-0.79,34.42,60.67,-53.89,1.60,88.15,1,733,8,16
0.34,1.24,-0.24,-72.08,-5.31,24.11,1.30,76.19,1,783,22,11
0.23,1.16,0.09,-19.23,-10.86,20.87,1.18,30.39,3,781,47,12
0.12,0.91,0.22,-13.55,-11.60,40.34,0.95,44.11,7,767,74,13
0.12,1.11,0.14,-32.78,-2.62,43.15,1.12,54.25,15,770,92,11
0.12,1.41,0.02,-35.34,-1.40,34.55,1.42,49.44,28,761,100,9
0.12,1.22,0.04,-18.37,0.55,13.92,1.23,23.05,45,748,103,9
0.14,0.97,0.06,-12.15,1.95,1.89,0.98,12.45,50,754,110,10
0.15,1.00,-0.01,-10.25,2.08,1.95,1.01,10.64,53,755,108,7
0.14,0.95,0.01,5.43,2.20,4.09,0.96,7.15,56,764,114,10
0.14,1.01,0.02,13.37,0.31,0.61,1.02,13.38,47,773,115,9
0.13,1.01,0.05,12.82,0.37,-4.03,1.02,13.44,42,786,116,8
0.13,0.95,0.08,6.96,0.31,-10.01,0.96,12.19,37,791,117,11
0.15,0.97,0.04,-2.93,1.22,-12.63,0.98,13.03,32,804,116,10
0.16,0.98,0.03,-3.23,0.98,-15.14,1.00,15.51,30,816,117,8
0.16,1.00,0.02,-2.32,0.37,-17.09,1.01,17.25,29,819,114,9
0.18,0.98,0.02,0.67,0.12,-18.62,1.00,18.63,30,813,113,8
0.17,0.94,0.06,3.36,-0.24,-17.88,0.96,18.20,29,814,117,8
0.19,0.97,0.04,0.79,0.55,-17.46,0.99,17.48,27,815,114,8
0.20,0.95,0.04,-0.06,0.67,-17.21,0.97,17.23,28,815,117,7
0.20,1.00,0.05,-2.26,1.59,-17.21,1.02,17.43,27,820,117,8
0.22,1.01,0.01,0.18,1.89,-22.52,1.03,22.60,25,829,119,8
0.22,0.95,0.05,3.17,1.83,-24.35,0.98,24.63,23,835,117,8
0.23,1.03,0.05,0.24,3.23,-28.08,1.05,28.26,21,844,122,8
0.25,1.04,0.04,-1.77,5.31,-36.80,1.07,37.23,19,855,123,6
0.25,1.06,0.04,-2.56,5.49,-50.23,1.09,50.60,16,862,117,9
0.25,1.17,0.08,-6.71,8.61,-68.97,1.20,69.83,13,875,121,7
0.27,1.41,0.01,-7.87,11.47,-100.65,1.44,101.60,10,879,118,6
0.29,1.55,-0.05,5.00,10.31,-171.75,1.58,172.14,8,874,106,7
0.34,1.85,0.10,13.00,15.08,-238.16,1.88,238.99,5,860,70,3
0.42,1.66,0.09,6.84,27.59,-289.12,1.71,290.52,2,840,35,5
0.60,1.81,0.22,-17.76,33.45,-300.90,1.92,303.28,0,0,18,2
0.37,0.88,0.18,28.50,44.98,-303.65,0.97,308.28,0,0,8,16
-0.07,0.05,-0.31,71.66,18.62,-119.87,0.32,140.89,0,0,4,19
-0.14,0.67,0.04,-6.84,-49.80,59.20,0.68,77.67,0,0,3,17
-0.07,0.70,0.11,39.86,-76.05,91.86,0.71,125.74,0,0,3,18
-0.17,0.40,0.01,67.20,-79.71,122.56,0.43,160.90,0,0,4,20
-0.16,0.46,0.01,53.28,-63.72,161.01,0.48,181.17,0,0,3,20
-0.05,0.47,-0.00,32.78,-28.32,190.55,0.48,195.41,0,0,2,20
0.22,0.69,0.07,8.61,-11.11,199.77,0.73,200.26,0,0,3,22
0.33,0.81,0.03,0.37,-8.24,199.10,0.87,199.27,0,0,3,23
0.35,0.88,0.03,-9.70,-23.93,197.75,0.95,199.43,0,0,3,22
0.26,0.99,0.08,-18.92,-17.15,191.71,1.03,193.40,0,0,2,22
0.34,1.02,0.07,-26.06,23.38,180.54,1.08,183.91,0,0,3,21
0.48,1.18,0.09,-36.56,74.10,160.52,1.27,180.54,0,0,3,20
0.87,1.28,0.04,-24.96,104.00,132.08,1.55,169.96,0,0,2,20
1.35,0.99,-0.16,-28.56,94.91,88.13,1.68,132.63,0,0,1,18
1.45,1.27,-0.12,-50.35,47.55,34.85,1.93,77.53,0,0,1,17
1.33,1.19,-0.06,7.02,27.59,43.88,1.79,52.31,0,0,1,18
1.23,0.89,-0.09,19.84,14.40,39.18,1.52,46.22,0,0,1,18
1.08,0.95,-0.03,17.94,13.55,4.70,1.44,22.97,0,0,2,18
1.01,0.93,-0.04,25.39,35.40,-34.91,1.37,55.83,0,0,2,18
0.97,0.78,-0.18,19.78,59.88,-89.66,1.26,109.61,1,614,3,17
0.39,0.72,-0.25,-65.86,-47.67,49.62,0.85,95.25,1,714,11,9
-0.63,2.39,0.91,-85.21,-70.74,23.99,2.64,113.31,2,763,32,8
0.34,0.05,-0.08,60.55,-10.99,61.28,0.35,86.84,5,734,55,10
0.03,1.04,0.21,-8.18,1.16,51.76,1.06,52.41,26,677,70,16
-0.02,1.19,0.03,-5.49,-1.95,15.01,1.19,16.11,67,656,85,24
-0.00,0.93,0.12,-1.40,-5.13,-11.29,0.94,12.48,100,653,91,24
0.04,0.94,0.04,-24.60,-2.38,-11.60,0.95,27.30,126,669,92,18
0.07,1.01,-0.05,-17.82,0.06,-8.00,1.01,19.53,128,685,99,13
0.06,0.99,-0.01,1.34,2.69,-2.26,0.99,3.76,171,678,103,15
0.03,1.02,0.03,11.11,1.83,1.28,1.02,11.33,214,666,106,16
0.02,0.99,0.05,10.99,0.61,-2.32,0.99,11.25,232,662,106,15
0.04,0.97,0.06,5.13,-0.43,-5.43,0.98,7.48,246,668,108,16
0.04,0.97,0.04,-0.67,-1.22,-7.08,0.97,7.22,214,682,104,13
0.05,1.00,0.02,-0.31,-0.85,-8.85,1.00,8.90,155,694,109,13
0.06,0.95,0.04,2.44,0.73,-6.84,0.95,7.30,172,704,104,11
0.05,1.00,0.03,1.46,1.04,-3.05,1.00,3.54,152,707,104,11
0.07,0.97,0.02,4.88,1.59,-2.50,0.97,5.71,137,702,106,10
0.05,1.01,0.05,6.77,1.34,-1.77,1.01,7.13,146,700,108,9
0.06,0.97,0.05,4.46,0.37,-3.85,0.97,5.90,137,698,105,10
0.08,0.95,0.02,5.55,0.37,-1.53,0.96,5.77,178,692,103,11
0.05,1.03,0.07,4.76,0.12,-0.55,1.03,4.79,173,689,105,12
0.04,1.07,0.06,1.59,-1.22,-18.19,1.08,18.30,148,705,110,10
0.09,0.97,0.04,-2.08,-0.37,-25.51,0.97,25.60,108,732,108,9
0.09,1.00,0.04,0.92,-0.18,-20.69,1.01,20.71,97,745,113,9
0.10,1.00,0.05,3.11,-0.06,-23.44,1.01,23.64,89,750,112,8
0.14,0.86,0.05,0.85,1.77,-22.71,0.87,22.79,83,756,113,9
0.13,1.06,0.01,-1.95,1.22,-12.70,1.07,12.90,85,760,119,9
0.10,1.16,0.06,8.18,0.24,-23.74,1.17,25.11,65,771,116,8
0.17,0.93,0.01,10.80,1.53,-41.81,0.95,43.21,56,787,119,9
0.21,0.81,0.02,15.69,2.01,-27.47,0.84,31.69,48,796,115,8
0.14,1.20,0.13,4.03,2.26,-27.10,1.22,27.49,42,808,115,8
0.08,1.56,0.15,-6.53,11.23,-83.37,1.57,84.38,27,835,110,8
0.02,1.64,0.21,-23.99,26.49,-157.59,1.65,161.59,13,846,105,7
0.29,1.68,0.16,-32.59,43.03,-226.50,1.71,232.84,6,852,78,5
0.32,1.74,0.06,-30.03,51.09,-268.55,1.77,275.01,2,843,48,5
0.24,1.54,0.03,27.40,50.90,-270.39,1.55,276.50,1,799,26,2
0.53,0.48,-0.27,125.98,51.70,-222.72,0.76,261.05,0,0,11,25
0.08,0.30,-0.19,106.99,28.56,-101.32,0.36,150.10,0,0,6,27
-0.13,0.27,-0.19,10.38,-47.06,59.81,0.35,76.81,0,0,3,23
-0.89,0.43,0.17,75.26,-74.58,36.56,1.00,112.09,0,0,3,26
-0.60,-0.01,-0.20,36.93,-67.08,98.27,0.63,124.58,0,0,3,25
-0.57,0.51,0.04,-3.05,-38.51,120.54,0.76,126.58,0,0,3,26
-0.26,0.64,-0.01,-20.81,1.59,141.48,0.69,143.01,0,0,3,24
0.08,0.96,0.06,-37.96,27.16,139.59,0.97,147.19,0,0,4,20
0.62,0.96,0.03,-36.50,30.21,102.11,1.14,112.57,0,0,2,20
0.38,1.01,-0.02,-39.18,25.94,61.46,1.08,77.37,0,0,3,19
0.34,1.15,0.07,-39.55,41.08,49.26,1.20,75.35,0,0,4,18
0.52,1.13,-0.00,-28.99,69.70,78.06,1.25,108.60,0,0,2,19
0.89,1.20,-0.10,-35.95,60.61,101.50,1.49,123.56,0,0,2,17
0.99,1.11,-0.08,-30.27,28.32,91.86,1.49,100.78,0,0,1,17
1.10,0.96,-0.02,-25.39,13.67,74.58,1.46,79.97,0,0,2,17
1.21,0.78,-0.01,-29.54,5.86,57.25,1.44,64.69,0,0,2,16
1.09,0.76,-0.04,-30.64,-15.50,33.26,1.33,47.81,0,0,1,15
0.84,0.83,-0.11,-0.55,-23.25,22.28,1.18,32.21,0,0,1,16
0.76,0.57,-0.16,7.20,-15.38,12.21,0.97,20.92,0,0,3,17
0.69,0.72,-0.11,-24.29,-13.31,0.73,1.00,27.71,0,0,2,15
0.73,0.98,-0.09,-25.88,1.40,-14.40,1.22,29.65,0,0,1,15
0.77,0.98,-0.14,-15.93,6.29,-27.34,1.25,32.26,0,0,2,12
0.62,1.21,0.08,-3.42,22.58,-38.02,1.36,44.36,0,0,2,14
0.76,1.17,0.04,48.46,36.62,-39.79,1.40,72.62,0,0,3,13
0.01,1.82,0.56,45.29,-7.26,-50.60,1.91,68.29,1,678,9,11
0.42,0.62,-0.44,40.04,11.35,164.98,0.87,170.15,2,766,25,8
-0.04,1.69,0.17,-13.79,-14.83,127.69,1.70,129.28,6,775,54,7
-0.12,1.81,0.27,-4.64,-9.83,83.50,1.83,84.20,16,755,88,6
0.04,1.17,0.03,-1.34,-1.59,42.66,1.17,42.71,27,748,101,8
0.10,0.93,0.03,16.78,2.50,33.57,0.93,37.61,43,729,110,8
0.07,1.04,0.01,17.52,-1.89,9.77,1.04,20.14,61,720,117,9
0.06,1.05,0.01,23.19,-2.75,6.77,1.05,24.32,72,715,127,8
0.02,1.05,0.06,25.02,-3.60,-1.95,1.05,25.36,67,719,125,9
0.03,0.98,0.09,11.54,-2.14,-16.72,0.98,20.43,50,746,125,8
0.09,0.85,0.03,-1.53,2.14,-8.24,0.86,8.65,45,759,124,8
0.08,1.05,-0.02,2.01,1.04,-2.62,1.05,3.47,45,763,126,9
0.05,1.00,0.09,6.59,-0.67,-11.05,1.00,12.88,41,774,120,8
0.05,1.08,0.08,-3.66,0.31,-20.69,1.08,21.01,34,789,124,7
0.10,0.99,-0.00,4.21,3.85,-32.78,1.00,33.27,29,796,122,8
0.13,0.87,0.04,6.84,3.97,-34.00,0.88,34.90,25,800,126,8
0.11,1.17,0.06,2.08,2.26,-37.54,1.17,37.66,21,817,125,9
0.18,0.93,0.02,9.58,3.85,-47.97,0.95,49.07,18,820,126,8
0.19,1.00,0.04,8.48,0.79,-43.70,1.02,44.52,17,822,128,8
0.15,1.18,0.09,6.84,0.55,-57.01,1.20,57.42,14,838,129,9
0.20,0.89,0.11,7.26,5.31,-74.71,0.92,75.25,13,843,127,8
0.30,0.66,0.06,-1.59,7.39,-63.84,0.73,64.29,12,851,130,7
0.32,0.87,0.03,-6.65,5.92,-44.98,0.93,45.86,12,852,132,9
0.35,0.79,0.02,2.75,5.55,-35.52,0.87,36.06,12,856,134,10
0.35,0.90,0.04,4.03,3.66,-19.84,0.97,20.57,12,860,131,8
0.36,0.96,0.01,12.08,1.89,-18.68,1.03,22.33,11,863,132,9
0.34,1.08,0.10,21.18,-1.95,-14.28,1.14,25.62,11,861,132,9
0.29,1.47,0.18,14.53,0.73,-35.95,1.51,38.78,10,858,128,6
0.20,1.97,0.19,3.85,8.12,-102.72,1.99,103.11,8,869,122,9
0.13,1.96,0.18,8.12,18.55,-200.87,1.97,201.89,5,863,103,6
0.27,1.79,0.26,22.28,37.66,-297.67,1.83,300.87,2,831,67,4
0.57,1.35,0.17,26.49,57.19,-335.02,1.47,340.90,1,770,28,3
0.43,1.36,0.33,-1.22,50.17,-268.62,1.47,273.26,0,0,13,29
-1.31,-1.05,-1.00,148.01,22.95,29.36,1.95,152.63,0,0,4,22
-0.87,0.39,0.07,-8.12,-38.33,95.40,0.96,103.13,0,0,3,24
-0.52,0.01,-0.18,67.93,-39.00,125.55,0.55,147.98,0,0,4,25
-0.63,0.22,-0.06,13.24,-65.49,146.91,0.67,161.39,0,0,3,23
-0.54,0.53,0.02,6.77,-31.25,158.14,0.76,161.34,0,0,4,25
-0.10,0.66,-0.07,-25.39,24.90,140.93,0.67,145.35,0,0,4,22
0.38,0.92,-0.05,-48.22,64.03,102.97,0.99,130.48,0,0,3,20
0.65,1.00,-0.11,-62.13,58.04,73.43,1.20,112.34,0,0,0,20
1.01,1.15,-0.09,-64.76,56.64,83.74,1.53,120.06,0,0,0,17
1.33,1.13,-0.09,-33.57,58.17,107.18,1.74,126.48,0,0,2,18
1.50,1.02,-0.13,5.00,33.69,115.17,1.82,120.10,0,0,2,15
1.52,0.63,-0.27,-11.84,3.91,70.37,1.66,71.47,0,0,1,15
1.23,0.60,-0.13,-70.56,-34.91,19.53,1.38,81.11,0,0,0,14
0.88,1.20,0.19,-78.31,-49.13,10.31,1.50,93.02,0,0,1,15
0.73,1.06,-0.06,-7.57,-5.00,26.43,1.29,27.94,0,0,2,12
0.97,0.71,-0.17,16.36,11.96,10.74,1.21,22.94,0,0,1,12
1.07,0.90,-0.13,-16.85,17.70,-15.75,1.40,29.07,0,0,3,11
1.08,1.16,0.05,-15.44,23.56,-39.73,1.58,48.71,0,0,3,12
1.10,1.00,-0.01,38.88,12.82,-57.01,1.49,70.18,1,665,2,14
0.84,0.76,-0.07,30.76,-18.68,-91.43,1.14,98.26,1,724,4,12
0.40,1.26,-0.33,100.59,-25.51,123.54,1.36,161.34,1,767,20,4
0.31,1.16,0.32,23.68,-18.01,115.72,1.25,119.49,2,830,58,5
-0.08,1.47,0.31,-18.37,-9.70,122.68,1.51,124.43,3,860,88,8
0.13,1.18,-0.04,-51.03,5.00,88.62,1.18,102.38,6,863,108,7
0.24,1.56,-0.36,-30.82,0.98,67.75,1.62,74.44,12,841,121,8
0.14,1.16,-0.11,35.10,-3.54,34.00,1.18,48.99,21,786,130,9
0.08,1.09,0.03,39.73,-8.12,15.01,1.09,43.24,29,770,134,8
0.10,0.94,0.06,22.58,-3.60,-5.25,0.95,23.46,29,769,140,9
0.15,0.97,0.00,8.18,-0.24,-5.19,0.99,9.69,30,775,134,9
0.16,0.96,0.01,15.08,-1.46,-15.20,0.97,21.46,26,789,139,7
0.12,0.95,0.08,5.55,-1.34,-18.01,0.96,18.89,25,794,137,9
0.13,0.90,0.09,-11.54,4.70,-21.30,0.91,24.68,25,790,138,9
0.22,0.82,-0.02,-18.43,8.24,-5.19,0.85,20.85,28,787,135,9
0.20,0.97,-0.07,-8.67,4.03,12.82,1.00,15.99,31,772,134,8
0.14,1.02,0.01,4.52,1.59,12.63,1.03,13.51,37,759,134,7
0.17,0.97,-0.03,5.43,1.16,8.12,0.98,9.84,38,756,134,9
0.13,1.04,0.00,7.81,-0.18,3.11,1.05,8.41,40,758,127,9
0.12,1.06,0.04,2.14,1.83,-15.44,1.07,15.70,33,772,133,9
0.12,1.16,0.05,-6.71,4.76,-34.85,1.17,35.81,25,806,134,9
0.19,1.00,-0.02,-7.02,8.00,-52.86,1.02,53.92,19,832,129,9
0.24,0.81,0.00,-4.64,7.57,-48.46,0.84,49.27,16,848,134,8
0.23,1.00,-0.00,-8.00,5.74,-33.75,1.03,35.16,15,857,135,7
0.26,1.07,-0.06,0.79,4.58,-37.05,1.10,37.34,13,861,132,8
0.26,0.98,0.02,9.22,3.60,-42.72,1.01,43.86,12,862,139,7
0.25,1.03,0.05,1.10,5.25,-52.37,1.06,52.64,11,866,137,8
0.39,0.75,-0.04,1.16,8.73,-51.39,0.84,52.14,10,871,132,8
0.39,0.82,-0.04,11.47,-1.83,-18.49,0.91,21.84,9,876,132,8
0.32,1.49,0.02,10.56,-3.72,-27.89,1.53,30.06,8,874,128,8
0.27,2.00,0.01,8.67,0.85,-99.18,2.02,99.56,7,876,113,8
0.20,2.13,0.07,13.98,5.98,-201.48,2.14,202.05,6,866,88,7
0.13,1.87,0.26,7.87,23.38,-294.07,1.89,295.10,2,836,48,3
0.71,1.09,0.17,7.08,49.26,-319.82,1.31,323.67,0,0,18,3
-0.25,0.36,0.48,21.67,40.59,-226.38,0.65,231.01,0,0,8,27
-0.98,-0.56,-0.29,103.70,13.49,27.34,1.17,108.09,0,0,5,25
-0.80,0.16,0.16,69.09,-53.16,69.95,0.83,111.77,0,0,3,27
-0.90,-0.10,-0.13,86.12,-54.44,121.34,0.91,158.44,0,0,3,26
-0.66,0.34,-0.13,32.65,-54.63,149.17,0.75,162.18,0,0,3,27
-0.29,0.49,-0.18,19.17,-33.02,160.34,0.60,164.82,0,0,3,25
0.15,0.85,-0.14,-16.05,-8.54,150.70,0.87,151.79,0,0,1,23
0.38,0.94,-0.07,-24.23,15.44,98.27,1.02,102.38,0,0,1,21
0.40,0.91,-0.15,-39.06,55.66,74.65,1.00,100.98,0,0,4,19
0.59,1.16,-0.08,-60.97,103.52,93.63,1.31,152.31,0,0,2,20
0.92,1.03,-0.25,-50.23,129.52,104.13,1.40,173.61,0,0,2,18
1.23,1.12,-0.30,-71.11,115.48,93.14,1.69,164.52,0,0,2,17
1.53,1.42,-0.24,-51.09,76.60,67.69,2.10,114.28,0,0,1,14
1.57,1.12,-0.31,-4.39,0.31,60.67,1.95,60.83,0,0,1,13
1.29,0.85,-0.25,0.24,-44.31,63.90,1.56,77.76,0,0,2,14
1.01,0.87,-0.18,-8.18,-57.74,41.93,1.35,71.83,0,0,3,13
0.84,0.88,-0.10,-10.68,-43.46,2.99,1.22,44.85,0,0,2,13
0.72,0.82,-0.00,-23.68,-14.28,-10.19,1.09,29.47,0,0,2,12
0.85,1.00,0.03,-10.07,5.68,-25.21,1.32,27.73,0,0,2,12
0.88,0.92,-0.13,7.57,-3.91,-43.88,1.28,44.70,0,0,2,12
0.63,0.99,-0.14,-0.55,-27.89,-44.98,1.18,52.93,0,0,3,13
0.41,1.09,-0.15,1.10,-23.32,-25.94,1.17,34.90,0,0,3,13
0.43,1.07,0.06,18.68,-25.63,15.50,1.15,35.30,0,0,3,13
-0.24,1.47,-0.09,101.62,-5.00,72.57,1.49,124.98,1,701,11,8
0.11,1.11,0.24,-21.30,-43.52,47.55,1.14,67.88,3,764,35,7
0.28,0.62,-0.25,33.14,-10.50,85.82,0.72,92.59,7,791,70,7
0.20,1.06,-0.02,1.28,-1.59,46.63,1.08,46.68,15,787,94,6
0.17,1.24,-0.07,-12.51,1.59,24.05,1.25,27.15,21,786,111,7
0.18,1.00,-0.03,-2.08,0.55,7.81,1.01,8.10,27,779,119,9
0.16,1.05,-0.01,-1.59,0.73,5.07,1.06,5.36,32,781,120,8
0.20,0.91,-0.04,-2.08,1.34,13.49,0.93,13.71,35,776,124,7
0.18,0.96,-0.05,3.48,-1.65,28.02,0.97,28.28,41,766,127,5
0.16,0.95,-0.03,13.43,1.22,39.43,0.96,41.67,54,747,126,5
0.09,1.23,-0.04,22.89,-1.83,43.27,1.23,48.99,75,731,125,8
0.04,1.04,0.10,31.07,-4.70,18.74,1.05,36.58,92,722,124,7
0.05,1.07,0.08,1.34,0.24,-2.26,1.07,2.64,100,723,121,9
0.09,1.01,0.00,-5.86,1.53,-19.23,1.01,20.16,76,740,124,8
0.13,0.93,-0.01,-7.51,3.54,-18.13,0.94,19.94,71,753,124,7
0.12,0.99,-0.02,-4.94,2.75,-11.05,0.99,12.41,60,765,117,8
0.12,1.00,-0.00,0.06,2.01,-12.57,1.00,12.73,55,776,121,8
0.12,1.03,-0.01,-0.37,2.08,-18.31,1.04,18.43,50,783,123,8
0.13,1.01,0.02,-1.77,1.77,-23.74,1.01,23.87,45,792,124,7
0.17,0.93,-0.01,-1.95,2.62,-24.66,0.95,24.87,41,796,123,6
0.18,0.95,-0.03,-0.18,1.77,-22.03,0.96,22.11,40,797,126,7
0.19,0.85,-0.02,3.48,0.49,-15.75,0.87,16.13,40,796,124,8
0.19,0.91,0.00,2.32,0.18,-5.43,0.93,5.91,41,800,124,7
0.19,1.02,-0.02,3.66,0.43,-1.83,1.04,4.12,42,801,127,8
0.21,0.85,-0.04,15.56,0.31,2.50,0.88,15.77,42,800,125,8
0.18,0.98,0.00,25.88,-3.48,20.14,1.00,32.98,41,797,123,6
0.12,1.22,0.07,28.69,-2.26,5.43,1.23,29.28,41,802,119,7
0.13,0.98,0.13,23.38,3.11,-19.59,1.00,30.66,33,805,122,9
0.13,1.33,0.12,0.73,9.52,-41.93,1.34,43.00,23,826,115,7
0.03,1.80,0.13,-25.02,17.03,-101.99,1.80,106.39,13,856,108,5
-0.00,1.90,0.07,-33.51,24.84,-193.24,1.90,197.69,7,869,95,5
0.02,1.52,0.11,-19.10,38.39,-281.07,1.53,284.32,3,865,64,4
0.34,1.90,0.19,1.95,62.01,-319.82,1.94,325.79,0,0,26,3
-0.41,0.77,0.28,126.83,78.25,-247.01,0.92,288.48,0,0,14,29
-0.36,-0.68,-0.71,60.30,16.17,30.03,1.05,69.28,0,0,5,23
-1.38,0.82,0.27,82.40,-46.39,61.04,1.63,112.54,0,0,4,23
-0.64,0.00,-0.31,25.51,-24.48,94.85,0.71,101.22,0,0,3,23
-0.45,0.57,-0.12,6.96,-12.08,113.46,0.74,114.32,0,0,3,24
-0.09,0.70,-0.20,8.73,2.08,106.93,0.73,107.31,0,0,4,21
0.17,0.61,-0.30,-6.16,4.03,72.88,0.70,73.25,0,0,4,20
0.37,0.71,-0.21,-47.67,20.51,42.66,0.83,67.18,0,0,2,17
0.48,0.89,-0.18,-67.38,2.08,32.84,1.03,74.99,0,0,1,17
0.61,1.10,-0.01,-82.52,16.24,69.64,1.26,109.19,0,0,2,18
1.09,1.18,-0.07,-71.17,61.46,99.79,1.61,137.12,0,0,2,18
1.30,1.11,-0.04,-37.29,69.52,90.09,1.70,119.75,0,0,3,17
1.58,0.90,-0.09,-48.52,33.33,65.06,1.82,87.74,0,0,3,15
1.43,0.87,0.01,-64.21,-32.59,29.11,1.68,77.67,0,0,1,14
0.92,1.07,0.25,-56.15,-54.93,26.31,1.44,82.84,0,0,3,12
0.82,1.10,0.16,38.33,-5.62,37.23,1.38,53.73,0,0,3,10
0.96,0.63,-0.27,77.88,46.57,2.99,1.18,90.79,0,0,2,10
0.97,0.54,-0.34,32.04,67.63,-27.22,1.16,79.63,0,0,3,9
0.91,0.83,-0.26,18.86,65.37,-37.78,1.26,77.82,1,655,2,12
1.00,1.01,-0.25,19.71,49.56,-56.46,1.45,77.67,1,705,2,10
0.93,0.98,-0.17,41.75,-10.86,-51.03,1.36,66.82,1,737,0,10
0.10,0.92,0.02,19.17,-77.15,-60.12,0.93,99.67,1,749,8,6
0.63,1.55,-0.46,86.79,-7.32,138.79,1.73,163.86,2,814,31,5
0.23,1.17,0.29,31.37,-13.31,141.42,1.23,145.47,4,849,73,5
0.03,1.70,0.20,-8.73,-4.94,99.30,1.71,99.81,8,839,97,5
0.18,1.34,-0.09,-10.99,3.11,55.97,1.35,57.12,13,822,113,7
0.15,1.22,-0.01,8.00,-0.92,30.33,1.23,31.38,18,806,124,7
0.13,0.96,0.10,3.78,-0.49,8.73,0.97,9.53,24,796,122,7
0.17,1.03,-0.03,-2.99,0.85,-1.34,1.05,3.39,27,795,130,9
0.15,1.04,0.01,2.99,0.12,-7.02,1.06,7.63,29,794,131,8
0.16,1.01,-0.01,8.48,0.55,-6.35,1.03,10.61,29,798,129,9
0.17,1.08,-0.05,14.89,1.04,-5.98,1.10,16.08,25,810,132,9
0.18,0.89,0.03,29.60,-0.61,-10.13,0.91,31.29,21,823,131,9
0.17,1.00,0.04,19.59,-0.73,-5.37,1.02,20.33,18,833,130,7
0.17,0.95,0.05,22.22,-0.92,-10.01,0.97,24.38,16,833,123,9
0.19,0.85,0.07,14.83,0.24,-7.87,0.87,16.79,15,833,128,7
0.19,0.99,0.04,6.29,0.31,-3.91,1.01,7.41,14,837,121,8
0.18,1.05,0.04,9.64,-0.31,-13.00,1.07,16.19,13,840,123,8
0.18,0.89,0.11,4.09,0.98,-16.30,0.92,16.83,13,844,125,8
0.22,1.03,0.04,-1.71,1.71,-18.13,1.05,18.29,13,851,127,9
0.21,1.03,0.06,4.70,1.77,-26.49,1.05,26.96,12,853,123,8
0.24,0.81,0.09,6.53,2.87,-27.28,0.85,28.20,12,850,131,8
0.26,0.95,0.05,-6.41,3.60,-20.32,0.99,21.61,12,856,130,8
0.27,0.96,0.02,-1.40,2.26,-23.93,1.00,24.07,13,854,132,8
0.26,0.77,0.14,-1.77,2.26,-18.43,0.83,18.65,15,844,132,7
0.27,1.14,0.05,-17.94,4.33,-13.67,1.17,22.97,16,849,135,8
0.29,1.39,-0.04,-7.14,5.31,-41.99,1.42,42.92,14,859,131,8
0.33,1.02,-0.03,16.11,0.67,-66.35,1.07,68.28,11,864,129,8
0.25,1.43,0.12,14.59,4.21,-97.05,1.46,98.23,9,876,119,8
0.18,1.58,0.19,7.08,15.20,-160.03,1.60,160.91,6,882,110,7
0.30,1.61,0.27,0.24,33.51,-231.75,1.66,234.16,3,861,76,4
0.55,1.40,0.14,0.24,55.85,-268.74,1.51,274.48,1,794,34,3
0.61,1.25,0.12,4.58,48.46,-219.24,1.39,224.58,0,0,15,20
-0.39,-0.44,-0.46,112.79,11.29,-15.26,0.75,114.38,0,0,6,23
-1.04,0.29,-0.03,14.34,-67.20,13.24,1.08,69.98,0,0,3,23
-0.93,0.18,-0.19,65.80,-39.25,93.81,0.97,121.12,0,0,2,24
-0.61,0.09,-0.28,5.43,-21.06,137.02,0.67,138.74,0,0,3,22
-0.35,0.59,-0.13,-17.82,-8.06,141.72,0.70,143.07,0,0,1,22
-0.10,0.79,-0.12,-41.32,9.46,132.93,0.81,139.53,0,0,3,21
0.16,1.04,-0.00,-39.92,44.01,108.09,1.06,123.35,0,0,1,19
0.27,1.03,-0.14,-38.02,51.09,75.62,1.07,98.87,0,0,1,16
0.73,1.07,-0.18,-61.22,66.65,76.60,1.31,118.56,0,0,3,16
1.28,1.30,-0.13,-70.92,47.67,100.77,1.83,132.12,0,0,1,16
1.50,1.44,-0.03,-48.03,18.49,120.42,2.07,130.96,0,0,0,18
1.35,1.20,-0.05,-4.70,-14.89,122.31,1.81,123.31,0,0,2,16
1.20,0.81,0.00,1.04,-32.41,105.16,1.45,110.05,0,0,2,15
1.14,0.97,0.09,-28.38,-26.37,52.49,1.50,65.24,0,0,1,16
0.62,1.02,-0.13,-0.79,-7.75,2.87,1.20,8.30,0,0,1,16
0.61,0.70,-0.04,16.54,12.51,-23.25,0.94,31.16,0,0,2,16
0.57,0.82,0.02,-7.02,21.18,-33.45,1.00,40.21,0,0,1,15
0.58,0.95,0.05,8.79,25.63,-62.87,1.12,68.46,0,0,3,15
0.55,0.81,-0.02,10.38,31.31,-81.12,0.99,87.57,0,0,2,15
0.66,0.96,-0.02,16.85,43.82,-67.38,1.17,82.13,0,0,4,14
0.96,0.91,-0.11,53.04,45.23,-54.50,1.33,88.48,1,661,1,10
1.03,0.79,-0.22,57.19,12.27,-62.87,1.31,85.87,1,725,10,9
0.98,1.23,-0.11,-27.65,-22.16,146.61,1.58,150.83,2,836,48,5
0.07,1.74,-0.21,17.94,-11.41,173.10,1.76,174.40,7,857,83,6
0.12,1.12,-0.04,48.77,-6.04,83.86,1.13,97.20,14,802,105,7
0.13,0.84,0.11,16.60,-2.75,47.55,0.85,50.44,23,778,116,8
0.10,1.15,-0.01,-22.46,-1.34,35.58,1.16,42.10,34,771,118,9
0.11,1.25,-0.04,-21.91,-1.95,20.75,1.25,30.24,53,759,126,7
0.09,1.22,-0.03,-9.52,-2.81,-2.99,1.22,10.37,65,752,124,8
0.09,1.06,0.02,-4.09,-1.28,-13.92,1.07,14.56,69,754,125,9
0.08,1.21,-0.01,-3.91,0.24,-38.27,1.21,38.47,62,764,123,8
0.17,0.91,-0.05,4.88,2.62,-35.28,0.92,35.71,51,780,123,8
0.18,0.87,-0.02,5.62,2.20,-23.19,0.89,23.96,43,792,122,8
0.18,0.88,0.02,5.80,2.14,-10.68,0.90,12.34,40,795,124,9
0.19,0.96,-0.02,5.62,1.71,-1.46,0.98,6.05,38,797,124,8
0.18,0.93,-0.01,10.93,0.24,-2.20,0.94,11.15,38,792,123,10
0.14,1.00,0.07,2.44,0.24,0.12,1.01,2.46,39,793,123,8
0.17,1.12,-0.01,-5.86,2.99,-8.54,1.13,10.78,37,799,129,8
0.17,1.14,-0.01,1.04,2.50,-26.61,1.15,26.75,35,810,127,8
0.19,0.85,0.03,0.49,4.21,-35.58,0.87,35.84,30,816,125,8
0.24,0.88,-0.00,-8.85,4.64,-20.20,0.91,22.54,26,834,126,7
0.24,1.04,-0.03,0.18,3.30,-19.47,1.07,19.75,24,842,130,7
0.22,0.96,0.03,4.03,3.42,-26.00,0.98,26.53,22,851,131,10
0.24,1.00,-0.00,-3.78,5.68,-29.72,1.03,30.50,18,865,126,8
0.29,0.86,-0.05,-2.62,5.49,-30.52,0.91,31.12,16,867,129,9
0.34,0.71,-0.09,7.81,2.50,-14.40,0.79,16.58,15,869,130,9
0.30,0.93,-0.03,19.47,-0.31,7.08,0.98,20.72,14,870,126,8
0.25,1.14,0.02,24.84,-1.89,1.95,1.16,24.99,15,867,128,9
0.27,1.09,0.02,25.45,-0.98,-14.53,1.12,29.32,14,868,128,8
0.29,1.17,0.01,22.95,-0.37,-34.91,1.21,41.78,11,872,127,8
0.20,1.65,0.07,24.29,0.31,-79.59,1.67,83.22,7,874,120,7
0.05,1.94,0.24,16.24,7.75,-168.03,1.95,168.99,5,875,104,6
0.04,1.75,0.23,8.30,28.50,-267.46,1.77,269.10,2,846,75,4
0.57,1.74,0.14,17.70,57.98,-315.12,1.84,320.90,0,0,33,4
-0.47,0.90,0.32,93.08,48.40,-223.63,1.06,247.02,0,0,12,22
-0.23,-0.70,-0.86,77.09,-14.16,-1.53,1.13,78.39,0,0,4,24
-1.41,0.69,0.10,26.00,-112.37,53.65,1.57,127.20,0,0,4,25
-0.89,-0.49,-0.55,85.33,-75.20,107.73,1.15,156.65,0,0,4,26
-0.77,0.49,-0.10,-27.22,-18.25,147.95,0.92,151.54,0,0,3,24
-0.01,0.70,-0.12,-45.65,24.84,149.78,0.71,158.54,0,0,2,22
0.45,0.88,-0.07,-70.31,24.35,113.10,1.00,135.38,0,0,3,19
0.52,0.99,0.09,-73.12,16.60,70.43,1.12,102.87,0,0,3,18
0.44,1.11,0.19,-81.91,24.72,65.61,1.21,107.82,0,0,1,19
0.74,1.21,0.15,-64.03,65.31,85.94,1.43,125.50,0,0,2,17
1.18,1.08,0.01,-52.25,82.40,92.77,1.60,134.63,0,0,2,15
1.28,1.10,-0.02,-47.30,61.16,80.20,1.68,111.40,0,0,1,16
1.29,0.95,-0.05,-37.17,28.26,68.24,1.60,82.68,0,0,1,14
1.26,1.05,0.01,-19.41,-1.04,60.79,1.64,63.82,0,0,0,11
1.24,0.88,-0.07,8.61,15.56,32.47,1.52,37.02,0,0,2,14
0.97,0.62,-0.25,4.64,-0.43,-2.99,1.18,5.54,0,0,1,14
0.84,0.79,-0.10,-28.14,-6.84,-13.24,1.16,31.84,0,0,2,11
0.83,0.95,-0.03,-16.85,-4.76,-34.30,1.27,38.51,0,0,2,7
0.92,0.83,-0.16,0.79,3.36,-54.75,1.25,54.86,0,0,3,7
1.16,0.95,-0.13,7.26,5.43,-68.12,1.50,68.72,1,675,1,7
1.34,0.68,-0.17,47.67,-23.99,-69.82,1.52,87.88,1,723,2,9
-2.22,1.01,0.29,86.49,-75.44,-2.38,2.45,114.79,1,788,22,4
0.18,1.92,0.28,52.67,-16.36,130.49,1.95,141.67,4,845,71,6
-0.09,1.84,0.37,23.44,-15.99,162.11,1.88,164.57,10,819,98,7
0.02,1.13,0.34,29.66,-7.75,102.11,1.18,106.62,21,790,112,8
0.05,1.21,0.10,1.59,-1.71,65.25,1.21,65.29,35,781,123,8
0.04,1.45,-0.01,-2.50,-2.26,18.37,1.45,18.68,48,774,132,10
0.04,1.15,0.09,7.63,-2.01,-24.23,1.16,25.48,54,772,126,10
0.08,1.13,0.01,-6.77,1.16,-40.89,1.13,41.47,45,781,127,9
0.10,1.13,-0.00,4.09,1.40,-55.73,1.13,55.89,34,799,128,9
0.16,0.86,0.04,10.93,2.75,-53.53,0.88,54.70,24,816,129,10
0.20,0.86,0.02,10.56,1.83,-38.70,0.88,40.15,19,831,130,10
0.20,0.88,0.05,7.02,1.40,-28.44,0.91,29.33,17,831,128,9
0.22,0.83,0.06,2.87,2.26,-22.22,0.86,22.51,17,832,129,10
0.23,0.74,0.09,-9.09,2.50,-6.71,0.78,11.58,19,822,129,7
0.24,0.92,0.02,-18.92,4.21,7.87,0.95,20.92,21,817,128,9
0.25,1.01,-0.04,-7.02,3.72,12.02,1.04,14.41,24,809,124,8
0.21,0.98,0.03,4.52,1.59,11.60,1.01,12.55,25,807,125,5
0.20,0.91,0.03,4.15,2.08,11.78,0.93,12.66,25,810,126,10
0.22,0.83,0.02,1.89,4.52,24.60,0.85,25.08,23,817,126,7
0.16,1.14,0.01,2.20,2.62,29.30,1.15,29.50,22,825,125,10
0.14,1.11,0.05,15.14,3.23,10.50,1.12,18.70,20,838,123,9
0.17,0.92,0.05,14.34,4.15,-3.11,0.93,15.25,18,841,120,10
0.18,0.96,0.03,6.41,1.83,-2.56,0.97,7.14,17,845,126,12
0.16,0.99,0.06,7.39,0.37,-5.62,1.00,9.28,18,838,126,12
0.17,1.01,0.04,4.27,-0.12,-8.24,1.02,9.28,18,838,130,11
0.17,1.10,0.04,9.52,-0.43,-14.10,1.12,17.02,18,841,129,11
0.18,0.94,0.06,15.26,-0.31,-25.76,0.96,29.94,18,841,125,11
0.23,0.81,0.04,15.20,-0.55,-19.53,0.84,24.75,17,836,124,12
0.24,0.96,0.03,14.83,-3.91,-8.91,0.99,17.74,16,828,129,12
0.24,0.83,0.09,25.27,-4.52,-10.56,0.87,27.76,17,815,127,12
0.19,0.78,0.19,14.89,-2.14,4.64,0.83,15.74,19,808,128,11
0.21,1.05,0.08,-0.24,0.24,10.68,1.07,10.69,21,809,126,12
0.12,1.36,0.24,-9.52,0.98,-9.46,1.39,13.46,21,816,123,9
0.09,1.98,0.18,-17.64,12.39,-69.70,1.99,72.96,14,846,118,8
-0.07,2.21,0.18,-23.25,22.95,-187.62,2.22,190.45,7,868,105,9
-0.24,2.17,0.10,0.61,33.75,-313.05,2.19,314.86,2,841,80,6
0.36,1.65,0.01,39.55,58.72,-377.62,1.69,384.20,0,0,30,2
-1.00,0.30,-0.05,140.56,42.30,-121.89,1.05,190.80,0,0,14,21
-0.61,-0.82,-0.44,72.81,-82.21,-33.08,1.11,114.70,0,0,5,23
-1.17,0.00,-0.14,84.23,-71.23,88.13,1.18,141.19,0,0,5,22
-0.71,-0.04,-0.19,36.62,-22.95,128.60,0.74,135.67,0,0,5,23
-0.11,0.53,-0.00,8.48,11.66,135.50,0.54,136.26,0,0,7,23
0.45,0.65,-0.02,-4.03,7.14,126.95,0.79,127.22,0,0,3,20
0.73,0.85,0.16,-34.67,-1.89,94.97,1.13,101.12,0,0,3,20
0.57,0.92,0.20,-51.39,7.69,61.95,1.10,80.86,0,0,3,17
0.49,1.19,0.23,-57.31,61.22,57.56,1.31,101.71,0,0,2,15
1.07,1.05,0.00,-28.20,96.44,69.89,1.50,122.39,0,0,1,16
1.15,1.01,-0.05,-29.60,38.88,50.29,1.53,70.12,0,0,2,16
0.75,1.07,0.12,-38.33,41.38,46.88,1.31,73.34,0,0,2,17
0.93,0.87,0.06,-38.76,62.56,37.41,1.27,82.56,0,0,3,15
1.00,0.78,0.12,-58.65,47.55,24.29,1.28,79.32,0,0,1,14
0.82,1.39,0.20,-42.79,40.10,28.69,1.62,65.28,0,0,3,13
0.94,0.97,0.12,55.24,55.79,34.06,1.36,85.58,0,0,3,12
1.24,0.58,-0.23,71.78,69.15,24.41,1.39,102.62,0,0,2,10
1.45,0.58,-0.31,29.17,62.50,-9.03,1.60,69.56,0,0,4,9
1.31,0.75,-0.27,5.86,44.25,-60.67,1.54,75.32,1,665,3,8
1.04,0.82,-0.34,-1.04,22.64,-75.81,1.37,79.12,1,712,2,10
0.57,0.65,-0.21,-9.40,-10.74,-85.33,0.89,86.51,1,720,4,13
0.24,1.23,0.37,22.83,-31.74,105.83,1.30,112.82,1,764,23,4
0.49,0.48,-0.23,46.20,-22.09,152.77,0.73,161.13,2,833,66,5
-0.11,2.22,0.16,19.17,-21.97,165.16,2.23,167.71,5,874,91,7
0.06,1.36,0.23,33.33,-8.85,87.95,1.38,94.47,7,867,109,7
0.08,1.13,0.20,2.38,-3.66,47.55,1.15,47.75,11,842,119,8
0.14,1.07,0.07,-13.98,1.10,14.16,1.08,19.93,15,824,122,9
0.15,1.18,-0.05,-22.52,1.10,-2.81,1.19,22.72,19,818,127,7
0.17,1.01,-0.02,2.69,-0.85,-12.76,1.02,13.06,21,812,129,7
0.15,1.17,-0.03,5.37,-1.34,-10.19,1.18,11.60,22,817,129,8
0.15,1.02,0.06,17.15,-0.98,-17.94,1.03,24.84,20,823,127,7
0.17,0.99,0.04,13.85,1.59,-24.54,1.00,28.22,16,844,129,8
0.18,1.05,0.04,10.07,2.99,-26.31,1.07,28.33,13,855,127,10
0.19,0.96,0.06,12.51,2.69,-31.07,0.98,33.60,11,859,123,8
0.23,0.83,0.07,5.92,4.58,-28.44,0.86,29.41,9,866,118,9
0.27,0.83,0.01,3.54,3.42,-18.31,0.87,18.96,8,867,123,8
0.26,0.79,0.04,6.77,0.92,-5.98,0.83,9.08,8,870,122,8
0.25,0.81,0.07,2.56,-0.49,14.95,0.85,15.18,9,868,124,8
0.22,1.17,0.01,-0.06,-0.31,12.63,1.19,12.64,9,865,121,8
0.20,1.11,0.06,12.51,-0.43,-4.09,1.13,13.17,10,859,122,8
0.20,1.05,0.13,8.30,0.18,-20.94,1.08,22.52,10,860,125,8
0.21,1.10,0.10,-4.94,3.60,-38.45,1.12,38.94,9,866,122,7
0.26,1.05,0.05,-8.36,6.77,-56.70,1.08,57.71,9,873,126,8
0.31,0.85,0.04,-3.30,8.30,-59.33,0.91,59.99,9,873,127,9
0.33,0.91,0.03,-7.69,7.08,-51.57,0.97,52.62,8,886,127,7
0.34,0.97,0.01,-5.07,6.84,-55.85,1.03,56.49,8,886,125,8
0.43,0.70,0.01,3.17,4.70,-40.83,0.82,41.22,8,886,129,9
0.43,0.88,0.01,1.40,2.56,-28.32,0.98,28.47,8,883,130,8
0.34,1.12,0.13,-3.85,3.54,-40.10,1.17,40.44,9,877,124,9
0.23,1.64,0.44,-45.84,17.46,-91.55,1.71,103.86,10,870,118,7
0.18,2.01,0.33,-100.10,51.39,-199.22,2.05,228.80,10,862,95,6
0.41,2.31,0.24,-87.34,88.32,-318.66,2.36,342.02,6,848,58,4
0.37,1.86,0.10,3.91,117.25,-359.86,1.90,378.50,1,810,23,3
0.20,1.50,-0.26,59.63,104.13,-318.42,1.54,340.28,0,0,15,15
-0.88,-0.41,-0.64,136.90,85.69,-143.80,1.16,216.25,0,0,5,19
0.23,0.28,-0.34,46.69,-109.80,57.43,0.49,132.42,0,0,3,17
-0.53,0.78,-0.16,148.74,-129.03,53.53,0.95,204.05,0,0,3,20
-0.48,0.18,-0.60,181.21,-111.63,107.12,0.79,238.27,0,0,3,21
-0.49,0.42,-0.47,87.46,-94.79,170.78,0.80,214.01,0,0,3,19
-0.39,0.85,-0.35,47.61,-45.59,209.11,1.00,219.25,0,0,3,20
-0.29,0.84,-0.42,35.34,7.02,213.99,0.99,217.00,0,0,4,19
-0.29,1.18,-0.37,9.46,43.40,245.42,1.27,249.41,0,0,3,21
0.11,1.20,-0.42,1.59,58.17,266.91,1.27,273.18,0,0,2,22
0.28,1.56,-0.24,-18.19,24.23,259.77,1.60,261.53,0,0,3,22
-0.03,1.65,-0.23,4.03,1.71,259.34,1.66,259.38,0,0,1,22
0.01,1.53,-0.22,-16.54,35.28,261.29,1.55,264.18,0,0,3,20
0.45,1.75,-0.15,-78.43,66.53,254.09,1.82,274.11,0,0,2,20
0.62,2.13,0.10,-99.37,62.32,235.78,2.22,263.34,0,0,3,18
1.04,2.17,0.13,-79.22,66.83,219.48,2.41,242.73,0,0,3,18
1.37,2.09,-0.16,-22.77,78.80,165.22,2.51,184.46,0,0,2,17
2.03,0.94,-0.70,5.55,66.16,100.04,2.34,120.06,0,0,2,19
2.77,3.72,0.79,-117.61,39.43,-8.48,4.71,124.34,0,0,4,37
-0.25,0.56,0.31,100.34,-8.67,-209.05,0.69,232.04,0,0,7,102
-0.15,1.64,-0.04,27.89,-5.19,-228.70,1.64,230.45,0,0,8,146
0.08,1.58,0.09,35.89,36.87,-160.28,1.59,168.33,1,179,9,164
0.14,0.80,0.23,-7.45,50.78,-58.84,0.85,78.08,4,242,10,159
-0.02,1.17,-0.02,-45.04,-7.57,-60.36,1.17,75.70,16,282,8,157
-0.03,1.05,-0.01,-11.60,0.55,-28.75,1.05,31.00,49,314,12,150
0.08,1.14,0.06,10.68,-1.83,-21.12,1.14,23.74,132,352,12,148
-0.02,0.99,0.01,22.40,-2.08,-9.16,1.00,24.29,210,412,23,134
0.01,0.96,0.05,15.01,1.10,-7.63,0.96,16.88,344,443,31,128
-0.00,0.96,0.06,9.40,1.16,-6.47,0.96,11.47,487,463,37,113
0.00,0.97,0.04,6.53,1.77,-7.02,0.97,9.75,508,483,49,100
0.02,0.99,0.03,6.96,1.71,-7.51,0.99,10.38,467,496,53,79
0.01,0.97,0.05,5.49,1.40,-7.57,0.97,9.46,392,511,61,65
0.03,0.97,0.06,1.83,0.67,-6.90,0.98,7.17,486,522,66,51
0.02,0.97,0.06,-0.61,-0.24,-7.14,0.98,7.17,445,537,74,43
0.02,1.02,0.03,-4.33,-1.04,-10.80,1.02,11.69,554,553,79,36
0.03,1.00,0.05,-2.38,-1.34,-14.89,1.00,15.14,726,578,84,28
0.03,1.04,0.03,-1.22,-2.32,-20.26,1.05,20.43,644,616,93,23
0.05,1.01,0.05,5.13,-0.73,-29.85,1.01,30.29,306,655,100,19
0.07,1.00,0.06,0.79,1.53,-32.47,1.00,32.52,332,683,108,16
0.07,1.02,0.06,-2.62,2.87,-35.95,1.03,36.16,192,705,112,14
0.12,0.95,0.05,-2.87,3.30,-34.55,0.96,34.82,149,725,119,13
0.12,0.96,0.05,-4.15,3.36,-31.80,0.97,32.24,92,758,122,9
0.15,0.97,0.04,-4.64,4.52,-30.33,0.98,31.02,72,773,123,9
0.16,0.99,0.04,-6.10,4.70,-30.09,1.00,31.06,64,779,124,7
0.16,1.02,0.05,-7.14,4.94,-35.71,1.03,36.75,57,790,123,9
0.19,0.98,0.06,-11.05,7.45,-39.79,1.00,41.97,48,799,127,8
0.21,1.04,0.00,-16.60,7.51,-45.72,1.06,49.21,39,816,128,9
0.20,1.13,0.02,-15.93,7.87,-66.41,1.15,68.74,30,834,125,8
0.19,1.36,0.01,-16.97,9.70,-104.80,1.38,106.60,24,858,121,5
0.16,1.42,0.09,-25.27,16.42,-157.78,1.44,160.63,18,859,113,8
0.24,1.60,0.09,-41.63,34.12,-219.12,1.62,225.63,11,857,86,6
0.46,1.77,0.07,-51.27,49.26,-270.08,1.83,279.28,5,857,38,4
0.30,1.86,0.23,-11.54,59.94,-281.01,1.90,287.56,1,810,19,1
-0.10,1.23,-0.01,66.77,66.89,-292.85,1.23,307.72,0,0,9,12
0.03,1.15,-0.10,139.77,90.76,-228.39,1.16,282.73,0,0,7,20
0.37,0.40,-0.44,160.83,44.86,-78.98,0.70,184.70,0,0,5,20
-0.10,0.60,-0.32,75.26,-90.88,78.00,0.69,141.45,0,0,4,16
-0.19,0.77,-0.15,103.21,-125.73,128.48,0.81,207.29,0,0,3,18
-0.28,0.74,-0.22,117.25,-95.58,132.32,0.83,200.98,0,0,3,18
-0.28,0.60,-0.32,122.19,-37.41,169.86,0.74,212.56,0,0,4,21
-0.17,0.51,-0.45,77.76,24.23,206.05,0.70,221.57,0,0,3,21
-0.03,0.78,-0.42,13.06,75.01,214.42,0.88,227.53,0,0,3,21
0.11,1.09,-0.32,-10.86,107.85,206.91,1.14,233.58,0,0,2,19
0.15,1.24,-0.25,2.75,130.92,197.57,1.27,237.03,0,0,1,20
0.31,1.26,-0.26,15.20,158.02,180.79,1.33,240.59,0,0,2,19
0.78,1.59,-0.17,35.28,176.45,162.11,1.78,242.20,0,0,2,18
2.05,1.19,-0.39,60.55,112.00,144.23,2.40,192.38,1,631,1,16
2.78,1.44,-0.13,60.36,30.40,65.55,3.14,94.15,1,687,2,15
2.34,0.52,-0.49,95.46,28.44,-16.05,2.45,100.89,1,698,2,18
2.82,0.14,-0.49,-13.79,92.77,-53.10,2.87,107.78,1,726,13,17
-0.23,2.01,0.11,-152.28,-18.55,9.22,2.03,153.69,1,786,34,10
0.52,0.66,-0.39,5.74,10.62,-29.42,0.93,31.80,3,800,63,15
0.22,1.09,-0.05,0.98,-6.04,-4.70,1.12,7.72,4,806,84,14
0.21,0.79,0.11,9.70,-5.49,-10.01,0.82,14.98,6,786,95,15
0.18,0.81,0.18,-20.69,-0.79,4.21,0.85,21.13,8,794,104,13
0.23,0.95,0.00,-24.96,1.28,14.16,0.98,28.73,10,817,106,12
0.20,1.06,0.00,-6.65,0.24,15.26,1.08,16.65,13,805,113,12
0.17,1.02,0.07,7.57,0.00,12.08,1.04,14.26,16,801,118,10
0.15,1.05,0.09,3.42,1.10,2.75,1.07,4.52,17,802,121,10
0.17,0.99,0.08,-3.42,1.95,-3.66,1.01,5.38,16,813,122,10
0.18,1.04,0.03,-4.21,2.01,-9.95,1.06,10.99,15,836,121,11
0.19,0.96,0.06,-3.78,2.50,-16.97,0.98,17.56,13,852,122,7
0.19,1.03,0.04,-7.63,2.69,-20.51,1.05,22.05,11,859,122,8
0.21,0.98,0.03,-3.78,2.99,-27.34,1.01,27.77,10,866,121,10
0.23,0.92,0.03,0.79,2.93,-26.98,0.95,27.15,9,865,118,8
0.25,0.92,0.04,3.36,2.32,-23.01,0.95,23.37,9,869,120,8
0.26,0.90,0.04,3.30,2.38,-19.96,0.94,20.37,8,869,124,7
0.27,0.84,0.06,3.54,1.71,-14.83,0.89,15.34,9,868,122,8
0.27,0.86,0.06,-6.23,1.53,-6.71,0.91,9.28,10,862,124,8
0.26,0.95,0.05,-14.40,2.50,-2.69,0.99,14.86,12,855,124,9
0.26,1.08,0.01,-17.27,3.60,-4.52,1.11,18.21,13,862,124,8
0.26,1.06,0.02,-8.91,3.85,-16.78,1.10,19.39,13,861,126,7
0.24,1.15,0.04,-9.77,5.43,-32.90,1.17,34.74,13,870,125,8
0.24,1.24,0.05,-21.55,9.70,-74.04,1.27,77.72,11,877,122,7
0.24,1.63,-0.04,-20.14,12.70,-129.82,1.65,131.99,9,881,115,7
0.27,1.68,-0.06,-3.60,13.06,-206.24,1.70,206.68,7,876,102,7
0.36,1.90,0.37,-38.27,31.31,-282.35,1.97,286.65,5,858,57,4
0.57,1.95,0.20,-72.63,61.22,-319.21,2.04,333.05,1,809,23,2
-0.19,2.53,0.43,-34.61,60.42,-312.01,2.58,319.69,0,0,9,5
-0.83,0.27,-0.55,172.00,54.44,-181.76,1.03,256.10,0,0,5,15
-0.38,0.42,-0.38,63.11,-59.08,49.01,0.68,99.38,0,0,4,15
-0.54,0.84,-0.01,53.28,-124.82,122.92,1.00,183.11,0,0,2,18
-0.58,0.78,-0.01,118.90,-109.31,200.50,0.98,257.46,0,0,2,19
-0.24,0.35,-0.45,130.31,-91.13,240.05,0.61,287.94,0,0,3,23
-0.15,0.45,-0.44,55.24,-73.55,246.09,0.65,262.72,0,0,3,21
-0.10,0.88,-0.28,3.85,-39.73,233.28,0.93,236.67,0,0,1,22
-0.06,0.97,-0.25,-6.65,17.21,237.43,1.01,238.14,0,0,2,21
0.09,1.10,-0.34,-30.21,102.17,231.57,1.16,254.90,0,0,2,22
0.52,1.21,-0.41,-62.81,170.59,199.58,1.38,269.96,0,0,1,21
1.14,1.12,-0.51,-78.61,202.15,130.80,1.68,253.28,0,0,3,18
1.79,1.43,-0.46,-122.01,185.85,44.13,2.33,226.66,0,0,2,13
2.34,1.72,-0.35,-65.73,87.28,7.14,2.92,109.50,0,0,1,15
2.67,0.73,-0.55,11.23,-9.28,0.92,2.83,14.60,0,0,0,15
3.93,1.27,-0.26,-8.67,-45.53,-55.42,4.13,72.25,0,0,5,14
0.87,-0.77,-0.36,116.21,-67.38,38.82,1.21,139.83,1,704,20,6
-0.94,1.64,0.84,-84.23,-143.37,18.31,2.07,167.29,3,807,53,4
0.39,0.05,-0.22,92.29,-3.54,14.10,0.45,93.42,6,784,90,9
0.03,1.62,-0.27,-23.56,-0.61,49.19,1.65,54.55,14,752,108,7
0.00,1.26,-0.06,-2.69,-2.87,17.15,1.26,17.60,25,730,120,13
0.01,0.97,0.08,4.03,-2.69,-3.11,0.97,5.76,35,722,130,12
0.05,0.99,0.03,-12.15,1.04,-4.82,1.00,13.11,41,724,133,13
0.06,0.99,-0.00,-1.77,0.79,-12.82,1.00,12.96,44,737,136,11
0.08,0.96,0.01,-1.16,1.16,-8.42,0.96,8.58,42,748,136,10
0.05,1.09,0.01,0.24,1.46,-8.97,1.09,9.09,36,758,137,7
0.07,1.01,0.03,3.23,1.59,-19.71,1.02,20.04,31,785,134,10
0.08,1.01,0.03,-5.07,2.75,-26.61,1.02,27.23,25,807,136,8
0.13,0.86,-0.02,-13.00,4.64,-19.96,0.87,24.27,21,816,131,8
0.12,1.03,-0.06,-0.85,2.75,-14.04,1.04,14.33,19,818,131,7
0.12,1.00,-0.00,7.26,0.98,-17.52,1.01,18.99,18,825,129,6
0.12,0.90,0.06,3.72,3.36,-18.55,0.91,19.22,16,829,129,9
0.15,0.99,-0.02,-8.61,3.42,-11.84,1.00,15.03,16,831,129,8
0.16,0.96,-0.03,-1.04,3.66,-20.14,0.97,20.50,15,836,128,8
0.18,0.87,-0.02,1.28,1.28,-13.43,0.89,13.55,15,838,127,9
0.16,1.10,-0.03,2.75,-1.53,-7.57,1.12,8.19,16,841,129,9
0.12,1.19,0.04,9.34,-0.79,-29.42,1.20,30.88,16,843,126,9
0.20,0.79,0.04,10.31,2.50,-38.64,0.81,40.07,15,848,133,8
0.20,1.08,-0.00,-1.22,2.01,-30.94,1.10,31.03,14,862,131,8
0.12,1.42,0.05,3.60,3.11,-61.46,1.43,61.65,12,869,134,10
0.27,0.47,0.06,9.22,9.95,-69.76,0.54,71.07,11,865,138,9
0.39,0.71,-0.09,-18.62,4.70,-9.22,0.82,21.30,12,868,138,11
0.23,1.36,0.02,0.49,0.43,-7.69,1.38,7.72,15,860,141,9
0.28,1.15,0.02,1.34,7.20,-52.92,1.18,53.42,16,862,141,8
0.32,1.09,0.02,-6.96,11.47,-73.55,1.14,74.76,13,862,139,9
0.31,1.25,0.10,-19.65,17.94,-98.21,1.29,101.75,11,870,128,8
0.37,1.71,0.00,-36.74,27.47,-146.67,1.75,153.67,8,861,107,7
0.35,1.71,-0.09,-19.23,29.97,-220.40,1.75,223.26,4,857,62,5
0.54,1.23,-0.18,11.35,33.26,-261.05,1.36,263.40,1,808,33,3
0.70,1.62,0.07,39.00,35.16,-245.91,1.77,251.45,0,0,16,7
-0.29,-0.34,-0.11,208.31,27.04,-82.03,0.46,225.51,0,0,10,23
-0.37,-0.08,-0.52,3.97,-58.72,81.30,0.64,100.36,0,0,3,20
-0.81,0.58,0.26,15.93,-93.08,65.67,1.02,115.02,0,0,3,22
-0.57,-0.01,-0.14,56.27,-87.16,99.24,0.59,143.57,0,0,4,23
-0.62,0.53,0.12,3.11,-86.85,123.84,0.83,151.29,0,0,3,21
-0.46,0.62,0.11,17.09,-34.97,134.34,0.78,139.86,0,0,4,19
-0.20,0.65,-0.02,-10.80,23.25,132.51,0.68,134.97,0,0,4,20
0.22,0.81,-0.15,-49.87,50.05,129.21,0.85,147.27,0,0,1,18
0.60,1.12,-0.10,-86.30,47.97,98.51,1.27,139.48,0,0,2,17
0.83,1.25,-0.04,-65.00,31.86,77.82,1.50,106.28,0,0,2,18
1.37,1.19,-0.06,-59.08,27.10,85.88,1.82,107.70,0,0,1,18
1.54,1.07,-0.08,-51.27,8.18,99.61,1.88,112.33,0,0,3,17
1.57,1.01,-0.08,-57.25,-34.67,87.22,1.87,109.94,0,0,3,16
1.31,0.95,0.08,-57.74,-76.05,49.93,1.62,107.75,0,0,0,13
0.78,1.00,0.30,-45.10,-60.61,5.07,1.31,75.72,0,0,1,13
0.61,0.99,0.16,1.89,4.09,-8.24,1.17,9.39,0,0,2,14
0.65,0.81,-0.09,22.95,44.49,-4.82,1.04,50.30,0,0,2,15
0.63,0.84,-0.11,14.34,42.66,-12.21,1.06,46.64,0,0,4,14
0.50,0.82,-0.17,13.37,30.76,-50.66,0.97,60.76,0,0,1,14
0.37,0.81,-0.20,1.71,30.88,-46.81,0.91,56.11,0,0,2,14
0.44,0.84,-0.10,-5.37,30.52,-14.83,0.96,34.35,0,0,3,13
0.73,1.04,-0.04,12.57,23.80,-4.88,1.28,27.36,0,0,2,11
0.90,0.84,-0.07,36.25,2.20,-13.06,1.23,38.60,1,661,2,11
0.87,0.91,-0.07,27.34,-28.87,-31.07,1.26,50.46,1,707,3,10
0.01,1.15,-0.02,56.40,-24.48,8.61,1.15,62.08,1,758,16,5
0.27,0.44,0.09,-10.01,-13.92,106.45,0.53,107.82,2,814,47,4
0.21,1.38,-0.17,-2.08,4.94,140.08,1.40,140.18,4,861,89,6
0.16,1.53,-0.23,28.81,-2.75,92.83,1.56,97.24,7,858,105,6
0.06,1.14,0.13,37.17,-8.30,54.02,1.15,66.09,16,789,119,8
0.08,1.24,0.02,5.31,-3.05,21.55,1.24,22.40,24,782,126,8
0.13,1.19,-0.08,17.03,-2.14,-8.91,1.20,19.34,27,786,129,8
0.12,0.98,0.03,22.64,-1.95,-27.10,0.99,35.37,23,799,135,7
0.19,0.81,0.03,1.34,1.46,-23.86,0.83,23.95,21,813,140,9
0.17,1.09,-0.03,-4.09,1.22,-14.83,1.11,15.43,23,814,139,10
0.17,1.00,0.02,1.04,0.98,-25.94,1.01,25.98,22,818,135,10
0.21,0.95,-0.01,-5.19,2.81,-23.68,0.97,24.41,19,833,142,10
0.20,0.99,0.01,-2.56,3.97,-21.24,1.01,21.76,16,842,140,8
0.24,0.83,-0.02,-6.65,6.10,-17.52,0.86,19.71,13,854,139,9
0.27,0.95,-0.10,-7.08,6.04,-6.59,0.99,11.41,12,864,137,8
0.24,0.93,-0.02,8.18,4.21,-3.72,0.96,9.92,11,864,135,9
0.24,0.89,-0.01,5.37,3.30,-1.71,0.93,6.53,11,863,131,10
0.23,0.95,-0.00,1.04,2.75,3.48,0.97,4.55,10,865,130,8
0.24,0.94,-0.02,-1.95,1.89,2.75,0.97,3.87,11,865,135,9
0.23,0.97,-0.02,-2.50,1.46,0.00,1.00,2.90,11,861,137,9
0.23,1.05,-0.04,-2.81,0.73,-1.53,1.08,3.28,13,858,136,10
0.16,1.25,0.02,0.79,1.40,-32.53,1.26,32.57,13,860,135,8
0.25,0.87,0.01,-7.45,5.13,-49.07,0.91,49.90,11,871,137,9
0.31,0.85,-0.07,-16.60,6.53,-42.48,0.91,46.07,10,884,138,8
0.33,0.84,-0.10,-7.63,5.37,-32.90,0.91,34.20,9,892,137,8
0.34,0.89,-0.09,0.92,2.32,-21.00,0.96,21.14,9,894,137,9
0.29,1.13,-0.02,3.23,1.46,-23.01,1.17,23.28,9,892,138,8
0.30,1.33,-0.05,-0.98,5.68,-51.88,1.37,52.20,9,888,135,7
0.26,1.52,0.02,-1.83,8.30,-97.41,1.54,97.78,8,883,124,7
0.34,1.68,-0.09,2.81,11.90,-155.27,1.72,155.75,6,875,103,5
0.42,1.77,-0.13,23.01,11.90,-246.46,1.82,247.82,3,860,71,4
0.26,1.71,0.14,45.29,17.76,-289.37,1.74,293.43,1,801,37,4
0.50,1.54,-0.07,110.72,36.07,-264.22,1.63,288.74,0,0,18,12
-0.96,0.25,-0.24,215.21,29.66,-105.04,1.02,241.31,0,0,9,26
-0.66,-0.46,-0.64,63.42,-29.17,87.89,1.03,112.24,0,0,5,23
-1.12,0.70,0.08,39.37,-79.41,72.45,1.32,114.47,0,0,4,23
-0.52,0.01,-0.40,94.79,-67.38,130.07,0.66,174.48,0,0,4,23
-0.51,0.38,-0.16,12.88,-60.00,143.13,0.66,155.73,0,0,4,23
-0.26,0.71,-0.03,-11.60,4.88,139.89,0.76,140.46,0,0,3,20
0.06,0.86,-0.11,-25.63,85.82,124.76,0.87,153.58,0,0,2,18
0.45,0.88,-0.19,-61.04,96.56,100.22,1.01,151.96,0,0,2,19
0.86,1.01,-0.16,-66.35,36.74,67.32,1.34,101.41,0,0,3,17
0.86,1.02,-0.11,-69.21,13.55,74.95,1.34,102.92,0,0,3,17
1.25,0.94,-0.08,-56.70,31.37,106.69,1.56,124.83,0,0,1,17
1.53,0.89,-0.15,-46.51,29.60,111.15,1.77,124.07,0,0,3,13
1.59,0.76,-0.21,-55.24,0.43,65.12,1.78,85.40,0,0,1,12
1.44,0.82,-0.20,-93.69,-54.50,7.75,1.66,108.67,0,0,3,14
0.82,1.10,0.10,-99.43,-87.10,8.06,1.37,132.43,0,0,1,11
0.35,1.00,0.08,-33.26,-40.16,48.16,1.06,70.98,0,0,4,10
0.60,0.90,0.07,7.69,43.21,22.77,1.08,49.44,0,0,2,10
0.86,0.86,0.03,-2.08,45.96,-2.69,1.22,46.08,0,0,4,11
0.99,1.04,0.10,5.43,26.00,-2.62,1.44,26.69,0,0,3,11
1.00,0.81,-0.04,32.04,8.36,-14.47,1.29,36.14,1,643,3,9
0.90,0.82,-0.14,29.24,13.24,-31.62,1.22,45.05,1,681,0,11
0.86,0.88,-0.19,22.22,26.12,-63.05,1.25,71.77,1,694,2,9
-0.71,2.14,0.57,164.55,26.55,56.52,2.32,176.00,1,777,15,2
0.58,-0.43,-1.02,93.38,3.23,110.60,1.25,144.78,2,830,50,4
0.49,0.91,-0.27,51.57,-8.06,130.49,1.07,140.55,4,834,83,6
0.09,1.02,0.01,33.69,-8.54,97.35,1.02,103.37,8,827,102,7
0.04,1.38,0.01,8.61,-2.32,64.09,1.38,64.70,18,772,114,8
0.03,1.21,0.08,17.40,-1.89,28.63,1.22,33.55,31,740,124,9
0.09,1.02,0.05,7.51,-0.92,10.44,1.02,12.89,44,726,133,10
0.09,1.10,-0.02,4.27,-1.10,5.43,1.10,7.00,49,719,137,11
0.09,0.97,0.03,15.69,-2.32,-3.85,0.98,16.32,56,714,138,12
0.10,1.02,0.01,10.93,-1.22,0.55,1.02,11.01,65,711,136,12
0.10,1.03,0.01,19.59,-1.28,-0.06,1.03,19.63,62,715,139,11
0.08,0.98,0.06,21.48,-2.81,-5.98,0.99,22.48,60,717,137,11
0.08,1.03,0.10,4.09,-0.37,-9.16,1.03,10.03,59,725,137,10
0.12,1.02,-0.01,-1.53,-1.40,-18.80,1.03,18.91,42,746,135,9
0.11,0.93,0.08,0.79,-1.95,-21.61,0.94,21.71,37,758,137,8
0.14,0.98,0.04,-0.37,-0.79,-17.94,0.99,17.97,33,766,139,8
0.15,0.94,0.03,2.32,-1.71,-17.33,0.96,17.57,31,770,136,8
0.19,0.83,0.01,5.25,-1.53,-7.02,0.86,8.90,30,771,139,9
0.19,0.87,-0.01,11.66,-4.39,7.51,0.89,14.55,33,762,133,10
0.15,0.97,0.03,19.71,-6.84,13.37,0.98,24.78,39,744,129,8
0.10,0.95,0.15,21.42,-5.80,7.45,0.97,23.41,45,733,131,8
0.12,0.86,0.09,-2.62,1.77,7.75,0.88,8.37,55,718,131,9
0.11,1.04,0.08,-8.06,3.91,5.19,1.05,10.35,61,711,131,8
0.13,0.96,0.08,-5.19,5.19,2.87,0.97,7.88,68,708,131,9
0.13,0.97,0.07,-5.80,6.16,4.58,0.98,9.62,67,716,133,9
0.10,0.97,0.08,-9.28,5.92,-1.53,0.98,11.11,58,731,130,7
0.13,1.00,0.01,-13.73,6.84,-6.04,1.01,16.49,49,752,131,9
0.13,1.05,0.04,-5.31,4.21,-11.23,1.06,13.12,44,761,133,7
0.12,1.07,0.06,-1.83,3.05,-24.17,1.08,24.43,39,781,135,7
0.19,0.97,-0.03,-1.34,3.17,-34.48,0.99,34.66,32,790,133,8
0.16,1.02,0.10,6.71,0.92,-32.35,1.04,33.05,27,812,137,8
0.07,1.74,0.11,-6.04,3.23,-64.51,1.75,64.88,18,845,129,9
-0.05,2.35,0.06,-2.44,11.90,-164.79,2.35,165.24,11,861,118,6
-0.18,2.36,0.13,25.88,22.34,-301.33,2.37,303.26,5,872,97,5
0.11,1.18,0.11,13.00,49.68,-375.79,1.19,379.29,1,809,30,3
0.19,1.16,0.33,15.56,40.59,-282.96,1.22,286.28,0,0,12,24
-0.66,-0.33,-0.60,108.28,-26.73,-33.69,0.95,116.51,0,0,5,21
-1.58,-0.04,-0.27,83.98,-90.70,-1.04,1.60,123.61,0,0,5,24
-1.19,-0.36,-0.50,81.18,-26.25,76.11,1.34,114.33,0,0,3,24
-0.82,0.07,-0.33,-3.30,24.84,112.43,0.88,115.19,0,0,3,21
-0.23,0.53,-0.24,-19.17,52.73,113.34,0.63,126.47,0,0,6,19
0.13,0.83,-0.16,-54.38,63.29,89.97,0.85,122.71,0,0,2,17
0.29,1.18,0.08,-61.77,80.32,83.44,1.22,131.26,0,0,2,16
0.64,1.19,-0.04,-39.98,85.57,91.61,1.35,131.58,0,0,1,15
1.00,1.04,-0.17,-26.12,68.85,94.85,1.45,120.08,0,0,2,15
1.29,1.02,-0.19,-37.60,44.19,94.73,1.66,111.08,0,0,0,16
1.28,0.99,-0.15,-38.57,6.77,90.76,1.62,98.85,0,0,0,14
1.63,1.03,-0.01,-36.74,7.81,105.90,1.93,112.36,0,0,2,13
2.01,0.96,-0.02,-34.73,-15.75,42.72,2.23,57.27,0,0,3,11
1.56,0.97,-0.05,-30.52,-48.03,-2.62,1.84,56.97,0,0,3,11
0.85,0.80,-0.03,-6.96,-57.80,-1.71,1.17,58.24,0,0,6,13
0.64,0.94,-0.02,-0.85,-30.58,-5.19,1.13,31.03,0,0,3,12
0.57,0.91,-0.03,2.93,-7.08,-22.64,1.08,23.91,0,0,1,13
0.68,1.00,-0.04,9.70,-3.60,-22.09,1.21,24.40,1,675,3,11
0.86,1.00,-0.10,20.81,-14.22,-42.30,1.32,49.24,1,721,1,11
-0.50,1.82,0.34,24.23,-43.21,-27.16,1.92,56.50,1,755,14,4
0.47,0.09,-0.47,81.30,-10.74,104.19,0.67,132.59,2,826,46,6
0.17,1.37,-0.08,46.69,-10.44,109.13,1.38,119.16,4,824,75,6
0.08,1.09,0.22,39.12,-5.80,68.91,1.12,79.45,9,792,97,8
0.11,1.00,0.06,-14.71,0.85,62.44,1.01,64.15,14,780,117,8
0.11,1.38,-0.07,-29.05,3.78,44.62,1.39,53.38,21,784,125,10
0.07,1.48,-0.04,1.34,-1.83,17.03,1.48,17.18,31,775,131,8
0.08,1.10,0.10,-2.75,-0.79,0.73,1.11,2.95,40,764,133,8
0.12,1.12,-0.02,-6.23,1.16,-12.33,1.12,13.86,36,783,132,8
0.12,1.25,-0.04,1.28,0.79,-21.67,1.26,21.72,29,800,131,8
0.12,0.97,0.06,20.02,1.40,-31.01,0.98,36.93,21,811,124,9
0.19,0.92,-0.02,15.81,1.22,-16.48,0.94,22.87,14,831,129,7
0.18,0.85,0.03,23.86,0.06,-8.61,0.87,25.37,11,840,124,9
0.18,0.81,0.04,19.41,0.85,2.08,0.83,19.54,10,839,125,8
0.18,0.98,0.01,15.93,-0.73,11.96,1.00,19.94,9,844,118,8
0.13,0.92,0.10,15.44,-1.65,11.78,0.94,19.49,9,837,122,8
0.15,0.92,0.08,0.06,-0.24,13.18,0.93,13.19,10,831,126,9
0.14,1.14,0.02,-5.80,-0.55,5.68,1.15,8.13,12,829,126,8
0.13,0.98,0.07,2.26,-0.98,-6.65,0.99,7.09,12,824,124,8
0.17,0.87,0.04,-1.89,-0.37,-4.82,0.88,5.19,13,828,127,9
0.16,0.97,0.02,-2.38,-1.89,-2.14,0.99,3.72,14,829,125,7
0.12,1.06,0.08,-1.71,-0.73,-14.28,1.07,14.40,16,823,125,6
0.13,1.19,0.07,1.53,2.14,-28.08,1.20,28.20,14,830,126,9
0.17,0.90,0.04,6.16,5.74,-46.51,0.92,47.27,12,845,127,8
0.27,0.47,0.02,5.49,4.52,-30.03,0.54,30.86,13,844,129,9
0.19,0.79,0.11,-22.28,3.23,2.56,0.82,22.66,16,829,128,8
0.19,1.29,-0.03,-30.64,6.23,-1.59,1.30,31.31,19,831,134,7
0.23,1.12,-0.04,1.22,1.89,-22.22,1.14,22.33,20,829,136,8
0.18,0.99,0.12,-1.16,2.44,-34.79,1.02,34.89,19,836,134,8
0.18,1.29,0.08,-33.75,11.96,-68.97,1.30,77.71,15,851,122,8
0.29,1.58,-0.19,-9.70,6.90,-109.92,1.61,110.57,11,869,117,7
0.16,1.58,0.03,18.43,1.77,-163.64,1.58,164.68,7,880,111,7
0.14,1.39,0.17,13.85,13.24,-224.61,1.41,225.43,5,877,91,5
0.47,1.35,0.06,0.00,31.68,-265.62,1.43,267.51,2,848,46,4
0.52,1.22,0.08,10.56,45.84,-254.27,1.33,258.59,0,0,17,3
-0.25,0.29,0.00,86.06,39.92,-172.55,0.38,196.91,0,0,9,20
-0.37,-0.05,-0.50,29.91,-22.77,37.23,0.63,52.90,0,0,3,16
-0.92,0.75,0.18,27.40,-86.85,25.57,1.20,94.60,0,0,1,18
-0.63,0.15,-0.30,105.96,-70.86,91.43,0.72,156.87,0,0,1,21
-0.66,0.52,-0.14,42.97,-63.48,113.16,0.85,136.68,0,0,3,18
-0.46,0.64,-0.15,48.34,-22.83,121.46,0.80,132.70,0,0,2,21
-0.18,0.61,-0.21,10.07,3.54,124.02,0.67,124.48,0,0,2,19
0.09,0.79,-0.20,-45.53,3.48,131.16,0.82,138.89,0,0,3,16
0.40,0.97,-0.04,-89.42,4.27,102.91,1.05,136.39,0,0,1,18
0.66,1.00,-0.03,-102.91,25.39,80.20,1.20,132.91,0,0,2,17
1.18,1.16,0.00,-103.39,52.73,77.70,1.66,139.67,0,0,1,15
1.63,1.11,-0.06,-76.54,60.30,67.63,1.97,118.61,0,0,3,15
1.53,0.87,-0.13,-58.17,37.41,34.55,1.77,77.31,0,0,2,14
1.38,0.70,0.27,-68.42,28.99,30.76,1.57,80.42,0,0,3,12
1.50,1.21,0.42,-40.16,38.09,4.39,1.98,55.52,0,0,1,11
1.25,0.88,0.18,27.34,29.60,-21.61,1.54,45.73,0,0,1,11
0.75,0.76,0.13,30.88,31.07,-23.44,1.08,49.68,0,0,2,11
0.60,1.17,0.10,44.98,79.59,-51.15,1.32,104.76,0,0,2,12
0.90,0.84,-0.26,100.04,122.44,-79.59,1.26,177.01,1,677,5,12
1.47,0.49,-0.39,86.12,79.35,-84.41,1.60,144.35,1,734,3,15
-0.26,0.62,-0.10,22.64,-25.57,-68.66,0.68,76.69,1,758,16,7
0.88,0.93,-1.03,106.20,-35.28,85.02,1.64,140.54,2,826,44,4
0.62,1.04,0.14,35.52,-17.46,147.09,1.22,152.33,3,867,89,6
0.27,1.16,0.00,20.02,-4.03,97.35,1.19,99.47,5,878,110,7
0.20,1.06,0.06,6.16,-0.24,63.29,1.09,63.59,5,887,123,7
0.16,0.89,0.13,-25.63,5.49,57.25,0.91,62.97,7,877,125,9
0.31,1.24,-0.25,-44.74,6.96,56.46,1.30,72.37,10,861,134,7
0.21,1.03,-0.12,11.78,-0.31,58.65,1.05,59.83,16,829,134,7
0.11,1.13,0.03,31.74,-1.46,49.99,1.14,59.23,25,785,135,9
0.07,1.11,0.09,18.55,0.49,29.85,1.12,35.15,32,762,137,8
0.14,0.90,-0.02,13.00,1.10,11.78,0.91,17.58,28,768,133,6
0.13,0.97,-0.01,14.65,-2.01,23.25,0.98,27.56,32,749,129,7
0.04,1.04,0.08,26.25,-3.05,-1.95,1.04,26.49,33,745,132,8
0.07,1.04,0.11,0.98,0.00,-19.04,1.04,19.07,28,763,133,9
0.12,0.96,0.01,-9.52,1.89,-32.90,0.97,34.30,20,803,130,8
0.16,0.81,0.02,-13.06,3.30,-24.48,0.82,27.94,21,802,137,9
0.16,0.98,-0.03,-11.90,2.81,-5.92,1.00,13.59,24,797,135,10
0.13,1.04,0.02,0.49,1.28,-4.39,1.05,4.60,25,798,133,8
0.15,0.98,0.01,-0.24,1.95,-10.44,0.99,10.62,22,816,137,8
0.14,1.01,-0.01,-1.89,2.01,-16.42,1.02,16.65,21,820,131,8
0.19,0.88,0.06,1.22,2.81,-16.72,0.90,17.00,20,828,135,9
0.14,1.15,0.01,-7.14,2.50,-18.07,1.16,19.59,19,836,134,9
0.21,1.02,-0.06,3.05,2.20,-35.10,1.04,35.30,16,848,138,8
0.23,0.78,0.02,11.23,1.04,-28.38,0.81,30.54,15,855,138,9
0.21,0.93,0.03,0.73,1.28,-13.43,0.96,13.51,15,854,141,7
0.23,0.94,-0.03,-1.40,2.08,-18.37,0.97,18.54,15,857,140,9
0.24,0.92,0.01,3.85,0.49,-10.62,0.96,11.31,17,843,134,8
0.20,1.30,0.04,1.28,0.31,-20.75,1.32,20.79,16,852,132,7
0.07,1.89,0.24,-21.36,6.23,-78.19,1.91,81.29,13,864,120,7
-0.02,2.11,0.20,-46.39,31.68,-237.67,2.12,244.22,8,880,109,6
0.29,1.86,0.01,-48.52,50.96,-333.74,1.88,341.08,5,869,63,5
0.38,1.48,0.08,-17.03,70.68,-327.82,1.53,335.78,1,791,24,4
-0.40,0.33,0.08,60.61,64.58,-250.31,0.52,265.51,0,0,11,22
-0.36,-0.18,-0.66,57.25,1.71,-27.77,0.77,63.65,0,0,4,19
-0.68,0.53,0.06,35.46,-103.64,4.21,0.87,109.62,0,0,4,18
-0.67,0.08,-0.32,123.05,-95.21,49.62,0.75,163.31,0,0,4,19
-0.56,-0.12,-0.42,64.15,-80.99,96.44,0.72,141.33,0,0,3,21
-0.47,0.39,-0.22,3.78,-48.58,129.39,0.65,138.27,0,0,3,20
-0.18,0.71,-0.15,-10.74,7.26,139.53,0.75,140.13,0,0,2,21
0.10,0.79,-0.14,-21.18,28.02,131.90,0.81,136.49,0,0,1,17
0.37,0.79,-0.21,-47.73,25.15,100.65,0.89,114.19,0,0,1,17
0.48,0.98,-0.14,-85.75,2.26,62.01,1.10,105.85,0,0,1,17
0.45,1.12,0.00,-97.05,0.79,78.67,1.20,124.93,0,0,3,15
0.66,1.27,0.04,-73.12,50.54,104.61,1.43,137.28,0,0,1,16
1.27,1.16,-0.10,-62.74,77.88,112.98,1.72,150.88,0,0,1,16
1.69,1.22,0.00,-55.48,56.03,111.76,2.09,136.77,0,0,2,14
1.76,1.07,0.03,-30.58,11.72,91.19,2.06,96.89,0,0,1,10
1.45,1.02,-0.03,-18.55,-35.03,26.31,1.78,47.58,0,0,1,10
1.04,0.92,0.04,12.27,-23.80,10.56,1.39,28.79,0,0,1,9
0.94,0.78,-0.05,52.25,16.30,-12.94,1.23,56.24,0,0,3,8
0.96,0.63,-0.19,42.18,47.12,-38.82,1.16,74.20,0,0,4,7
0.93,0.79,-0.13,22.16,52.92,-60.06,1.23,83.06,0,0,3,9
0.92,0.85,-0.19,30.58,43.95,-92.29,1.27,106.69,0,0,2,9
0.90,0.93,-0.09,23.56,14.34,-112.12,1.30,115.46,1,664,3,13
-2.04,1.91,0.60,101.56,-37.35,3.85,2.86,108.28,1,777,21,4
0.49,0.54,-0.71,47.36,-24.35,144.59,1.02,154.09,3,860,59,4
0.27,0.52,-0.42,64.21,-18.07,142.09,0.72,156.97,10,799,89,5
0.09,1.10,0.24,45.29,-6.35,82.70,1.12,94.50,25,756,107,8
0.06,1.20,0.13,11.84,-1.71,35.52,1.20,37.48,40,753,120,9
0.09,1.11,0.06,-5.62,0.73,10.93,1.11,12.31,48,751,129,9
0.13,1.09,-0.03,-3.78,0.24,4.52,1.10,5.90,62,748,126,8
0.10,1.01,0.06,6.35,-1.34,-2.75,1.01,7.05,71,747,129,9
0.11,1.03,0.01,3.78,-0.67,-3.48,1.04,5.18,67,747,134,9
0.12,1.10,0.01,9.83,-1.04,-4.58,1.10,10.89,69,752,136,9
0.12,0.94,0.03,19.59,-2.26,-10.38,0.94,22.28,55,764,135,8
0.10,0.90,0.10,6.59,-1.10,-5.19,0.91,8.46,53,764,132,7
0.13,0.95,0.05,4.03,-0.31,-3.60,0.96,5.41,50,763,133,9
0.13,0.98,0.06,5.68,-0.37,-3.54,0.99,6.70,50,760,131,10
0.11,1.03,0.09,4.21,0.31,-4.21,1.04,5.96,47,762,130,9
0.13,1.01,0.07,3.11,2.14,-10.19,1.02,10.87,43,766,131,8
0.13,0.96,0.09,1.34,2.69,-16.30,0.97,16.57,39,776,132,10
0.14,1.02,0.08,-8.12,4.46,-20.69,1.03,22.67,34,790,133,9
0.14,1.05,0.05,-10.86,5.31,-27.40,1.06,29.95,30,799,129,9
0.19,0.91,0.03,-3.54,4.82,-29.97,0.93,30.56,26,814,132,7
0.22,0.83,0.03,3.05,3.48,-13.43,0.85,14.20,24,816,133,9
0.20,1.10,0.03,4.33,2.50,-7.93,1.12,9.38,22,822,135,9
0.19,1.06,0.05,13.85,2.93,-20.63,1.08,25.02,18,833,130,8
0.25,0.86,0.01,19.10,3.23,-27.28,0.89,33.46,14,847,130,9
0.23,0.92,0.06,21.24,0.37,-22.03,0.95,30.61,12,850,134,9
0.20,1.00,0.13,12.94,1.10,-26.73,1.03,29.72,12,846,131,10
0.29,0.78,0.07,10.19,2.32,-28.50,0.84,30.36,12,849,138,9
0.27,0.94,0.09,4.09,1.53,-17.40,0.98,17.93,12,852,132,9
0.25,1.21,0.09,3.97,1.34,-22.64,1.24,23.03,11,857,132,8
0.29,0.99,0.07,13.43,4.21,-46.26,1.03,48.36,9,864,132,8
0.33,0.93,0.11,13.18,2.69,-42.66,0.99,44.73,9,859,127,8
0.23,1.16,0.26,-3.72,5.31,-52.25,1.22,52.65,8,859,127,7
0.19,1.62,0.31,-31.98,20.63,-100.16,1.66,107.15,5,861,114,7
0.26,1.53,0.19,-32.78,42.91,-181.27,1.56,189.14,3,855,92,7
0.51,1.43,0.02,-14.34,55.42,-228.76,1.52,235.81,1,821,43,4
-0.29,1.70,0.38,37.60,58.65,-195.01,1.77,207.08,0,0,22,16
-0.45,-0.51,-0.79,90.03,36.01,-66.41,1.04,117.52,0,0,8,18
-0.91,0.44,-0.01,21.61,-43.46,-18.86,1.01,52.07,0,0,4,20
-0.62,0.20,-0.31,61.22,-42.48,54.75,0.72,92.46,0,0,2,20
-0.46,0.48,-0.16,22.28,-19.47,67.38,0.68,73.59,0,0,3,19
-0.13,0.68,-0.17,11.05,-6.96,97.96,0.71,98.83,0,0,2,18
0.18,0.68,-0.15,-24.05,-1.83,100.28,0.72,103.14,0,0,0,17
0.33,0.86,-0.07,-70.13,-2.81,72.57,0.92,100.96,0,0,3,16
0.35,0.99,-0.05,-93.20,-7.75,51.33,1.05,106.68,0,0,0,16
0.47,1.05,0.05,-98.08,-16.05,60.30,1.15,116.25,0,0,2,17
0.55,1.09,0.17,-95.83,0.12,79.77,1.23,124.68,0,0,3,15
0.69,1.15,0.17,-71.11,50.35,95.76,1.35,129.47,0,0,1,15
1.00,1.07,0.02,-52.43,76.72,91.80,1.47,130.62,0,0,3,13
1.32,1.05,0.03,-52.06,50.66,82.28,1.69,109.75,0,0,1,13
1.50,1.01,0.20,-43.03,15.20,73.67,1.82,86.66,0,0,1,11
1.34,1.02,0.10,-6.77,-25.02,47.79,1.68,54.37,0,0,3,9
1.06,0.88,-0.10,14.40,-49.62,29.11,1.38,59.31,0,0,2,9
0.81,0.86,-0.07,9.28,-41.99,18.31,1.19,46.74,0,0,4,8
0.69,0.79,-0.10,15.32,-10.50,-0.55,1.05,18.58,0,0,1,8
0.66,0.92,-0.11,5.25,13.73,-26.25,1.14,30.08,0,0,3,10
0.64,1.06,-0.00,16.66,18.31,-48.34,1.24,54.31,0,0,2,9
0.61,0.96,-0.00,45.53,14.04,-44.31,1.13,65.07,0,0,4,11
0.60,0.96,-0.02,57.92,22.95,-60.85,1.13,87.09,1,665,1,12
0.51,0.78,-0.12,66.83,31.92,-105.59,0.94,128.98,0,0,6,13
-0.08,0.97,0.15,37.48,30.46,-102.78,0.99,113.56,1,703,10,15
0.68,0.84,-0.93,110.84,46.45,109.68,1.42,162.70,1,775,29,7
0.11,2.14,0.24,-49.80,-5.62,129.82,2.16,139.16,3,860,70,9
0.02,1.99,0.26,28.44,-10.86,127.56,2.01,131.15,6,866,94,9
0.08,1.08,0.36,42.60,-6.71,71.29,1.14,83.32,11,803,107,11
0.13,1.00,0.15,-3.17,-2.32,46.33,1.02,46.49,19,784,117,9
0.17,0.83,0.01,-16.30,1.22,26.55,0.85,31.18,28,771,123,7
0.17,1.32,-0.08,-23.50,2.81,3.85,1.33,23.98,37,778,130,8
0.17,0.93,0.00,-1.71,1.16,-12.33,0.94,12.50,41,773,125,8
0.18,0.94,-0.02,2.44,0.85,-4.94,0.96,5.58,45,774,133,9
0.16,0.96,0.02,8.61,0.85,-5.07,0.98,10.02,42,777,133,8
0.17,0.92,0.01,7.57,1.89,-3.11,0.93,8.40,43,777,132,8
0.19,0.89,-0.00,5.92,2.01,3.30,0.91,7.07,41,780,128,6
0.18,0.93,-0.02,7.51,0.73,11.72,0.95,13.94,37,784,129,7
0.15,0.91,0.03,11.29,-0.37,13.24,0.93,17.41,38,782,126,7
0.18,0.91,-0.04,8.06,0.12,16.05,0.93,17.96,38,780,121,9
0.13,0.92,0.03,12.82,-1.22,19.04,0.93,22.99,39,774,122,9
0.12,0.97,0.03,2.75,-0.79,24.90,0.98,25.07,44,771,122,9
0.11,1.04,0.01,0.24,-1.16,22.46,1.04,22.49,49,767,124,9
0.09,1.00,0.04,1.83,-1.77,17.76,1.01,17.94,55,764,119,7
0.08,1.02,0.05,2.99,-0.61,13.43,1.03,13.77,56,761,125,8
0.07,1.09,0.03,-0.43,0.49,9.40,1.09,9.42,63,760,124,10
0.10,1.00,0.00,7.51,1.04,0.06,1.01,7.58,62,765,124,8
0.06,1.08,0.08,7.63,0.43,-2.01,1.09,7.90,57,766,119,9
0.08,1.08,0.06,4.58,1.71,-15.87,1.08,16.60,54,772,123,9
0.09,1.10,0.05,7.45,2.62,-30.88,1.10,31.88,46,784,120,10
0.07,1.24,0.06,-3.11,4.70,-48.03,1.24,48.36,33,809,121,8
0.15,0.92,0.03,4.15,7.51,-70.74,0.93,71.26,25,820,123,8
0.21,0.80,0.06,-1.89,6.16,-56.82,0.83,57.19,21,828,128,7
0.19,1.08,0.06,-9.34,5.55,-51.15,1.10,52.29,17,841,129,7
0.29,0.80,-0.03,2.01,6.16,-56.46,0.85,56.83,15,848,129,8
0.28,0.84,0.05,2.75,3.30,-39.37,0.89,39.60,15,847,127,8
0.24,1.17,0.07,-4.58,3.36,-35.95,1.20,36.40,14,858,127,9
0.29,1.22,0.00,-1.59,5.55,-59.81,1.26,60.09,11,865,128,7
0.25,1.22,0.10,-5.49,11.41,-101.50,1.25,102.29,7,868,124,7
0.26,1.34,0.12,-16.78,16.60,-140.75,1.37,142.71,4,878,113,6
0.33,1.53,0.03,-17.76,24.17,-194.34,1.57,196.64,3,864,89,5
0.44,1.41,0.00,1.40,34.24,-248.47,1.48,250.83,2,840,53,5
0.41,1.25,0.16,13.61,36.87,-263.55,1.32,266.46,1,784,32,4
0.37,1.33,0.23,31.19,47.49,-252.87,1.40,259.17,0,0,18,7
-1.61,-0.38,-0.24,175.17,59.88,-101.07,1.67,210.92,0,0,8,21
-0.23,-0.87,-0.68,62.07,-43.27,64.39,1.13,99.36,0,0,2,23
-0.94,0.84,0.28,-3.30,-106.99,136.23,1.29,173.26,0,0,3,20
-0.36,0.02,-0.32,72.63,-78.98,158.33,0.49,191.26,0,0,3,23
-0.27,0.89,0.07,-29.97,-79.77,167.05,0.93,187.53,0,0,1,21
0.01,0.85,0.03,-9.09,-37.54,145.39,0.85,150.43,0,0,2,17
0.22,1.00,0.06,-30.52,-14.95,120.24,1.03,124.95,0,0,1,17
0.41,0.83,-0.07,-60.24,-5.37,86.43,0.93,105.49,0,0,2,17
0.64,1.07,0.00,-114.69,-3.48,62.13,1.25,130.48,0,0,2,16
0.91,1.30,0.09,-119.14,17.46,61.65,1.59,135.28,0,0,1,15
0.99,1.42,0.08,-69.52,67.08,79.35,1.74,125.01,0,0,2,15
1.28,1.14,-0.21,-16.78,100.65,103.33,1.73,145.22,0,0,1,13
1.57,0.76,-0.29,-25.21,61.71,71.96,1.77,98.09,0,0,1,14
1.47,0.92,0.00,-55.73,23.93,20.81,1.73,64.12,0,0,3,12
1.26,0.79,-0.07,-17.70,13.49,-4.03,1.49,22.62,0,0,2,12
1.29,0.74,-0.13,5.68,21.55,-3.60,1.49,22.57,0,0,3,10
1.19,0.55,-0.15,23.25,34.48,-44.92,1.32,61.22,0,0,4,8
0.93,0.51,-0.15,11.47,60.36,-84.66,1.07,104.60,0,0,4,11
1.01,0.73,-0.22,15.20,67.69,-88.07,1.27,112.11,1,661,4,12
0.80,0.80,-0.05,-1.89,37.90,-112.37,1.13,118.60,1,726,13,7
0.90,0.65,-0.76,266.05,-2.93,155.21,1.35,308.03,2,818,42,2
0.21,1.84,0.57,67.44,-8.79,218.51,1.94,228.85,6,827,90,6
-0.02,1.50,0.23,72.94,-14.95,137.51,1.52,156.37,11,788,115,8
-0.03,1.07,0.15,14.10,-4.27,88.44,1.08,89.66,17,782,125,7
0.10,1.28,-0.10,-14.65,2.01,58.35,1.29,60.19,22,792,131,7
0.08,1.35,-0.04,2.14,-0.61,24.66,1.35,24.76,29,787,135,8
0.04,1.13,0.05,-4.76,-0.55,0.98,1.13,4.89,36,772,136,7
0.08,1.16,0.03,-14.34,1.77,-15.56,1.17,21.24,34,793,136,8
0.09,1.14,-0.01,-13.00,2.50,-38.82,1.14,41.01,30,810,139,6
0.11,1.00,-0.00,-9.95,3.48,-48.83,1.01,49.95,23,829,137,7
0.14,1.02,-0.04,-8.24,3.36,-52.12,1.03,52.88,18,844,133,8
0.19,0.83,-0.01,3.48,2.26,-43.95,0.85,44.14,15,851,133,9
0.21,0.90,-0.03,2.81,1.28,-31.56,0.93,31.71,14,854,136,9
0.23,0.90,-0.02,5.92,0.98,-25.63,0.93,26.33,13,856,136,9
0.23,0.86,0.00,6.65,0.61,-16.17,0.89,17.50,13,856,138,8
0.23,0.94,-0.01,4.15,0.31,-10.01,0.97,10.84,13,858,135,8
0.24,0.94,-0.00,4.09,0.55,-7.08,0.97,8.19,13,857,136,8
0.24,0.95,-0.01,4.03,0.61,-4.76,0.98,6.27,13,858,135,8
0.23,1.01,-0.00,4.39,0.18,-3.42,1.03,5.57,13,858,135,8
0.25,0.82,0.03,5.68,1.16,0.55,0.86,5.82,14,853,132,8
0.23,1.00,-0.02,-6.84,1.77,4.70,1.03,8.48,15,853,131,8
0.18,1.26,0.01,-3.78,0.55,-8.91,1.28,9.70,15,855,131,8
0.23,1.02,0.05,-0.24,2.32,-28.99,1.05,29.09,16,853,133,7
0.27,1.02,0.00,-8.30,4.82,-32.17,1.05,33.57,15,865,137,9
0.25,1.19,-0.05,-1.71,3.78,-48.52,1.22,48.70,14,871,132,10
0.33,0.59,0.00,7.57,5.25,-57.50,0.67,58.23,14,876,142,8
0.37,0.88,-0.06,-9.70,5.07,-30.94,0.95,32.82,13,880,136,8
0.33,1.41,-0.11,4.94,1.34,-42.30,1.46,42.61,13,886,140,8
0.42,0.87,-0.09,31.31,-0.61,-67.20,0.97,74.14,12,881,144,9
0.42,0.91,-0.01,30.15,-3.30,-52.61,1.01,60.73,10,877,134,9
0.35,1.56,0.07,23.86,-3.23,-71.78,1.60,75.71,8,873,124,8
0.19,1.97,0.29,10.01,6.59,-151.43,2.00,151.90,6,865,108,7
0.27,1.67,0.28,3.05,32.17,-249.88,1.71,251.96,3,851,80,6
0.55,1.46,0.18,-5.13,54.99,-307.01,1.57,311.94,1,790,35,3
0.54,1.49,0.32,-43.82,60.91,-316.10,1.61,324.89,0,0,22,15
-0.68,-0.11,-0.25,142.82,37.72,-115.66,0.73,187.61,0,0,10,19
0.21,0.11,0.06,42.72,-91.55,43.46,0.25,109.98,0,0,2,17
-0.94,0.66,0.11,54.26,-162.96,45.17,1.15,177.60,0,0,2,18
-0.85,0.40,-0.22,101.87,-100.77,120.67,0.96,187.33,0,0,3,19
-0.75,0.45,-0.38,19.17,-52.73,156.25,0.95,166.02,0,0,1,19
-0.74,0.97,-0.31,-18.01,2.69,197.14,1.26,197.98,0,0,2,19
-0.46,1.03,-0.43,-32.71,53.22,226.01,1.21,234.49,0,0,2,18
-0.49,1.43,-0.58,-70.86,71.78,241.82,1.62,262.01,0,0,3,14
-0.17,1.81,-0.35,-81.79,89.29,249.51,1.85,277.34,0,0,3,14
0.28,2.11,-0.41,-75.01,92.59,211.61,2.17,242.85,0,0,3,13
0.69,2.54,-0.51,-75.07,150.70,109.56,2.68,200.87,0,0,2,11
1.72,2.38,-0.50,-42.05,234.25,90.64,2.98,254.67,0,0,1,9
3.94,1.51,-0.55,27.59,162.84,151.49,4.26,224.12,1,699,1,5
3.98,0.33,-0.66,55.36,-14.28,-46.63,4.04,73.78,1,734,3,4
2.35,2.93,-0.53,-75.62,-123.96,-70.56,3.79,161.44,2,750,16,5
-0.03,1.36,-0.72,97.84,-12.45,106.93,1.54,145.47,14,716,37,5
0.30,0.68,0.01,92.77,-14.59,-42.18,0.74,102.95,30,703,80,21
0.07,0.79,0.20,47.97,-4.27,-2.14,0.82,48.21,37,702,93,22
0.10,0.98,0.07,0.06,0.79,3.66,0.99,3.75,46,707,105,22
0.10,1.05,0.04,1.04,0.92,-7.14,1.06,7.27,52,707,108,22
0.11,0.92,0.11,3.48,1.59,-12.27,0.93,12.85,51,717,116,19
0.10,1.01,0.07,-4.27,1.59,-18.25,1.02,18.81,44,739,121,17
0.11,1.02,0.07,-9.70,2.56,-21.06,1.02,23.33,36,761,121,14
