-,-,-
0.00,0.98,0.09,1.83,1.40,-0.49,0.98,2.36,44,540,63,88
0.00,0.97,0.09,1.95,1.10,-0.55,0.98,2.31,43,542,61,84
0.00,0.97,0.09,0.92,1.34,0.31,0.98,1.65,41,538,58,87
0.00,0.97,0.09,0.31,1.40,1.10,0.98,1.81,31,536,55,84
-0.00,0.99,0.09,-1.83,1.28,2.75,1.00,3.54,23,533,40,88
-0.01,1.00,0.09,0.43,1.04,0.73,1.00,1.34,15,538,31,84
-0.01,1.00,0.09,4.39,0.43,-1.40,1.00,4.63,9,543,23,70
-0.03,1.04,0.09,7.20,-1.28,-8.00,1.05,10.84,5,595,16,37
-0.04,0.98,0.22,10.44,-2.14,-21.30,1.01,23.82,2,613,9,19
-0.17,1.62,0.13,-8.73,3.66,-58.23,1.64,58.99,1,613,6,19
-0.40,1.34,0.13,26.43,26.31,-79.10,1.40,87.45,1,599,5,23
-0.53,1.00,0.04,36.38,32.59,-59.63,1.13,77.08,1,581,2,23
-0.70,0.99,0.04,23.13,34.55,-21.85,1.21,46.97,1,596,2,22
-0.71,0.77,-0.05,20.39,39.79,-7.08,1.04,45.27,1,592,1,23
-0.70,0.82,-0.04,7.26,36.44,22.58,1.08,43.48,1,591,1,24
-0.63,0.87,-0.07,3.48,35.22,42.85,1.08,55.57,1,599,2,24
-0.57,0.90,-0.09,-1.77,27.83,59.27,1.06,65.50,1,604,1,22
-0.53,0.97,-0.08,-8.30,18.98,74.16,1.11,77.00,1,611,3,24
-0.52,1.03,-0.07,-13.24,10.74,89.05,1.16,90.67,0,0,2,26
-0.49,1.05,-0.09,-14.83,1.40,103.15,1.16,104.22,1,562,1,24
-0.47,1.09,-0.10,-17.88,-7.32,111.94,1.19,113.59,0,0,4,23
-0.41,1.11,-0.08,-24.29,-15.81,120.24,1.18,123.68,1,561,1,23
-0.34,1.10,-0.04,-28.44,-20.57,121.22,1.16,126.20,1,605,2,25
-0.29,1.07,0.01,-34.73,-26.25,121.28,1.11,128.85,1,614,1,23
-0.24,1.05,0.09,-35.03,-31.56,118.90,1.08,127.90,1,620,2,21
-0.16,1.00,0.14,-34.91,-38.70,119.93,1.02,130.77,1,615,0,22
-0.18,0.99,0.21,-28.75,-43.15,110.17,1.03,121.76,1,620,4,23
-0.17,0.95,0.26,-19.59,-40.95,103.76,1.00,113.26,1,620,2,22
-0.17,0.88,0.23,-11.17,-30.70,90.21,0.92,95.94,1,609,2,21
-0.02,0.99,0.16,-11.29,-16.60,79.04,1.00,81.55,1,618,1,22
0.17,0.95,0.04,-2.87,0.85,61.16,0.97,61.23,1,615,1,22
0.33,0.93,0.05,-9.83,25.70,27.59,0.99,38.96,1,622,3,21
0.54,1.06,0.11,-13.92,52.98,-29.66,1.20,62.29,1,656,1,20
0.73,1.11,-0.02,5.13,70.43,-76.42,1.33,104.05,1,675,2,21
-1.58,2.17,-0.77,-44.62,40.10,-148.44,2.79,160.10,1,426,3,44
-0.93,-0.28,-0.30,139.89,29.42,-220.95,1.01,263.16,0,0,7,115
0.21,1.45,0.30,29.91,53.96,-221.13,1.49,229.57,0,0,7,137
0.03,1.32,0.22,49.38,9.77,-179.81,1.34,186.72,0,0,9,157
-0.07,1.20,0.05,14.16,3.66,-134.40,1.20,135.19,1,298,11,160
-0.08,1.09,0.04,15.50,27.16,-83.86,1.09,89.50,3,341,11,159
-0.04,1.05,0.11,9.09,24.96,-42.79,1.06,50.36,9,357,9,166
0.00,1.01,0.12,22.71,25.09,-31.80,1.02,46.43,16,338,10,162
-0.02,0.95,0.12,7.08,8.06,-17.76,0.95,20.75,22,326,10,162
-0.01,0.98,0.14,-1.46,2.87,-7.39,0.99,8.06,31,336,15,159
-0.01,0.99,0.08,-10.74,-1.40,-2.75,0.99,11.18,33,338,19,163
0.01,1.00,0.05,-9.89,-1.16,-1.59,1.00,10.08,38,349,21,159
-0.11,1.01,0.12,-5.43,-0.61,-2.81,1.02,6.15,44,362,26,152
-0.02,1.01,0.07,3.78,-0.67,-5.07,1.01,6.36,54,383,32,150
-0.01,0.92,0.09,8.06,-0.61,-4.33,0.92,9.17,64,397,37,144
-0.04,1.01,0.09,8.42,0.00,-2.62,1.01,8.82,76,406,38,145
-0.04,1.00,0.11,9.09,0.73,-3.48,1.01,9.76,65,411,42,146
-0.03,0.97,0.11,6.23,0.18,-1.65,0.98,6.44,74,415,44,147
-0.01,0.97,0.12,-1.95,0.67,-2.20,0.98,3.02,60,428,50,142
-0.01,0.98,0.09,1.22,1.89,-1.77,0.98,2.86,51,437,52,137
-0.03,1.00,0.10,-0.24,1.04,-1.77,1.01,2.07,47,446,51,139
-0.05,0.97,0.10,-0.43,0.67,-2.56,0.98,2.68,49,445,57,135
0.01,0.93,0.14,7.81,1.46,-7.87,0.94,11.19,62,456,69,124
-0.09,0.99,0.15,0.37,-0.43,-9.95,1.00,9.96,86,464,78,114
-0.01,1.01,0.08,-6.77,-3.91,-18.80,1.01,20.36,147,492,88,88
-0.00,1.02,0.08,10.62,-4.70,-24.29,1.02,26.93,170,530,100,67
0.02,0.89,0.15,9.64,-3.42,-15.32,0.90,18.42,254,550,110,59
0.00,1.03,0.11,1.28,-2.08,-11.47,1.04,11.73,250,565,111,47
0.03,0.96,0.12,7.02,-2.26,-14.71,0.97,16.45,259,590,114,37
0.04,0.98,0.09,8.73,-0.85,-10.80,0.98,13.91,224,611,119,33
0.03,1.02,0.13,13.49,1.28,-7.08,1.03,15.29,152,631,122,33
-0.00,1.04,0.19,14.04,0.67,-18.25,1.06,23.03,88,686,121,26
-0.04,1.29,0.28,0.43,3.11,-48.89,1.32,48.99,28,749,119,24
0.10,1.99,0.12,-31.19,15.44,-103.64,2.00,109.33,8,757,113,17
-0.07,2.05,0.12,-13.31,33.75,-181.76,2.05,185.35,3,809,91,15
-0.10,1.73,0.16,30.21,51.33,-269.90,1.74,276.39,1,828,50,11
-0.11,1.98,0.40,85.57,63.96,-306.03,2.02,324.14,0,0,28,23
-1.38,0.34,-0.22,229.25,88.50,-166.81,1.44,297.01,0,0,15,33
-0.82,-1.28,-1.13,34.42,36.44,30.52,1.90,58.69,0,0,6,29
-1.27,0.74,0.34,-49.74,-22.34,53.41,1.51,76.33,0,0,4,27
-0.67,-0.14,-0.11,27.95,-48.89,99.98,0.69,114.75,0,0,5,26
-0.70,0.43,0.22,-10.31,-72.27,111.02,0.85,132.87,0,0,5,25
-0.35,0.51,0.16,-22.58,-28.08,84.05,0.64,91.44,0,0,4,24
0.03,0.93,0.12,-66.77,36.13,41.20,0.94,86.38,0,0,5,20
0.26,1.19,-0.14,-65.86,110.72,33.75,1.23,133.17,0,0,2,19
0.86,1.15,-0.23,-50.66,96.68,61.28,1.46,125.17,0,0,2,20
1.08,1.22,-0.22,-39.43,54.44,100.83,1.65,121.18,0,0,2,19
1.05,1.13,-0.19,-16.48,16.17,129.94,1.56,131.98,0,0,2,17
0.94,1.03,-0.17,-13.06,-11.05,134.58,1.40,135.67,0,0,3,18
0.94,1.03,-0.12,-31.37,-24.54,123.05,1.39,129.33,0,0,3,16
0.97,1.13,-0.03,-40.65,-34.06,102.91,1.49,115.77,0,0,1,17
0.86,1.10,0.06,-34.55,-40.59,83.07,1.39,98.70,0,0,3,18
0.76,0.94,0.05,-20.69,-42.85,63.84,1.21,79.62,0,0,2,17
0.71,0.81,0.03,-21.12,-49.56,22.28,1.08,58.30,0,0,2,17
0.62,0.89,0.01,-26.31,-51.15,-11.90,1.08,58.73,0,0,1,18
0.52,1.00,-0.02,-17.27,-46.14,-34.91,1.13,60.38,0,0,2,17
0.38,0.98,-0.06,-9.83,-45.53,-49.74,1.06,68.15,0,0,3,18
0.11,1.04,0.03,-11.41,-36.01,-56.15,1.04,67.68,0,0,3,19
0.03,1.10,0.02,3.78,-5.13,-60.67,1.10,61.00,0,0,4,18
0.16,1.14,-0.04,15.32,24.05,-57.86,1.15,64.51,0,0,3,19
0.34,1.11,-0.03,33.20,36.56,-42.91,1.16,65.42,0,0,3,20
0.62,1.21,0.17,48.10,9.34,-21.36,1.37,53.45,1,623,6,18
0.17,-0.00,-0.27,57.74,44.49,177.31,0.32,191.71,2,770,19,13
-0.29,1.96,0.29,-43.27,-18.49,117.00,2.00,126.11,5,826,46,14
0.04,2.51,0.09,-25.21,-9.28,35.64,2.51,44.63,25,660,72,38
-0.32,1.78,-0.12,-85.63,-24.90,8.36,1.81,89.57,100,545,93,97
0.04,0.69,0.15,9.83,0.31,-3.17,0.70,10.33,160,542,98,104
0.01,1.02,0.05,-1.53,-1.16,-2.93,1.02,3.50,254,541,103,107
-0.00,0.98,0.06,10.19,-0.18,1.46,0.98,10.30,294,529,104,112
-0.01,1.00,0.08,11.78,0.18,4.46,1.00,12.60,418,516,95,126
-0.03,0.98,0.09,6.71,-0.24,3.91,0.98,7.77,347,504,80,127
-0.03,0.98,0.08,-0.18,-1.53,-0.37,0.98,1.58,407,498,70,131
-0.01,0.98,0.08,0.98,-0.12,-2.14,0.98,2.35,352,503,73,122
-0.02,0.99,0.07,1.83,0.61,-1.71,0.99,2.58,460,504,74,122
-0.01,0.97,0.08,-0.18,1.40,-0.92,0.97,1.69,519,507,76,112
-0.01,0.99,0.07,0.12,1.95,-0.06,0.99,1.96,384,509,78,114
-0.02,0.98,0.08,-0.73,1.95,0.61,0.98,2.17,424,509,77,111
-0.02,0.99,0.07,0.49,1.59,-1.28,1.00,2.10,305,513,79,111
-0.01,0.98,0.07,3.54,1.71,-0.79,0.99,4.01,464,516,79,111
-0.01,0.99,0.08,6.96,1.22,-1.46,0.99,7.21,333,522,84,109
-0.02,1.00,0.07,11.29,2.01,-2.08,1.00,11.66,267,526,88,110
-0.01,0.96,0.11,10.44,1.59,-3.23,0.96,11.04,288,538,96,98
-0.02,0.99,0.09,4.09,-0.37,-7.20,1.00,8.29,232,557,95,79
0.02,0.99,0.11,13.73,1.10,-8.61,1.00,16.24,209,572,101,72
0.01,0.96,0.13,12.63,-1.22,-9.95,0.97,16.13,218,592,109,61
-0.08,1.12,0.15,7.93,-5.31,-18.25,1.14,20.60,146,648,110,34
0.06,1.14,0.01,13.43,-3.11,-37.84,1.14,40.27,72,715,114,28
-0.09,1.54,0.35,-5.07,-1.46,-56.15,1.58,56.40,35,765,117,21
-0.27,2.18,0.41,-8.30,24.60,-129.88,2.23,132.45,16,774,112,15
-0.32,1.98,0.29,-45.78,48.83,-296.88,2.03,304.33,5,812,91,12
-0.41,2.28,0.37,21.06,77.21,-364.38,2.34,373.06,1,784,32,14
-1.52,0.37,-0.22,230.29,116.33,-228.64,1.58,344.73,0,0,11,29
-0.48,-0.95,-0.72,0.55,68.73,10.31,1.28,69.50,1,523,3,29
-1.11,0.49,-0.07,1.77,-12.21,73.24,1.22,74.27,1,599,5,26
-0.61,-0.08,-0.41,24.48,-57.92,116.88,0.74,132.72,1,616,1,28
-0.54,0.50,-0.11,12.33,-65.19,113.77,0.74,131.70,0,0,6,27
-0.27,0.50,-0.18,-14.59,-26.55,93.93,0.59,98.70,0,0,2,25
-0.13,0.94,0.04,-63.17,15.99,64.64,0.95,91.78,0,0,6,24
0.17,0.92,-0.07,-59.75,74.95,57.37,0.94,111.71,0,0,3,22
0.59,0.99,-0.06,-90.58,78.19,80.26,1.15,144.08,0,0,3,22
0.85,1.34,0.01,-72.39,66.59,106.57,1.59,145.02,0,0,4,20
1.18,1.23,-0.07,-25.27,41.99,117.68,1.71,127.47,0,0,1,19
1.40,0.92,-0.10,-15.08,5.13,114.99,1.67,116.09,0,0,1,19
1.36,0.86,-0.06,-33.81,-32.41,78.92,1.61,91.77,0,0,3,18
1.10,0.91,0.01,-32.78,-49.68,32.10,1.43,67.63,0,0,0,17
0.83,0.84,-0.01,-8.79,-42.48,1.59,1.18,43.41,0,0,1,17
0.68,0.73,-0.02,-10.44,-21.36,-11.05,1.00,26.22,0,0,2,16
0.70,1.04,-0.04,-16.72,-6.10,-29.36,1.25,34.33,0,0,3,13
0.73,1.05,-0.19,-5.49,-6.53,-50.78,1.29,51.49,0,0,3,12
0.49,1.05,-0.00,-23.38,-10.62,-46.57,1.16,53.18,0,0,5,14
0.39,1.35,0.18,6.84,9.16,-39.55,1.42,41.17,0,0,4,14
0.55,1.03,0.02,73.67,32.53,-44.62,1.17,92.07,0,0,3,13
-0.08,2.17,-0.20,177.43,19.17,79.22,2.18,195.26,2,726,25,6
-0.56,1.06,-0.34,-12.94,-28.63,146.06,1.24,149.40,11,759,62,5
-1.55,3.96,-0.10,55.18,-17.82,131.47,4.25,143.69,73,645,83,31
-0.45,0.54,0.77,24.78,-17.64,31.92,1.04,44.09,219,550,93,93
0.00,0.78,0.10,12.39,3.72,1.04,0.79,12.98,284,504,91,128
-0.04,1.03,0.06,2.56,-2.69,4.64,1.03,5.94,322,488,81,141
-0.04,1.00,0.04,10.86,-0.24,5.07,1.00,11.99,192,484,78,147
-0.04,0.98,0.07,12.33,2.01,5.86,0.98,13.80,123,478,68,148
-0.05,0.96,0.09,12.08,3.54,5.43,0.96,13.71,73,472,57,149
-0.04,0.96,0.09,13.37,4.82,0.00,0.96,14.21,55,484,64,146
-0.04,0.99,0.08,9.34,3.66,-1.16,0.99,10.10,44,489,65,138
-0.04,0.97,0.09,7.20,1.59,-2.44,0.98,7.77,43,503,66,135
-0.04,0.98,0.09,7.69,1.10,-3.54,0.98,8.54,51,514,77,124
-0.03,0.99,0.10,5.00,0.92,-3.30,0.99,6.06,61,515,76,128
-0.03,0.96,0.11,2.44,-0.06,-2.26,0.96,3.33,65,521,83,121
-0.04,0.99,0.09,1.83,-2.08,-9.46,0.99,9.86,76,538,88,109
-0.01,0.96,0.10,9.58,-1.59,-10.13,0.97,14.04,98,551,97,92
-0.01,0.96,0.11,6.10,-0.98,-5.49,0.97,8.27,145,554,98,95
-0.03,1.00,0.10,4.64,-1.65,-6.16,1.00,7.89,173,561,106,84
-0.02,0.97,0.10,10.99,-2.38,-11.05,0.98,15.76,210,579,105,69
-0.01,0.99,0.11,9.40,-1.53,-8.91,1.00,13.04,171,590,109,63
-0.04,1.05,0.12,10.68,-3.85,-14.04,1.06,18.05,192,633,114,44
-0.11,1.03,0.23,7.45,-4.03,-37.72,1.06,38.66,53,748,113,24
-0.31,3.50,0.48,6.10,20.57,-165.89,3.54,167.28,21,787,109,15
-0.53,2.00,0.11,-4.82,36.74,-316.96,2.07,319.11,7,816,97,9
-0.34,2.17,0.11,25.33,54.87,-386.78,2.20,391.47,1,807,40,5
-0.78,1.48,0.05,130.37,58.96,-312.07,1.67,343.31,0,0,15,26
-0.69,-1.22,-1.22,118.29,39.12,-10.01,1.86,124.99,1,476,3,27
-1.49,0.27,-0.30,-83.68,-34.24,73.43,1.55,116.47,0,0,4,30
-0.88,-0.34,-0.47,-4.94,-11.72,109.74,1.05,110.48,1,528,3,29
-0.56,0.29,-0.12,-77.03,-0.06,130.49,0.64,151.53,0,0,2,27
0.09,0.58,-0.05,-88.93,29.30,107.36,0.59,142.45,0,0,2,26
0.33,1.14,0.01,-79.41,56.95,56.88,1.19,113.07,0,0,2,22
0.35,1.04,0.03,-46.51,62.81,48.34,1.10,91.89,0,0,1,19
0.52,1.04,-0.11,-39.98,72.69,62.81,1.17,104.05,0,0,2,21
0.82,1.06,-0.14,-62.19,57.50,81.97,1.34,117.87,0,0,3,19
1.04,1.22,0.08,-69.58,33.57,88.56,1.60,117.52,0,0,2,19
1.15,1.21,0.25,-29.66,18.25,86.91,1.68,93.63,0,0,3,16
1.16,1.05,0.06,7.32,1.34,73.06,1.56,73.44,0,0,2,18
0.92,0.92,-0.05,18.01,-18.07,63.66,1.30,68.58,0,0,1,14
0.66,0.83,-0.10,36.68,-13.85,60.91,1.07,72.44,0,0,4,18
0.65,0.58,-0.21,42.30,10.01,20.63,0.89,48.11,0,0,4,14
0.68,0.91,-0.15,-15.69,23.13,-46.51,1.15,54.26,0,0,4,15
0.82,0.96,-0.28,-2.93,30.58,-64.03,1.29,71.01,0,0,2,14
1.11,0.99,-0.31,-0.12,12.02,-48.46,1.52,49.93,0,0,4,12
1.15,1.16,-0.14,9.77,-19.84,-48.28,1.64,53.10,0,0,5,12
-0.67,2.28,0.53,42.42,-50.72,-50.54,2.44,83.22,1,673,13,7
0.91,-0.17,-1.05,196.90,82.89,247.50,1.40,326.95,4,742,34,13
-0.61,2.55,0.86,-60.30,-26.86,200.56,2.76,211.15,18,733,58,9
-0.12,-0.66,-0.43,204.65,-0.06,78.55,0.80,219.21,100,589,83,71
0.02,0.59,0.16,39.37,11.66,9.83,0.61,42.22,161,547,95,113
-0.04,1.13,0.00,-21.55,-4.27,-0.61,1.13,21.97,189,543,95,112
-0.01,1.01,0.03,6.23,-0.73,3.23,1.01,7.05,244,522,85,131
-0.02,0.98,0.09,17.52,0.92,6.77,0.98,18.80,189,509,84,140
-0.03,0.99,0.08,13.85,3.97,6.47,0.99,15.80,168,500,81,143
-0.04,0.95,0.11,13.24,4.46,5.62,0.96,15.06,105,492,73,148
-0.03,0.97,0.10,9.16,3.36,1.10,0.98,9.81,80,500,74,146
-0.04,0.98,0.10,4.76,1.46,-1.46,0.99,5.19,75,511,79,138
-0.03,0.98,0.10,4.70,0.73,-3.23,0.98,5.75,74,533,77,134
-0.03,0.99,0.09,2.50,-0.18,-5.74,0.99,6.26,60,553,79,122
-0.02,0.94,0.12,3.72,-0.43,-5.98,0.95,7.06,72,573,84,108
-0.03,0.99,0.09,3.30,-0.98,-6.53,0.99,7.38,69,596,89,96
-0.01,0.97,0.10,8.54,0.37,-5.55,0.97,10.20,71,600,92,90
-0.01,0.96,0.13,5.86,0.98,-1.22,0.96,6.06,83,590,97,97
-0.02,0.99,0.11,3.66,-0.43,-2.50,1.00,4.46,96,591,100,85
-0.01,0.98,0.10,6.90,-0.67,-6.23,0.98,9.32,96,599,103,82
-0.01,0.98,0.11,9.22,1.10,-2.87,0.98,9.71,110,594,104,83
-0.02,0.99,0.12,8.54,-0.73,-4.15,1.00,9.53,104,610,105,79
-0.05,1.13,0.11,10.62,-7.02,-26.31,1.13,29.22,60,689,105,43
0.06,3.17,0.60,-18.62,2.87,-85.51,3.23,87.56,25,783,101,23
-0.41,2.31,0.33,-21.30,30.94,-207.58,2.37,210.95,11,789,98,16
-0.42,2.04,0.19,-22.52,45.47,-321.96,2.09,325.93,3,795,71,9
-0.15,1.78,-0.06,43.21,60.06,-368.16,1.79,375.53,1,726,26,14
-1.71,0.15,-0.37,180.54,55.85,-207.58,1.76,280.72,0,0,10,30
-0.80,-1.57,-1.16,127.44,22.77,-54.20,2.11,140.35,0,0,4,28
-1.07,0.35,-0.08,-27.77,-32.71,39.31,1.13,58.19,0,0,5,28
-0.59,-0.07,-0.32,22.40,-12.45,49.80,0.68,56.01,0,0,4,25
-0.41,0.26,-0.22,-35.52,-14.59,45.78,0.53,59.75,0,0,4,23
-0.29,0.63,-0.08,-57.86,21.18,45.96,0.69,76.87,0,0,3,22
0.10,0.83,0.01,-84.53,64.76,78.55,0.84,132.33,0,0,3,19
0.36,1.06,-0.01,-87.83,92.90,119.45,1.12,174.96,0,0,3,23
0.72,1.30,0.01,-75.87,98.82,137.57,1.48,185.60,0,0,3,19
0.88,1.32,-0.12,-39.25,88.99,136.96,1.59,167.98,0,0,2,20
1.06,1.15,-0.24,-19.78,58.78,134.77,1.59,148.35,0,0,3,17
1.18,1.13,-0.22,-27.34,14.40,136.47,1.65,139.93,0,0,2,17
1.28,1.19,-0.14,-27.47,-19.41,127.81,1.75,132.16,0,0,2,19
1.25,0.87,-0.14,-11.90,-48.65,92.71,1.53,105.37,0,0,1,16
1.01,0.73,-0.12,-26.00,-74.95,26.00,1.25,83.49,0,0,1,18
0.73,0.81,-0.02,-10.74,-52.43,-11.84,1.09,54.81,0,0,2,18
0.65,0.75,-0.06,-1.53,-10.74,-47.30,0.99,48.53,0,0,3,15
0.66,0.74,-0.04,-26.12,23.44,-95.70,0.99,101.94,0,0,3,15
0.72,1.06,0.13,-48.40,28.93,-106.45,1.29,120.46,0,0,2,15
0.61,1.33,0.25,-3.17,14.53,-87.77,1.48,89.02,0,0,0,17
0.61,1.28,0.06,61.10,-4.52,-59.27,1.42,85.24,0,0,4,15
-0.01,2.31,-0.12,203.25,19.29,119.14,2.32,236.38,2,731,20,8
-0.32,0.86,-0.11,82.95,-24.72,196.04,0.92,214.30,9,765,59,10
-0.09,0.56,-0.42,-13.24,6.47,129.33,0.71,130.17,34,735,87,16
0.40,1.17,0.32,17.76,5.68,15.99,1.28,24.56,137,596,101,72
-0.05,1.17,0.09,-13.98,0.37,21.97,1.17,26.04,220,530,100,120
-0.06,0.97,0.06,0.85,-4.52,1.04,0.98,4.71,331,519,100,133
-0.03,1.02,0.05,2.81,-0.98,-2.99,1.02,4.22,315,525,103,123
-0.01,0.97,0.07,9.70,0.67,-4.27,0.97,10.62,296,537,105,107
-0.01,0.98,0.07,6.53,0.24,-4.58,0.98,7.98,345,548,106,96
-0.02,0.98,0.08,6.04,-0.12,-3.36,0.98,6.91,268,555,104,85
-0.01,0.96,0.08,3.11,-0.79,-5.55,0.97,6.42,386,566,105,61
-0.01,0.98,0.07,1.04,-0.85,-5.86,0.99,6.01,361,579,103,46
-0.01,0.96,0.08,-3.36,0.24,-3.72,0.96,5.02,391,590,102,36
-0.01,0.96,0.08,-7.75,0.67,-2.26,0.97,8.10,334,592,96,35
-0.01,1.01,0.05,-7.39,1.22,-2.69,1.01,7.95,518,599,95,32
0.00,0.98,0.05,0.61,1.77,-3.54,0.98,4.00,740,600,99,29
-0.01,0.94,0.10,-3.23,1.59,-2.32,0.95,4.29,343,604,99,30
-0.02,0.99,0.09,-15.01,1.59,-5.92,1.00,16.22,303,626,96,24
0.02,1.05,-0.04,-13.79,2.56,-20.69,1.06,25.00,277,659,105,20
0.06,0.94,-0.02,24.66,1.22,-11.47,0.94,27.22,249,658,109,21
-0.01,0.95,0.09,21.55,-1.59,-4.33,0.95,22.03,310,660,112,22
0.03,1.02,0.03,11.17,0.92,-14.40,1.02,18.25,215,679,117,22
0.06,0.98,0.07,28.44,-0.67,-3.23,0.98,28.63,199,677,119,24
0.02,1.06,0.11,26.67,-3.30,-4.76,1.06,27.29,127,699,113,25
-0.26,2.49,0.48,-29.91,-1.77,-71.78,2.55,77.78,57,767,114,16
-0.39,2.25,0.34,-25.51,26.49,-190.06,2.31,193.59,23,792,110,9
-0.42,1.55,0.28,-50.54,51.76,-321.53,1.63,329.57,6,811,89,4
-0.10,1.75,0.27,-46.45,83.25,-393.49,1.77,404.88,1,776,28,7
-1.60,0.82,0.34,90.70,104.25,-283.39,1.83,315.28,1,633,11,25
0.21,-1.19,-0.70,23.74,-41.56,-12.45,1.40,49.46,1,608,3,25
-0.96,0.18,-0.18,86.91,-85.02,75.93,0.99,143.35,1,663,5,26
-0.59,0.03,-0.35,59.88,-84.90,86.73,0.69,135.33,0,0,3,23
-0.51,0.31,-0.22,27.89,-62.13,72.75,0.64,99.66,0,0,3,20
-0.28,0.48,-0.21,-21.18,-9.58,59.81,0.59,64.17,0,0,3,19
-0.04,0.97,-0.13,-62.87,42.42,68.24,0.98,102.02,0,0,4,19
0.36,1.07,-0.12,-71.59,81.18,105.10,1.14,150.87,0,0,2,20
0.77,1.14,-0.13,-62.32,80.93,123.11,1.38,159.97,0,0,3,19
1.00,1.17,-0.18,-41.08,53.16,125.92,1.55,142.72,0,0,4,16
1.10,1.06,-0.23,-32.04,19.35,118.77,1.54,124.53,0,0,2,15
1.27,0.95,-0.14,-56.58,2.69,102.29,1.60,116.93,0,0,2,16
1.40,1.04,0.00,-70.98,2.69,66.65,1.74,97.41,0,0,4,13
1.22,1.00,-0.00,-41.14,-8.85,1.16,1.58,42.09,0,0,3,13
0.93,0.79,-0.04,-36.56,-26.55,-22.83,1.22,50.62,0,0,3,11
0.76,1.03,0.05,-36.44,-31.43,-8.67,1.28,48.90,0,0,3,12
0.86,1.15,0.12,-10.19,-25.70,-11.41,1.44,29.91,1,610,2,11
0.74,1.02,0.07,9.46,-11.17,-30.94,1.26,34.23,1,654,2,11
0.55,1.00,-0.09,21.73,9.22,-46.63,1.15,52.26,1,664,3,11
0.46,1.06,-0.11,17.40,29.66,-39.12,1.16,52.09,1,671,2,11
-0.44,2.12,0.63,26.98,23.44,-37.41,2.25,51.74,1,697,9,8
0.59,-0.67,-1.20,220.03,90.64,180.42,1.49,298.63,2,760,29,5
-0.61,4.00,0.16,-201.54,-1.22,137.27,4.05,243.85,9,761,64,4
-0.16,2.88,0.57,91.86,22.40,96.01,2.94,134.75,50,642,83,20
0.07,1.31,0.23,54.63,-4.09,25.27,1.33,60.33,151,543,96,55
-0.06,1.10,-0.00,-22.64,-4.46,19.41,1.10,30.15,237,486,98,108
-0.00,0.99,0.05,7.45,-3.48,5.49,0.99,9.89,244,461,93,130
-0.01,0.99,0.04,9.64,-2.56,4.88,1.00,11.11,187,445,82,137
-0.01,0.98,0.05,10.56,-1.71,4.94,0.98,11.78,184,431,76,145
-0.01,0.98,0.06,10.99,0.18,3.91,0.98,11.66,142,420,71,148
-0.02,0.98,0.06,8.42,1.28,4.39,0.98,9.59,91,406,66,152
-0.03,0.98,0.07,6.29,2.99,3.66,0.98,7.87,100,401,70,148
-0.02,0.97,0.07,4.82,3.36,2.38,0.97,6.34,76,393,67,153
-0.03,0.99,0.06,3.54,3.66,0.98,0.99,5.19,67,393,64,150
-0.02,0.97,0.07,4.64,3.78,0.85,0.97,6.05,63,390,66,145
-0.02,0.97,0.08,3.23,2.44,0.18,0.97,4.06,71,396,67,143
-0.02,0.97,0.08,3.42,2.08,-1.71,0.97,4.35,73,406,74,138
-0.02,0.97,0.08,1.95,0.73,-4.33,0.97,4.81,101,423,78,131
-0.02,1.00,0.05,0.49,-0.31,-4.21,1.00,4.25,121,437,86,118
-0.01,0.96,0.08,6.90,0.24,-3.11,0.97,7.57,140,444,91,116
-0.02,0.98,0.09,4.76,-0.31,-3.85,0.98,6.13,195,452,95,116
-0.01,0.99,0.08,2.38,-0.55,-6.59,0.99,7.03,231,468,99,96
-0.02,1.02,0.03,1.28,-2.01,-11.41,1.02,11.66,239,502,102,71
-0.01,1.00,0.10,14.22,-0.18,-12.33,1.01,18.82,322,522,108,62
-0.01,1.01,0.10,8.42,-1.65,-8.91,1.01,12.37,202,551,106,53
-0.05,1.06,0.14,11.11,-4.94,-24.11,1.07,27.00,109,621,110,35
0.00,1.47,0.15,-9.16,10.13,-90.52,1.48,91.54,36,731,115,22
-0.19,3.17,0.38,-96.92,17.21,-196.72,3.20,219.97,14,784,110,12
-0.26,2.39,0.18,-62.19,45.23,-319.58,2.41,328.70,7,815,95,6
-0.20,1.53,-0.15,1.95,51.21,-389.40,1.55,392.76,2,809,39,3
0.44,1.34,0.14,38.51,63.54,-359.86,1.42,367.45,0,0,16,20
-1.44,-1.09,-0.67,153.38,40.59,-123.60,1.93,201.12,0,0,8,29
-0.78,-0.38,-0.31,9.70,-29.17,52.49,0.92,60.83,1,516,4,27
-1.19,-0.07,-0.27,16.42,-36.56,67.69,1.23,78.66,0,0,4,28
-0.81,0.07,-0.27,4.33,-11.84,110.96,0.86,111.68,0,0,6,25
-0.47,0.35,-0.17,-14.47,7.69,104.86,0.61,106.13,0,0,3,24
-0.22,0.75,-0.14,-26.92,26.06,84.11,0.80,92.07,0,0,5,23
0.06,1.06,-0.03,-6.84,64.51,116.64,1.06,133.47,0,0,3,23
0.32,0.92,-0.19,-3.54,63.17,132.26,1.00,146.62,0,0,3,20
0.78,1.04,-0.23,-52.37,55.11,124.69,1.32,146.04,0,0,2,20
1.10,1.40,-0.03,-72.88,37.41,110.29,1.78,137.39,0,0,2,19
1.26,1.33,-0.01,-34.73,23.50,108.40,1.83,116.23,0,0,1,20
1.52,1.12,-0.06,-27.89,3.97,119.02,1.89,122.31,0,0,2,19
1.70,0.98,-0.05,-38.88,-19.04,98.51,1.97,107.60,0,0,2,16
1.47,0.84,-0.05,-37.96,-40.16,26.31,1.69,61.21,0,0,2,13
1.07,0.88,-0.08,-25.51,-39.92,-19.65,1.39,51.29,0,0,3,13
0.71,0.78,0.03,-11.23,-24.11,-10.31,1.05,28.53,0,0,1,14
0.67,1.18,0.04,4.70,-3.30,-39.00,1.36,39.42,0,0,2,12
0.52,1.15,-0.09,36.32,30.94,-70.74,1.27,85.33,0,0,3,11
0.53,1.05,-0.14,63.48,61.65,-59.20,1.19,106.46,0,0,3,11
-0.66,3.18,-0.25,139.10,-8.85,50.11,3.25,148.11,2,703,24,5
-0.33,1.23,-0.39,29.97,-32.23,190.92,1.33,195.92,14,747,65,5
-0.17,0.74,-0.29,122.56,-29.48,143.55,0.81,191.04,42,740,90,12
0.23,0.53,-0.14,60.12,-22.40,49.44,0.59,81.00,163,644,94,45
-0.02,1.05,0.19,10.13,3.48,9.58,1.07,14.37,244,586,100,84
-0.01,1.04,0.05,-3.17,-0.61,-0.12,1.04,3.23,291,576,104,89
-0.00,0.99,0.04,7.14,0.18,4.58,0.99,8.48,310,562,95,104
-0.03,0.99,0.07,14.34,0.24,4.82,0.99,15.13,413,548,96,120
-0.04,0.97,0.08,12.63,0.12,4.15,0.97,13.30,345,540,92,124
-0.03,0.96,0.09,8.36,0.98,-1.34,0.97,8.53,280,541,89,123
-0.02,0.98,0.08,1.89,0.61,-2.32,0.98,3.05,298,551,95,115
-0.03,0.99,0.07,1.40,0.79,-2.38,0.99,2.88,402,563,96,106
-0.02,0.98,0.07,1.28,1.46,-2.14,0.98,2.89,442,576,96,97
-0.02,0.96,0.08,0.49,1.77,-0.12,0.97,1.84,286,580,96,92
-0.02,0.98,0.07,3.05,2.81,2.87,0.98,5.04,282,576,97,97
-0.03,0.98,0.08,3.66,1.95,3.23,0.99,5.26,245,565,91,105
-0.03,0.98,0.08,2.44,1.46,1.95,0.98,3.45,214,559,91,111
-0.03,0.98,0.08,2.50,0.67,0.12,0.99,2.59,188,560,91,112
-0.04,0.99,0.08,4.27,-0.49,-1.83,0.99,4.67,197,560,87,106
-0.03,0.99,0.08,5.74,-0.98,-4.88,0.99,7.60,296,573,94,90
-0.03,1.01,0.08,3.60,-2.01,-8.36,1.01,9.32,270,593,97,66
-0.05,1.02,0.10,1.16,-3.36,-13.12,1.03,13.59,293,624,102,43
-0.01,0.94,0.10,-5.13,-1.65,-24.11,0.95,24.70,240,666,107,31
0.01,1.02,0.09,4.94,0.79,-17.70,1.02,18.39,181,685,107,28
-0.02,1.11,0.13,3.05,1.40,-25.88,1.12,26.10,145,722,110,22
-0.17,1.85,0.22,-17.76,10.86,-80.87,1.87,83.51,57,781,115,16
-0.27,1.91,0.18,-24.54,23.86,-200.50,1.93,203.40,22,801,109,12
-0.35,1.78,0.40,-63.23,45.23,-306.82,1.85,316.52,7,831,101,6
-0.35,2.03,0.50,-33.14,74.52,-365.42,2.12,374.41,2,828,44,3
-0.92,1.53,0.52,125.31,131.84,-303.65,1.86,353.96,1,717,18,16
-0.96,-1.62,-1.10,225.71,154.11,-91.74,2.18,288.29,1,559,4,24
-1.04,0.21,-0.20,-19.84,16.30,80.02,1.08,84.03,0,0,4,23
-0.44,-0.04,-0.47,104.37,16.11,97.60,0.64,143.80,0,0,4,26
-0.24,0.48,-0.35,39.31,-7.20,119.38,0.64,125.90,0,0,4,25
-0.01,0.65,-0.30,39.55,-10.13,102.54,0.71,110.37,0,0,3,21
0.12,0.88,-0.28,11.66,-3.36,77.15,0.93,78.10,0,0,4,21
0.21,0.98,-0.16,-8.97,11.96,66.47,1.02,68.13,0,0,4,22
0.21,0.94,-0.16,-25.94,23.19,66.53,0.98,75.08,0,0,3,20
0.38,1.04,-0.14,-53.41,43.88,86.79,1.11,110.95,0,0,3,20
0.54,1.21,-0.10,-63.96,56.64,109.38,1.33,138.79,0,0,3,19
0.74,1.21,-0.12,-53.89,69.52,120.06,1.42,148.83,0,0,2,19
1.06,1.14,-0.15,-52.43,47.73,106.38,1.56,127.85,0,0,2,19
1.11,1.09,-0.17,-34.12,3.54,76.42,1.57,83.76,0,0,2,18
1.04,1.02,-0.20,-18.68,-43.33,51.94,1.47,70.18,0,0,3,15
0.91,0.88,-0.15,-15.93,-66.83,45.23,1.28,82.26,0,0,2,17
0.82,0.80,-0.07,-14.83,-61.04,37.84,1.15,73.33,0,0,3,14
0.76,0.89,-0.05,-5.19,-39.67,2.50,1.17,40.09,0,0,4,14
0.71,0.87,-0.10,4.09,-15.32,-34.36,1.13,37.84,0,0,3,14
0.72,0.85,-0.15,-4.09,6.90,-48.28,1.12,48.94,0,0,2,13
0.76,1.00,-0.16,-4.09,43.15,-45.41,1.27,62.78,0,0,3,14
0.83,0.86,-0.35,9.40,38.09,-55.85,1.24,68.25,0,0,1,13
0.62,0.95,-0.30,-18.19,19.53,-81.85,1.18,86.09,0,0,4,10
0.65,-1.28,-0.67,479.00,60.06,215.45,1.59,528.65,3,705,27,3
-0.33,2.85,0.96,-29.48,-8.48,151.25,3.02,154.32,27,719,67,9
-0.04,1.39,0.76,53.47,13.12,142.88,1.59,153.12,122,654,86,25
-0.03,1.27,0.09,18.68,-2.87,90.94,1.28,92.88,236,594,92,38
-0.02,2.10,-0.34,-90.94,-21.24,30.82,2.12,98.34,333,524,86,94
-0.04,0.76,0.14,25.63,-0.06,1.04,0.77,25.66,392,511,89,109
-0.05,1.00,0.06,13.67,0.37,-3.11,1.00,14.03,526,524,91,100
-0.02,0.95,0.06,8.06,0.67,-4.03,0.96,9.03,966,544,95,75
-0.03,0.99,0.06,5.25,0.79,0.43,0.99,5.33,433,552,96,68
-0.04,0.92,0.08,3.85,0.12,2.32,0.93,4.49,361,555,92,64
-0.04,1.02,0.06,-0.31,-0.24,0.12,1.02,0.41,596,558,90,48
-0.05,1.02,0.05,5.98,-0.85,-5.31,1.02,8.04,394,577,91,35
-0.01,0.93,0.07,16.17,-1.28,-11.17,0.93,19.70,436,587,92,33
-0.00,0.90,0.10,8.06,-1.83,-5.13,0.90,9.72,612,591,95,30
-0.07,1.10,0.08,2.56,-2.62,-9.40,1.11,10.09,616,602,96,30
-0.02,1.04,0.10,11.11,-2.56,-33.87,1.05,35.74,349,619,98,27
-0.03,1.07,0.11,2.81,-1.89,-43.82,1.08,43.95,418,636,103,25
0.03,0.98,0.05,9.40,1.53,-57.92,0.98,58.70,277,656,107,22
0.11,0.81,0.09,18.13,1.59,-49.13,0.82,52.39,271,672,113,23
0.07,0.97,0.16,7.14,2.01,-27.28,0.99,28.27,304,685,116,21
0.04,1.21,0.09,-0.12,5.92,-42.18,1.21,42.59,182,709,120,19
0.17,0.95,0.01,19.35,8.85,-65.43,0.97,68.80,115,733,120,20
0.20,0.79,0.21,29.85,3.60,-43.76,0.85,53.09,86,739,128,19
0.13,1.21,0.26,2.99,3.48,-35.16,1.25,35.45,59,759,125,16
-0.07,2.12,0.32,-29.60,25.45,-139.53,2.14,144.89,28,787,125,13
-0.25,2.71,0.25,-49.13,44.56,-293.15,2.73,300.56,10,811,114,8
-0.70,2.55,-0.07,-9.03,54.93,-423.10,2.65,426.74,5,821,67,11
-1.82,0.78,0.37,110.41,97.05,-442.50,2.01,466.28,1,681,11,23
-0.93,-0.16,-0.42,241.82,72.81,-266.24,1.03,366.96,0,0,6,25
-0.94,0.06,-0.33,26.61,-37.60,51.45,0.99,69.06,0,0,7,24
-0.62,0.66,-0.01,26.18,-43.33,149.17,0.90,157.53,0,0,4,22
-0.34,0.56,-0.19,46.14,-8.48,170.84,0.68,177.16,0,0,3,21
-0.10,0.93,-0.18,24.05,-1.59,211.55,0.95,212.92,0,0,5,20
-0.02,1.06,-0.15,27.83,23.38,238.89,1.07,241.64,0,0,4,20
0.06,1.26,-0.15,6.65,44.98,248.84,1.27,252.96,0,0,4,19
0.13,1.36,-0.32,6.65,73.97,251.46,1.40,262.20,0,0,4,20
0.28,1.57,-0.41,-16.72,75.68,247.19,1.64,259.06,0,0,4,18
0.23,1.92,-0.33,-12.70,79.59,236.57,1.96,249.92,0,0,3,18
0.18,1.92,-0.50,6.10,104.92,253.23,1.99,274.18,0,0,3,19
0.54,1.80,-0.63,-17.88,127.75,260.62,1.98,290.80,0,0,3,19
0.81,2.05,-0.55,-51.33,125.73,227.66,2.27,265.09,0,0,3,17
1.33,1.75,-0.51,-65.49,100.71,202.15,2.25,235.15,0,0,4,18
1.80,1.51,-0.34,-89.78,55.66,117.25,2.37,157.82,1,557,3,16
2.54,2.99,0.56,-58.53,-27.83,-61.83,3.96,89.57,1,539,3,31
-0.12,0.90,-0.04,11.66,-22.34,-192.44,0.91,194.09,1,347,4,72
-0.37,1.22,-0.11,26.18,-21.97,-183.59,1.28,186.75,0,0,9,118
-0.08,1.49,0.11,35.22,15.87,-181.03,1.50,185.11,0,0,7,138
0.07,1.58,0.05,30.58,25.39,-141.91,1.58,147.37,1,241,9,148
0.10,1.05,0.21,2.14,39.37,-60.06,1.08,71.84,4,270,11,152
-0.01,1.02,0.03,-22.95,-9.77,-41.08,1.02,48.06,13,297,10,150
-0.02,1.03,0.05,-16.42,-8.48,-20.63,1.03,27.70,30,326,12,144
-0.03,0.96,-0.00,7.45,-10.50,-10.31,0.96,16.49,68,350,18,143
-0.00,1.00,0.04,13.98,-1.89,-7.39,1.01,15.92,122,389,28,145
-0.00,0.98,0.07,12.08,0.31,-3.66,0.98,12.63,216,417,37,139
-0.01,0.98,0.07,11.78,1.53,-2.56,0.99,12.15,226,436,49,133
0.00,0.98,0.07,8.73,2.08,-1.53,0.99,9.10,209,448,53,133
-0.00,0.95,0.07,7.69,2.38,-0.18,0.95,8.05,198,455,62,125
-0.00,0.98,0.08,5.55,2.26,-0.55,0.98,6.02,197,463,64,124
0.00,0.97,0.08,4.21,1.83,-0.79,0.98,4.66,190,466,70,120
-0.00,0.97,0.08,1.89,1.40,-0.73,0.97,2.47,200,468,70,119
0.00,0.97,0.09,0.55,1.10,-1.16,0.98,1.69,192,469,74,121
-0.00,0.97,0.08,-3.54,0.12,-1.10,0.97,3.71,231,473,74,117
-0.00,1.00,0.07,-2.26,0.00,-0.98,1.00,2.46,330,478,76,114
-0.00,0.97,0.07,1.28,0.79,-1.46,0.97,2.10,275,487,80,108
0.01,0.98,0.08,3.78,1.28,-3.11,0.99,5.06,532,493,85,105
-0.00,0.98,0.08,0.37,1.10,-5.80,0.98,5.91,308,510,86,83
0.01,0.98,0.07,0.79,0.92,-7.81,0.98,7.91,457,535,94,58
-0.01,1.04,0.08,0.61,-1.28,-12.82,1.05,12.90,424,568,103,35
0.03,0.93,0.15,-3.66,-1.89,-20.08,0.94,20.50,315,618,105,22
0.01,1.00,0.09,-19.23,-0.37,-28.87,1.01,34.69,246,664,109,18
0.03,1.08,0.06,-19.04,3.66,-52.00,1.08,55.50,140,712,115,11
0.07,1.26,0.04,-29.36,6.84,-72.51,1.26,78.53,76,755,116,9
0.05,1.36,0.02,-27.34,7.87,-103.27,1.37,107.12,52,778,116,8
0.01,1.49,0.12,-26.92,11.17,-143.43,1.49,146.36,29,814,113,7
-0.07,1.69,0.09,-26.86,16.66,-208.98,1.70,211.36,18,837,103,7
0.07,1.82,0.11,-31.49,32.90,-280.09,1.83,283.77,10,841,72,6
0.30,2.24,0.21,-46.08,53.83,-348.14,2.27,355.28,3,835,35,2
0.29,2.50,0.12,22.83,70.68,-351.32,2.52,359.08,1,737,16,2
-0.31,1.18,-0.02,130.68,67.20,-333.56,1.22,364.49,1,675,7,16
-0.17,0.35,-0.48,158.81,20.69,-119.69,0.62,199.94,0,0,3,19
-0.41,0.66,-0.15,35.64,-46.63,46.20,0.79,74.70,1,631,3,18
-0.42,0.77,0.06,77.64,-51.57,108.64,0.88,143.15,0,0,2,19
-0.31,0.80,-0.13,138.24,-31.01,149.23,0.87,205.77,0,0,3,18
0.01,0.50,-0.46,163.21,-23.38,195.25,0.68,255.55,0,0,6,19
0.07,0.62,-0.48,108.76,-34.42,227.84,0.79,254.81,0,0,3,21
0.02,0.86,-0.37,76.42,-25.02,242.00,0.94,255.01,0,0,1,20
0.09,0.90,-0.39,58.90,5.43,250.55,0.99,257.44,0,0,3,19
0.05,1.15,-0.29,22.58,38.57,248.47,1.19,252.46,0,0,3,19
0.03,1.33,-0.31,18.86,97.78,246.28,1.37,265.65,0,0,4,19
0.32,1.40,-0.48,-10.19,101.20,241.82,1.51,262.34,0,0,2,20
0.33,1.78,-0.38,-30.94,79.59,232.42,1.85,247.61,0,0,1,20
0.49,2.02,-0.46,-15.26,74.95,248.23,2.12,259.75,0,0,3,17
0.99,1.81,-0.76,-29.30,71.72,236.08,2.20,248.47,0,0,4,17
1.43,1.50,-0.61,-109.86,45.90,200.68,2.16,233.35,0,0,2,16
1.32,1.34,-0.04,-176.64,2.50,126.59,1.89,217.33,0,0,2,15
1.71,1.88,0.22,-205.63,-24.17,52.92,2.55,213.70,0,0,2,13
2.17,3.95,1.30,-90.15,-28.56,-27.16,4.69,98.39,1,475,2,25
-1.06,0.51,0.36,217.04,28.63,-152.59,1.23,266.85,1,307,6,69
0.16,0.90,0.30,48.71,38.27,-200.87,0.96,210.20,1,246,6,115
0.09,1.47,-0.08,12.08,-5.55,-164.18,1.48,164.72,2,282,10,143
0.24,1.23,0.26,-105.29,54.38,-97.90,1.29,153.71,7,293,9,142
-0.05,1.25,-0.15,-34.12,-18.19,-36.01,1.26,52.84,26,324,8,142
-0.01,0.97,-0.06,29.54,-4.64,-7.63,0.97,30.86,39,364,12,139
-0.00,0.98,-0.00,33.39,-0.55,-1.83,0.98,33.44,70,397,20,145
-0.01,0.94,0.03,23.01,-1.10,-1.59,0.94,23.09,92,415,28,146
-0.01,0.95,0.03,4.46,-1.40,-2.87,0.95,5.48,141,422,37,146
-0.02,0.98,0.02,-0.55,-0.85,-3.91,0.98,4.04,212,435,43,142
-0.05,1.01,0.01,3.36,-0.06,-4.58,1.01,5.68,302,450,54,133
0.02,0.99,0.01,7.45,1.65,-3.11,0.99,8.24,369,468,61,121
0.01,0.99,0.01,10.56,1.95,-2.14,0.99,10.95,428,480,66,111
0.00,0.94,0.03,10.99,2.01,-1.53,0.94,11.27,483,489,68,107
0.00,0.97,0.04,7.20,1.65,-1.16,0.97,7.48,362,493,72,105
-0.00,0.98,0.03,6.84,1.40,-0.98,0.99,7.05,444,498,75,105
0.00,0.98,0.04,9.09,1.83,-0.06,0.99,9.28,494,498,77,99
-0.00,0.97,0.05,10.62,1.53,-0.37,0.97,10.74,451,503,81,98
0.00,0.98,0.05,5.43,0.43,-1.77,0.98,5.73,508,508,82,93
0.00,0.99,0.04,4.58,0.24,-1.95,0.99,4.98,464,517,89,79
0.00,0.98,0.05,7.02,1.10,-2.08,0.98,7.40,662,524,92,75
-0.01,0.98,0.07,5.25,0.85,-2.81,0.98,6.01,588,534,98,68
0.00,0.98,0.06,2.50,0.37,-3.78,0.98,4.55,794,540,96,54
0.00,0.99,0.05,-0.24,0.00,-5.25,0.99,5.25,794,557,101,41
0.00,0.98,0.07,-0.24,0.31,-6.16,0.98,6.18,533,578,101,32
0.00,1.00,0.06,-5.49,0.55,-8.73,1.00,10.33,376,606,109,26
0.01,1.01,0.05,-4.09,0.55,-13.61,1.01,14.22,384,646,113,19
0.01,1.06,0.06,-5.00,0.55,-25.15,1.06,25.65,243,685,116,15
0.00,1.15,0.07,-6.71,4.52,-46.88,1.15,47.57,113,739,117,8
0.03,1.24,0.05,-14.22,8.00,-69.82,1.24,71.70,58,776,116,6
0.04,1.32,0.07,-15.81,9.70,-98.82,1.32,100.54,37,793,116,7
0.01,1.55,0.03,-16.60,11.84,-139.10,1.55,140.59,21,825,113,7
0.03,1.68,0.07,-11.60,22.34,-199.95,1.68,201.53,10,849,104,8
0.10,1.68,0.10,-9.28,31.68,-258.79,1.69,260.89,5,848,62,5
0.20,2.27,0.23,-23.74,43.88,-311.83,2.29,315.80,2,821,36,2
0.31,2.33,0.20,17.88,60.12,-314.09,2.36,320.29,1,731,14,4
-0.51,0.71,-0.28,147.34,56.09,-256.35,0.92,300.95,0,0,7,17
-0.21,0.31,-0.36,41.14,-33.14,9.46,0.52,53.67,1,629,5,18
-0.52,0.89,0.07,34.85,-57.92,84.53,1.03,108.24,0,0,5,17
-0.49,0.54,-0.11,103.09,-43.27,137.76,0.74,177.42,0,0,4,20
-0.31,0.28,-0.30,92.04,-30.58,177.25,0.52,202.05,0,0,2,22
-0.25,0.36,-0.28,44.98,-21.97,178.22,0.52,185.12,0,0,3,22
-0.21,0.56,-0.25,14.16,-6.41,176.03,0.65,176.71,0,0,3,21
-0.06,0.74,-0.20,-7.57,14.65,187.38,0.77,188.10,0,0,4,20
0.20,0.90,-0.15,-38.64,44.37,185.73,0.94,194.83,0,0,4,18
0.50,1.15,-0.08,-44.07,74.34,174.13,1.25,194.40,0,0,3,16
0.82,1.25,-0.19,-41.44,91.31,151.73,1.51,181.87,0,0,2,17
1.06,1.25,-0.33,-40.59,77.51,117.43,1.68,146.44,0,0,3,15
1.23,1.23,-0.33,-51.70,54.08,92.04,1.76,118.61,0,0,2,14
1.24,1.12,-0.28,-56.46,22.83,80.87,1.69,101.24,0,0,3,17
1.17,1.03,-0.23,-51.51,-15.32,71.53,1.58,89.47,0,0,3,15
0.99,0.86,-0.19,-44.43,-52.73,55.30,1.32,88.39,0,0,2,15
0.85,0.85,-0.14,-52.06,-69.40,31.43,1.21,92.27,0,0,3,14
0.70,1.00,-0.06,-49.26,-60.85,8.91,1.22,78.79,0,0,2,13
0.64,0.86,-0.05,-22.71,-32.04,-15.14,1.07,42.09,0,0,3,12
0.60,0.72,-0.12,-20.63,11.17,-65.49,0.94,69.57,0,0,3,11
0.53,0.64,-0.18,-31.80,23.38,-81.73,0.85,90.76,0,0,3,14
0.37,0.88,-0.10,-45.65,16.78,-81.97,0.96,95.32,0,0,3,12
0.21,0.93,-0.02,-19.90,11.05,-89.60,0.95,92.44,0,0,3,12
0.16,1.00,-0.05,-0.67,15.99,-90.58,1.01,91.98,0,0,3,13
0.20,1.20,0.01,19.04,26.25,-66.83,1.22,74.28,0,0,4,12
0.36,1.18,0.20,78.43,14.40,-23.93,1.25,83.25,1,585,3,12
-1.15,2.87,1.04,86.98,-33.39,-33.81,3.26,99.11,2,700,19,5
0.97,-0.77,-1.52,158.39,42.24,180.54,1.96,243.86,13,717,57,8
-0.12,3.47,-0.80,154.60,9.95,170.90,3.57,230.67,72,642,85,20
-0.52,0.66,1.00,77.64,0.24,25.57,1.30,81.74,247,542,99,72
-0.03,1.00,0.02,0.06,-1.46,3.48,1.00,3.78,333,519,106,97
0.01,0.97,0.05,2.38,-1.22,-3.17,0.97,4.15,436,527,104,94
0.02,1.01,0.01,4.09,0.00,0.37,1.01,4.11,342,532,102,95
0.01,0.96,0.06,20.20,2.99,6.10,0.96,21.32,313,514,102,110
-0.02,1.00,0.05,18.13,3.36,6.84,1.00,19.66,300,505,102,119
0.00,0.98,0.07,13.43,3.72,-0.55,0.98,13.95,265,514,104,111
0.01,0.96,0.07,8.67,1.53,-2.81,0.96,9.24,282,528,105,105
0.00,0.98,0.07,2.50,0.67,-2.44,0.98,3.56,254,536,105,93
0.01,0.98,0.06,0.31,0.55,-0.55,0.99,0.83,256,540,102,95
0.01,0.97,0.07,2.93,0.67,2.08,0.98,3.65,250,538,106,93
-0.00,0.99,0.07,3.05,0.31,2.50,1.00,3.96,234,534,98,99
-0.01,0.99,0.07,4.21,0.61,1.40,1.00,4.48,243,528,95,104
-0.00,0.98,0.07,7.14,0.37,-2.32,0.98,7.52,222,530,96,99
0.00,0.99,0.08,7.51,0.92,-2.26,0.99,7.89,211,529,101,101
0.00,0.97,0.11,5.86,-0.24,-3.48,0.97,6.82,286,535,105,83
0.01,1.03,0.06,-0.24,-1.40,-9.22,1.03,9.33,292,562,107,53
0.02,0.99,0.07,9.28,-1.89,-11.17,0.99,14.64,320,575,108,44
-0.01,0.98,0.15,-1.10,-1.71,-7.02,0.99,7.31,410,588,115,36
-0.00,1.00,0.09,-13.06,-4.03,-20.75,1.00,24.85,246,631,117,28
0.12,0.98,-0.00,9.64,3.91,-23.07,0.99,25.31,178,655,118,25
0.04,1.01,0.14,19.78,0.92,-9.58,1.02,21.99,174,670,119,25
-0.05,1.41,0.29,-5.31,1.16,-42.66,1.44,43.01,64,732,117,15
-0.35,3.00,0.51,-78.67,18.86,-145.63,3.06,166.59,27,778,112,11
-0.37,2.22,0.28,-96.80,47.06,-276.86,2.27,297.04,10,823,99,6
-0.24,1.84,0.23,-69.95,66.89,-377.81,1.87,390.01,3,821,46,1
-0.13,1.69,0.08,31.49,104.00,-351.14,1.69,367.57,1,669,16,18
-0.50,-1.64,-1.08,226.93,104.49,-57.92,2.03,256.46,1,556,5,24
-1.19,0.55,0.19,-1.71,-76.42,25.02,1.33,80.43,1,602,3,25
-0.72,-0.22,-0.42,155.21,-47.97,84.29,0.86,183.02,1,599,3,25
-0.47,0.07,-0.30,70.43,-51.70,101.56,0.57,133.97,0,0,3,23
-0.27,0.38,-0.22,54.44,-37.35,105.53,0.51,124.48,0,0,2,23
0.08,0.47,-0.23,1.95,-20.69,96.62,0.53,98.83,0,0,4,20
0.13,0.90,-0.08,-48.77,3.66,75.87,0.91,90.26,0,0,2,22
0.31,0.87,-0.16,-52.80,30.70,69.70,0.93,92.67,0,0,2,19
0.44,1.05,-0.17,-73.49,46.51,93.51,1.15,127.70,0,0,3,18
0.77,1.17,-0.24,-60.67,66.71,119.02,1.42,149.32,0,0,3,18
1.17,1.17,-0.26,-53.89,49.62,131.71,1.68,150.72,0,0,2,18
1.26,1.16,-0.22,-36.07,20.94,129.03,1.73,135.60,0,0,2,17
1.24,0.94,-0.21,-29.05,-5.62,104.06,1.57,108.19,0,0,2,19
1.14,0.96,-0.12,-56.52,-28.69,59.08,1.49,86.65,0,0,3,15
0.90,1.13,0.09,-71.78,-31.98,29.05,1.45,83.78,0,0,4,13
0.82,1.30,0.11,-35.71,-3.23,13.24,1.54,38.22,0,0,3,15
0.82,1.02,-0.09,7.32,27.40,-1.89,1.31,28.43,0,0,4,13
0.76,0.84,-0.23,8.61,34.00,-19.96,1.15,40.35,0,0,3,14
0.70,1.03,-0.17,-1.28,17.27,-40.28,1.26,43.85,0,0,1,16
0.55,1.01,-0.01,4.94,-7.14,-50.35,1.15,51.10,0,0,3,15
0.56,1.08,0.05,7.14,-32.10,-42.97,1.22,54.11,1,580,2,14
-0.30,1.64,0.56,5.49,-55.66,-66.35,1.76,86.78,1,668,10,9
0.74,-0.37,-0.89,242.49,84.29,174.80,1.22,310.59,2,735,24,8
-0.34,1.68,0.90,-46.81,-18.98,147.77,1.93,156.16,13,729,48,4
-0.36,4.00,-1.47,-46.14,-0.98,131.16,4.27,139.05,46,675,62,21
-0.09,2.29,-0.12,-11.60,-16.36,0.55,2.30,20.06,165,547,69,101
-0.03,0.67,0.16,54.32,0.79,9.28,0.69,55.11,219,497,78,137
-0.02,0.99,0.02,-7.08,-3.36,-0.67,0.99,7.86,232,490,75,146
-0.01,1.02,0.01,2.69,-2.08,0.00,1.02,3.39,313,491,75,145
-0.04,1.01,0.03,9.52,-0.12,1.71,1.01,9.67,240,489,72,147
-0.02,0.98,0.05,17.21,4.15,1.77,0.99,17.79,192,488,73,149
-0.02,0.99,0.06,16.66,6.41,0.98,0.99,17.88,186,495,78,144
-0.01,0.95,0.09,12.08,4.52,-1.40,0.95,12.98,177,506,82,140
-0.02,0.97,0.06,3.42,1.34,-2.69,0.98,4.55,245,518,92,127
-0.01,1.00,0.07,4.15,1.89,-3.23,1.00,5.59,182,528,94,123
-0.01,0.97,0.08,1.53,1.22,-1.83,0.98,2.68,168,536,98,117
-0.01,0.98,0.08,2.81,0.06,-4.88,0.98,5.63,196,555,102,103
-0.00,0.97,0.06,1.22,-1.22,-9.46,0.98,9.62,178,591,104,72
0.01,0.96,0.07,3.72,-1.46,-9.16,0.96,9.99,189,612,103,51
0.00,0.98,0.07,1.53,-2.75,-8.79,0.99,9.33,195,627,110,40
-0.02,0.91,0.14,-6.35,-2.14,-12.94,0.92,14.57,219,657,109,29
0.02,0.99,0.03,-11.11,1.04,-24.17,0.99,26.62,144,693,109,24
0.06,1.08,0.07,-13.37,1.22,-29.11,1.08,32.06,115,716,115,19
0.02,1.06,0.13,-11.17,1.28,-25.70,1.06,28.05,92,739,117,13
0.04,1.17,0.07,-20.08,3.91,-56.64,1.17,60.22,75,759,115,14
0.06,1.08,0.02,-12.27,8.36,-65.86,1.08,67.51,57,774,121,12
0.14,1.00,-0.01,-2.14,7.69,-70.92,1.01,71.37,45,782,121,10
0.14,1.07,0.03,0.18,6.90,-70.74,1.08,71.08,37,792,121,9
0.17,1.14,0.04,1.95,8.12,-80.02,1.16,80.45,26,798,122,9
0.14,1.24,0.09,-6.59,11.72,-102.72,1.25,103.60,17,819,120,7
0.11,1.44,0.14,-27.65,19.90,-145.63,1.45,149.56,9,837,105,4
0.11,1.65,0.13,-36.62,35.28,-208.74,1.66,214.84,5,850,68,5
0.17,1.53,0.26,-5.31,60.00,-254.15,1.56,261.19,1,811,39,4
-0.12,1.89,0.61,102.60,103.58,-247.31,1.99,287.09,0,0,19,11
-0.42,-0.48,-0.50,175.90,125.00,-66.28,0.81,225.74,1,630,8,23
-0.54,0.56,0.09,-16.78,-11.72,10.44,0.78,22.98,0,0,3,25
-0.62,0.43,-0.21,124.63,-87.83,107.36,0.79,186.48,0,0,3,26
-0.54,0.09,-0.41,82.52,-127.69,123.11,0.68,195.62,0,0,4,26
-0.58,0.59,-0.12,38.57,-110.84,140.50,0.84,183.07,0,0,1,22
-0.31,0.57,-0.16,14.71,-43.46,125.67,0.67,133.78,0,0,4,22
-0.06,0.69,-0.16,-39.06,10.19,86.06,0.71,95.06,0,0,3,20
0.13,0.91,-0.16,-88.81,47.91,40.89,0.94,108.88,0,0,2,20
0.37,1.22,-0.11,-115.05,73.49,24.29,1.28,138.66,0,0,3,21
0.58,1.48,-0.05,-75.44,102.29,71.47,1.59,145.82,0,0,3,19
1.08,1.28,-0.35,-18.55,117.61,124.39,1.72,172.19,0,0,3,20
1.59,1.11,-0.40,-23.32,68.54,148.93,1.98,165.59,0,0,2,18
1.79,0.79,-0.24,-40.53,-13.49,118.96,1.97,126.39,0,0,2,16
1.40,0.81,-0.04,-59.51,-77.88,57.50,1.62,113.63,0,0,2,14
0.94,0.88,0.03,-44.49,-91.00,19.53,1.29,103.16,0,0,2,15
0.73,0.80,-0.02,-11.84,-57.62,5.07,1.08,59.04,0,0,3,14
0.71,0.69,-0.12,-6.90,-16.05,-4.03,1.00,17.93,0,0,5,14
0.72,0.93,-0.13,-16.24,15.01,-31.19,1.18,38.23,0,0,1,14
0.79,0.86,-0.28,-2.26,11.72,-56.52,1.20,57.76,0,0,1,16
1.01,1.03,-0.11,-29.60,-27.59,-51.03,1.45,65.12,0,0,2,15
1.01,0.92,0.06,-27.34,-87.71,-62.74,1.37,111.25,1,583,3,12
-0.31,2.32,0.34,178.89,-35.03,129.58,2.36,223.65,2,749,17,3
0.08,0.25,-0.66,135.44,-1.59,153.81,0.71,204.95,11,748,56,4
0.11,-0.04,-0.44,155.70,-13.12,139.40,0.45,209.40,35,732,84,12
-1.22,4.00,-0.35,11.11,0.06,111.63,4.19,112.18,138,649,94,40
0.10,0.96,-0.27,17.94,-13.24,43.03,1.01,48.47,342,528,91,115
-0.04,0.91,0.12,28.02,-3.42,4.21,0.92,28.54,439,515,91,124
0.02,1.01,0.04,2.32,-1.16,-2.75,1.01,3.78,405,531,93,115
0.01,1.00,0.05,18.74,1.04,6.77,1.00,19.95,338,518,90,124
-0.04,0.98,0.08,17.76,1.46,9.34,0.98,20.12,241,491,81,136
-0.02,0.96,0.09,11.11,2.44,3.66,0.96,11.95,208,486,82,134
-0.02,0.99,0.08,5.25,1.65,0.18,0.99,5.50,144,498,80,131
-0.01,0.97,0.09,4.58,1.65,-0.73,0.98,4.92,158,517,79,126
-0.01,0.98,0.08,3.60,1.28,-1.16,0.98,3.99,128,530,78,121
-0.01,0.97,0.08,3.30,1.16,-0.98,0.98,3.63,112,546,78,117
-0.01,0.99,0.08,3.91,1.40,-0.79,0.99,4.23,90,549,81,114
-0.01,0.99,0.08,7.20,1.77,1.34,0.99,7.54,76,545,75,118
-0.02,0.98,0.10,5.43,1.71,2.99,0.98,6.43,60,529,72,121
-0.02,0.97,0.10,6.04,1.65,-0.79,0.98,6.31,62,527,78,122
-0.01,0.97,0.10,3.17,0.49,-1.95,0.98,3.76,72,530,79,119
-0.01,0.98,0.09,3.72,0.37,-3.17,0.98,4.91,93,534,80,112
-0.02,0.98,0.10,5.07,-0.31,-4.52,0.99,6.79,122,546,85,106
-0.01,0.99,0.09,3.60,-0.98,-6.65,0.99,7.63,152,563,92,89
0.00,0.97,0.11,10.86,0.43,-5.31,0.98,12.10,172,567,93,83
-0.01,0.97,0.13,7.14,-1.77,-7.02,0.98,10.17,198,583,101,72
-0.01,0.99,0.10,4.52,-4.39,-19.29,1.00,20.29,263,620,105,51
0.02,0.94,0.13,20.45,-1.95,-19.96,0.95,28.64,231,647,107,39
-0.03,0.95,0.20,3.97,1.28,-30.03,0.97,30.32,108,711,110,28
-0.17,1.73,0.22,-9.03,15.44,-89.36,1.75,91.13,37,771,107,15
-0.31,1.74,0.18,-41.69,31.19,-225.40,1.78,231.34,11,795,101,11
-0.32,1.64,0.25,-53.77,49.74,-310.67,1.69,319.19,3,799,70,7
-0.32,1.95,0.31,50.42,80.57,-328.49,2.00,341.96,1,724,30,12
-1.12,0.10,-0.48,201.05,116.52,-195.31,1.22,303.55,1,641,10,24
-0.42,-0.92,-0.64,55.73,67.14,-56.40,1.19,103.89,0,0,5,27
-0.82,0.56,-0.02,-26.67,2.01,55.11,0.99,61.26,0,0,3,26
-0.44,0.14,-0.32,23.25,-8.24,62.74,0.56,67.42,0,0,3,21
-0.32,0.56,-0.21,-0.98,-26.49,55.05,0.68,61.10,0,0,3,23
-0.14,0.70,-0.19,-1.59,-23.56,58.59,0.74,63.17,0,0,2,21
0.03,0.73,-0.20,-36.87,-11.17,77.03,0.76,86.12,0,0,4,22
0.21,1.04,-0.13,-85.63,0.61,93.87,1.07,127.06,0,0,2,19
0.41,1.27,-0.05,-102.60,31.49,99.24,1.33,146.18,0,0,3,19
0.68,1.42,0.00,-95.52,60.79,113.77,1.57,160.51,0,0,2,18
0.90,1.44,-0.05,-56.76,91.61,131.71,1.70,170.19,0,0,4,17
1.21,1.26,-0.21,-29.85,86.24,125.79,1.76,155.41,0,0,1,15
1.47,1.05,-0.11,-43.64,18.37,102.11,1.80,112.56,0,0,2,15
1.25,1.17,-0.01,-41.20,-27.22,73.00,1.71,88.13,0,0,2,14
1.04,0.94,-0.13,0.24,-48.03,45.53,1.40,66.19,0,0,3,14
0.85,0.61,-0.22,6.35,-54.99,27.34,1.07,61.74,0,0,2,14
0.70,0.61,-0.14,-20.87,-55.30,8.67,0.94,59.74,0,0,3,12
0.60,0.96,0.02,-35.28,-48.34,-20.75,1.13,63.34,0,0,2,14
0.47,1.08,0.02,-1.28,-37.66,-46.94,1.18,60.19,0,0,3,13
0.42,0.99,-0.17,32.65,-16.54,-50.84,1.09,62.65,0,0,2,13
0.64,0.94,-0.30,19.71,-3.72,-71.53,1.18,74.29,0,0,2,13
0.63,0.98,-0.34,2.20,-26.92,-83.25,1.21,87.52,0,0,3,12
-1.52,3.56,0.81,5.00,-50.17,-91.31,3.96,104.30,1,615,10,8
1.03,-1.11,-1.32,272.89,73.55,175.96,2.01,332.93,3,723,35,7
-0.06,2.36,0.41,-84.17,2.50,153.81,2.40,175.35,10,758,71,7
-0.40,3.96,-0.05,-40.77,4.58,110.11,3.98,117.50,27,731,91,12
-0.04,1.71,-0.23,7.57,-9.46,38.82,1.72,40.67,96,613,101,48
-0.14,1.18,-0.02,0.85,-9.58,10.13,1.19,13.97,205,544,108,88
0.02,0.92,0.08,4.58,0.55,7.69,0.92,8.97,194,525,111,104
-0.01,1.00,0.04,5.49,-0.18,1.04,1.00,5.59,190,523,103,111
-0.02,1.02,0.05,12.08,2.81,-0.12,1.02,12.41,139,525,104,109
0.01,0.97,0.07,9.16,2.38,2.01,0.97,9.67,130,530,102,112
-0.00,0.98,0.06,9.22,1.04,0.79,0.98,9.31,88,541,102,108
-0.02,1.00,0.07,7.69,0.06,-0.92,1.00,7.74,54,568,102,101
0.00,0.97,0.07,8.18,0.06,-2.69,0.97,8.61,40,596,102,90
-0.00,0.97,0.07,8.12,0.00,-3.78,0.97,8.96,34,614,101,80
0.01,0.95,0.08,7.02,1.04,-2.26,0.96,7.45,34,612,105,79
0.01,0.97,0.08,2.20,0.98,0.85,0.97,2.55,35,599,99,83
0.00,0.97,0.08,1.16,0.43,-0.79,0.97,1.47,37,591,99,87
0.01,0.96,0.08,3.11,0.31,-1.04,0.96,3.30,49,578,103,91
0.01,0.99,0.08,-0.92,-0.12,0.49,0.99,1.04,65,560,104,98
-0.02,1.01,0.07,-0.79,-1.77,-2.01,1.01,2.80,80,552,103,94
0.01,1.00,0.06,7.57,-0.18,-4.03,1.00,8.58,94,553,104,92
0.00,0.95,0.11,6.59,-0.37,-1.71,0.95,6.82,124,549,104,98
0.00,1.00,0.09,3.54,-0.55,-2.99,1.01,4.67,152,550,107,85
0.01,1.00,0.06,5.13,-1.53,-7.26,1.00,9.02,148,563,105,74
0.01,0.98,0.10,12.94,-0.37,-7.08,0.99,14.75,132,583,109,63
-0.04,1.15,0.08,12.08,-4.64,-16.91,1.15,21.29,62,670,103,39
-0.02,1.36,0.19,-56.21,0.24,-116.39,1.37,129.26,21,778,103,18
-0.35,2.19,0.16,-30.40,33.08,-236.21,2.22,240.44,10,788,94,11
-0.28,1.62,0.15,-17.21,50.72,-336.12,1.65,340.36,3,785,57,7
-0.15,1.75,0.13,56.03,67.20,-349.98,1.76,360.75,1,682,19,15
-1.17,-0.83,-0.67,187.99,61.77,-167.66,1.58,259.36,0,0,9,28
-0.68,-0.69,-0.52,36.38,-14.59,-13.67,1.10,41.51,0,0,4,26
-0.99,0.13,-0.33,23.25,-52.00,54.93,1.05,79.14,0,0,3,26
-0.65,-0.02,-0.42,12.70,-34.00,59.81,0.78,69.96,0,0,4,25
-0.59,0.27,-0.28,-18.07,-11.90,40.53,0.71,45.94,0,0,4,22
-0.36,0.49,-0.24,-53.71,38.02,34.55,0.65,74.32,0,0,5,21
0.08,0.78,-0.21,-104.61,58.65,38.21,0.81,125.87,0,0,4,21
0.16,1.11,-0.06,-124.76,67.38,63.23,1.12,155.25,0,0,3,20
0.26,1.39,0.08,-95.95,104.19,97.78,1.42,172.11,0,0,2,19
0.79,1.44,-0.11,-49.01,148.44,134.16,1.65,205.99,0,0,2,17
1.50,1.40,-0.29,-18.13,149.54,168.88,2.07,226.30,0,0,2,13
1.91,1.25,-0.35,12.57,89.17,149.78,2.31,174.77,0,0,2,12
1.73,0.99,-0.32,13.92,4.70,79.65,2.02,80.99,0,0,3,12
1.30,0.86,-0.34,5.07,-39.31,23.13,1.59,45.89,0,0,1,12
0.99,0.79,-0.35,10.56,-41.44,11.11,1.31,44.19,0,0,3,10
0.80,0.56,-0.30,-12.45,-20.26,-1.34,1.02,23.82,0,0,3,12
0.83,0.93,-0.12,-43.58,-1.10,-37.84,1.25,57.73,0,0,3,9
0.81,1.06,-0.10,-24.23,1.71,-66.04,1.34,70.37,0,0,4,10
0.78,1.00,-0.14,1.53,0.06,-56.21,1.28,56.23,0,0,4,9
0.82,0.97,-0.20,8.42,0.31,-67.87,1.29,68.39,0,0,4,9
-2.25,4.00,1.37,94.30,-34.73,18.13,4.79,102.11,2,683,19,1
0.36,-0.18,-1.02,140.01,-14.77,123.60,1.10,187.35,10,737,55,4
0.25,0.06,-0.71,154.24,-21.79,146.12,0.76,213.57,28,735,78,11
0.23,3.92,-0.83,-54.08,-7.14,78.61,4.01,95.68,89,647,85,42
-0.19,1.66,-0.13,-76.72,-21.06,20.94,1.68,82.27,259,520,90,120
0.02,0.66,0.13,19.29,-1.71,-5.13,0.67,20.03,203,530,96,120
-0.01,1.03,0.03,0.18,-0.55,-9.28,1.03,9.30,268,577,97,92
0.03,0.96,0.04,10.50,4.09,-0.67,0.96,11.29,243,574,100,93
-0.02,0.99,0.06,10.25,3.30,7.26,0.99,12.99,222,554,100,107
-0.04,1.03,0.07,5.86,2.14,0.79,1.03,6.29,192,561,99,108
-0.00,0.97,0.07,6.96,1.22,-4.88,0.97,8.59,151,583,98,92
0.01,0.94,0.08,3.97,0.92,-4.15,0.94,5.81,165,602,100,79
-0.02,1.00,0.06,0.61,0.31,-1.46,1.00,1.62,154,603,100,78
0.00,0.95,0.07,-0.06,0.55,0.92,0.95,1.07,164,599,101,79
-0.00,0.97,0.06,-1.95,1.53,6.16,0.98,6.64,169,584,93,96
-0.05,1.05,0.05,0.49,0.31,3.60,1.05,3.65,133,568,90,106
-0.00,0.95,0.07,5.25,1.77,-1.83,0.96,5.83,154,570,91,103
-0.01,0.97,0.07,2.50,1.34,1.16,0.97,3.07,164,563,88,105
-0.02,0.99,0.07,0.79,0.12,1.28,0.99,1.51,133,559,84,109
-0.02,0.99,0.07,5.25,0.31,-5.31,0.99,7.47,156,563,87,103
-0.01,0.99,0.07,5.07,0.24,-6.65,1.00,8.37,165,578,94,81
-0.00,1.00,0.07,8.06,-0.37,-7.81,1.00,11.23,182,590,100,72
-0.01,0.99,0.08,5.74,-1.65,-9.58,1.00,11.29,155,613,98,59
0.01,0.97,0.07,10.86,-1.71,-12.63,0.97,16.75,162,643,103,48
0.02,0.95,0.10,14.95,0.92,-5.62,0.95,16.00,187,638,105,49
0.00,1.02,0.10,8.85,0.18,-3.60,1.03,9.56,148,646,108,46
0.01,1.14,0.09,10.74,-1.16,-16.60,1.14,19.81,85,706,109,36
0.05,1.14,0.10,25.70,5.00,-34.00,1.15,42.91,46,764,112,25
-0.10,1.57,0.27,27.47,9.28,-63.05,1.59,69.39,27,777,110,24
-0.21,1.86,0.31,-10.31,27.71,-143.98,1.89,146.99,9,774,102,16
-0.27,1.81,0.20,-35.03,44.07,-266.66,1.84,272.54,3,778,84,11
-0.19,1.48,0.20,21.61,60.85,-309.14,1.50,315.82,1,723,36,9
-0.66,1.20,0.18,94.67,70.01,-251.59,1.39,277.77,0,0,19,19
-0.72,-0.80,-0.66,63.78,64.21,-66.59,1.26,112.36,0,0,5,27
-1.16,0.44,-0.06,-52.00,-29.05,28.08,1.24,65.85,0,0,4,26
-0.66,0.19,-0.13,16.85,-35.95,69.52,0.70,80.06,0,0,3,26
-0.56,0.30,-0.11,2.99,-38.57,66.47,0.64,76.91,0,0,3,23
-0.40,0.44,-0.14,-29.60,-17.76,34.12,0.61,48.54,0,0,4,20
-0.12,0.75,-0.17,-76.60,4.27,4.03,0.78,76.82,0,0,4,20
0.06,1.07,-0.45,-108.22,4.58,20.94,1.17,110.32,0,0,3,19
0.23,1.24,0.02,-80.44,36.93,52.67,1.27,103.00,0,0,4,17
0.66,1.00,-0.17,-54.99,66.04,110.60,1.21,140.06,0,0,2,14
1.24,1.07,-0.21,-67.93,66.59,150.27,1.65,177.85,0,0,3,16
1.57,1.09,-0.26,-64.15,15.62,145.08,1.93,159.40,0,0,3,13
1.38,0.95,-0.07,-69.64,-38.76,132.57,1.68,154.68,0,0,2,14
1.17,0.92,0.20,-73.06,-45.84,118.77,1.50,146.79,0,0,3,12
1.10,1.07,0.40,-62.87,-26.92,67.99,1.59,96.44,0,0,3,11
0.97,1.21,0.35,-11.05,0.18,13.92,1.59,17.77,0,0,3,12
1.00,0.97,0.02,56.03,21.79,-0.24,1.39,60.12,0,0,3,11
1.01,0.76,-0.19,39.49,23.38,-18.92,1.27,49.64,0,0,2,10
0.92,0.98,-0.12,20.87,25.45,-53.89,1.35,63.15,0,0,2,10
0.81,0.94,-0.16,19.47,32.78,-92.90,1.25,100.41,0,0,3,9
-1.53,2.55,0.65,13.67,21.85,-114.62,3.05,117.49,1,637,13,1
0.81,-0.22,-1.65,275.63,214.90,193.73,1.85,399.61,7,736,44,4
-0.41,4.00,0.86,-224.98,24.96,167.91,4.11,281.83,27,755,74,6
-0.22,3.59,0.61,66.96,38.39,90.94,3.65,119.28,88,659,86,28
0.11,0.84,0.39,92.77,1.83,21.67,0.93,95.29,320,555,87,84
0.02,0.70,0.17,33.57,2.32,5.92,0.72,34.17,340,514,90,120
-0.01,1.01,0.05,-8.06,-2.93,-1.46,1.01,8.70,371,513,93,120
0.01,1.00,0.04,-0.37,-0.67,-1.10,1.00,1.34,604,518,93,121
-0.01,0.99,0.05,5.25,0.98,0.61,0.99,5.37,374,520,92,113
0.00,0.98,0.06,5.86,1.28,-1.65,0.98,6.22,374,523,92,109
0.00,0.98,0.06,-0.18,0.73,-1.04,0.98,1.28,448,528,93,104
0.01,0.98,0.05,0.79,0.61,-1.04,0.98,1.44,448,530,92,101
0.00,0.97,0.06,2.32,0.73,-0.43,0.98,2.47,448,534,89,96
0.00,0.98,0.05,-0.79,0.49,0.12,0.98,0.94,408,533,85,96
0.00,0.98,0.06,-1.71,0.06,-15.20,0.98,15.29,612,530,79,99
0.00,1.00,0.05,1.65,0.06,-1.65,1.00,2.33,402,532,79,96
0.00,0.98,0.05,1.77,0.49,-2.20,0.98,2.86,620,532,83,86
0.01,0.98,0.05,2.08,0.37,-2.50,0.98,3.27,551,538,87,66
0.00,0.97,0.06,1.04,0.24,-2.99,0.97,3.18,502,546,88,54
0.02,0.98,0.05,0.18,1.28,-1.22,0.98,1.78,410,544,87,51
0.01,0.98,0.06,-0.73,1.59,0.79,0.99,1.92,632,545,83,58
0.00,1.01,0.03,-1.77,1.95,0.67,1.01,2.72,628,544,82,61
0.01,0.99,0.04,10.13,2.93,0.49,0.99,10.56,381,543,83,74
0.00,0.97,0.08,15.87,2.81,0.55,0.98,16.12,410,540,92,78
0.00,0.99,0.06,6.16,0.85,-3.42,0.99,7.10,450,555,94,60
0.03,0.97,0.04,15.44,2.01,-3.91,0.97,16.06,508,568,97,57
0.01,0.98,0.08,18.49,1.46,-1.95,0.98,18.65,421,568,103,61
-0.00,0.98,0.10,14.28,-1.04,-6.77,0.99,15.84,361,594,103,56
0.01,1.13,0.06,13.49,-3.36,-17.03,1.14,21.98,208,634,103,39
-0.01,1.05,0.12,22.28,-3.23,-31.49,1.06,38.71,100,693,108,27
-0.31,2.91,0.59,-38.94,1.34,-84.78,2.99,93.30,42,765,104,15
-0.40,2.37,0.42,-41.44,32.23,-204.59,2.44,211.22,18,792,103,8
-0.41,1.54,0.44,-64.33,59.08,-331.73,1.66,343.03,5,804,78,5
-0.13,1.61,0.27,-31.25,87.16,-384.34,1.64,395.33,1,761,33,3
-1.51,-0.40,-0.31,192.32,109.74,-241.21,1.59,327.43,1,659,14,23
-0.06,-0.74,-0.28,70.74,-14.04,11.66,0.79,73.06,0,0,6,25
-1.27,0.20,-0.11,126.04,-122.13,88.62,1.29,196.61,0,0,6,25
-0.84,-0.42,-0.55,104.68,-78.43,107.67,1.09,169.41,0,0,3,26
-0.59,0.37,-0.19,0.79,-5.07,105.77,0.72,105.90,0,0,5,21
0.00,0.61,-0.25,-41.14,55.73,88.62,0.66,112.48,0,0,3,21
0.31,1.02,-0.13,-85.33,74.65,58.17,1.07,127.42,0,0,4,17
0.62,1.31,-0.14,-62.62,80.81,46.08,1.45,112.14,0,0,3,19
0.61,1.27,-0.08,-20.08,45.47,78.00,1.41,92.49,0,0,3,18
0.98,1.20,-0.22,-8.91,49.32,112.79,1.56,123.43,0,0,2,16
1.05,1.01,-0.28,-9.46,29.30,136.54,1.49,139.96,0,0,3,18
1.24,1.01,-0.20,-50.60,8.00,137.88,1.61,147.09,0,0,2,17
1.28,1.08,-0.00,-71.29,2.38,99.73,1.67,122.61,0,0,3,14
1.25,0.99,0.02,-47.61,8.61,53.16,1.60,71.88,0,0,1,14
1.16,0.95,0.03,-38.33,7.69,25.21,1.50,46.52,0,0,2,16
1.03,0.84,-0.04,-8.97,-8.54,15.56,1.33,19.89,0,0,1,15
0.88,0.80,-0.14,0.00,-16.48,0.00,1.20,16.48,0,0,4,13
0.75,0.80,-0.19,-11.66,-10.86,-31.31,1.11,35.13,0,0,4,13
0.57,1.07,-0.03,-21.12,1.95,-44.74,1.21,49.51,0,0,3,14
0.58,1.00,-0.06,21.55,14.28,-72.88,1.15,77.32,0,0,4,14
0.66,0.80,-0.14,15.93,13.31,-84.72,1.05,87.22,0,0,3,15
-1.67,3.24,0.94,63.96,-67.69,14.65,3.76,94.27,1,668,18,3
-0.09,0.92,0.13,5.25,-37.29,140.20,0.94,145.17,5,798,58,5
-0.12,1.09,-0.28,59.39,-14.95,172.30,1.13,182.86,21,769,90,5
-0.14,1.39,0.34,11.72,-7.57,95.89,1.44,96.90,86,652,103,36
0.16,0.15,0.49,49.56,-1.40,31.37,0.54,58.67,244,559,104,88
-0.00,0.82,0.05,-14.16,-2.08,6.53,0.82,15.73,282,528,103,113
-0.01,0.99,0.02,-1.34,-3.05,5.37,0.99,6.32,436,505,92,130
-0.01,1.00,0.04,8.61,-1.71,5.68,1.00,10.45,522,490,81,140
-0.03,0.97,0.05,8.30,-0.73,5.00,0.97,9.72,389,485,80,141
-0.01,0.98,0.04,4.70,1.89,0.61,0.98,5.10,252,482,80,142
-0.01,0.98,0.05,1.53,1.83,-0.06,0.98,2.38,267,484,77,140
-0.01,0.98,0.04,-1.10,1.28,-0.98,0.98,1.95,269,490,79,129
-0.01,0.98,0.04,-0.06,0.98,-0.98,0.98,1.38,421,493,75,126
-0.01,0.99,0.04,-0.85,0.67,-0.67,0.99,1.28,384,495,77,125
-0.01,0.97,0.04,0.67,1.10,-0.06,0.98,1.29,356,496,76,119
-0.01,0.98,0.04,1.04,1.16,0.24,0.99,1.58,302,495,75,121
-0.01,0.98,0.04,2.62,1.40,0.12,0.98,2.98,284,494,73,124
-0.01,0.97,0.05,0.92,0.67,0.00,0.98,1.14,457,493,70,121
-0.02,0.99,0.04,3.11,0.43,-1.83,0.99,3.64,329,494,73,119
-0.00,0.99,0.04,5.07,0.79,-1.89,0.99,5.47,359,499,76,115
-0.03,1.00,0.05,5.43,-0.06,-2.01,1.00,5.79,333,505,76,110
-0.01,1.00,0.04,10.25,1.28,-6.96,1.00,12.46,359,523,81,86
0.01,0.97,0.07,11.78,1.22,-8.85,0.97,14.78,600,540,94,69
-0.01,0.98,0.09,4.03,-2.32,-9.83,0.98,10.87,326,571,100,49
0.01,1.17,-0.10,-16.30,-6.16,-26.92,1.17,32.06,236,627,102,34
0.06,0.91,0.06,26.73,2.38,-9.83,0.91,28.58,288,623,110,35
-0.03,0.99,0.16,5.00,-1.28,-1.22,1.01,5.31,347,621,116,33
-0.10,1.23,0.20,-12.82,1.65,-38.15,1.25,40.28,106,709,118,20
-0.26,2.56,0.20,-65.98,10.19,-117.13,2.58,134.82,46,781,119,13
-0.22,2.15,0.17,-39.43,21.97,-201.48,2.17,206.47,22,809,115,6
-0.35,1.79,0.28,-48.58,34.79,-304.57,1.85,310.37,9,834,100,5
-0.10,1.82,0.13,-36.19,56.21,-391.42,1.83,397.09,3,817,48,5
-0.04,1.58,0.34,-15.81,74.71,-318.48,1.62,327.51,1,697,19,13
-1.18,-0.86,-0.86,105.47,53.53,-50.11,1.70,128.45,1,589,7,20
-1.29,-0.09,-0.22,8.61,-72.20,10.68,1.31,73.50,0,0,4,24
-0.83,0.05,-0.23,73.30,-56.88,103.21,0.86,138.79,1,565,2,20
-0.42,0.12,-0.31,25.02,-39.43,125.18,0.54,133.61,0,0,2,22
-0.11,0.77,-0.10,-6.16,-21.12,127.50,0.79,129.39,0,0,3,22
0.22,0.88,-0.18,9.34,-12.02,119.51,0.92,120.47,0,0,4,21
0.25,0.98,-0.09,-8.91,-17.40,104.86,1.02,106.66,0,0,3,18
0.12,1.12,-0.01,-14.47,2.20,97.11,1.12,98.20,0,0,3,18
0.25,1.08,-0.11,-26.73,42.42,96.25,1.12,108.53,0,0,3,18
0.46,1.24,-0.14,-54.50,73.18,102.84,1.34,137.49,0,0,1,16
0.70,1.30,-0.17,-40.65,87.04,105.59,1.49,142.75,0,0,1,15
0.91,1.16,-0.24,-28.38,80.63,102.91,1.49,133.78,0,0,1,17
1.04,1.19,-0.26,-30.64,55.30,101.50,1.60,119.58,0,0,2,15
1.11,1.16,-0.23,-29.36,26.43,91.37,1.62,99.54,0,0,3,13
1.05,1.11,-0.22,-21.67,0.24,58.17,1.55,62.07,0,0,1,12
0.94,0.93,-0.29,-8.61,-18.01,20.75,1.36,28.79,0,0,1,14
0.83,0.74,-0.33,-13.73,-20.51,-2.81,1.16,24.84,0,0,4,11
0.84,0.69,-0.19,-38.15,-9.58,-26.73,1.10,47.56,0,0,2,9
0.78,0.85,0.07,-30.33,22.22,-67.63,1.16,77.38,0,0,2,8
0.79,0.83,0.03,11.78,52.25,-82.95,1.14,98.73,1,578,2,9
0.97,0.87,-0.16,32.47,67.63,-94.24,1.31,120.45,1,628,1,8
0.31,2.62,1.02,45.29,47.61,-144.41,2.83,158.66,1,697,14,3
1.16,-2.15,-1.83,329.59,22.83,236.39,3.05,406.24,7,754,57,7
-0.00,1.94,-0.35,83.37,4.70,210.08,1.97,226.07,38,710,86,12
-0.24,1.79,0.19,19.47,3.30,90.82,1.81,92.94,184,600,98,38
0.04,0.79,0.11,25.27,-3.66,22.40,0.80,33.97,336,542,102,60
0.02,1.04,0.03,-2.38,-2.14,4.52,1.04,5.53,427,529,99,64
0.04,1.00,0.05,5.07,0.37,-2.56,1.00,5.69,526,540,108,57
0.04,1.00,0.04,7.81,1.53,-1.40,1.00,8.08,366,546,107,53
0.04,0.97,0.04,8.91,1.53,-2.93,0.98,9.50,392,562,107,48
0.05,0.96,0.06,9.77,1.71,-1.95,0.96,10.10,213,576,107,45
0.05,0.96,0.06,5.68,1.28,-0.73,0.96,5.87,184,584,107,45
0.05,0.98,0.06,4.09,1.16,0.24,0.98,4.26,197,585,106,45
0.05,0.96,0.06,3.17,1.10,1.59,0.96,3.71,154,577,105,45
0.04,0.96,0.06,-0.73,1.46,4.70,0.97,4.98,161,566,107,52
0.04,0.98,0.06,-0.43,1.95,7.63,0.98,7.89,129,544,103,64
0.03,1.02,0.04,1.77,1.77,7.02,1.03,7.45,165,527,100,76
0.03,0.98,0.06,2.38,1.10,4.39,0.98,5.12,158,509,96,88
0.03,0.98,0.06,0.79,0.12,2.62,0.98,2.74,184,500,96,93
0.02,0.99,0.06,-2.50,-1.16,0.55,0.99,2.81,184,502,95,95
0.02,0.99,0.05,-1.16,-0.61,-1.95,0.99,2.35,199,515,99,89
0.02,1.01,0.05,-2.93,-0.24,-3.42,1.01,4.51,216,532,103,72
0.01,1.05,0.04,2.38,-0.49,-8.85,1.05,9.18,235,563,108,43
0.02,0.97,0.11,6.77,-1.53,-19.10,0.97,20.33,186,634,115,24
-0.00,1.18,0.13,-9.83,-5.55,-34.61,1.19,36.40,88,712,114,12
0.00,1.28,0.08,-26.61,-3.66,-81.48,1.29,85.80,46,771,122,7
0.02,1.38,0.03,-20.94,10.25,-118.41,1.38,120.68,27,811,121,7
0.07,1.37,0.01,-17.52,17.40,-154.30,1.37,156.26,15,834,119,7
0.02,1.71,0.05,-19.90,19.84,-213.56,1.71,215.40,9,836,106,7
0.10,1.83,0.06,-23.19,24.84,-282.29,1.83,284.33,6,836,67,5
0.19,2.22,0.00,-48.89,32.53,-347.53,2.23,352.46,2,801,31,2
0.17,2.14,0.14,-67.57,27.10,-381.53,2.15,388.41,1,727,14,3
0.02,0.30,-0.50,30.64,20.32,-409.24,0.58,410.89,0,0,11,18
-0.19,0.37,-0.52,-112.85,-8.61,-311.22,0.66,331.16,0,0,5,24
-1.16,1.17,0.16,-51.15,-124.45,104.31,1.65,170.25,0,0,4,20
-0.51,0.61,0.08,22.34,-114.32,263.55,0.80,288.14,0,0,5,22
-0.30,0.50,0.07,17.94,-112.30,285.83,0.59,307.62,0,0,3,21
-0.53,0.41,0.26,-25.94,-107.24,252.99,0.72,276.00,0,0,4,21
-0.45,0.83,0.49,-47.12,-87.16,261.78,1.07,279.90,0,0,3,22
-0.21,0.80,0.50,-39.73,-93.20,262.45,0.97,281.33,0,0,2,24
-0.17,1.09,0.56,-59.39,-131.59,257.75,1.23,295.43,0,0,3,24
-0.18,1.32,0.58,-58.17,-161.01,251.40,1.45,304.16,0,0,3,19
-0.31,1.63,0.57,-79.83,-142.40,200.74,1.76,258.74,0,0,2,19
-0.32,2.30,0.67,-85.69,-42.72,274.35,2.42,290.58,0,0,2,17
0.89,2.45,0.61,-74.65,38.27,296.63,2.68,308.26,0,0,2,17
1.70,2.43,0.27,-24.90,92.41,255.74,2.98,273.06,0,0,1,18
3.93,0.74,-0.29,-16.66,61.34,166.63,4.01,178.34,0,0,1,21
3.19,2.76,1.09,-122.68,-9.28,-74.77,4.35,143.97,0,0,4,38
-0.45,0.22,0.10,110.29,-35.10,-210.57,0.51,240.28,0,0,6,92
-0.20,0.96,-0.06,81.60,-0.98,-223.33,0.98,237.77,0,0,9,130
0.07,1.35,0.12,55.85,28.63,-176.09,1.36,186.94,1,141,10,153
0.17,0.90,0.27,30.15,74.52,-49.87,0.95,94.60,3,243,11,158
0.03,0.99,0.00,13.92,13.98,-43.70,0.99,47.95,9,285,7,156
0.04,0.97,0.12,16.36,7.14,-18.13,0.98,25.44,18,309,11,154
0.01,0.96,0.11,5.49,-3.85,-4.52,0.97,8.08,38,331,19,155
-0.01,0.98,0.09,1.22,-4.15,-2.44,0.99,4.97,60,345,26,156
0.00,0.98,0.10,-2.38,-2.50,-1.34,0.98,3.71,56,351,28,153
-0.00,0.99,0.09,-3.23,-1.65,-0.06,1.00,3.63,58,360,32,150
-0.00,0.98,0.09,0.98,-0.79,1.16,0.98,1.71,56,369,32,147
-0.01,0.98,0.09,1.28,-0.98,1.28,0.99,2.06,41,381,34,147
-0.02,0.99,0.09,2.87,-0.67,-0.92,0.99,3.09,48,398,40,144
-0.01,0.97,0.09,3.66,0.43,-2.50,0.98,4.46,50,416,47,141
-0.02,0.94,0.12,0.55,1.22,-4.94,0.95,5.12,59,430,56,130
-0.02,1.02,0.10,-4.09,1.34,-6.90,1.02,8.13,95,445,67,125
-0.00,0.99,0.09,-6.29,0.98,-7.08,0.99,9.52,99,468,77,118
0.01,0.99,0.08,-7.02,1.04,-7.26,0.99,10.15,144,493,88,101
0.01,0.98,0.08,-5.37,1.34,-7.81,0.98,9.58,175,520,95,83
0.01,1.01,0.07,-4.88,1.10,-8.67,1.01,10.01,183,552,98,61
0.03,0.99,0.07,-1.34,-0.55,-16.05,0.99,16.12,185,600,105,39
0.03,0.94,0.12,-2.32,0.12,-20.75,0.95,20.88,174,648,115,24
0.02,1.21,0.07,-19.65,0.24,-50.78,1.21,54.45,86,711,114,18
0.01,1.37,0.07,-17.64,-1.28,-85.14,1.38,86.96,43,766,122,11
0.02,1.52,0.05,-12.70,7.75,-126.28,1.52,127.15,21,795,123,8
0.08,1.49,0.03,1.83,15.44,-172.18,1.49,172.88,10,824,114,8
0.05,1.70,0.07,14.89,14.16,-223.57,1.70,224.51,6,822,104,7
0.09,1.85,0.15,2.14,17.40,-295.47,1.86,295.99,3,808,60,5
0.25,2.02,0.10,-35.64,30.64,-357.54,2.04,360.62,1,764,29,5
-0.04,2.06,0.22,-69.15,16.54,-373.90,2.07,380.60,0,0,16,10
0.26,0.70,-0.60,-24.05,16.11,-356.93,0.96,358.11,0,0,11,20
-0.15,0.96,-0.19,-114.07,-72.88,-105.53,0.99,171.64,0,0,6,20
-0.80,0.93,0.03,-12.76,-131.29,121.58,1.23,179.39,0,0,3,22
-0.52,0.37,-0.04,10.68,-107.97,172.97,0.64,204.19,0,0,2,22
-0.50,0.38,0.03,-25.02,-75.13,168.95,0.63,186.58,0,0,4,21
-0.55,0.57,0.22,-57.74,-47.36,172.36,0.82,187.85,0,0,3,22
-0.38,0.76,0.34,-62.13,-39.12,213.26,0.91,225.54,0,0,4,22
-0.07,0.89,0.46,-77.09,-63.96,234.99,1.00,255.44,0,0,1,21
-0.15,1.10,0.61,-76.35,-121.77,241.46,1.27,280.99,0,0,4,22
-0.40,1.25,0.72,-70.50,-153.14,243.59,1.50,296.24,0,0,3,21
-0.52,1.54,0.78,-75.07,-134.46,250.06,1.80,293.68,0,0,5,21
-0.19,2.02,0.76,-86.36,-78.61,234.68,2.16,262.13,0,0,4,19
0.54,2.51,0.96,-76.72,-34.61,233.83,2.74,248.51,0,0,5,17
1.29,2.14,0.61,-16.17,15.93,262.63,2.57,263.61,0,0,4,17
2.56,1.30,-0.11,9.03,63.54,228.21,2.87,237.06,1,581,3,18
3.82,1.75,0.76,-75.44,24.72,80.63,4.27,113.15,0,0,5,29
2.54,0.30,0.64,70.80,23.25,-160.16,2.63,176.65,0,0,4,72
-0.08,1.43,0.23,71.29,20.45,-257.75,1.45,268.21,0,0,7,127
0.10,1.25,0.21,50.48,31.80,-174.93,1.27,184.82,1,182,7,145
0.10,0.63,0.22,32.41,50.29,-59.45,0.68,84.34,3,291,7,143
0.10,0.98,0.08,-0.92,9.64,-42.24,0.99,43.33,9,322,12,142
-0.02,0.99,0.07,15.08,-1.40,-10.93,1.00,18.67,22,348,19,146
-0.01,0.94,0.11,8.85,-2.32,-2.20,0.94,9.41,35,357,24,152
-0.01,0.96,0.10,4.21,-1.77,-0.85,0.97,4.65,43,364,30,151
-0.02,0.97,0.10,-1.53,-1.53,0.18,0.98,2.17,54,366,30,149
-0.02,0.99,0.09,-2.38,-0.85,1.53,0.99,2.95,50,367,32,153
-0.02,0.99,0.09,0.31,0.06,1.89,0.99,1.92,45,366,32,147
-0.03,0.98,0.09,3.30,1.04,2.26,0.99,4.13,33,362,35,151
-0.03,0.98,0.10,3.91,1.53,1.65,0.99,4.51,26,363,36,149
-0.03,0.97,0.10,4.09,1.10,-1.16,0.98,4.39,22,362,41,145
-0.03,0.96,0.09,-1.10,0.49,-5.07,0.96,5.21,24,382,51,143
-0.04,0.97,0.10,-0.61,0.98,-7.69,0.98,7.78,33,410,60,132
-0.02,0.98,0.11,-0.67,0.37,-9.46,0.99,9.49,37,437,72,125
-0.01,0.98,0.10,-1.65,-0.55,-9.52,0.99,9.68,52,466,80,113
-0.01,1.00,0.09,-1.16,-0.31,-8.91,1.01,8.99,76,488,89,97
-0.01,1.01,0.08,1.65,-0.73,-10.68,1.02,10.83,75,521,95,78
0.02,1.01,0.07,7.02,-0.79,-13.55,1.01,15.28,87,565,99,61
-0.00,1.00,0.11,9.52,-1.71,-18.13,1.01,20.55,76,617,106,36
0.02,1.03,0.11,9.03,-4.03,-28.14,1.03,29.82,49,688,109,22
-0.01,1.26,0.09,-3.11,-9.34,-52.61,1.26,53.53,28,752,113,19
0.01,1.44,0.10,-4.03,0.55,-91.19,1.44,91.28,15,788,113,13
0.02,1.51,0.05,5.62,7.63,-141.85,1.51,142.16,9,795,107,11
-0.02,1.61,0.11,12.45,10.56,-194.21,1.61,194.90,5,792,102,5
0.01,1.87,0.05,24.35,14.95,-255.92,1.87,257.51,2,790,75,5
0.09,2.09,0.09,20.63,19.10,-334.72,2.09,335.90,1,761,40,3
0.35,1.83,0.13,-21.97,15.01,-390.75,1.87,391.65,1,698,22,3
0.00,1.37,-0.14,-30.09,-8.06,-379.58,1.38,380.85,0,0,11,18
-0.55,0.40,-0.50,-48.34,-82.15,-203.67,0.85,224.88,0,0,6,23
-0.89,0.64,-0.09,-67.20,-143.01,29.24,1.10,160.69,0,0,4,20
-0.73,0.48,0.00,-35.95,-98.14,113.95,0.88,154.63,0,0,2,18
-0.57,0.30,-0.04,-31.74,-27.77,118.10,0.65,125.41,0,0,4,20
-0.36,0.39,0.00,-72.33,7.39,136.41,0.53,154.58,0,0,5,20
-0.16,0.70,0.19,-86.67,-2.93,179.75,0.74,199.57,0,0,4,21
0.06,0.67,0.26,-87.59,-51.21,209.66,0.72,232.91,0,0,3,20
-0.03,0.98,0.50,-95.28,-114.81,208.80,1.10,256.62,0,0,3,19
-0.25,0.99,0.54,-78.12,-141.66,211.12,1.15,265.98,0,0,3,20
-0.35,1.15,0.59,-103.52,-124.63,218.38,1.34,271.92,0,0,2,21
-0.27,1.53,0.56,-93.14,-108.40,225.83,1.65,267.25,0,0,6,21
-0.22,1.88,0.60,-102.66,-99.43,238.16,1.99,277.75,0,0,1,20
0.02,2.16,0.76,-103.33,-69.34,248.23,2.29,277.67,0,0,4,16
0.57,2.29,0.91,-92.29,-16.11,245.67,2.53,262.92,0,0,3,15
1.96,0.90,0.69,88.56,45.96,184.57,2.26,209.81,0,0,2,24
4.00,2.10,0.61,41.20,-41.08,77.82,4.56,97.16,0,0,3,30
0.26,-0.21,0.93,119.38,9.46,-169.86,0.99,207.83,0,0,5,72
0.00,1.47,0.23,29.54,64.39,-220.28,1.49,231.39,0,0,7,116
0.39,1.44,0.32,13.92,34.18,-152.22,1.52,156.63,1,252,7,139
0.01,1.21,0.07,14.77,34.12,-71.11,1.21,80.24,4,292,7,143
0.07,1.00,0.08,35.03,7.81,-31.68,1.01,47.87,12,322,11,145
-0.01,0.90,0.11,24.23,-4.52,-2.93,0.91,24.82,22,346,20,147
0.00,0.95,0.11,12.51,-1.95,-3.85,0.96,13.23,40,354,27,143
-0.01,0.95,0.11,3.85,-2.81,-1.65,0.96,5.04,51,366,31,146
-0.01,0.98,0.10,-2.26,-2.08,-0.31,0.99,3.08,63,376,36,148
-0.01,0.99,0.09,-1.10,-1.10,-0.12,1.00,1.56,66,379,34,147
-0.01,0.99,0.09,4.46,0.49,-0.43,0.99,4.50,83,383,39,144
-0.01,0.97,0.11,4.70,0.79,-0.73,0.98,4.82,76,392,40,145
-0.01,0.97,0.11,0.37,0.18,-2.08,0.98,2.12,102,403,38,139
-0.01,1.00,0.10,-0.37,0.31,-2.87,1.00,2.91,100,420,46,132
0.00,0.97,0.10,2.26,0.37,-3.36,0.98,4.06,122,435,52,128
-0.00,0.98,0.10,1.16,0.18,-2.50,0.98,2.76,145,446,57,126
-0.00,0.97,0.10,0.55,0.61,-2.20,0.97,2.35,157,455,61,121
-0.00,0.97,0.09,-4.94,0.00,-2.38,0.98,5.49,197,463,64,122
0.00,0.98,0.10,-2.87,0.12,-2.32,0.98,3.69,302,476,74,117
0.00,0.99,0.10,-2.81,0.18,-3.36,1.00,4.38,275,491,80,111
0.00,0.99,0.09,-1.40,-0.37,-6.47,0.99,6.63,288,508,88,95
0.00,1.00,0.09,1.53,0.24,-8.06,1.00,8.20,339,530,95,69
-0.05,0.99,0.12,4.64,0.37,-12.63,1.00,13.46,421,562,103,48
0.00,1.03,0.11,2.56,-0.49,-15.87,1.03,16.08,340,604,110,30
0.02,0.96,0.12,0.00,-1.95,-24.60,0.97,24.67,291,662,114,19
-0.02,1.24,0.10,-9.83,-3.60,-55.97,1.24,56.94,87,736,118,11
0.00,1.43,0.09,-17.03,8.00,-97.17,1.43,98.97,38,779,119,8
0.00,1.46,0.13,-10.99,16.91,-134.22,1.46,135.72,18,803,119,7
0.07,1.50,0.06,-1.89,19.29,-174.13,1.50,175.21,9,826,110,6
0.07,1.77,0.09,2.56,19.59,-253.23,1.78,254.00,5,819,81,5
0.29,1.88,0.07,0.18,21.24,-318.48,1.90,319.19,3,809,47,3
0.40,2.04,0.17,-47.00,21.73,-349.67,2.09,353.48,1,744,23,3
-0.25,1.17,-0.06,-13.12,4.27,-363.53,1.20,363.79,0,0,11,11
-0.08,0.69,-0.39,-29.24,-14.40,-297.06,0.80,298.84,0,0,6,20
-0.55,0.97,-0.13,-62.81,-111.51,-90.94,1.12,157.00,0,0,3,19
-0.63,0.60,-0.02,-13.55,-128.17,103.21,0.87,165.12,0,0,5,18
-0.55,0.49,0.04,-0.85,-91.31,159.67,0.73,183.93,0,0,4,17
-0.34,0.40,-0.03,-4.64,-42.91,166.75,0.53,172.24,0,0,3,18
-0.19,0.41,-0.06,-33.39,-24.11,186.71,0.45,191.19,0,0,3,19
-0.11,0.61,0.08,-67.38,-38.94,201.66,0.62,216.16,0,0,2,16
0.03,0.87,0.15,-77.33,-56.82,218.08,0.88,238.26,0,0,1,18
0.04,1.07,0.25,-82.09,-80.02,227.91,1.10,255.11,0,0,3,16
0.05,1.15,0.29,-86.79,-92.83,228.45,1.19,261.42,0,0,3,17
0.03,1.43,0.42,-106.69,-105.29,219.67,1.49,265.93,0,0,2,16
-0.00,1.76,0.52,-104.43,-99.30,219.06,1.84,262.21,0,0,2,15
0.21,1.96,0.50,-102.66,-72.33,229.49,2.04,261.60,0,0,1,12
0.52,2.08,0.49,-101.14,-44.68,234.62,2.20,259.37,0,0,2,12
0.85,1.84,0.73,-101.32,2.93,215.09,2.16,237.77,0,0,3,12
2.07,1.35,0.63,-24.11,115.72,144.71,2.55,186.86,0,0,2,18
2.53,1.62,0.48,126.04,62.93,-120.79,3.04,185.57,1,413,3,36
-0.37,-0.58,0.25,187.56,44.68,-167.48,0.74,255.39,1,329,5,70
0.06,0.78,0.01,68.73,34.97,-193.42,0.78,208.23,1,265,8,114
0.22,1.50,0.15,-26.86,31.80,-155.94,1.52,161.40,3,293,7,135
0.21,1.12,0.06,-29.91,19.47,-75.93,1.14,83.90,16,326,7,143
0.07,1.03,0.05,-6.90,-1.16,-9.58,1.03,11.86,35,346,10,143
-0.02,1.01,-0.03,-0.73,-2.81,-1.04,1.01,3.08,56,363,13,139
-0.01,0.99,-0.01,3.42,-1.22,-0.85,0.99,3.73,71,379,18,142
-0.01,0.99,0.03,8.36,-0.55,-0.55,0.99,8.40,98,386,19,146
-0.01,0.99,0.00,10.19,-0.55,0.06,0.99,10.21,119,387,24,148
-0.01,1.00,0.01,17.27,-0.18,-0.37,1.00,17.28,128,395,25,146
-0.01,0.99,0.02,23.68,1.16,-0.06,0.99,23.71,150,401,29,148
-0.01,0.97,0.04,20.75,1.95,0.06,0.97,20.84,132,405,31,148
-0.01,0.98,0.04,15.08,1.65,-0.98,0.98,15.20,134,413,34,145
-0.01,0.97,0.05,11.29,1.34,-1.34,0.97,11.45,154,421,35,140
-0.01,0.98,0.05,10.74,1.46,-2.20,0.98,11.06,164,433,41,134
-0.00,0.98,0.06,10.01,2.01,-2.50,0.98,10.51,200,438,44,135
-0.02,1.07,-0.02,12.27,0.24,-5.80,1.07,13.57,262,446,48,130
-0.00,0.99,0.05,3.48,0.85,-2.32,0.99,4.27,208,454,52,123
-0.00,0.98,0.07,0.92,0.98,-2.08,0.98,2.47,227,464,58,124
-0.00,0.98,0.06,0.12,0.49,-2.50,0.99,2.55,266,469,58,113
-0.00,0.99,0.06,0.61,0.31,-3.54,0.99,3.61,472,483,64,107
-0.00,0.98,0.06,0.98,0.79,-5.68,0.98,5.81,1112,496,70,85
0.01,0.98,0.07,1.95,1.16,-7.87,0.98,8.19,778,516,76,57
-0.02,1.06,0.05,-1.65,-0.85,-11.66,1.06,11.80,1610,550,87,31
0.01,0.87,0.13,1.65,-0.24,-18.74,0.88,18.81,547,599,92,21
0.01,1.00,0.10,-19.04,-0.61,-27.71,1.00,33.63,465,638,99,12
-0.00,1.18,0.07,-13.67,4.82,-51.15,1.18,53.16,256,683,104,6
0.03,1.34,0.03,-23.68,6.96,-85.63,1.34,89.12,117,734,105,7
0.02,1.41,0.08,-20.14,9.83,-122.07,1.41,124.11,53,773,111,7
0.04,1.51,0.06,-20.69,15.87,-163.15,1.51,165.22,28,807,108,5
0.08,1.66,0.01,-16.66,26.37,-218.32,1.66,220.54,14,819,85,4
0.16,1.72,0.08,-26.25,31.92,-276.43,1.73,279.50,7,817,46,4
0.20,1.87,0.07,-46.57,39.43,-311.22,1.88,317.14,2,760,24,2
0.19,2.24,0.17,-58.11,37.29,-331.05,2.25,338.18,1,654,12,3
0.05,0.78,-0.21,66.59,29.85,-266.30,0.80,276.11,0,0,7,17
-0.24,0.64,-0.43,21.24,-67.08,-73.24,0.81,101.56,0,0,4,22
-0.56,0.60,-0.05,-26.73,-131.90,82.34,0.82,157.77,0,0,4,20
-0.67,0.75,0.19,-0.18,-101.50,128.97,1.03,164.12,0,0,2,20
