-,-,-
0.18,0.98,-0.02,12.82,0.55,6.41,1.00,14.34,64,777,125,6
0.18,0.96,0.01,12.39,0.92,4.64,0.98,13.26,60,782,125,6
0.17,0.98,0.01,9.09,0.55,-0.85,1.00,9.15,59,788,124,8
0.18,0.98,-0.01,5.13,1.22,-4.52,1.00,6.94,53,795,128,8
0.18,1.00,-0.01,4.88,1.22,-6.29,1.02,8.05,41,806,126,9
0.19,0.93,0.00,9.34,1.28,-8.54,0.95,12.72,36,819,127,8
0.19,0.97,0.01,5.80,1.10,-7.14,0.99,9.26,33,830,129,8
0.19,0.94,0.02,3.85,1.83,-6.71,0.96,7.95,30,835,129,7
0.20,1.02,-0.01,1.83,1.65,-6.23,1.04,6.70,28,843,124,7
0.20,0.97,0.02,6.35,1.22,-9.58,0.99,11.56,25,847,125,8
0.21,0.91,0.03,0.79,1.40,-10.07,0.93,10.20,24,853,129,7
0.21,0.96,0.01,-5.13,1.28,-8.79,0.99,10.26,24,850,125,8
0.21,0.99,0.00,-3.85,1.22,-14.22,1.01,14.78,25,854,126,8
0.22,0.95,0.02,-2.93,1.46,-17.27,0.98,17.58,24,858,131,8
0.24,0.94,0.02,-5.62,1.28,-20.02,0.97,20.83,24,857,134,6
0.25,0.95,0.01,-13.55,1.53,-21.12,0.98,25.14,27,849,133,9
0.26,1.03,-0.05,-12.94,2.08,-26.37,1.07,29.44,26,858,132,7
0.26,0.97,-0.01,-6.77,2.44,-33.57,1.00,34.33,25,865,130,8
0.31,0.90,-0.05,-5.62,2.87,-33.45,0.96,34.04,23,865,135,8
0.31,0.94,-0.03,-5.92,2.44,-28.81,0.99,29.51,24,867,134,8
0.31,0.91,-0.02,-2.56,2.44,-26.61,0.96,26.85,23,869,134,9
0.35,0.89,-0.04,0.06,2.08,-20.63,0.96,20.73,23,870,138,6
0.35,0.94,-0.01,8.54,0.00,-15.62,1.00,17.81,24,868,137,9
0.36,0.98,-0.04,4.58,0.55,-17.27,1.05,17.88,24,869,141,10
0.35,1.08,-0.04,11.90,-0.06,-23.86,1.14,26.67,24,872,139,10
0.32,1.19,0.03,12.27,0.92,-44.74,1.23,46.40,23,876,143,9
0.33,1.40,0.04,5.74,5.13,-84.96,1.43,85.31,18,879,140,7
0.33,1.70,0.02,2.56,10.19,-144.29,1.73,144.67,14,875,129,8
0.50,1.79,-0.05,9.70,13.73,-220.03,1.86,220.67,7,874,89,5
0.76,1.49,-0.17,3.85,19.17,-252.14,1.68,252.89,1,842,28,3
0.70,1.90,0.01,-40.16,1.83,-214.17,2.02,217.91,0,0,8,2
-0.19,0.74,-0.15,31.01,44.92,-70.25,0.77,88.96,0,0,2,5
1.42,0.86,-0.28,-0.92,85.51,-28.02,1.68,89.99,0,0,1,5
1.50,1.63,-0.18,-89.97,-10.44,-9.03,2.22,91.02,0,0,2,5
0.92,1.74,0.06,-47.67,-89.90,-10.93,1.97,102.35,0,0,1,7
0.50,1.46,0.17,12.27,-113.04,-32.84,1.55,118.35,0,0,1,7
0.03,0.81,0.22,53.10,-99.06,-7.51,0.84,112.65,0,0,2,12
-0.12,0.63,0.23,44.07,-67.69,51.33,0.68,95.70,0,0,1,15
-0.12,0.42,0.12,48.40,-33.45,102.48,0.46,118.17,0,0,3,16
-0.12,0.26,-0.01,36.07,-2.69,118.65,0.29,124.04,0,0,2,18
-0.09,0.16,-0.18,6.59,17.15,166.44,0.26,167.45,0,0,3,19
-0.07,0.37,-0.21,-7.81,13.12,172.73,0.43,173.40,0,0,2,19
-0.02,0.32,-0.29,-8.24,13.06,193.18,0.43,193.79,1,599,4,20
0.11,0.28,-0.26,-31.07,24.78,187.87,0.40,192.02,0,0,3,21
0.35,0.50,-0.15,-54.50,27.77,192.08,0.62,201.58,1,610,3,21
0.85,0.60,0.10,-47.67,31.31,172.06,1.04,181.26,0,0,3,17
0.87,0.59,0.22,-3.91,59.94,100.28,1.07,116.89,0,0,3,18
1.30,0.33,0.03,-4.88,84.11,35.40,1.34,91.38,0,0,3,17
1.45,0.90,0.20,-20.02,69.03,-13.73,1.72,73.18,0,0,1,17
1.50,0.95,0.06,114.99,-15.56,41.63,1.78,123.28,0,0,2,16
0.98,0.66,0.06,60.91,-67.02,18.01,1.19,92.34,0,0,3,19
0.57,0.68,0.14,60.06,-13.61,-50.54,0.90,79.66,0,0,2,16
0.58,0.67,0.08,29.54,40.89,-54.63,0.90,74.36,0,0,1,16
0.71,1.03,0.12,32.65,50.29,-6.84,1.26,60.35,0,0,1,17
0.85,0.88,0.03,28.81,33.81,-12.02,1.22,46.02,0,0,2,16
0.58,0.93,0.11,24.48,18.92,-38.33,1.10,49.26,0,0,2,16
0.32,0.60,-0.03,21.00,42.91,-66.41,0.68,81.80,0,0,1,17
1.05,-0.69,-0.52,4.33,74.22,-88.56,1.36,115.63,1,708,12,12
0.20,1.70,0.98,-80.63,-17.40,72.88,1.97,110.06,1,783,50,4
-0.15,2.34,0.37,-125.98,-1.77,104.37,2.37,163.60,6,826,87,6
0.18,1.86,-0.12,-107.36,20.63,13.67,1.87,110.18,17,795,110,6
0.28,1.00,-0.08,-46.26,15.20,-45.17,1.04,66.42,21,790,114,8
0.32,0.65,-0.05,-38.57,9.40,-23.93,0.73,46.35,24,795,121,9
0.32,0.98,-0.16,-38.39,8.12,-0.79,1.05,39.25,32,792,130,9
0.26,1.08,-0.10,-9.22,2.26,4.03,1.11,10.31,40,785,133,7
0.26,1.11,-0.06,-9.95,3.30,-5.86,1.14,12.01,46,787,132,8
0.28,0.89,-0.10,-8.24,1.22,-16.24,0.94,18.25,48,787,134,8
0.31,0.83,-0.14,6.35,-0.18,1.83,0.90,6.61,46,791,136,9
0.30,0.94,-0.07,27.83,-2.38,12.27,0.99,30.51,53,785,135,9
0.25,1.02,-0.09,32.41,-10.68,16.48,1.05,37.90,55,780,135,10
0.27,0.99,-0.07,39.73,-11.78,16.60,1.03,44.64,53,785,134,8
0.26,0.92,-0.02,40.89,-10.25,14.22,0.96,44.49,50,783,132,9
0.26,0.93,-0.02,30.88,-7.69,17.52,0.96,36.33,49,781,126,9
0.23,1.00,0.02,24.84,-6.65,17.52,1.03,31.12,50,771,131,9
0.21,0.98,0.06,17.27,-4.64,8.30,1.00,19.72,46,771,129,10
0.22,1.00,0.02,3.30,-2.62,-1.65,1.03,4.52,39,785,132,8
0.22,0.97,0.03,-2.62,-1.34,-10.07,1.00,10.49,34,801,130,8
0.24,0.93,0.03,0.00,1.95,-15.62,0.96,15.75,30,813,131,8
0.27,0.86,0.01,0.31,1.59,-13.55,0.90,13.65,28,825,131,9
0.27,0.94,0.00,-1.04,0.43,-6.90,0.98,6.99,28,824,135,7
0.28,0.88,0.01,-0.24,1.46,-2.81,0.93,3.18,31,824,135,8
0.27,0.97,-0.00,-0.37,1.10,1.53,1.01,1.92,31,822,135,9
0.26,0.96,0.03,-2.20,1.65,0.85,1.00,2.88,35,823,138,11
0.25,1.08,-0.00,-6.29,3.11,-7.26,1.11,10.10,35,827,139,10
0.24,1.20,0.01,-3.66,4.39,-23.93,1.22,24.60,31,847,137,10
0.22,1.34,0.04,-4.27,7.26,-74.16,1.36,74.63,23,863,140,10
0.18,1.55,0.05,-15.75,12.70,-134.64,1.56,136.15,13,876,133,8
0.26,1.76,0.05,-16.72,19.78,-206.48,1.78,208.10,8,881,112,7
0.76,1.77,-0.13,-30.03,30.82,-252.87,1.93,256.50,2,865,39,1
1.23,2.31,0.14,-37.23,36.93,-220.40,2.62,226.55,0,0,12,2
1.71,0.87,-0.62,74.89,89.72,-185.36,2.02,219.13,0,0,3,5
2.12,0.66,-0.81,-53.59,-24.84,-99.24,2.37,115.49,0,0,1,5
1.09,1.90,-0.18,-145.51,-155.27,-40.59,2.20,216.63,0,0,2,5
0.30,1.84,0.15,-70.25,-163.27,-13.98,1.87,178.29,0,0,2,7
-0.12,1.18,0.15,13.12,-81.24,-5.00,1.20,82.44,0,0,3,10
-0.28,0.40,0.02,9.46,-64.51,28.32,0.49,71.09,0,0,3,15
-0.48,0.37,0.15,-9.22,-52.31,76.72,0.62,93.31,0,0,2,13
-0.56,0.22,0.16,-3.11,-35.10,104.43,0.63,110.21,0,0,1,15
-0.60,-0.01,0.09,-2.14,-15.26,102.17,0.61,103.33,0,0,3,17
-0.55,0.03,0.07,-15.38,3.91,130.49,0.55,131.45,0,0,3,17
-0.21,0.02,0.05,-31.62,22.03,159.91,0.21,164.49,0,0,1,19
0.12,0.32,0.16,-41.26,34.61,157.41,0.38,166.37,0,0,2,16
0.49,0.35,0.18,-10.25,43.95,122.92,0.63,130.95,0,0,1,18
0.70,0.04,-0.03,-14.16,50.42,58.72,0.70,78.67,0,0,1,15
0.78,0.74,0.31,-4.46,48.34,75.07,1.12,89.40,0,0,2,16
1.26,0.62,0.21,21.12,13.92,118.29,1.42,120.96,0,0,1,16
1.17,0.89,0.34,46.45,-27.95,103.58,1.51,116.91,0,0,1,16
1.20,0.83,0.18,63.05,-11.66,63.66,1.47,90.35,0,0,3,15
1.25,0.87,0.05,60.97,11.41,8.91,1.52,62.67,0,0,2,17
1.12,0.89,-0.05,43.88,24.05,-34.12,1.43,60.57,0,0,2,15
0.98,1.21,0.03,36.38,48.89,-63.05,1.56,87.68,0,0,1,16
1.28,-0.34,-0.86,41.26,53.59,-59.02,1.58,89.76,0,0,6,14
0.45,1.38,-0.11,-19.84,-0.67,21.97,1.45,29.61,1,737,20,7
0.22,1.37,0.23,11.96,-14.83,-4.88,1.41,19.67,1,805,38,7
0.17,0.60,0.30,14.65,-4.46,-6.47,0.69,16.62,1,793,56,6
0.29,0.11,0.31,-31.86,14.65,10.56,0.44,36.62,2,790,81,8
0.34,1.02,-0.00,-101.62,19.78,42.85,1.08,112.05,4,824,105,7
0.33,1.44,-0.23,-93.44,20.26,27.22,1.49,99.42,8,842,119,8
0.29,1.27,-0.11,-18.37,4.64,-1.46,1.31,19.00,12,825,125,9
0.27,0.91,-0.01,0.18,-0.37,-16.17,0.95,16.18,13,823,124,9
0.32,0.86,-0.07,0.24,-0.67,-13.43,0.92,13.45,15,825,131,10
0.29,0.82,0.00,7.87,-2.56,4.21,0.87,9.29,17,812,132,10
0.29,0.95,-0.03,-0.55,-0.73,10.44,0.99,10.48,21,804,135,9
0.30,0.97,-0.01,3.60,0.37,7.87,1.02,8.67,24,797,131,9
0.27,0.96,-0.02,6.59,-1.95,11.29,1.00,13.22,27,793,137,9
0.26,0.98,-0.04,12.51,-4.15,10.99,1.01,17.16,29,788,137,9
0.30,0.98,0.02,13.61,-1.83,9.03,1.02,16.44,29,791,135,9
0.24,0.97,-0.00,16.30,-4.03,8.97,1.00,19.03,29,796,134,8
0.24,1.04,-0.02,13.49,-3.11,8.79,1.07,16.40,27,801,132,7
0.20,0.98,0.03,15.44,-4.46,6.10,1.00,17.19,24,806,131,8
0.23,0.93,0.06,10.80,-3.17,5.68,0.96,12.61,25,802,130,9
0.21,1.00,0.06,5.49,-1.34,2.01,1.02,6.00,25,800,123,7
0.23,1.03,0.03,1.10,-1.10,-4.64,1.05,4.89,24,798,125,10
0.23,1.01,0.05,1.83,-1.04,-11.66,1.04,11.85,24,801,119,10
0.22,0.89,0.10,1.65,-0.49,-13.67,0.92,13.78,23,808,123,8
0.30,0.80,0.05,-9.95,4.27,-7.32,0.86,13.07,23,813,129,9
0.29,0.92,0.00,-14.22,4.09,2.20,0.96,14.96,24,817,126,9
0.26,0.91,0.00,-5.80,1.46,9.22,0.95,10.99,28,814,132,9
0.23,1.05,0.01,-7.51,1.89,11.35,1.08,13.74,32,801,129,9
0.22,1.01,0.05,-4.27,3.17,-0.43,1.03,5.34,36,806,132,8
0.24,0.91,0.03,-12.21,4.27,-4.15,0.94,13.58,40,802,135,9
0.21,1.28,-0.01,-14.47,5.07,-14.04,1.30,20.78,39,819,141,9
0.20,1.40,-0.00,-6.53,5.49,-53.28,1.42,53.96,27,853,138,8
0.18,1.42,0.03,-2.62,10.07,-101.68,1.43,102.22,17,871,137,9
0.20,1.56,0.04,-13.00,13.98,-162.54,1.57,163.65,10,875,125,8
0.41,1.57,0.02,-30.52,24.60,-221.56,1.62,225.00,6,873,63,4
1.05,1.25,-0.44,-55.97,29.54,-218.51,1.69,227.49,1,821,18,2
1.34,1.74,-0.14,-55.85,-5.07,-111.82,2.20,125.09,0,0,7,2
1.67,0.94,-0.70,41.81,-29.05,-136.11,2.04,145.32,0,0,4,3
1.61,1.24,-0.61,-94.54,-107.60,-99.67,2.12,174.50,0,0,1,2
0.66,2.00,0.06,-93.81,-130.74,-84.90,2.11,181.94,0,0,2,2
0.26,1.56,0.18,-25.02,-101.07,-75.01,1.59,128.33,0,0,1,6
-0.01,1.16,0.23,7.26,-59.45,-69.03,1.19,91.39,0,0,2,8
-0.17,0.65,0.13,30.21,-38.45,-38.64,0.69,62.32,0,0,3,11
-0.25,0.48,0.12,19.53,-37.05,19.29,0.55,46.11,0,0,3,12
-0.24,0.31,0.09,19.53,-36.87,59.63,0.40,72.78,0,0,2,15
-0.15,0.14,-0.01,-0.49,-41.63,76.90,0.20,87.45,0,0,2,15
-0.21,0.15,0.04,-12.15,-56.70,92.65,0.26,109.30,0,0,1,16
-0.25,0.19,0.09,-7.14,-52.37,111.02,0.33,122.96,0,0,3,15
-0.14,0.08,-0.00,-8.97,-32.41,125.24,0.16,129.68,0,0,4,17
-0.07,0.17,0.02,-28.20,-10.68,142.46,0.18,145.61,0,0,1,17
0.15,0.30,0.06,-41.63,12.57,151.67,0.34,157.78,0,0,2,17
0.26,0.57,0.18,-45.47,29.30,145.45,0.65,155.18,0,0,4,17
0.30,0.58,0.12,-30.94,69.70,139.34,0.67,158.85,0,0,2,16
0.68,0.68,0.04,-17.58,106.93,115.72,0.96,158.54,0,0,2,17
1.14,0.86,0.07,-15.14,83.56,84.72,1.43,119.95,0,0,2,16
1.26,1.16,0.20,37.54,45.84,37.29,1.72,70.01,0,0,1,17
1.18,0.66,0.00,51.70,5.37,43.09,1.35,67.51,0,0,1,13
1.41,0.93,0.07,21.97,27.40,-24.48,1.69,42.81,0,0,2,16
1.50,0.92,0.03,28.56,37.23,-53.89,1.76,71.46,0,0,2,14
1.55,0.72,-0.26,34.61,34.12,-82.58,1.73,95.82,0,0,3,17
0.04,1.42,0.36,-39.67,-26.00,30.15,1.47,56.21,1,727,26,8
0.19,1.17,0.39,-2.08,-18.86,54.14,1.25,57.37,2,804,59,8
0.13,1.05,0.38,-11.17,-4.39,46.94,1.12,48.45,3,783,86,6
0.23,1.31,0.02,-32.84,6.04,23.74,1.33,40.97,6,782,98,8
0.31,0.86,0.01,-5.49,2.99,10.38,0.91,12.12,8,781,113,7
0.23,0.64,0.17,-21.61,3.30,30.94,0.70,37.89,13,781,119,7
0.22,1.29,-0.01,-36.38,4.82,28.87,1.31,46.69,20,790,130,8
0.19,1.17,0.07,-12.51,0.55,4.21,1.19,13.21,28,784,132,9
0.21,0.95,0.07,-19.84,2.99,-7.32,0.98,21.36,31,784,135,9
0.25,0.97,-0.03,-25.94,3.23,-6.16,1.00,26.86,34,784,133,8
0.24,0.93,-0.03,-10.93,1.59,-1.04,0.96,11.09,39,778,133,9
0.22,0.96,-0.01,-3.54,-0.12,5.68,0.98,6.69,41,780,133,8
0.21,0.99,-0.01,4.58,-2.56,5.68,1.01,7.73,44,781,136,9
0.25,0.97,0.03,6.04,0.31,4.21,1.00,7.37,49,778,135,8
0.21,0.93,-0.01,7.20,-0.31,5.49,0.96,9.06,47,777,136,9
0.21,0.90,0.03,11.17,-2.14,8.67,0.92,14.30,46,779,131,9
0.20,0.99,0.02,7.81,-2.38,9.95,1.01,12.87,47,780,132,7
0.19,0.94,0.05,8.00,-2.08,6.65,0.96,10.61,47,777,129,8
0.19,0.97,0.05,1.22,-1.22,2.08,0.99,2.70,49,769,129,8
0.19,0.95,0.05,-1.83,0.00,-1.46,0.97,2.34,53,769,125,6
0.21,0.97,0.02,-2.62,0.61,-1.59,0.99,3.13,52,768,120,8
0.21,0.96,0.02,2.62,-0.06,-2.69,0.98,3.76,55,768,127,7
0.22,0.91,0.03,2.56,1.10,-1.16,0.94,3.02,55,769,127,8
0.21,0.95,-0.00,1.59,0.24,1.71,0.97,2.34,53,770,127,8
0.19,0.93,0.06,0.24,0.85,2.32,0.96,2.48,57,770,127,6
0.21,1.01,0.00,-3.11,2.32,2.14,1.03,4.43,59,770,126,9
0.19,1.02,0.03,2.50,0.98,-1.04,1.03,2.88,57,771,133,8
0.20,0.96,0.04,-4.21,2.14,-6.77,0.98,8.26,65,776,132,7
0.20,0.97,0.04,-3.30,2.50,-8.48,0.99,9.44,57,787,135,8
0.20,1.07,-0.01,-3.85,2.14,-15.32,1.08,15.94,54,799,134,9
0.21,1.11,-0.01,3.05,1.46,-30.52,1.13,30.70,46,812,132,9
0.18,1.14,0.09,0.61,3.36,-50.60,1.15,50.71,34,833,134,7
0.20,1.37,0.00,-6.29,9.03,-98.39,1.38,99.00,21,846,134,8
0.20,1.55,0.03,-7.51,12.63,-152.04,1.57,152.75,14,862,118,8
0.46,1.46,-0.11,-21.55,17.76,-206.36,1.54,208.24,8,864,67,5
0.71,1.59,-0.33,-66.71,6.23,-223.88,1.77,233.69,2,832,23,2
0.74,1.76,-0.17,-104.25,-26.00,-211.79,1.92,237.49,0,0,11,2
1.53,0.65,-0.39,-12.21,-33.69,-181.95,1.71,185.44,0,0,5,8
1.84,0.95,-0.50,-98.51,-94.79,-171.63,2.13,219.42,1,780,3,8
1.39,1.89,0.13,-103.15,-141.54,-111.57,2.35,207.66,0,0,5,7
0.75,1.71,0.36,-20.75,-133.12,-100.89,1.90,168.32,0,0,2,10
0.33,1.17,0.36,46.26,-76.11,-60.18,1.27,107.49,0,0,3,15
0.11,0.70,0.14,59.27,-25.70,-1.95,0.72,64.63,0,0,2,16
-0.06,0.39,0.08,27.53,-36.25,64.39,0.40,78.86,0,0,1,16
-0.29,0.53,0.19,17.27,-33.87,111.08,0.63,117.41,0,0,1,16
-0.37,0.30,0.10,46.94,6.10,117.92,0.49,127.06,0,0,0,17
-0.27,-0.10,-0.17,43.40,27.71,131.47,0.33,141.19,0,0,1,20
-0.26,0.12,-0.10,-5.55,22.09,148.50,0.31,150.24,0,0,1,20
-0.20,0.23,-0.06,-1.04,21.36,157.78,0.30,159.22,0,0,2,19
-0.12,0.10,-0.12,-6.16,23.01,161.62,0.20,163.37,0,0,3,20
-0.01,0.33,-0.04,-24.78,23.07,169.01,0.34,172.36,0,0,2,19
0.29,0.62,0.02,-32.29,8.79,173.71,0.68,176.90,0,0,4,20
0.93,0.76,-0.01,-22.83,-2.56,156.86,1.20,158.53,0,0,1,16
1.06,1.20,0.51,-14.04,-3.36,111.69,1.68,112.62,0,0,3,15
1.36,0.86,0.24,44.92,30.76,91.67,1.63,106.62,0,0,1,16
1.41,0.84,0.17,34.18,20.69,66.89,1.65,77.92,0,0,3,17
1.23,0.96,0.22,42.66,3.05,35.95,1.57,55.87,0,0,4,14
1.19,0.81,0.07,49.19,15.44,13.24,1.44,53.23,0,0,0,17
1.13,0.95,-0.10,42.60,21.30,-16.05,1.48,50.26,0,0,3,17
1.59,-0.97,-0.59,47.61,14.83,-26.67,1.95,56.55,0,0,10,16
0.18,0.52,0.10,-76.60,-44.07,92.35,0.55,127.82,2,716,25,10
-0.07,1.09,0.49,113.34,2.08,45.84,1.20,122.28,10,580,39,30
0.07,0.60,0.39,49.01,-5.37,-16.66,0.72,52.04,13,594,52,32
0.16,0.69,0.26,-21.91,4.33,-8.97,0.75,24.07,14,594,61,31
0.16,1.00,0.04,-36.56,8.97,9.89,1.01,38.92,26,581,77,39
0.12,1.05,0.12,-15.99,5.62,18.92,1.07,25.40,57,569,89,47
0.07,1.00,0.15,-14.89,0.37,6.47,1.01,16.24,85,563,95,51
0.12,0.99,0.09,-16.97,0.18,1.59,1.00,17.04,114,570,99,53
0.10,0.98,0.09,-5.98,-1.46,4.33,0.99,7.53,128,565,105,56
0.09,0.98,0.10,0.06,-1.10,6.84,0.99,6.92,183,558,104,58
0.09,0.98,0.11,-2.08,-0.67,3.91,0.99,4.47,198,553,103,65
0.09,0.99,0.09,-0.67,-0.06,2.50,1.00,2.59,220,550,104,62
0.09,0.97,0.10,2.38,-1.53,2.50,0.98,3.78,240,550,104,64
0.06,0.98,0.08,2.56,-1.77,2.81,0.98,4.19,206,546,103,66
0.09,0.98,0.11,3.91,-1.34,2.93,0.99,5.06,242,546,99,65
0.09,0.97,0.11,6.29,-0.31,2.99,0.98,6.97,214,543,95,67
0.10,0.99,0.13,8.30,-0.49,5.13,1.00,9.77,172,538,88,69
0.09,0.97,0.12,8.42,-0.31,7.51,0.98,11.29,162,527,75,74
0.07,0.96,0.13,6.29,0.06,6.84,0.97,9.29,145,513,72,80
0.04,0.98,0.12,3.66,-1.34,3.23,0.99,5.07,112,508,78,83
0.04,0.99,0.11,-1.77,-1.10,-0.37,1.00,2.12,139,507,78,85
0.05,0.97,0.12,-3.60,-1.04,-2.93,0.98,4.76,163,516,88,80
0.06,0.99,0.11,-4.21,-0.85,-6.10,1.00,7.46,176,521,90,76
0.06,0.98,0.12,-4.76,-0.67,-8.00,0.99,9.33,243,531,96,62
0.07,0.98,0.12,-5.37,-0.79,-11.17,0.99,12.42,225,546,100,49
0.08,0.96,0.13,-7.63,-0.18,-12.94,0.97,15.02,247,565,110,39
0.06,1.01,0.09,-19.90,0.12,-15.56,1.02,25.26,230,599,111,28
0.08,1.01,0.10,-26.55,0.92,-30.03,1.02,40.09,199,641,119,21
0.08,1.16,0.06,-18.01,3.97,-41.75,1.17,45.64,103,709,122,13
0.17,1.03,-0.01,-8.06,5.31,-71.11,1.04,71.76,35,803,124,9
0.09,1.27,-0.01,16.24,12.33,-121.58,1.27,123.28,16,842,118,9
0.07,1.43,0.12,2.50,15.81,-174.56,1.44,175.29,9,858,104,7
0.23,1.64,0.21,-31.25,26.86,-217.10,1.67,220.98,5,862,50,5
0.50,1.81,-0.16,-36.32,32.17,-235.60,1.89,240.54,1,810,19,3
0.82,2.22,0.14,-9.03,14.28,-202.21,2.37,202.91,0,0,7,8
1.94,0.66,-0.54,66.28,-29.54,-151.67,2.12,168.14,0,0,2,14
1.37,1.27,-0.24,-86.73,-173.83,-45.41,1.88,199.50,0,0,3,15
0.31,1.89,0.25,-87.10,-152.10,-39.37,1.93,179.64,0,0,1,12
-0.18,1.72,0.39,-17.58,-55.85,-23.19,1.77,62.97,0,0,2,13
-0.11,0.80,0.13,23.93,9.89,19.04,0.82,32.14,0,0,2,15
-0.19,0.59,0.08,-6.71,8.42,42.24,0.62,43.59,0,0,3,16
-0.30,0.58,0.11,-10.19,-20.51,91.98,0.66,94.79,0,0,3,16
-0.39,0.25,-0.02,13.61,-36.19,103.39,0.46,110.39,0,0,1,19
-0.57,0.05,-0.09,-1.65,-40.83,113.53,0.58,120.66,1,566,3,21
-0.60,0.09,-0.09,-24.84,-29.11,120.85,0.62,126.76,1,599,1,20
-0.53,0.21,-0.05,-38.94,-24.17,171.51,0.58,177.53,1,600,2,20
-0.33,0.32,0.11,-42.48,-20.08,181.76,0.48,187.74,1,617,2,24
-0.20,0.36,0.20,-43.52,-13.85,195.31,0.46,200.58,1,632,2,23
0.26,0.59,0.32,-48.40,-6.47,208.37,0.72,214.02,1,649,2,21
0.59,1.24,0.70,-38.88,-33.39,195.13,1.54,201.75,1,649,3,22
0.79,0.81,0.48,13.49,-8.67,157.29,1.23,158.10,1,654,3,22
1.32,1.12,0.36,-21.85,80.69,81.05,1.77,116.44,0,0,0,19
1.56,1.58,0.16,15.38,95.95,6.47,2.22,97.39,0,0,2,18
1.67,1.22,-0.09,35.22,20.57,-4.88,2.07,41.08,1,645,2,18
1.08,1.13,-0.14,75.68,-36.01,-59.88,1.57,103.00,0,0,2,35
-0.33,3.45,-0.44,-109.13,-10.31,-195.74,3.49,224.34,0,0,7,101
-0.06,0.82,0.10,28.99,11.84,-2.56,0.82,31.42,2,360,5,114
0.03,1.13,0.13,-6.71,6.59,-16.48,1.13,18.98,8,480,17,123
0.05,0.91,0.11,10.56,-0.49,-6.84,0.91,12.59,26,496,31,140
0.04,0.99,0.11,-5.80,-0.79,-2.93,1.00,6.54,68,492,41,141
0.04,0.97,0.10,-5.19,-2.26,-5.37,0.98,7.80,130,495,49,143
0.05,0.98,0.06,-5.00,-3.23,-4.39,0.98,7.40,215,499,56,140
0.04,0.98,0.09,-4.39,-1.83,-3.05,0.99,5.65,334,503,59,144
0.03,0.98,0.07,-4.88,-0.67,-2.20,0.99,5.40,292,506,62,140
0.04,0.98,0.08,-2.56,-0.31,-1.53,0.99,3.00,349,507,66,135
0.05,0.98,0.09,-2.20,0.31,-1.04,0.99,2.45,413,509,69,139
0.04,0.98,0.08,-0.98,1.46,-0.37,0.98,1.80,515,509,70,133
0.04,0.99,0.08,-1.65,0.06,-0.92,1.00,1.89,384,511,65,134
0.05,0.98,0.08,-1.59,0.55,-0.85,0.98,1.88,421,513,69,130
0.02,0.97,0.04,-2.26,-0.98,-0.61,0.97,2.53,424,517,68,122
0.04,0.97,0.08,-2.38,-0.98,-0.67,0.97,2.66,584,518,64,117
0.04,0.98,0.07,-2.14,-1.22,-0.61,0.98,2.53,421,519,61,117
0.04,0.98,0.07,-1.77,-0.49,0.06,0.98,1.84,424,520,53,116
0.04,0.97,0.07,1.16,-0.85,-0.18,0.98,1.45,386,519,49,119
0.04,0.97,0.07,1.53,-0.49,0.00,0.98,1.60,424,515,44,117
0.03,0.98,0.06,1.53,-0.55,0.06,0.98,1.62,416,514,43,121
0.04,0.98,0.06,3.91,0.73,-0.31,0.99,3.99,381,512,43,124
0.04,0.97,0.07,2.99,0.61,-0.92,0.98,3.19,386,511,47,121
0.03,0.98,0.07,0.67,0.67,-1.59,0.98,1.85,329,514,53,121
0.04,0.99,0.07,2.50,1.53,-2.44,0.99,3.81,311,521,65,115
0.03,0.99,0.07,1.34,1.77,-3.30,0.99,3.97,699,528,72,99
0.04,0.96,0.08,0.67,2.14,-3.97,0.97,4.56,561,544,79,77
0.04,1.04,0.04,-6.35,2.26,-3.23,1.04,7.47,518,573,90,38
0.08,1.05,-0.00,4.58,1.34,-4.03,1.06,6.24,1062,633,101,16
-0.04,1.12,0.07,-3.42,-2.99,-46.14,1.12,46.37,230,700,108,11
-0.01,1.37,0.07,-27.10,4.52,-91.06,1.37,95.12,70,778,112,7
-0.02,1.50,0.09,-26.67,14.53,-140.20,1.51,143.45,22,810,103,7
0.09,1.47,0.09,-20.08,21.06,-189.33,1.48,191.55,10,844,71,5
0.27,1.59,-0.06,-23.93,26.61,-215.03,1.61,217.98,3,806,29,4
0.43,1.42,-0.18,-16.85,15.44,-210.45,1.49,211.69,1,774,12,6
1.44,1.75,-0.12,8.48,8.48,-209.96,2.27,210.30,0,0,8,16
2.26,1.36,-0.21,16.17,-66.41,-168.15,2.65,181.51,0,0,2,22
1.13,1.56,-0.00,15.01,-98.08,-71.11,1.93,122.07,0,0,4,20
0.52,1.44,0.23,-13.24,-92.90,-60.06,1.55,111.41,0,0,2,17
-0.02,1.31,0.26,3.23,-57.62,-40.59,1.34,70.55,0,0,4,21
-0.22,0.87,0.17,13.43,-34.55,25.39,0.92,44.93,0,0,2,25
-0.37,0.64,0.09,14.53,-32.65,56.15,0.74,66.56,0,0,3,24
-0.59,0.49,-0.02,23.38,-35.83,58.72,0.77,72.65,0,0,0,25
-0.81,0.23,-0.17,34.91,-36.07,85.82,0.86,99.42,0,0,3,25
-0.88,-0.09,-0.28,13.31,-36.62,94.91,0.93,102.60,0,0,3,25
-0.92,0.07,-0.19,-30.09,-27.59,138.92,0.94,144.79,0,0,3,28
-0.66,0.12,-0.12,-57.80,-2.99,161.50,0.68,171.56,0,0,2,27
-0.31,0.54,0.06,-79.96,23.93,191.04,0.63,208.47,0,0,1,27
0.01,0.70,0.16,-66.53,47.79,198.97,0.72,215.18,0,0,0,26
0.34,0.89,0.19,-61.40,74.89,193.66,0.98,216.53,0,0,1,26
1.33,1.10,0.25,-56.95,86.43,185.55,1.74,212.46,0,0,2,25
0.98,1.62,0.52,-1.71,2.50,144.10,1.97,144.14,0,0,2,22
1.38,1.00,0.15,36.56,1.59,129.70,1.71,134.76,0,0,2,24
1.38,1.40,0.31,32.29,-4.82,77.27,1.99,83.88,0,0,3,24
0.99,1.06,0.02,45.84,15.99,21.48,1.45,53.09,0,0,3,23
0.26,4.00,-0.43,-199.04,17.88,-195.80,4.03,279.77,0,0,5,66
-0.16,1.48,-0.13,-3.66,-2.69,-5.68,1.49,7.27,0,0,5,70
-0.18,0.31,0.23,28.75,3.05,-45.59,0.43,53.99,0,0,4,64
-0.07,1.31,-0.14,10.31,16.66,-94.18,1.32,96.19,1,188,7,103
-0.06,1.18,-0.05,24.23,-3.66,-28.14,1.18,37.31,4,332,8,120
0.02,0.85,0.11,-2.75,1.28,-0.37,0.86,3.05,9,383,15,132
0.06,0.99,0.10,1.53,0.85,-1.53,1.00,2.32,18,401,21,139
0.04,1.00,0.10,-6.10,0.00,0.67,1.00,6.14,31,411,26,142
0.04,1.00,0.07,-5.13,0.92,1.40,1.00,5.39,45,420,30,145
0.03,0.99,0.09,-0.73,0.61,-0.06,1.00,0.96,76,424,34,145
0.03,0.97,0.09,-2.75,0.61,0.49,0.97,2.86,96,424,36,154
0.03,0.99,0.08,-2.44,0.49,1.10,0.99,2.72,134,421,33,154
0.03,0.99,0.08,-3.78,0.06,0.73,0.99,3.85,149,421,34,152
0.03,0.98,0.07,-5.55,0.12,0.31,0.99,5.56,126,419,32,157
0.02,0.98,0.07,-4.46,-0.61,0.98,0.98,4.60,175,414,29,156
0.02,0.98,0.06,-1.40,-0.98,-0.55,0.99,1.80,129,415,30,154
0.03,0.98,0.06,0.92,-1.46,-1.59,0.98,2.35,151,418,35,149
0.01,0.96,0.06,-2.56,-1.40,-0.73,0.97,3.01,140,421,35,154
0.03,0.97,0.05,-2.50,-1.16,-1.28,0.97,3.04,151,424,37,149
0.04,0.97,0.07,-3.30,-1.71,-1.95,0.97,4.20,123,426,35,145
0.04,0.99,0.06,-5.19,-0.92,-2.20,0.99,5.71,174,429,34,138
-0.01,0.98,0.04,-1.59,-1.59,-2.32,0.99,3.23,158,433,32,139
0.03,0.97,0.06,0.24,-1.83,-2.26,0.97,2.92,193,440,35,132
0.06,1.00,0.09,-0.79,-0.24,-2.99,1.00,3.10,267,446,35,133
0.02,1.00,0.05,-0.43,-2.20,-4.15,1.00,4.72,360,456,38,125
0.03,0.97,0.06,2.44,-1.65,-5.43,0.98,6.18,315,467,42,118
0.05,0.99,0.04,6.84,-0.24,-5.98,0.99,9.09,285,480,48,115
0.04,0.97,0.06,4.76,0.06,-4.21,0.98,6.36,370,489,53,108
0.04,0.99,0.06,2.99,-0.31,-5.25,0.99,6.05,384,497,57,100
0.05,0.98,0.07,1.83,-0.31,-8.36,0.98,8.57,681,508,63,85
0.05,0.98,0.06,-1.65,-0.92,-12.51,0.98,12.65,985,527,71,59
0.07,0.98,0.06,-4.03,-0.61,-15.08,0.99,15.62,561,553,77,36
0.05,0.97,0.06,-6.10,2.26,-13.79,0.97,15.25,579,603,91,22
0.07,0.96,0.10,-6.96,6.10,-20.14,0.96,22.17,354,661,101,11
-0.05,1.46,0.10,-44.37,5.43,-37.84,1.46,58.57,146,726,106,6
0.06,1.39,0.03,-33.51,8.30,-100.52,1.39,106.29,67,783,110,7
0.03,1.39,0.12,-27.47,13.55,-151.12,1.39,154.20,29,815,102,6
0.14,1.41,0.07,-38.51,23.25,-195.56,1.42,200.66,14,846,60,4
0.36,1.53,-0.06,-51.03,32.04,-206.12,1.57,214.74,4,818,26,1
1.01,1.85,0.07,-9.40,40.47,-194.27,2.11,198.67,1,760,8,1
1.58,0.82,-0.48,69.82,20.87,-189.51,1.84,203.04,0,0,4,13
1.63,0.95,-0.70,10.38,-44.56,-183.41,2.01,189.03,0,0,1,15
1.07,1.61,-0.27,-45.84,-83.80,-117.25,1.95,151.23,0,0,1,14
0.61,1.48,-0.08,-31.86,-88.56,-80.44,1.60,123.81,0,0,2,13
0.25,1.28,0.05,-26.55,-64.64,-25.39,1.30,74.35,0,0,1,12
-0.06,0.98,0.09,-11.54,-60.49,-0.73,0.99,61.58,0,0,2,14
-0.26,0.76,0.10,14.83,-57.80,22.40,0.81,63.74,0,0,4,16
-0.36,0.58,0.05,44.43,-59.27,70.31,0.68,102.13,0,0,4,17
-0.29,0.24,-0.11,54.69,-59.63,94.91,0.39,124.72,0,0,1,19
-0.49,0.12,-0.04,15.62,-49.99,84.59,0.51,99.49,1,545,1,18
-0.57,0.30,0.04,-2.01,-18.62,110.84,0.64,112.41,1,578,3,21
-0.43,0.20,-0.06,-15.75,10.99,143.62,0.48,144.89,1,583,2,22
-0.22,0.49,0.01,-39.12,25.45,169.13,0.53,175.45,1,589,2,23
0.02,0.54,-0.03,-29.54,7.45,169.01,0.54,171.73,1,598,2,24
0.07,0.72,0.03,-15.56,-19.78,183.53,0.72,185.25,1,600,1,23
0.11,0.67,0.04,-18.92,-21.42,179.99,0.68,182.25,1,612,0,22
0.08,0.87,0.11,-32.59,0.24,173.28,0.88,176.32,0,0,3,23
0.47,1.37,0.39,-43.70,10.80,146.48,1.50,153.25,0,0,3,22
1.10,1.07,0.08,-6.77,12.63,134.22,1.54,134.98,1,594,2,22
1.04,1.37,0.35,-8.00,-16.60,88.56,1.75,90.46,1,640,1,21
0.96,1.09,0.22,27.83,-32.71,32.04,1.47,53.59,0,0,2,19
0.55,0.88,0.13,36.01,-46.26,-5.68,1.05,58.90,0,0,3,21
0.38,1.02,0.24,9.28,-21.97,-15.14,1.12,28.25,0,0,3,29
1.20,1.94,0.21,-76.48,88.99,-165.83,2.29,203.15,0,0,5,55
0.04,0.95,0.12,18.49,-19.59,-51.15,0.96,57.81,0,0,4,62
-0.15,0.84,-0.03,2.75,4.09,-38.27,0.86,38.58,0,0,5,66
0.17,1.18,0.15,11.72,-2.50,-7.08,1.20,13.92,3,467,11,95
0.05,0.93,0.11,9.40,0.73,-4.39,0.94,10.40,10,483,23,115
0.08,0.99,0.09,13.24,2.14,-6.96,1.00,15.11,22,512,35,128
0.08,1.00,0.09,7.08,1.16,-3.17,1.01,7.85,37,496,42,136
0.05,0.99,0.08,6.10,-0.12,-0.98,0.99,6.18,58,484,47,145
0.05,0.98,0.08,5.55,0.24,-0.18,0.99,5.56,60,477,50,145
0.05,1.00,0.10,5.62,-0.18,-0.55,1.00,5.65,63,467,50,149
0.05,0.97,0.09,3.17,0.85,-0.24,0.98,3.30,70,469,53,149
0.07,0.99,0.10,-0.18,0.37,-0.49,1.00,0.64,72,464,50,156
0.05,0.99,0.08,-0.67,-0.61,-0.79,1.00,1.21,72,465,51,151
0.06,0.98,0.10,1.34,0.37,0.18,0.99,1.40,66,463,50,155
0.05,0.98,0.09,1.53,-0.73,0.61,0.99,1.80,52,458,47,157
0.06,0.98,0.10,4.03,-0.43,1.10,0.99,4.20,30,449,42,156
0.04,0.97,0.11,4.27,-0.18,1.53,0.98,4.54,23,442,40,155
0.05,0.97,0.10,4.70,0.24,1.46,0.97,4.93,17,433,39,156
0.05,0.94,0.10,1.16,0.18,-0.31,0.95,1.21,16,435,37,150
0.06,0.96,0.11,-0.55,0.43,-1.22,0.97,1.41,17,432,35,155
0.05,0.96,0.10,-2.62,0.24,-1.83,0.97,3.21,22,449,40,155
0.05,0.97,0.10,-4.76,-1.22,-1.89,0.98,5.27,33,465,43,147
0.05,0.98,0.08,-4.09,-2.14,-2.87,0.99,5.43,48,474,48,149
0.05,0.97,0.09,-1.53,-0.61,-2.50,0.98,2.99,68,486,48,148
0.05,0.97,0.09,-0.98,0.06,-2.56,0.97,2.74,91,492,55,145
0.05,0.97,0.09,-2.56,0.12,-2.93,0.98,3.89,114,502,60,134
0.05,0.98,0.09,-3.17,0.92,-4.21,0.98,5.35,158,511,63,122
0.06,0.98,0.08,-2.69,0.92,-4.52,0.99,5.33,308,527,68,112
0.06,0.97,0.09,-5.00,1.16,-4.82,0.98,7.05,326,543,81,93
0.07,1.00,0.07,-8.18,1.65,-6.47,1.01,10.56,402,575,87,61
0.07,1.03,0.07,-8.12,2.26,-6.96,1.03,10.93,330,612,95,28
0.13,1.06,-0.11,-4.03,-0.49,-7.75,1.08,8.75,204,683,101,14
-0.01,1.35,-0.12,-18.80,-9.77,-69.27,1.36,72.44,66,764,105,9
-0.02,1.56,0.07,-18.74,4.52,-107.36,1.56,109.08,25,801,111,6
0.03,1.38,0.08,-9.95,13.18,-150.02,1.39,150.93,12,837,90,6
0.15,1.38,0.12,-13.73,15.26,-181.52,1.39,182.68,7,846,52,3
0.37,1.29,-0.05,-39.43,20.02,-196.90,1.34,201.80,2,813,20,3
1.15,1.65,0.01,-32.47,12.27,-180.85,2.02,184.15,1,769,10,6
1.87,0.70,-0.18,71.29,-3.72,-173.89,2.00,187.97,0,0,2,16
1.55,0.88,-0.15,0.67,-55.66,-142.58,1.78,153.06,0,0,2,16
1.03,1.50,0.30,-25.21,-64.21,-97.17,1.84,119.16,0,0,2,16
0.47,1.26,0.45,11.84,-29.24,-130.13,1.42,133.90,0,0,2,16
0.18,0.87,0.39,23.74,0.18,-144.23,0.97,146.17,0,0,3,20
-0.05,0.79,0.43,21.30,-4.27,-101.44,0.90,103.74,0,0,3,20
-0.22,0.69,0.27,41.93,-31.01,-30.21,0.78,60.27,0,0,2,19
-0.36,0.53,-0.01,49.07,-74.46,47.67,0.64,101.12,0,0,1,20
-0.51,0.50,-0.17,32.10,-93.14,93.99,0.73,136.16,0,0,3,22
-0.53,0.69,-0.10,21.97,-89.78,133.85,0.87,162.66,0,0,2,22
-0.44,0.44,-0.22,25.27,-70.68,140.44,0.66,159.24,0,0,0,21
-0.46,0.43,-0.17,-16.05,-56.09,145.51,0.66,156.77,0,0,4,24
-0.43,0.53,-0.10,-41.32,-34.12,156.37,0.69,165.30,0,0,3,24
-0.21,0.56,-0.11,-66.77,-27.40,175.05,0.61,189.35,0,0,3,24
-0.13,0.83,0.10,-73.00,-52.37,172.42,0.85,194.43,0,0,3,23
-0.12,0.85,0.20,-57.01,-97.84,180.79,0.89,213.32,1,601,1,25
-0.28,0.86,0.35,-56.27,-145.69,187.01,0.97,243.65,1,636,1,24
-0.39,1.00,0.50,-49.62,-162.48,195.13,1.18,258.72,1,656,2,25
-0.41,1.19,0.50,-55.97,-153.14,182.37,1.35,244.63,1,653,1,23
-0.56,1.46,0.53,-76.29,-105.83,186.10,1.65,227.27,1,660,3,21
0.02,1.70,0.59,-91.86,-39.61,221.74,1.80,243.26,1,658,2,21
0.72,2.15,0.70,-100.83,1.65,192.99,2.37,217.75,1,663,1,16
1.25,2.03,0.31,-56.70,20.81,134.28,2.40,147.24,1,658,2,18
1.86,1.53,-0.07,-47.06,16.91,46.69,2.40,68.41,1,628,1,16
1.15,3.34,0.95,-39.18,38.88,-129.76,3.66,141.01,1,460,4,36
-0.36,-0.03,0.42,-47.67,52.25,-188.05,0.56,200.91,1,276,7,96
0.14,1.36,0.27,36.93,4.46,-204.16,1.39,207.52,0,0,9,136
-0.04,1.55,0.11,-3.91,-2.38,-213.20,1.55,213.24,1,221,9,160
0.08,1.40,0.07,-0.73,34.06,-120.97,1.40,125.68,3,272,14,164
0.00,1.03,0.08,15.93,44.68,-36.74,1.03,60.00,6,307,11,164
-0.01,1.03,0.07,23.99,25.51,-23.80,1.03,42.34,9,309,9,168
-0.00,0.96,0.11,30.15,14.22,-18.92,0.96,38.33,12,305,9,166
-0.00,0.94,0.12,22.34,6.16,-10.01,0.95,25.24,16,304,10,160
-0.01,0.96,0.11,8.24,1.40,-5.74,0.97,10.14,20,296,10,161
-0.03,0.98,0.10,4.09,0.79,-4.27,0.99,5.97,22,307,11,162
0.01,0.98,0.09,5.37,0.61,-3.60,0.99,6.50,23,311,12,161
-0.03,0.97,0.12,6.53,-0.24,-4.52,0.97,7.94,25,322,13,161
-0.02,1.02,0.11,-0.85,0.24,-6.29,1.03,6.35,28,336,13,159
-0.01,0.99,0.11,-2.93,-1.34,-3.91,0.99,5.06,30,364,18,156
-0.02,0.98,0.10,1.65,-0.31,-3.60,0.98,3.97,33,382,21,156
-0.01,0.97,0.11,1.53,-0.24,-2.62,0.98,3.05,37,397,30,154
-0.01,0.95,0.11,-1.53,0.00,-4.52,0.96,4.77,48,404,36,152
-0.01,0.99,0.09,-4.09,-0.67,-4.76,0.99,6.31,57,418,41,147
-0.00,0.98,0.13,-0.79,-1.22,-7.51,0.98,7.65,78,434,49,144
0.00,0.99,0.10,-3.66,-1.28,-8.24,1.00,9.11,112,455,62,133
-0.01,1.01,0.09,-4.46,-1.16,-11.47,1.01,12.36,144,485,73,115
0.01,1.05,0.08,0.31,-1.34,-14.65,1.06,14.71,160,527,87,94
0.04,0.98,0.11,19.41,-0.73,-26.12,0.99,32.55,153,583,95,59
0.05,1.00,0.11,17.88,-2.87,-35.52,1.01,39.87,103,658,105,32
0.05,1.22,0.11,-6.65,-4.82,-55.85,1.23,56.45,51,736,107,21
-0.00,1.66,0.11,-19.71,1.53,-106.32,1.67,108.15,22,784,114,17
-0.06,2.00,0.07,-9.83,11.29,-180.54,2.00,181.16,10,825,105,9
-0.03,2.20,-0.08,0.31,1.65,-304.99,2.20,305.00,4,834,75,6
0.13,2.41,-0.10,-26.18,-6.23,-406.25,2.41,407.14,2,831,32,2
0.03,1.72,-0.00,-58.96,-33.26,-417.18,1.72,422.63,1,782,17,15
0.24,0.30,-0.44,-40.53,-45.90,-376.65,0.58,381.59,0,0,9,21
-0.86,0.93,0.12,-128.11,-116.09,-191.77,1.27,258.20,0,0,5,25
-1.09,0.50,0.03,-36.99,-93.02,94.06,1.20,137.36,0,0,2,25
-0.67,0.22,-0.12,-34.85,-48.71,193.05,0.72,202.13,0,0,2,23
-0.51,0.51,0.06,-69.34,-26.00,179.20,0.72,193.90,0,0,4,23
-0.38,0.69,0.19,-60.30,-24.17,196.90,0.81,207.34,0,0,2,24
-0.15,0.66,0.21,-61.58,-50.35,230.47,0.71,243.81,0,0,3,22
-0.10,0.90,0.36,-86.36,-100.77,235.66,0.97,270.46,0,0,4,22
-0.16,1.06,0.50,-81.24,-126.16,239.50,1.18,282.63,0,0,3,21
-0.24,1.36,0.56,-88.01,-133.24,238.83,1.49,287.30,0,0,2,22
-0.38,1.74,0.72,-101.99,-113.22,242.13,1.92,286.09,0,0,4,18
-0.37,2.31,0.99,-91.37,-50.17,273.68,2.54,292.86,0,0,4,18
0.19,2.30,0.81,-48.46,38.45,279.30,2.45,286.07,0,0,2,17
1.32,2.87,-0.21,-14.89,97.47,264.83,3.17,282.59,0,0,3,16
3.76,-0.98,-0.89,-20.26,53.10,160.03,3.99,169.83,1,627,2,17
3.56,3.63,1.47,-173.65,22.64,-147.95,5.29,229.25,1,475,4,45
-0.49,0.57,-0.28,192.38,-41.14,-180.11,0.80,266.73,1,312,6,83
-0.26,0.98,0.02,83.86,37.05,-221.50,1.01,239.72,0,0,9,129
0.23,1.24,0.19,48.28,38.21,-158.51,1.27,170.05,1,252,10,154
0.16,1.11,0.15,1.40,45.72,-50.78,1.13,68.34,5,316,9,159
-0.01,1.03,0.05,3.91,9.28,-37.41,1.03,38.75,14,331,9,156
0.06,1.02,0.09,13.31,7.39,-17.46,1.03,23.16,31,325,11,154
0.00,0.98,0.08,17.21,-0.85,-10.68,0.98,20.27,53,323,13,154
-0.01,0.96,0.09,5.00,-3.85,-1.83,0.97,6.57,67,330,16,160
-0.01,0.98,0.08,-1.59,-2.08,0.61,0.99,2.68,82,342,18,159
-0.01,0.99,0.08,4.03,-0.31,-0.43,1.00,4.06,94,356,20,154
-0.01,0.96,0.08,3.23,-0.79,-1.59,0.96,3.69,109,368,22,151
-0.01,0.98,0.08,1.71,-1.10,-2.75,0.98,3.42,129,385,21,147
-0.01,0.99,0.07,0.98,-0.43,-3.60,0.99,3.76,161,404,28,138
0.00,0.98,0.08,2.26,0.18,-5.00,0.98,5.49,200,427,30,137
0.00,0.95,0.08,5.13,0.67,-5.37,0.95,7.46,272,443,38,134
0.00,0.98,0.09,4.21,0.49,-5.80,0.98,7.18,252,461,46,126
0.00,0.97,0.09,1.22,0.37,-5.80,0.98,5.94,324,477,56,121
-0.00,0.99,0.08,0.24,0.73,-6.29,0.99,6.33,457,497,69,110
0.02,0.98,0.09,-0.79,0.31,-6.41,0.98,6.46,467,515,81,94
0.01,1.03,0.07,-0.37,-0.12,-8.24,1.03,8.25,480,532,90,75
0.01,0.99,0.10,5.37,-0.06,-13.92,1.00,14.92,551,558,99,50
0.02,1.01,0.09,4.15,-1.46,-17.40,1.01,17.94,418,592,102,30
0.05,0.91,0.11,-0.06,-1.28,-21.24,0.92,21.28,396,633,113,24
0.04,1.11,0.09,-16.54,-2.44,-32.84,1.12,36.85,349,679,120,16
0.05,1.11,0.07,-16.97,2.75,-50.17,1.11,53.03,125,731,118,13
0.07,1.25,0.06,-18.25,4.82,-70.37,1.26,72.86,67,781,126,8
0.08,1.23,0.09,-10.13,10.13,-95.58,1.23,96.65,33,804,123,8
0.11,1.28,0.06,-5.49,16.42,-132.45,1.28,133.57,18,840,123,9
0.12,1.38,0.10,-6.23,18.80,-164.06,1.39,165.25,11,849,119,7
0.17,1.65,0.04,-7.32,21.73,-216.61,1.66,217.82,7,861,97,6
0.35,2.00,0.01,-13.55,25.51,-282.29,2.03,283.76,4,856,50,4
0.44,1.88,-0.11,-36.07,22.83,-331.97,1.93,334.70,2,820,24,2
-0.02,2.03,0.06,-44.37,1.16,-358.58,2.03,361.32,0,0,15,11
0.33,0.40,-0.52,-45.23,-0.73,-353.52,0.74,356.40,0,0,6,18
0.12,1.00,-0.41,-199.65,-63.17,-288.21,1.09,356.25,0,0,5,19
-1.23,1.35,0.57,-126.53,-117.74,-69.95,1.92,186.45,0,0,6,24
-0.58,0.91,0.32,101.99,-33.75,192.87,1.13,220.77,0,0,3,23
0.01,0.25,-0.07,106.51,-23.62,265.99,0.26,287.49,0,0,3,23
0.08,0.30,-0.04,21.67,-50.05,263.73,0.31,269.31,0,0,3,20
-0.08,0.62,0.20,-26.61,-66.22,224.00,0.66,235.09,0,0,2,22
-0.00,0.91,0.35,-19.53,-61.10,236.57,0.98,245.11,0,0,2,22
0.10,0.94,0.26,-18.55,-62.44,256.65,0.98,264.79,0,0,1,22
0.05,1.18,0.31,-37.17,-61.28,259.70,1.22,269.41,0,0,2,24
0.11,1.34,0.28,-38.09,-61.34,262.57,1.37,272.32,0,0,3,23
0.12,1.49,0.29,-50.42,-74.95,258.06,1.52,273.41,0,0,2,23
0.10,1.65,0.43,-74.58,-104.80,272.16,1.71,301.02,0,0,2,21
0.21,1.92,0.61,-75.44,-108.58,270.45,2.03,301.04,0,0,1,21
0.48,1.85,0.76,-81.18,-74.65,264.89,2.06,286.93,0,0,3,20
1.33,1.69,0.46,-75.62,-17.27,215.33,2.19,228.88,0,0,1,18
2.92,1.17,-0.02,-76.72,-55.85,129.39,3.15,160.46,1,607,3,16
2.01,2.28,0.87,-65.80,-72.51,4.15,3.16,98.00,1,642,1,18
-0.47,1.00,-0.36,274.48,-7.81,-169.37,1.16,322.62,1,453,3,39
-1.10,-0.08,-0.13,109.80,19.90,-162.72,1.11,197.31,1,334,6,90
0.05,1.26,0.07,-12.21,103.39,-188.54,1.26,215.37,0,0,9,128
0.43,1.16,0.45,30.52,45.41,-187.68,1.31,195.50,1,299,10,158
0.06,0.82,0.12,5.13,43.64,-66.47,0.83,79.68,4,341,11,159
0.05,1.06,0.10,-27.10,29.66,-50.29,1.07,64.37,10,327,9,160
-0.00,1.07,0.04,-7.87,9.34,-28.26,1.07,30.79,23,312,10,163
0.00,1.00,0.06,5.00,5.80,-13.98,1.01,15.94,36,307,14,162
-0.03,0.95,0.05,7.75,2.87,-5.07,0.95,9.69,49,305,12,161
-0.01,0.94,0.06,-2.01,2.62,-4.27,0.94,5.40,73,313,16,155
-0.04,0.98,0.06,-5.86,0.61,-3.05,0.99,6.63,102,331,15,155
0.00,0.99,0.04,-2.75,1.28,-7.45,0.99,8.04,150,370,19,147
0.00,0.98,0.05,-0.31,-2.08,-4.76,0.98,5.20,224,402,20,139
0.01,0.99,0.01,1.34,-0.98,-4.46,0.99,4.75,343,426,23,129
0.03,0.99,0.05,8.18,-0.43,-5.62,0.99,9.93,580,447,23,129
-0.00,0.97,0.03,8.73,0.06,-4.58,0.97,9.86,480,460,28,124
0.04,1.00,0.03,9.58,0.61,-5.00,1.00,10.83,640,475,33,113
0.04,0.98,0.05,8.12,0.49,-5.13,0.98,9.61,947,486,40,104
0.03,0.98,0.07,7.69,1.22,-5.92,0.99,9.78,536,500,49,94
0.02,0.99,0.06,8.73,1.28,-8.06,0.99,11.95,842,519,61,69
0.00,1.05,0.06,7.02,0.24,-11.90,1.05,13.82,1280,539,73,48
0.06,0.96,0.08,12.45,-1.65,-21.48,0.97,24.89,474,570,85,29
0.04,0.94,0.11,-5.86,-2.56,-26.06,0.95,26.84,768,607,100,21
0.02,1.09,0.07,-17.40,-2.32,-31.98,1.10,36.48,450,644,105,14
0.04,1.13,0.13,-22.28,3.60,-55.54,1.14,59.95,622,681,115,10
0.06,1.30,0.07,-36.87,4.82,-78.49,1.30,86.85,246,728,120,9
0.04,1.37,0.05,-33.94,5.43,-116.58,1.37,121.54,106,771,126,7
-0.01,1.53,0.11,-34.06,13.73,-168.03,1.54,172.00,52,808,128,9
-0.05,1.90,0.17,-54.50,29.54,-250.61,1.91,258.16,32,834,119,8
0.01,1.96,0.37,-102.29,60.24,-347.72,2.00,367.42,17,845,57,5
0.46,2.91,0.20,-184.81,79.10,-442.93,2.95,486.42,4,833,16,1
-0.29,2.06,-0.29,-90.45,54.69,-456.91,2.10,468.98,1,744,7,11
0.19,1.62,-0.52,7.39,-75.99,-126.16,1.71,147.46,1,751,3,18
0.28,1.12,-0.23,33.81,-178.16,154.24,1.17,238.06,0,0,2,15
0.02,0.67,-0.11,58.35,-233.64,189.45,0.68,306.41,1,657,2,14
-0.39,0.55,-0.00,89.60,-200.81,205.02,0.68,300.64,0,0,1,18
-0.08,0.08,-0.20,74.22,-136.11,251.95,0.23,295.83,1,624,1,21
-0.08,0.08,-0.13,-7.02,-87.52,212.40,0.17,229.84,1,645,1,20
-0.07,0.57,0.12,-48.89,-55.91,209.17,0.59,221.96,1,674,3,20
0.11,0.66,0.15,-47.61,-36.93,219.48,0.69,227.60,1,692,3,22
0.47,0.84,0.36,-58.65,-44.56,205.20,1.03,218.02,1,719,1,20
0.66,0.69,0.45,-32.47,-28.38,172.00,1.05,177.32,0,0,3,19
1.06,0.78,0.65,-51.88,17.09,127.01,1.47,138.26,1,725,0,19
1.21,0.77,0.52,-12.21,17.82,119.75,1.53,121.68,1,764,1,21
1.60,0.85,0.44,-3.48,21.67,69.15,1.86,72.55,0,0,2,19
1.64,1.10,0.42,31.01,26.00,19.17,2.01,44.77,0,0,2,20
1.83,0.94,0.07,48.83,1.95,24.29,2.06,54.57,0,0,3,19
1.57,1.00,0.13,62.62,-13.67,-51.33,1.87,82.12,0,0,3,20
1.13,0.64,-0.15,59.45,-5.25,-68.66,1.30,90.98,0,0,2,21
0.93,0.73,-0.18,12.33,37.78,-80.32,1.19,89.62,0,0,4,21
0.30,0.62,-0.50,-2.69,55.79,-98.94,0.85,113.61,0,0,4,23
-0.99,2.79,-0.16,-229.98,-145.39,128.36,2.96,300.84,1,640,20,16
0.20,1.97,1.28,-64.39,33.51,121.15,2.36,141.24,32,450,43,95
0.07,0.82,0.14,17.82,-6.77,-27.59,0.83,33.54,40,513,58,70
0.19,0.76,-0.03,-4.70,-5.43,-24.90,0.78,25.92,72,574,76,58
0.16,0.95,0.05,-11.17,0.67,-1.34,0.96,11.27,177,565,84,59
0.10,0.97,0.08,-5.74,2.32,8.97,0.98,10.90,448,551,91,69
0.09,1.05,0.07,-5.37,-1.77,-15.62,1.06,16.62,424,547,95,70
0.12,0.96,0.04,-1.53,0.06,-1.28,0.97,1.99,396,547,99,73
0.11,0.97,0.08,1.89,1.28,0.24,0.98,2.30,426,543,101,75
0.11,0.97,0.08,0.79,0.92,1.16,0.98,1.68,372,542,97,75
0.11,0.97,0.08,0.00,0.73,1.53,0.98,1.69,437,541,100,75
0.09,0.96,0.06,-2.01,0.06,2.32,0.97,3.07,471,538,95,78
0.10,0.97,0.07,-1.83,0.31,3.17,0.98,3.68,474,537,92,71
0.13,0.99,0.10,-1.40,1.95,4.21,1.00,4.85,474,535,83,74
0.11,0.99,0.07,-0.67,0.18,5.80,1.00,5.84,393,532,80,75
0.07,1.00,0.05,0.24,-1.53,2.44,1.00,2.89,722,530,74,79
0.11,0.98,0.08,2.62,-1.40,1.10,0.99,3.17,462,527,72,73
0.09,0.98,0.07,1.89,-1.04,-1.10,0.98,2.42,330,526,71,70
0.10,0.96,0.08,1.71,-1.34,-0.73,0.97,2.29,632,529,72,73
0.09,0.98,0.07,0.06,-0.92,-1.10,0.99,1.43,502,528,73,71
0.09,1.00,0.06,-0.06,-1.46,-2.62,1.00,3.01,363,527,73,71
0.09,0.99,0.07,1.10,-1.22,-4.39,1.00,4.69,518,534,79,67
0.10,0.98,0.06,5.25,-1.04,-8.79,0.99,10.29,652,541,86,56
0.09,0.97,0.06,3.72,-0.55,-10.13,0.98,10.81,477,551,95,45
0.09,1.00,0.06,-3.85,-0.92,-11.23,1.01,11.91,672,576,100,34
0.10,1.00,0.07,-6.96,1.04,-21.85,1.01,22.96,458,614,108,25
0.12,1.03,0.07,-12.08,4.58,-33.94,1.04,36.31,304,668,115,16
0.19,1.08,0.01,-13.31,8.79,-45.59,1.10,48.30,107,758,118,8
0.06,1.73,0.07,-49.32,13.49,-90.33,1.74,103.80,48,804,117,8
0.10,1.62,0.03,-40.95,17.15,-150.09,1.63,156.52,25,833,105,8
0.19,1.68,0.02,-35.40,21.00,-204.04,1.70,208.15,14,845,70,5
0.72,1.57,-0.48,-44.86,18.98,-226.26,1.79,231.44,4,808,20,2
1.55,2.14,-0.24,-87.40,-9.16,-216.86,2.65,233.99,1,768,8,4
2.26,1.29,-0.40,7.39,-74.22,-202.58,2.63,215.87,1,731,4,13
1.34,1.60,-0.24,-19.35,-181.34,-97.17,2.10,206.64,0,0,4,14
0.44,1.51,0.20,5.19,-178.47,-19.53,1.59,179.61,0,0,4,13
-0.05,1.21,0.24,34.42,-126.89,2.14,1.23,131.50,0,0,4,14
-0.34,0.58,0.20,48.34,-73.85,10.99,0.70,88.95,1,689,1,15
-0.41,0.44,0.22,23.68,-50.90,42.42,0.64,70.37,0,0,3,17
-0.57,0.53,0.25,20.14,-25.33,45.65,0.82,55.96,1,664,2,19
-0.58,0.24,0.05,21.18,0.00,68.30,0.63,71.51,1,697,2,20
-0.54,0.21,0.02,-11.90,6.65,94.12,0.58,95.10,1,690,2,23
-0.54,0.29,0.07,-19.35,12.70,117.37,0.62,119.63,1,687,2,23
-0.48,0.27,0.07,-37.72,18.13,153.14,0.56,158.75,1,676,3,26
-0.17,0.45,0.13,-42.91,18.19,174.07,0.50,180.20,1,671,1,24
0.05,0.61,0.19,-35.40,0.37,176.33,0.65,179.85,1,670,1,22
0.17,0.62,0.22,-13.12,-20.45,181.15,0.68,182.77,1,659,1,24
0.30,0.66,0.31,-18.25,-14.34,179.57,0.78,181.06,1,679,2,22
0.86,0.80,0.23,-36.13,48.10,165.89,1.19,176.46,1,672,2,21
1.02,1.01,0.31,-3.66,50.35,141.05,1.46,149.82,1,684,1,21
1.18,1.02,0.22,6.23,39.25,99.30,1.57,106.96,1,690,2,20
1.17,1.10,0.10,24.60,20.45,64.03,1.61,71.57,1,696,1,22
0.99,1.22,0.02,60.79,0.18,24.23,1.57,65.44,1,708,0,20
0.76,1.06,-0.13,17.82,-1.28,9.64,1.31,20.30,1,700,1,20
0.53,0.98,-0.05,13.61,12.76,-28.56,1.11,34.12,1,699,0,24
-0.07,0.72,0.17,-78.43,47.36,-103.39,0.74,138.15,1,354,5,70
0.58,2.52,-0.09,-139.95,37.78,-56.76,2.59,155.68,1,310,5,93
-0.44,1.25,-0.24,24.35,-8.24,-47.06,1.34,53.62,1,354,6,105
0.91,0.62,0.48,64.76,24.66,-108.64,1.20,128.86,2,463,13,123
0.12,0.94,0.14,32.84,1.10,-30.27,0.96,44.68,7,517,30,125
0.06,1.02,0.09,-11.90,2.08,-3.23,1.03,12.51,11,499,39,130
0.08,0.98,0.13,15.44,-1.28,-6.23,0.99,16.70,18,498,46,132
0.09,1.00,0.09,-1.65,1.10,-0.85,1.01,2.16,28,506,54,129
0.09,0.95,0.12,1.34,1.46,-0.55,0.96,2.06,31,499,56,136
0.07,1.00,0.10,-0.31,-1.22,-0.73,1.01,1.46,37,499,61,131
0.08,0.97,0.09,-1.65,-0.18,0.06,0.98,1.66,42,505,65,135
0.08,0.99,0.10,-1.65,-1.10,0.73,0.99,2.11,39,506,62,135
0.08,0.97,0.10,-2.50,-0.49,1.40,0.98,2.91,35,513,65,135
0.08,0.97,0.10,0.00,-0.67,1.77,0.98,1.89,29,523,65,135
0.06,0.97,0.10,0.67,0.37,2.26,0.98,2.38,20,524,58,136
0.09,0.97,0.13,0.37,0.37,3.48,0.98,3.52,14,522,56,136
0.06,1.01,0.08,-0.61,-0.85,4.33,1.01,4.46,10,509,50,138
0.06,0.98,0.10,1.53,-0.61,3.91,0.99,4.24,8,499,48,137
0.07,0.92,0.12,1.83,0.43,3.05,0.93,3.58,7,492,49,138
0.07,0.96,0.10,0.85,-0.31,0.24,0.97,0.94,8,493,53,141
0.06,0.98,0.10,-0.61,-0.43,-0.12,0.99,0.75,8,490,52,137
0.06,0.97,0.10,-1.77,-0.24,-3.05,0.98,3.54,12,497,61,139
0.07,0.97,0.10,-4.15,-0.06,-4.58,0.98,6.18,21,512,66,137
0.07,0.99,0.09,-7.02,-0.31,-6.53,1.00,9.59,35,527,76,126
0.07,0.98,0.09,-2.99,15.38,-8.73,0.99,17.94,55,548,85,117
0.08,0.95,0.11,-1.65,1.65,-8.18,0.96,8.50,82,568,95,106
0.08,1.00,0.08,-3.23,1.40,-10.25,1.00,10.84,93,608,102,70
0.09,1.08,0.09,-6.53,1.65,-17.27,1.09,18.54,73,673,110,39
0.13,1.26,-0.04,-9.77,0.85,-20.08,1.27,22.35,37,760,113,18
0.08,1.72,-0.13,-24.72,-2.69,-81.12,1.73,84.84,16,809,116,13
-0.01,1.54,0.08,-0.61,3.91,-144.35,1.54,144.40,8,817,103,7
0.10,1.46,0.06,-3.17,9.09,-192.26,1.46,192.50,4,816,76,5
0.50,1.40,-0.19,-22.16,9.89,-222.35,1.50,223.67,2,786,32,2
1.28,1.71,-0.09,-83.50,-17.94,-192.99,2.14,211.04,0,0,11,5
1.56,1.56,0.22,51.45,-14.04,-185.18,2.22,192.71,0,0,4,14
1.05,1.11,0.02,29.05,6.71,-88.20,1.52,93.10,0,0,4,16
0.73,1.28,0.11,-9.34,20.69,-71.23,1.48,74.76,0,0,2,14
0.46,1.30,0.10,-5.31,14.95,-75.68,1.38,77.33,0,0,2,13
0.30,1.08,0.01,-8.67,-22.34,-43.09,1.12,49.30,0,0,3,17
0.01,0.95,0.10,-17.82,-75.32,-0.67,0.96,77.40,0,0,2,18
-0.28,0.76,0.19,1.83,-98.51,28.20,0.83,102.48,0,0,4,20
-0.37,0.69,0.19,18.25,-94.67,72.33,0.81,120.52,0,0,2,21
-0.41,0.40,0.10,24.66,-69.03,67.20,0.58,99.44,0,0,3,24
-0.41,0.29,0.06,1.10,-38.45,76.05,0.51,85.23,1,605,3,22
-0.44,0.35,0.10,-23.32,-29.30,99.79,0.57,106.59,1,628,2,24
-0.24,0.44,0.14,-42.05,-29.66,135.13,0.52,144.60,0,0,2,24
-0.09,0.55,0.18,-27.59,-34.67,136.23,0.59,143.25,1,593,0,25
-0.09,0.52,0.19,-24.90,-48.34,149.41,0.56,159.00,1,619,1,27
-0.03,0.55,0.27,-23.32,-48.22,160.16,0.62,168.87,1,628,2,26
0.19,0.72,0.37,-31.62,-48.10,171.57,0.83,180.97,1,641,4,25
0.35,0.98,0.50,-18.55,-45.53,161.99,1.16,169.28,1,651,2,24
0.83,0.95,0.65,-16.60,-19.29,155.15,1.42,157.22,0,0,3,25
0.70,0.79,0.33,23.38,-15.14,112.30,1.11,115.71,1,633,2,24
0.79,0.92,0.27,11.84,15.08,83.01,1.24,85.19,0,0,6,26
1.06,0.93,0.19,9.40,24.72,35.64,1.42,44.38,1,656,2,25
0.81,0.82,0.09,21.48,7.08,-27.16,1.16,35.35,0,0,3,24
0.51,0.94,0.11,7.32,-0.67,-28.99,1.08,29.91,0,0,2,23
0.48,0.83,0.01,2.14,5.80,-15.38,0.96,16.58,0,0,2,23
-0.33,0.67,-0.20,-114.26,52.37,-117.19,0.77,171.84,0,0,5,58
1.02,4.00,-0.88,-273.32,56.52,-112.85,4.22,301.05,1,296,6,106
-0.45,2.02,-0.48,-42.66,-26.00,-47.42,2.13,68.89,1,373,6,93
0.29,1.22,0.27,69.82,11.66,-86.12,1.28,111.48,3,413,15,115
0.15,1.10,0.18,-4.70,3.05,-10.13,1.13,11.58,9,495,31,128
0.07,0.98,0.10,-6.90,1.95,-4.70,0.99,8.57,21,505,41,137
0.08,0.99,0.11,-4.15,0.18,0.79,1.00,4.23,38,500,52,143
0.04,0.97,0.08,-3.30,-0.31,2.01,0.98,3.87,62,496,55,144
0.08,0.99,0.10,-0.92,-0.79,0.85,1.00,1.48,78,489,61,149
0.06,0.98,0.09,1.59,-1.34,0.43,0.99,2.12,90,486,63,149
0.06,0.98,0.10,1.22,-1.71,-0.37,0.99,2.13,104,488,63,152
0.05,0.99,0.06,2.99,-1.28,-0.43,0.99,3.28,68,485,61,152
0.06,0.95,0.12,5.43,-0.18,1.16,0.96,5.56,42,484,59,150
0.05,0.96,0.13,4.39,0.37,2.75,0.97,5.20,24,488,53,154
0.07,0.98,0.11,3.23,0.12,1.95,0.99,3.78,17,483,46,153
0.04,0.99,0.08,0.73,0.00,0.98,0.99,1.22,13,479,43,151
0.06,0.94,0.11,1.22,0.85,0.73,0.95,1.66,12,480,42,152
0.06,0.95,0.12,-1.83,0.73,0.98,0.96,2.20,12,479,43,146
0.04,0.96,0.11,-4.21,-0.37,-0.49,0.97,4.26,15,485,45,145
0.07,0.99,0.10,-2.38,-0.61,-2.44,0.99,3.46,19,493,45,150
0.06,0.97,0.10,-1.34,-0.92,-2.08,0.98,2.64,21,491,49,147
0.06,0.96,0.10,-1.34,-0.43,-2.38,0.97,2.77,26,498,52,144
0.06,0.96,0.10,-0.55,-0.24,-2.69,0.97,2.75,33,505,60,143
0.06,0.97,0.10,-0.61,-1.16,-3.72,0.98,3.95,44,509,64,138
0.06,0.97,0.10,-1.95,-0.31,-4.88,0.97,5.27,84,512,70,136
0.06,0.97,0.10,-1.53,1.34,-6.35,0.97,6.67,132,523,83,124
0.07,0.97,0.10,-1.83,1.83,-8.79,0.98,9.16,230,539,92,107
0.08,0.99,0.10,-8.30,1.53,-11.60,1.00,14.34,261,577,103,74
0.09,1.00,0.08,-7.32,0.85,-14.47,1.01,16.24,248,636,109,31
0.15,0.93,0.05,-7.08,1.59,-15.62,0.95,17.23,118,717,114,13
0.02,1.74,-0.09,-28.38,3.05,-93.87,1.74,98.12,40,785,115,9
0.05,1.52,0.07,-25.76,15.69,-155.03,1.53,157.94,18,810,114,6
0.09,1.56,0.08,-18.01,17.52,-195.98,1.56,197.59,8,818,84,7
0.36,1.63,-0.03,-17.21,29.05,-218.81,1.67,221.40,3,805,35,3
1.12,1.54,-0.21,-23.62,15.87,-206.05,1.92,208.01,1,779,13,2
1.61,1.69,-0.01,54.14,-2.32,-198.55,2.33,205.81,0,0,6,10
1.44,1.14,-0.35,71.66,-42.66,-156.56,1.87,177.38,0,0,5,13
1.10,1.40,-0.17,5.49,-82.58,-78.49,1.79,114.06,0,0,4,12
0.51,1.58,0.15,-31.25,-91.43,-70.92,1.67,119.86,0,0,4,14
-0.04,1.32,0.29,-0.49,-53.16,-23.01,1.35,57.93,0,0,4,15
-0.27,0.68,0.20,17.21,-43.52,27.65,0.76,54.36,0,0,4,17
-0.34,0.51,0.17,28.02,-42.91,71.96,0.63,88.34,0,0,3,16
-0.46,0.33,0.07,35.52,-41.87,74.10,0.57,92.22,0,0,2,19
-0.62,0.06,0.01,29.97,-36.99,98.69,0.62,109.57,1,597,1,25
-0.58,-0.17,-0.02,6.04,-24.72,115.30,0.60,118.07,1,637,2,24
-0.62,0.01,0.05,-21.42,-12.82,131.53,0.62,133.88,1,641,2,25
-0.29,0.26,0.09,-41.63,-15.20,173.03,0.40,178.62,1,628,1,24
0.10,0.57,0.24,-41.99,-35.89,177.98,0.63,186.35,1,628,2,24
0.14,0.62,0.28,-14.83,-63.42,170.10,0.69,182.15,1,632,2,24
0.35,0.80,0.35,-28.38,-45.04,170.84,0.94,178.94,1,638,1,26
0.56,0.97,0.19,-31.62,-16.97,152.10,1.14,156.27,1,628,3,27
0.65,1.04,0.41,-8.24,-0.85,111.08,1.29,111.39,0,0,3,24
0.96,0.88,0.28,-24.11,37.35,82.40,1.33,93.63,1,611,1,23
1.10,1.03,0.28,-12.88,24.05,57.31,1.53,63.47,1,647,0,21
0.95,1.02,0.24,8.30,20.26,13.43,1.42,25.69,1,653,2,21
0.70,0.85,0.13,24.29,30.88,-14.71,1.11,41.96,1,663,1,21
1.42,0.70,1.14,13.61,47.97,-15.14,1.95,52.11,1,508,3,44
1.39,4.00,-1.40,-269.84,9.95,-53.59,4.46,275.29,2,324,6,105
-0.38,1.44,-0.13,-36.13,14.16,-41.08,1.49,56.51,2,389,7,89
0.04,0.45,0.11,72.14,10.86,-61.83,0.46,95.63,4,459,11,103
0.12,1.15,0.13,-5.43,5.43,-3.60,1.17,8.48,10,452,26,123
0.05,0.96,0.11,3.42,-0.24,-5.43,0.96,6.42,16,454,38,126
0.06,0.98,0.11,-7.51,1.22,-0.98,0.99,7.67,28,454,45,136
0.06,1.01,0.10,-10.74,0.12,0.37,1.02,10.75,45,458,51,137
0.05,0.98,0.10,-5.74,-0.43,-0.06,0.99,5.75,62,460,57,141
0.06,0.98,0.09,-5.19,-0.37,0.18,0.99,5.20,96,455,58,142
0.06,0.98,0.10,-3.48,-0.12,0.49,0.99,3.52,100,455,63,138
0.06,0.99,0.10,-4.09,0.37,1.89,0.99,4.52,107,459,68,143
0.05,0.96,0.08,-3.54,-0.49,1.65,0.97,3.94,112,461,68,142
0.05,0.98,0.09,-5.31,-0.55,1.28,0.98,5.49,122,460,68,144
0.05,0.97,0.09,-3.54,-0.85,0.79,0.98,3.73,131,461,64,140
0.05,0.98,0.08,-3.60,-1.22,0.73,0.98,3.87,148,464,62,143
0.06,0.99,0.08,-2.99,-0.67,-1.16,0.99,3.28,153,464,59,138
0.04,0.98,0.08,-0.06,-0.79,-1.59,0.98,1.78,132,467,59,133
0.05,0.99,0.06,0.61,-1.16,-2.99,0.99,3.27,161,472,57,132
0.05,0.96,0.06,2.50,-0.49,-2.14,0.97,3.33,153,478,60,126
0.06,0.97,0.09,3.60,-0.06,-2.50,0.98,4.39,136,481,60,125
0.06,0.99,0.07,0.49,-0.18,-1.77,1.00,1.85,142,484,63,126
0.07,0.98,0.10,0.61,-0.12,-1.04,0.99,1.21,144,484,62,123
0.06,0.99,0.08,0.00,-1.22,-1.40,0.99,1.86,200,486,63,122
0.05,0.98,0.08,0.43,-1.46,-1.83,0.98,2.38,208,490,65,126
0.05,1.00,0.08,1.40,-1.28,-2.44,1.00,3.09,224,492,66,123
0.05,0.97,0.09,2.87,-0.61,-4.03,0.98,4.98,339,504,76,116
0.05,0.96,0.09,1.65,0.00,-6.41,0.97,6.62,305,515,84,108
0.06,0.97,0.09,-0.37,-0.92,-11.23,0.98,11.27,280,539,97,75
0.04,0.96,0.11,-5.13,-2.44,-25.02,0.96,25.66,308,587,105,39
0.09,0.96,0.11,-13.98,4.27,-30.76,0.97,34.06,286,660,109,19
-0.19,2.05,0.22,-58.59,7.57,-54.38,2.07,80.30,71,770,117,8
0.03,1.45,0.06,-33.26,13.67,-132.63,1.45,137.42,31,805,114,7
0.05,1.43,0.05,-18.01,17.88,-182.31,1.43,184.07,13,830,110,8
0.16,1.65,0.10,-19.78,21.55,-218.57,1.66,220.51,7,843,59,4
0.60,1.66,-0.10,-30.09,28.93,-231.57,1.77,235.30,2,812,20,3
1.15,2.23,0.02,-34.00,14.53,-210.27,2.51,213.49,1,784,9,2
1.78,1.43,-0.44,73.00,-15.56,-193.18,2.32,207.09,0,0,3,14
1.51,1.19,-0.44,2.62,-110.47,-63.96,1.98,127.68,0,0,3,16
0.80,1.41,0.00,-31.43,-142.21,-42.54,1.62,151.73,0,0,1,14
0.01,1.41,0.33,-21.67,-107.48,-11.05,1.45,110.20,0,0,3,13
-0.17,0.90,0.26,17.94,-34.18,21.67,0.96,44.27,0,0,2,16
-0.14,0.69,0.25,22.95,-9.09,66.41,0.75,70.85,0,0,3,19
-0.22,0.45,0.17,44.37,-23.01,67.26,0.53,83.80,1,623,2,23
-0.59,0.20,0.10,44.56,-35.16,84.84,0.63,102.07,1,626,1,24
-0.65,-0.07,0.00,27.53,-28.56,105.35,0.65,112.57,1,620,2,26
-0.70,0.02,0.02,-1.65,-16.24,116.82,0.71,117.96,1,614,2,25
-0.53,0.11,0.01,-16.24,-3.30,147.34,0.54,148.27,1,619,2,26
-0.30,0.30,0.09,-29.85,-8.24,167.60,0.43,170.44,1,621,1,25
-0.09,0.40,0.13,-29.17,-16.30,175.84,0.43,178.99,1,618,0,27
0.10,0.65,0.27,-29.30,-23.68,182.86,0.71,186.70,1,627,2,26
0.39,0.80,0.36,-26.00,-7.14,171.08,0.96,173.19,1,630,1,25
0.92,0.75,0.19,-26.55,27.83,143.07,1.21,148.15,0,0,1,26
0.91,1.41,0.45,-2.81,26.00,95.64,1.74,99.15,1,613,0,20
1.09,1.07,0.31,25.57,31.56,38.51,1.56,55.97,0,0,1,22
1.15,1.29,0.40,40.04,52.19,-46.94,1.78,80.80,0,0,1,19
1.08,0.60,0.03,10.99,123.96,-173.65,1.24,213.64,0,0,2,19
1.39,1.48,0.07,20.14,109.50,-88.99,2.03,142.53,0,0,3,17
1.09,-1.44,-1.22,46.88,14.10,-89.05,2.18,101.62,1,667,4,18
-0.36,2.83,0.37,-169.74,-45.41,37.84,2.88,179.74,1,776,15,8
0.16,1.35,0.01,-17.94,-16.05,13.79,1.36,27.75,2,795,41,11
0.13,0.96,0.21,2.50,-6.47,1.53,0.99,7.10,5,755,57,12
0.15,0.92,0.19,-11.35,0.18,-2.32,0.95,11.59,7,720,72,12
0.24,0.70,0.04,-22.77,3.91,24.35,0.74,33.57,11,734,89,12
0.27,1.58,-0.09,-60.55,6.10,33.14,1.60,69.29,33,681,95,27
0.06,1.13,0.00,0.43,0.12,5.62,1.13,5.63,64,659,106,33
0.14,0.94,0.05,-10.74,0.37,2.99,0.96,11.16,80,663,104,35
0.16,1.00,0.03,-2.99,1.40,7.39,1.01,8.09,111,651,109,41
0.12,0.94,0.13,10.44,1.46,19.90,0.96,22.52,147,622,108,49
0.09,0.95,0.10,6.71,-0.49,15.99,0.96,17.35,175,600,108,61
0.08,0.96,0.07,4.21,0.00,14.04,0.97,14.66,219,589,103,65
0.07,0.98,0.08,1.83,-0.55,11.84,0.99,11.99,227,576,104,76
0.05,0.98,0.08,1.53,-1.16,7.57,0.99,7.81,296,569,102,80
0.07,0.98,0.09,-0.43,-1.16,3.36,0.99,3.58,222,565,97,75
0.07,0.97,0.09,-3.42,-0.43,2.75,0.98,4.41,276,561,95,74
0.08,0.98,0.07,-2.87,-1.59,0.61,0.98,3.33,294,561,93,74
0.09,0.97,0.08,-0.79,-1.40,0.49,0.98,1.68,236,558,84,74
0.09,0.96,0.08,-0.73,-0.79,0.61,0.97,1.24,315,557,85,72
0.08,0.99,0.07,-0.67,-0.98,0.43,0.99,1.26,278,557,84,71
0.09,0.97,0.07,0.79,-0.79,0.24,0.97,1.15,247,553,83,74
0.08,0.96,0.08,1.10,-0.61,0.67,0.97,1.42,342,549,79,75
0.09,1.01,0.07,1.40,-0.12,-1.04,1.01,1.75,345,547,83,76
0.08,0.97,0.08,-1.22,1.04,-0.43,0.98,1.66,345,545,86,76
0.07,0.98,0.06,-0.67,1.22,-3.17,0.98,3.47,405,544,89,73
0.08,0.98,0.07,-0.49,0.06,-7.26,0.99,7.28,379,549,93,61
0.08,1.00,0.06,-5.13,-0.37,-10.01,1.01,11.25,332,558,98,44
0.09,0.99,0.06,-4.15,0.00,-15.69,1.00,16.23,393,589,105,31
0.10,0.99,0.06,-7.87,1.28,-23.99,1.00,25.28,245,651,113,25
0.07,1.10,0.05,-6.90,4.52,-35.34,1.11,36.29,78,756,113,11
-0.07,2.31,0.29,-47.24,9.03,-70.74,2.33,85.54,34,815,118,7
0.05,1.55,0.14,-23.13,15.93,-124.94,1.56,128.06,18,832,111,8
0.13,1.19,0.18,-18.19,18.19,-167.05,1.21,169.02,10,847,94,3
0.29,1.53,0.10,-40.41,31.56,-207.21,1.56,213.46,6,850,45,3
0.56,1.65,-0.26,-53.22,27.40,-203.80,1.76,212.41,2,815,15,2
1.07,2.09,-0.06,32.47,13.31,-175.96,2.35,179.43,1,798,5,11
1.92,0.95,-0.77,59.08,-59.69,-147.77,2.27,169.97,0,0,3,17
1.63,1.35,-0.32,-54.69,-160.28,-98.88,2.15,196.10,0,0,2,12
0.80,1.96,0.20,-67.99,-178.53,-129.21,2.13,230.63,0,0,2,12
0.17,1.62,0.34,16.11,-115.48,-135.13,1.67,178.48,0,0,2,13
-0.03,0.73,0.17,32.23,-47.42,-70.01,0.75,90.49,0,0,2,17
-0.14,0.64,0.23,-3.85,-29.36,8.85,0.69,30.90,0,0,3,15
-0.39,0.58,0.29,5.31,-21.85,70.50,0.75,74.00,0,0,1,18
-0.52,0.33,0.13,29.05,6.35,112.00,0.63,115.88,0,0,2,18
-0.47,0.05,-0.02,7.87,15.62,125.18,0.47,126.40,0,0,3,20
-0.52,0.30,0.08,-17.27,3.11,143.31,0.60,144.38,0,0,3,23
-0.49,0.28,0.04,6.23,-4.82,160.64,0.56,160.84,1,577,3,22
-0.40,0.30,0.00,0.31,-9.95,182.50,0.50,182.77,1,603,3,22
-0.19,0.40,-0.02,-2.32,-11.17,195.74,0.45,196.07,1,614,2,24
-0.05,0.58,0.00,-12.08,-3.91,209.84,0.58,210.22,1,623,2,24
0.53,0.80,0.01,-33.63,14.40,210.63,0.96,213.79,1,630,3,23
0.71,1.09,0.30,-46.51,49.38,158.45,1.33,172.36,0,0,1,24
0.89,0.72,-0.07,-22.28,65.98,153.14,1.15,168.23,0,0,3,24
1.28,1.15,0.05,-28.02,46.69,113.53,1.72,125.91,0,0,2,21
1.38,1.01,-0.09,-4.64,3.91,84.35,1.72,84.57,1,585,1,21
1.04,1.10,0.03,2.08,-33.57,41.99,1.51,53.80,1,623,1,22
0.51,0.93,0.16,13.73,-48.34,21.48,1.07,54.65,1,627,1,21
0.17,0.93,0.30,4.94,-6.71,5.25,0.99,9.85,1,623,1,22
0.31,1.01,0.26,-4.27,33.57,6.53,1.09,34.46,1,633,3,21
0.17,0.80,0.05,-187.62,25.15,-131.90,0.82,230.72,0,0,5,82
0.11,0.78,-0.17,141.30,-23.99,-114.20,0.81,183.25,0,0,6,107
-0.10,0.57,0.02,17.82,32.41,-30.52,0.58,47.95,0,0,6,107
0.34,0.80,0.33,38.02,44.56,-20.51,0.93,62.06,1,292,8,127
0.07,0.81,0.14,19.04,-0.06,-11.05,0.82,22.02,6,442,14,139
0.04,0.97,0.08,8.48,1.10,-2.93,0.98,9.04,12,457,20,146
0.04,0.97,0.09,3.85,-0.12,-2.99,0.98,4.87,17,443,28,143
0.07,1.00,0.09,3.60,-1.77,-2.32,1.01,4.63,18,441,33,146
0.03,0.97,0.07,3.17,-0.31,-1.46,0.97,3.51,16,430,38,147
0.04,0.98,0.09,2.01,0.24,-0.79,0.99,2.18,18,422,39,146
0.06,0.96,0.11,2.87,0.61,-0.12,0.97,2.94,17,412,37,144
0.05,0.95,0.08,-0.92,-0.24,-1.71,0.95,1.95,19,420,41,138
0.04,0.97,0.09,-2.44,0.24,-1.10,0.98,2.69,21,422,42,136
0.05,0.95,0.10,-4.70,1.40,-1.10,0.96,5.03,25,427,43,140
0.04,0.97,0.08,-5.74,-0.18,-1.16,0.98,5.86,32,431,46,134
0.04,0.99,0.07,-6.29,-0.67,-1.22,0.99,6.44,37,437,47,135
0.04,0.98,0.07,-6.04,-0.92,-1.22,0.98,6.23,45,445,48,137
0.05,1.00,0.06,-5.74,-1.34,-1.40,1.00,6.06,50,447,48,136
0.04,1.00,0.05,-2.08,-1.16,-0.79,1.00,2.51,47,451,47,132
0.04,0.99,0.06,2.01,-0.12,-0.79,0.99,2.17,44,456,48,133
0.04,0.98,0.07,3.91,0.37,0.12,0.98,3.93,42,456,48,134
0.04,0.98,0.07,2.01,0.12,-0.24,0.99,2.03,39,459,50,136
0.04,0.99,0.06,2.14,0.37,-0.73,0.99,2.29,42,460,50,134
0.04,0.98,0.07,0.79,0.12,-0.85,0.98,1.17,40,460,56,136
0.04,0.96,0.07,0.98,0.98,-1.10,0.97,1.76,45,460,56,136
0.04,0.99,0.07,-1.10,1.22,-0.79,0.99,1.82,47,464,62,134
0.04,0.97,0.07,-0.79,1.22,-1.46,0.98,2.07,52,473,68,134
0.05,0.97,0.08,-2.93,1.34,-2.38,0.98,4.01,70,490,76,126
0.05,0.99,0.06,-3.48,2.62,-3.11,1.00,5.36,107,511,86,111
0.04,1.03,0.05,-1.77,0.55,-8.85,1.03,9.04,150,537,93,93
0.06,0.98,0.08,8.85,0.31,-14.89,0.99,17.33,235,576,99,63
0.06,1.01,0.06,2.69,-0.67,-11.96,1.01,12.28,249,613,104,31
-0.06,1.16,0.16,-2.56,-4.33,-15.62,1.17,16.42,168,672,109,16
-0.04,1.46,0.10,-27.16,-2.69,-64.64,1.46,70.16,64,758,113,10
0.01,1.60,0.07,-32.53,5.62,-110.66,1.60,115.48,26,801,106,6
0.03,1.40,0.07,-20.81,14.89,-159.67,1.40,161.71,13,811,90,6
0.17,1.41,0.17,-33.94,19.65,-192.26,1.43,196.22,7,817,46,3
0.53,1.39,-0.30,-59.39,24.11,-199.34,1.52,209.39,2,774,16,2
1.69,2.05,-0.25,-86.61,-21.91,-234.56,2.67,251.00,0,0,8,2
2.26,1.07,-0.64,-14.04,-44.07,-250.31,2.58,254.54,0,0,4,10
1.37,1.57,-0.30,-77.51,-96.92,-210.69,2.11,244.53,0,0,3,15
0.93,1.70,-0.01,-46.94,-94.97,-142.21,1.94,177.33,0,0,3,14
0.44,1.47,0.17,-5.74,-74.83,-109.01,1.55,132.35,0,0,3,15
0.07,0.89,0.14,34.24,-53.28,-69.09,0.90,93.73,0,0,3,15
-0.18,0.59,0.14,24.84,-59.39,-10.74,0.64,65.26,0,0,3,19
-0.34,0.52,0.14,29.36,-80.38,64.15,0.64,106.95,0,0,3,16
-0.59,0.60,0.24,35.22,-73.36,93.69,0.87,124.10,0,0,2,21
-0.71,0.38,0.15,73.97,-30.70,145.39,0.82,165.99,0,0,4,21
-0.58,0.08,-0.06,34.24,-22.28,161.07,0.59,166.17,1,593,3,23
-0.63,0.36,0.06,1.22,-13.31,162.72,0.72,163.27,0,0,3,22
-0.37,0.36,-0.02,-8.54,-5.62,187.62,0.51,187.90,1,587,1,25
-0.08,0.52,0.03,-33.20,-21.48,186.65,0.53,190.79,1,626,3,25
0.01,0.77,0.23,-33.08,-52.25,197.75,0.80,207.20,1,632,2,25
0.07,0.75,0.33,-26.25,-51.76,196.90,0.82,205.27,0,0,3,24
0.13,0.79,0.33,-28.69,-15.99,190.00,0.87,192.82,0,0,3,25
0.63,1.12,0.60,-64.94,44.07,168.09,1.42,185.51,0,0,3,26
0.95,0.91,0.26,-18.80,34.00,141.78,1.35,147.01,1,600,1,24
1.04,1.02,0.23,-0.61,36.44,111.51,1.47,117.32,0,0,3,23
0.90,1.14,0.20,12.70,12.70,73.97,1.47,76.12,0,0,2,20
0.92,1.02,0.13,23.50,11.90,39.06,1.38,47.11,0,0,2,22
1.34,0.66,-0.13,12.39,12.70,4.58,1.50,18.32,0,0,1,27
0.33,1.58,-0.10,-179.81,54.99,-161.13,1.62,247.63,0,0,4,61
0.89,3.96,-0.35,-99.43,13.43,-146.18,4.08,177.30,0,0,7,105
-0.13,1.23,-0.12,38.15,-9.46,-23.19,1.24,45.64,0,0,6,89
0.10,0.82,0.16,30.03,5.13,-26.37,0.84,40.29,1,375,5,91
0.10,0.62,0.17,-6.04,6.29,4.09,0.65,9.63,3,450,8,105
0.03,1.11,0.04,0.67,1.71,9.03,1.11,9.22,8,473,18,118
0.05,0.92,0.11,14.28,0.85,-1.71,0.93,14.41,12,468,24,123
0.05,0.96,0.08,-8.06,0.31,5.92,0.97,10.00,17,458,28,130
-0.00,1.02,0.04,-3.54,-2.20,0.43,1.03,4.19,25,447,35,137
0.01,0.98,0.05,-2.50,-1.16,-0.92,0.98,2.91,34,430,38,137
0.04,1.01,0.07,-0.92,0.18,-0.37,1.01,1.00,35,414,41,139
0.04,0.98,0.07,0.98,0.00,-0.55,0.98,1.12,35,416,41,143
0.04,0.98,0.07,1.22,-0.24,-0.61,0.98,1.39,39,408,46,140
0.03,0.98,0.07,3.23,-1.10,-0.67,0.99,3.48,35,401,46,142
0.06,0.98,0.08,0.98,-0.18,0.12,0.98,1.00,37,400,46,149
0.03,0.98,0.07,2.32,-0.31,0.67,0.98,2.43,32,389,42,149
0.03,0.98,0.07,0.49,-0.06,0.00,0.98,0.49,27,389,43,147
0.03,0.98,0.07,0.24,-0.12,-0.12,0.98,0.30,25,390,39,148
0.02,0.99,0.05,-1.22,-0.43,0.06,0.99,1.29,22,396,40,141
0.03,0.98,0.05,-3.66,0.79,-0.61,0.98,3.80,25,402,39,141
0.03,0.98,0.07,-2.93,0.92,-1.16,0.98,3.28,26,411,40,135
0.05,0.97,0.08,-2.62,-0.37,-1.65,0.97,3.12,34,427,43,134
0.03,0.97,0.06,-3.54,-0.92,-1.59,0.97,3.99,56,429,41,133
0.04,0.97,0.06,-1.83,-0.37,-1.89,0.97,2.66,71,435,44,135
0.03,0.99,0.05,-0.61,-0.43,-1.95,0.99,2.09,85,444,43,138
0.03,0.96,0.05,2.32,-0.18,-1.71,0.96,2.89,102,450,46,139
0.03,0.99,0.05,-0.61,0.31,-2.20,0.99,2.30,142,456,49,139
0.04,0.98,0.05,-2.20,0.92,-2.01,0.98,3.12,229,468,53,136
0.04,0.98,0.05,-1.95,1.28,-1.77,0.98,2.93,369,482,63,123
0.04,0.98,0.06,-2.14,2.08,-2.20,0.98,3.70,384,492,69,119
0.03,1.01,0.04,-1.59,1.95,-2.44,1.01,3.51,451,506,75,103
0.02,1.06,0.04,-5.49,1.71,-6.29,1.06,8.52,676,530,84,74
0.02,0.99,0.05,23.32,1.34,-18.37,0.99,29.71,366,581,96,32
-0.12,1.20,0.36,-0.92,-1.65,-23.44,1.26,23.51,272,658,103,19
0.04,1.40,0.09,-15.50,4.88,-70.01,1.40,71.87,64,752,108,11
-0.02,1.70,0.07,-30.46,6.04,-125.49,1.70,129.27,23,797,99,7
0.05,1.32,0.08,-12.63,15.62,-169.74,1.32,170.92,10,815,79,8
0.24,1.51,0.05,-14.16,20.94,-197.08,1.53,198.70,5,819,41,4
0.51,1.38,-0.27,-25.33,18.62,-198.18,1.49,200.66,1,763,15,2
1.65,1.94,-0.23,-57.68,-10.99,-180.91,2.55,190.20,0,0,8,9
2.24,0.84,-0.49,-13.79,-114.62,-194.15,2.44,225.89,0,0,3,17
1.32,1.26,-0.05,-90.03,-199.83,-115.05,1.82,247.53,0,0,2,17
0.56,1.73,0.56,-36.68,-137.45,-98.02,1.91,172.76,0,0,3,15
0.19,1.51,0.50,50.96,-40.59,-117.13,1.60,134.03,0,0,2,16
0.12,0.79,0.11,80.81,14.04,-93.75,0.81,124.57,0,0,3,16
0.12,0.61,-0.05,31.49,-8.85,-25.82,0.63,41.67,0,0,3,16
-0.12,0.64,-0.02,7.45,-56.27,34.67,0.66,66.51,0,0,1,18
-0.39,0.84,0.06,23.01,-55.91,70.25,0.93,92.68,0,0,2,18
-0.53,0.41,-0.13,49.87,-11.54,83.56,0.68,97.99,0,0,1,23
-0.50,0.22,-0.25,6.59,29.72,99.00,0.60,103.58,0,0,3,23
-0.52,0.35,-0.20,-38.57,73.79,115.72,0.66,142.57,1,569,1,22
-0.35,0.41,-0.21,-60.79,86.61,142.58,0.58,177.55,0,0,3,24
-0.17,0.56,-0.16,-66.96,79.04,154.54,0.61,186.05,1,540,3,24
-0.03,0.67,-0.15,-52.37,51.70,168.88,0.68,184.22,1,585,0,25
0.10,0.80,-0.11,-39.00,10.99,180.91,0.81,185.39,1,581,3,24
0.15,0.88,-0.13,-16.17,-21.24,180.66,0.91,182.63,1,585,0,24
0.17,0.86,-0.03,-20.39,-33.14,177.55,0.88,181.76,1,593,3,23
0.51,0.96,0.15,-28.14,-1.34,177.98,1.09,180.19,1,603,2,23
0.46,0.99,0.09,10.31,-14.95,152.34,1.10,153.42,1,614,1,24
0.72,1.08,0.12,-16.54,11.11,114.56,1.30,116.28,0,0,3,21
1.27,1.17,0.21,5.55,15.75,66.28,1.74,68.36,1,626,3,20
1.01,1.13,0.24,42.66,-13.73,10.01,1.53,45.92,0,0,2,19
0.87,0.69,0.16,54.32,-28.63,14.04,1.12,62.99,0,0,2,20
0.33,3.34,0.01,-102.11,27.34,-195.74,3.36,222.46,1,358,4,78
-0.02,1.58,0.31,56.34,23.56,-156.80,1.62,168.27,1,268,8,110
0.42,1.37,0.38,13.06,32.78,-68.60,1.49,77.14,1,413,5,105
0.07,0.99,0.03,5.00,5.68,-12.02,0.99,14.21,3,465,14,108
0.14,1.01,0.09,34.91,0.43,-14.10,1.02,37.65,8,523,30,122
-0.00,0.92,0.12,2.62,1.46,-3.91,0.93,4.93,13,508,37,131
0.08,0.99,0.07,5.31,-1.10,-3.23,1.00,6.31,19,507,44,138
0.09,0.97,0.11,3.05,0.55,-1.95,0.98,3.66,25,504,51,137
0.10,0.96,0.11,1.71,-0.06,-1.53,0.97,2.29,30,497,52,141
0.09,0.99,0.12,-1.10,0.18,-1.77,1.00,2.09,40,496,56,140
0.09,0.97,0.10,-1.34,-0.61,-1.83,0.98,2.35,56,501,59,141
0.11,0.98,0.11,-2.38,0.37,-1.28,0.99,2.73,66,500,64,144
0.10,0.98,0.10,-2.32,-0.61,-0.67,0.99,2.49,71,504,63,141
0.09,0.96,0.08,-1.28,-0.92,0.18,0.97,1.59,67,502,61,146
0.11,0.97,0.11,-1.83,-1.34,0.85,0.99,2.43,76,500,63,146
0.08,0.99,0.08,-1.28,-1.16,0.61,1.00,1.83,67,499,60,148
0.09,0.96,0.09,0.85,-0.67,0.85,0.97,1.38,64,500,57,144
0.08,0.97,0.08,1.40,-0.67,0.98,0.98,1.84,57,496,52,146
0.08,0.99,0.08,2.08,-0.49,0.61,1.00,2.22,48,491,49,145
0.08,0.98,0.08,2.44,-0.61,0.67,0.99,2.60,43,484,46,149
0.08,0.96,0.09,3.54,-0.24,0.37,0.97,3.57,43,480,46,144
0.08,0.98,0.08,1.22,-0.43,0.73,0.98,1.49,40,478,43,151
0.08,0.97,0.09,1.71,-0.06,0.00,0.98,1.71,47,477,43,152
0.08,0.94,0.09,1.10,0.24,0.98,0.95,1.49,46,474,42,148
0.08,0.97,0.08,1.71,0.12,-1.59,0.98,2.34,50,474,38,153
0.08,0.98,0.08,1.04,0.61,-0.98,0.99,1.55,51,475,42,152
0.08,0.97,0.09,0.73,0.37,-0.61,0.97,1.02,54,474,45,150
0.08,0.97,0.08,0.00,1.10,-0.12,0.98,1.11,55,474,43,158
0.08,0.98,0.08,0.24,1.04,-0.12,0.99,1.07,55,473,48,152
0.08,0.98,0.08,0.73,0.85,-0.24,0.98,1.15,58,472,49,155
0.08,0.97,0.09,0.43,0.49,-0.06,0.98,0.65,66,475,47,155
0.08,0.97,0.09,-0.49,0.85,-1.34,0.98,1.66,69,473,50,156
0.07,0.98,0.08,-1.89,1.10,-1.34,0.99,2.57,84,479,58,153
0.08,0.98,0.08,-0.79,2.14,-2.32,0.99,3.25,128,489,64,144
0.07,0.97,0.10,-2.38,3.11,-2.38,0.98,4.58,124,504,77,130
0.07,1.02,0.05,-5.49,4.21,-4.64,1.02,8.33,133,546,82,101
0.06,1.01,0.08,4.64,2.14,-17.33,1.01,18.07,91,634,95,48
0.29,1.21,-0.21,11.72,-0.79,-31.07,1.26,33.21,40,741,102,15
-0.06,1.72,-0.12,-33.51,-4.94,-126.77,1.73,131.22,19,801,107,8
-0.06,1.66,0.12,-31.19,16.60,-192.08,1.67,195.30,9,824,99,8
-0.05,1.88,0.29,-35.77,27.95,-262.82,1.91,266.71,5,839,60,4
0.13,2.33,0.15,-49.13,42.60,-365.05,2.33,370.80,2,837,27,3
0.04,2.25,-0.07,-46.81,31.19,-390.62,2.25,394.65,1,791,11,5
0.13,-0.09,-0.50,54.38,25.33,-383.24,0.52,387.91,0,0,8,20
-0.16,0.28,-0.53,-128.17,-17.52,-297.00,0.63,323.95,0,0,3,24
-0.83,0.96,0.17,-163.39,-74.58,-110.66,1.28,210.96,0,0,6,25
-0.32,0.82,0.10,-5.07,-65.92,98.88,0.88,118.94,0,0,3,24
0.02,0.13,-0.21,41.32,-101.44,193.91,0.25,222.71,0,0,1,24
-0.18,0.24,-0.03,-26.25,-149.29,233.89,0.30,278.71,0,0,3,23
-0.36,0.63,0.26,-54.26,-161.32,264.40,0.76,314.45,0,0,4,23
-0.37,0.57,0.30,-42.48,-143.80,254.94,0.75,295.77,0,0,2,22
-0.35,0.62,0.34,-81.48,-103.64,240.48,0.79,274.24,0,0,2,23
-0.28,0.98,0.42,-84.72,-84.35,253.54,1.10,280.31,0,0,3,22
-0.13,1.13,0.37,-114.56,-9.09,169.92,1.19,205.14,0,0,3,18
0.48,2.19,0.72,-153.81,95.52,172.61,2.35,250.15,1,631,1,14
2.54,1.93,0.64,-43.33,119.75,132.02,3.26,183.43,1,715,2,12
3.18,1.26,0.58,-0.73,29.97,62.26,3.46,69.10,1,735,3,12
2.69,0.73,0.28,24.17,-56.03,19.04,2.80,63.92,1,728,2,13
2.08,0.54,0.01,25.76,-22.89,-49.19,2.15,60.06,1,731,5,13
-0.10,0.26,-0.15,67.50,29.66,119.26,0.31,140.22,5,758,27,12
-0.21,0.99,0.04,75.38,-7.93,-3.30,1.01,75.87,24,666,64,26
-0.01,0.84,0.28,59.75,-2.20,7.26,0.88,60.23,45,641,84,34
0.03,1.00,0.10,-14.16,-1.89,-1.04,1.01,14.32,80,637,91,35
0.06,0.97,0.06,-11.60,-1.16,-5.86,0.98,13.04,111,635,104,32
0.06,1.03,0.05,-9.34,0.55,-0.18,1.03,9.36,179,630,109,35
0.05,0.98,0.08,5.68,0.61,-1.28,0.99,5.85,249,623,110,35
0.04,0.98,0.10,4.64,-0.06,-2.87,0.98,5.45,198,623,110,31
0.05,0.98,0.08,-2.75,-0.61,-6.41,0.98,7.00,243,637,116,25
0.06,1.00,0.07,-3.60,-0.43,-8.36,1.00,9.11,188,655,116,23
0.07,0.98,0.08,1.83,0.06,-6.59,0.99,6.84,209,666,116,22
0.07,0.97,0.07,-1.04,0.18,-4.03,0.98,4.16,183,672,115,19
0.08,0.96,0.07,1.46,0.43,-1.40,0.96,2.07,237,675,116,19
0.08,0.96,0.07,4.76,0.92,3.91,0.96,6.23,208,668,115,20
0.06,0.95,0.07,7.20,0.85,8.79,0.96,11.40,261,658,116,23
0.07,1.03,0.07,8.61,0.85,13.06,1.03,15.67,312,647,111,30
0.05,0.97,0.11,14.89,-0.06,13.18,0.97,19.89,332,626,109,37
0.03,0.97,0.10,6.53,-0.37,8.61,0.98,10.81,349,604,104,41
0.03,0.97,0.10,3.23,-0.49,3.85,0.98,5.05,496,599,106,43
0.03,1.02,0.08,0.18,-0.43,-1.28,1.02,1.36,352,598,103,45
0.04,0.99,0.10,5.74,0.18,-4.33,0.99,7.19,289,615,108,38
0.04,0.97,0.11,5.68,0.00,-6.96,0.98,8.98,236,640,110,29
0.05,0.96,0.12,2.01,0.43,-10.50,0.97,10.70,192,672,113,23
0.05,1.00,0.10,-2.20,0.37,-19.10,1.01,19.23,91,723,109,16
0.05,1.03,0.11,-7.57,1.16,-28.87,1.03,29.87,57,766,112,12
0.06,1.12,0.07,-14.89,3.85,-38.51,1.12,41.47,41,797,117,9
0.09,1.09,0.09,-11.47,5.80,-50.72,1.10,52.32,30,820,118,5
0.10,1.10,0.09,-8.73,7.63,-60.85,1.11,61.95,20,834,119,6
0.14,1.10,0.07,-7.63,10.31,-75.07,1.11,76.16,14,842,118,8
0.19,1.19,0.05,-1.16,11.23,-90.03,1.21,90.73,9,849,116,6
0.21,1.18,0.05,7.57,10.99,-107.60,1.20,108.43,6,854,110,7
0.25,1.20,0.07,10.68,10.93,-127.56,1.22,128.48,4,858,99,7
0.29,1.26,0.07,10.01,9.64,-154.60,1.29,155.23,3,858,75,4
0.35,1.35,0.11,6.41,11.78,-189.33,1.40,189.81,3,844,47,4
0.44,1.48,0.07,-9.52,16.30,-221.25,1.55,222.06,2,831,27,2
0.55,1.45,0.01,-29.85,12.39,-253.30,1.55,255.35,1,813,19,3
0.30,1.35,0.03,-28.44,-0.31,-269.17,1.38,270.66,0,0,12,9
0.75,0.12,-0.29,-82.15,-12.45,-256.77,0.81,269.88,0,0,9,17
0.21,0.83,0.07,-129.39,-50.60,-196.35,0.86,240.53,0,0,5,23
-0.52,1.05,0.27,-77.27,-57.13,1.71,1.20,96.11,0,0,1,20
-0.11,0.94,0.19,26.79,-28.02,169.62,0.96,173.99,0,0,2,19
0.27,0.46,0.03,72.45,-28.26,212.22,0.53,226.02,0,0,1,19
0.31,0.30,-0.05,43.09,-45.10,170.72,0.43,181.76,0,0,2,18
0.07,0.43,0.14,-9.64,-37.35,130.92,0.46,136.49,0,0,3,18
0.17,0.77,0.24,-15.38,0.73,153.56,0.82,154.33,0,0,2,19
0.45,0.88,0.14,0.61,25.21,185.12,1.00,186.83,0,0,3,18
0.46,0.80,0.03,6.90,10.13,178.10,0.92,178.52,0,0,3,18
0.34,0.90,0.04,-10.62,2.08,171.33,0.96,171.67,0,0,0,17
0.32,1.04,0.09,-12.33,3.91,184.45,1.09,184.90,0,0,1,19
0.58,1.05,0.04,-15.32,29.36,190.73,1.20,193.59,0,0,2,15
1.26,0.98,-0.08,-37.90,61.34,160.95,1.60,176.36,0,0,1,15
2.02,1.21,-0.05,-63.72,78.00,80.99,2.35,129.25,0,0,2,11
2.62,1.31,-0.12,-24.72,34.30,13.31,2.93,44.32,1,626,2,12
3.56,1.18,-0.16,34.24,-63.23,-97.84,3.75,121.42,1,723,15,16
0.75,0.15,0.17,99.00,-47.73,12.57,0.79,110.62,3,733,42,12
-0.45,1.54,1.13,64.39,-10.68,35.46,1.96,74.28,6,716,66,15
0.10,1.65,-0.07,-46.08,-1.28,55.42,1.66,72.09,9,747,87,13
0.10,1.42,-0.01,-1.95,-0.06,20.39,1.42,20.48,13,750,95,13
0.10,0.95,0.17,2.32,-0.18,-7.81,0.97,8.15,17,745,99,13
0.14,0.95,0.09,-16.24,0.49,-7.93,0.96,18.08,19,755,108,12
0.15,0.99,0.04,-16.91,1.34,-7.39,1.01,18.50,22,756,110,8
