-,-,-
0.12,0.96,0.04,-7.63,1.53,1.04,0.97,7.85,14,579,6,64
0.12,0.94,0.04,-7.81,1.10,3.11,0.95,8.48,16,561,6,74
0.11,0.94,0.04,-8.54,0.73,6.41,0.95,10.71,24,540,6,93
0.08,1.05,-0.01,-2.81,-0.31,7.51,1.06,8.02,43,520,10,118
0.09,1.00,0.03,15.81,-1.59,-1.16,1.01,15.93,82,511,20,130
0.09,0.96,0.07,12.33,-1.65,-4.15,0.97,13.11,131,506,33,141
0.10,0.98,0.06,4.03,0.43,-3.66,0.98,5.46,224,500,47,146
0.11,0.97,0.06,2.93,1.46,-4.82,0.98,5.83,188,502,63,147
0.11,0.98,0.06,1.53,2.01,-5.37,0.98,5.94,203,504,71,147
0.12,0.99,0.05,2.32,1.83,-6.29,1.00,6.95,196,511,81,139
0.12,0.98,0.05,6.23,1.40,-8.36,0.99,10.52,252,521,87,134
0.15,0.96,0.07,8.61,1.53,-9.40,0.97,12.84,212,534,97,119
0.14,0.94,0.07,4.94,1.46,-8.06,0.95,9.57,216,543,98,98
0.14,0.97,0.06,2.14,1.04,-5.37,0.98,5.87,219,552,102,89
0.14,0.94,0.07,3.05,0.18,-4.21,0.96,5.20,217,556,105,89
0.14,1.00,0.06,3.30,-0.31,-3.85,1.01,5.07,207,561,110,84
0.15,0.97,0.07,6.35,-0.98,-7.08,0.99,9.56,199,570,111,75
0.14,0.95,0.08,6.96,-1.59,-7.93,0.97,10.67,192,586,114,62
0.16,0.91,0.10,4.58,-1.22,-5.55,0.93,7.30,232,590,117,60
0.16,0.91,0.09,1.16,-0.24,0.18,0.93,1.20,193,589,113,58
0.14,1.01,0.07,-0.37,0.06,0.92,1.03,0.99,185,588,116,66
0.15,0.95,0.08,2.81,0.06,-3.97,0.97,4.86,193,595,117,62
0.17,0.85,0.10,1.22,0.31,2.38,0.87,2.69,193,587,111,75
0.14,1.02,0.08,-4.70,0.98,9.77,1.04,10.88,257,572,108,88
0.14,0.94,0.10,2.32,1.40,-3.97,0.96,4.81,210,570,104,88
0.15,1.01,0.08,1.04,1.34,-5.19,1.03,5.46,200,569,107,72
0.14,1.01,0.08,8.06,0.43,-14.16,1.02,16.30,193,584,109,50
0.18,0.92,0.09,7.51,-0.92,-16.30,0.94,17.97,177,605,118,41
0.24,0.99,0.03,5.68,-0.12,-12.45,1.02,13.68,225,621,120,36
0.16,0.99,0.11,11.47,-3.30,-13.37,1.01,17.92,214,626,122,32
0.14,1.17,0.14,7.14,1.10,-20.75,1.19,21.97,169,657,126,25
0.24,1.08,0.05,5.98,3.66,-46.26,1.11,46.79,144,698,129,18
0.20,1.20,0.21,9.40,1.89,-51.57,1.23,52.46,117,717,133,16
0.24,1.33,0.16,9.16,8.61,-69.40,1.37,70.53,72,748,130,12
0.24,1.29,0.13,12.76,16.66,-97.96,1.31,100.18,37,781,127,11
0.24,1.29,0.16,11.05,14.59,-117.00,1.33,118.43,20,811,130,10
0.24,1.26,0.10,16.78,17.40,-158.20,1.29,160.04,10,845,119,7
0.33,1.19,0.07,28.75,14.47,-181.40,1.24,184.23,5,855,87,2
0.45,1.08,0.15,46.51,10.74,-200.44,1.18,206.04,2,845,57,1
0.55,0.87,0.11,68.24,8.30,-203.86,1.04,215.14,1,855,28,0
0.97,0.48,0.23,53.77,9.83,-174.50,1.11,182.86,1,815,14,6
0.50,-0.08,0.03,11.66,9.89,-126.83,0.51,127.75,1,731,6,19
-0.68,0.27,-0.03,-31.43,-6.84,-8.06,0.73,33.16,1,676,0,18
-0.43,0.03,-0.02,0.67,5.37,39.86,0.43,40.22,2,658,0,17
-0.31,0.34,-0.08,-26.37,19.53,87.34,0.47,93.30,2,668,0,18
0.13,0.54,-0.09,-38.33,7.20,114.81,0.56,121.25,2,668,0,18
0.34,0.54,-0.08,-36.13,-13.98,111.39,0.64,117.93,2,666,0,18
0.48,0.64,-0.01,-45.47,-32.23,89.48,0.80,105.42,2,685,0,18
0.65,0.53,0.12,-55.79,-37.84,32.84,0.85,74.98,1,695,0,16
1.01,0.56,0.34,-63.60,-18.13,-2.69,1.20,66.19,1,706,0,15
1.23,0.53,0.49,-51.09,11.29,2.08,1.42,52.36,1,720,0,13
1.35,0.41,0.38,-10.62,44.86,17.52,1.46,49.32,1,725,0,11
1.26,0.31,0.13,12.76,61.89,21.30,1.31,66.68,1,734,0,10
1.14,0.45,-0.02,-0.67,51.27,5.80,1.22,51.60,1,743,0,9
0.82,0.63,0.07,8.12,30.76,19.96,1.03,37.56,1,741,0,8
0.83,0.83,0.06,11.84,25.33,41.99,1.18,50.45,1,738,0,6
1.02,0.92,0.09,29.17,21.06,58.90,1.38,69.02,1,742,0,6
1.14,0.98,-0.05,28.50,9.40,36.74,1.50,47.44,1,748,0,5
0.86,0.73,-0.20,16.85,-7.81,-1.10,1.15,18.60,1,751,0,6
0.52,0.60,0.00,-17.70,-24.35,0.49,0.79,30.11,1,742,0,5
0.51,0.96,0.23,-26.98,-26.73,51.57,1.11,64.05,1,746,0,4
0.57,0.79,0.39,-9.89,-12.51,56.15,1.05,58.37,2,777,12,3
0.49,1.02,0.08,-10.86,4.09,76.23,1.14,77.11,2,774,18,2
0.42,1.04,0.02,-9.28,5.98,68.30,1.12,69.18,3,766,22,3
0.44,1.12,-0.02,-9.09,4.52,49.50,1.20,50.53,4,760,22,3
0.43,1.09,0.01,-6.29,1.59,34.73,1.17,35.33,5,760,26,6
0.41,1.12,-0.02,2.26,-0.12,18.92,1.19,19.06,6,761,30,5
0.44,1.11,-0.06,11.84,-6.35,3.97,1.20,14.01,7,751,30,6
0.44,0.96,-0.04,22.58,-12.02,-4.88,1.06,26.05,7,755,31,6
0.43,0.81,0.03,22.03,-17.21,-10.19,0.92,29.76,8,762,38,11
0.37,0.76,0.20,9.52,-12.76,-5.19,0.87,16.74,9,765,43,10
0.38,0.79,0.15,2.99,-2.20,-3.11,0.89,4.84,10,776,50,10
0.41,0.85,0.09,-4.52,3.42,-2.14,0.95,6.05,11,781,63,11
0.42,0.87,0.10,-9.64,7.51,-0.67,0.97,12.24,13,776,74,11
0.44,0.96,0.01,-9.95,7.39,-1.16,1.06,12.44,13,784,81,12
0.41,0.77,0.06,-5.98,3.91,-3.48,0.88,7.95,15,783,86,11
0.44,0.70,0.05,-12.63,6.35,4.46,0.82,14.82,18,782,101,12
0.46,0.90,-0.08,-12.63,4.21,14.59,1.02,19.75,23,775,113,10
0.43,0.85,-0.02,15.14,-5.19,16.72,0.95,23.15,30,770,124,12
0.38,0.92,0.08,-0.37,-5.19,23.01,1.00,23.59,41,757,127,8
0.41,1.05,0.01,-3.85,-1.89,18.07,1.12,18.57,55,755,139,11
0.40,1.00,0.02,-0.31,-3.42,10.01,1.08,10.58,62,763,138,11
0.38,1.01,0.04,3.72,-6.47,-13.24,1.08,15.20,60,760,145,12
0.36,0.83,0.11,4.21,-5.49,-3.78,0.91,7.89,61,760,145,13
0.37,0.84,0.06,-1.65,-2.93,2.75,0.92,4.34,70,757,145,15
0.37,0.89,0.07,-3.17,-0.49,4.33,0.97,5.39,78,747,144,14
0.36,1.02,0.08,-5.37,1.40,1.89,1.08,5.87,80,746,145,14
0.40,0.91,0.01,-1.77,2.01,-3.11,0.99,4.11,80,747,146,14
0.40,0.84,0.02,1.59,0.43,-0.55,0.93,1.73,88,746,140,13
0.38,0.85,0.03,6.23,-2.14,5.25,0.93,8.42,81,749,147,16
0.37,0.90,0.08,8.67,0.12,11.35,0.97,14.28,78,745,145,14
0.37,1.02,0.07,9.58,0.55,3.78,1.09,10.32,74,746,147,14
0.41,0.99,0.01,8.24,0.00,-4.03,1.07,9.17,69,755,148,13
0.38,1.11,0.01,14.59,-4.88,-14.10,1.17,20.87,63,770,145,10
0.37,0.93,0.10,20.02,-5.00,-28.20,1.00,34.94,52,783,144,10
0.39,0.96,0.12,11.17,-1.28,-33.94,1.04,35.75,42,796,148,12
0.44,0.76,0.05,13.12,-2.01,-46.88,0.88,48.72,40,800,149,10
0.46,0.52,0.09,14.04,-5.86,-32.47,0.70,35.86,34,801,148,11
0.38,1.09,0.21,3.48,-4.03,-19.04,1.17,19.77,37,800,143,10
0.47,1.05,0.08,3.97,1.10,-39.25,1.15,39.46,34,806,148,9
0.49,0.75,0.10,12.57,-3.91,-37.29,0.91,39.55,33,805,147,10
0.51,0.47,0.09,9.95,-3.78,-26.18,0.70,28.26,36,799,144,11
0.41,0.53,0.29,-0.49,-0.67,-2.75,0.73,2.87,40,789,145,10
0.37,1.45,0.30,-29.05,16.78,-3.72,1.52,33.76,45,787,143,6
0.56,0.99,0.02,1.65,13.98,-32.84,1.14,35.73,40,795,142,5
0.51,1.06,0.14,9.46,11.47,-33.87,1.18,37.00,27,802,132,5
0.53,1.18,0.09,13.79,13.73,-49.93,1.29,53.59,17,812,131,4
0.57,1.00,0.05,13.85,13.49,-72.51,1.15,75.04,11,825,116,0
0.54,1.13,0.13,15.50,14.71,-100.89,1.26,103.13,7,838,97,0
0.60,1.26,0.12,21.91,17.33,-131.04,1.40,133.99,5,845,69,0
0.65,1.04,0.26,35.83,19.04,-157.78,1.26,162.91,2,826,41,0
0.69,0.98,0.41,47.24,25.76,-161.19,1.27,169.94,1,806,20,0
0.64,0.66,0.32,78.98,45.53,-113.34,0.98,145.46,1,784,11,12
-0.44,-0.57,-0.79,40.41,43.64,11.72,1.07,60.62,1,680,0,17
-0.36,0.48,0.14,-9.52,-15.08,59.33,0.62,61.95,2,676,0,16
-0.17,0.34,-0.07,13.61,-6.04,91.55,0.38,92.76,2,685,0,13
0.15,0.47,-0.10,-11.17,-8.85,99.91,0.50,100.93,2,713,0,15
0.60,0.74,0.02,-18.31,-20.57,80.38,0.95,84.97,2,728,0,13
0.76,0.46,-0.07,-21.42,-34.12,32.04,0.89,51.48,1,733,0,13
0.75,0.35,-0.03,-58.41,-52.80,1.22,0.83,78.74,1,736,0,12
0.76,0.45,0.25,-81.79,-51.57,12.08,0.92,97.44,1,742,0,11
0.88,0.60,0.56,-39.06,-3.54,55.97,1.21,68.34,1,761,0,9
1.30,0.34,0.23,3.54,30.40,85.75,1.36,91.05,1,766,0,9
1.46,0.41,0.08,-1.46,29.42,83.74,1.52,88.77,1,763,0,10
1.25,0.62,0.09,-3.72,21.67,65.80,1.39,69.37,1,762,0,10
0.86,0.74,0.06,4.21,22.58,44.49,1.14,50.07,1,765,0,8
0.65,0.68,-0.05,3.17,13.73,45.72,0.94,47.84,1,758,0,8
0.63,0.89,0.04,-7.20,3.23,51.33,1.09,51.93,1,761,0,8
0.82,0.89,-0.04,0.73,4.58,43.15,1.21,43.40,1,742,0,6
0.99,0.76,-0.07,-25.02,3.91,8.36,1.26,26.67,1,739,0,8
0.73,1.16,0.11,-34.30,-8.48,-10.56,1.38,36.88,1,773,2,3
0.48,0.74,0.12,6.65,-23.93,95.89,0.89,99.05,2,773,8,3
0.44,0.86,-0.20,-13.73,-31.68,95.28,0.99,101.34,2,771,19,0
0.20,1.41,0.37,-9.03,-30.46,70.74,1.47,77.55,5,759,32,3
0.25,1.12,0.22,-7.20,-10.50,57.07,1.16,58.47,8,731,45,3
0.31,1.00,0.14,-17.82,2.50,42.48,1.06,46.14,11,737,48,6
0.31,1.13,0.05,-24.29,7.32,33.57,1.17,42.08,15,744,57,7
0.32,1.08,0.01,-20.26,7.20,15.75,1.13,26.65,18,739,63,9
0.33,0.98,-0.03,-13.24,5.19,9.46,1.04,17.08,23,738,68,7
0.33,0.88,-0.01,-6.77,1.53,7.87,0.94,10.50,25,738,74,8
0.31,0.82,0.02,-5.43,0.12,14.28,0.88,15.28,32,733,80,10
0.29,0.97,0.02,-8.48,1.28,17.58,1.01,19.56,41,731,82,7
0.31,0.97,-0.04,-2.99,0.00,15.01,1.02,15.31,47,730,91,9
0.29,0.92,0.01,1.95,-1.89,15.69,0.96,15.92,56,730,95,10
0.28,0.85,0.01,0.06,-1.22,18.98,0.90,19.02,67,719,96,11
0.26,0.97,-0.01,-2.26,-0.73,27.16,1.00,27.26,82,709,102,13
0.26,0.98,-0.01,3.66,-3.54,25.70,1.01,26.20,110,685,110,14
0.25,0.92,0.01,9.03,-5.19,27.04,0.95,28.98,186,664,114,17
0.19,1.03,0.05,3.54,-4.76,28.14,1.05,28.76,196,635,115,19
0.22,1.01,-0.00,1.95,-4.82,22.40,1.04,23.00,227,611,114,25
0.18,1.03,-0.00,5.25,-7.57,18.80,1.05,20.93,402,585,109,32
0.21,0.88,0.03,9.70,-9.09,18.37,0.91,22.68,252,568,105,41
0.17,1.06,0.01,12.82,-13.00,30.09,1.08,35.20,280,547,94,58
0.13,0.99,0.08,11.54,-4.58,9.46,1.00,15.61,366,530,94,79
0.16,0.96,0.07,2.62,-0.43,4.88,0.98,5.56,263,527,90,89
0.18,0.93,0.04,-0.79,0.92,0.67,0.95,1.39,300,523,78,87
0.16,0.99,0.04,-1.83,0.61,5.19,1.00,5.54,294,520,75,92
0.15,0.97,0.06,3.23,1.28,-2.38,0.98,4.22,298,521,78,94
0.16,0.93,0.06,1.89,0.85,-0.61,0.95,2.16,263,521,79,96
0.16,0.96,0.05,-1.10,0.85,2.26,0.97,2.65,340,517,78,96
0.18,0.91,0.06,-5.25,0.79,4.39,0.93,6.89,392,516,66,98
0.16,0.96,0.03,-6.90,1.28,4.58,0.98,8.38,296,511,55,101
0.15,0.93,0.06,-7.32,1.10,7.75,0.94,10.72,259,509,48,107
0.14,0.98,0.04,-5.80,1.40,6.53,0.99,8.85,333,504,40,115
0.11,0.99,0.03,-4.39,1.53,2.56,1.00,5.31,329,502,39,114
0.10,1.01,0.06,2.87,0.92,-4.70,1.02,5.58,271,503,43,99
0.09,0.98,0.10,0.61,5.19,-15.87,0.99,16.71,294,513,60,54
0.20,1.06,-0.02,-16.97,12.21,-37.90,1.08,43.28,430,543,78,29
0.20,1.20,-0.04,-13.67,10.56,-43.09,1.21,46.42,238,589,93,15
0.17,1.20,0.04,-8.42,8.24,-67.81,1.21,68.83,201,632,106,9
0.25,1.05,0.01,-5.37,6.35,-81.48,1.08,81.91,215,683,118,8
0.25,1.42,0.08,-5.31,7.20,-97.53,1.44,97.94,130,718,118,2
0.29,1.34,-0.05,-6.35,13.18,-141.11,1.37,141.87,72,767,121,0
0.27,1.44,-0.06,3.48,9.77,-166.38,1.47,166.70,33,793,121,0
0.29,1.22,-0.03,21.85,5.55,-200.93,1.26,202.19,16,827,103,0
0.41,0.97,0.03,33.26,9.28,-212.16,1.06,214.95,8,846,76,0
0.67,0.76,-0.16,47.49,6.65,-196.84,1.03,202.59,3,827,42,0
0.31,0.88,0.05,91.86,-1.16,-145.14,0.93,171.77,2,767,18,4
0.12,-0.59,-0.75,104.74,1.95,-94.67,0.96,141.19,2,711,2,10
0.02,-0.13,-0.54,-20.81,-34.12,-45.78,0.56,60.77,1,679,0,12
-0.18,0.51,0.11,-115.23,-26.49,-28.75,0.55,121.68,1,693,0,10
0.01,1.01,0.51,-64.51,18.37,0.24,1.13,67.08,1,724,0,7
0.41,0.28,0.04,17.58,28.32,57.43,0.50,66.41,1,739,0,9
0.77,0.17,-0.17,-16.42,-18.80,82.46,0.80,86.15,1,744,0,8
0.75,0.33,0.22,-60.06,-70.43,65.61,0.85,113.46,1,741,0,8
0.71,0.40,0.57,-66.53,-47.85,41.08,1.00,91.67,1,756,0,6
0.78,0.48,0.70,-23.80,2.99,51.15,1.15,56.49,1,767,0,7
1.11,0.39,0.40,6.77,45.53,63.29,1.24,78.26,1,767,0,6
1.44,0.46,0.00,35.34,42.66,43.52,1.51,70.45,1,771,0,6
1.22,0.32,-0.25,36.87,8.24,34.42,1.29,51.11,1,775,0,4
0.86,0.44,-0.10,8.36,-9.77,24.84,0.97,27.97,1,771,0,1
0.53,0.75,0.18,1.34,-1.28,34.73,0.93,34.78,1,775,0,0
1.07,0.95,0.20,23.50,32.65,57.98,1.44,70.57,1,786,0,0
1.63,-0.33,-0.38,37.66,12.39,19.47,1.71,44.17,2,824,21,0
0.31,1.43,0.17,-16.11,-16.24,138.37,1.47,140.24,3,836,44,0
0.51,1.13,0.06,9.22,-18.01,104.37,1.25,106.31,4,828,62,0
0.43,1.42,0.13,3.11,-18.43,59.51,1.49,62.38,6,828,73,0
0.40,1.06,0.22,5.13,-10.25,23.07,1.16,25.76,7,825,82,0
0.43,0.89,0.15,-6.59,0.24,7.75,1.00,10.18,7,819,84,1
0.47,0.93,0.08,-12.82,5.13,0.85,1.05,13.83,8,816,81,2
0.47,0.81,0.06,-8.61,3.72,-1.59,0.94,9.51,9,818,89,3
0.46,0.72,0.05,-11.23,4.58,6.71,0.85,13.86,10,810,92,4
0.46,0.88,0.07,-13.67,5.92,10.68,1.00,18.33,11,805,98,2
0.45,0.93,0.04,-8.67,3.42,8.36,1.03,12.52,14,791,100,3
0.44,0.90,0.05,-8.24,3.11,4.88,1.00,10.07,17,785,112,4
0.45,0.98,0.05,-8.30,5.25,-3.72,1.08,10.50,20,782,113,5
0.45,0.86,0.05,-8.30,6.71,-8.06,0.97,13.37,22,785,124,5
0.50,0.92,-0.08,-5.98,5.00,-7.14,1.05,10.57,23,789,132,5
0.48,0.81,0.01,2.93,-0.67,-5.55,0.94,6.32,24,800,135,6
0.46,0.82,0.10,6.77,-2.69,-0.55,0.95,7.31,25,803,134,4
0.46,0.83,0.03,2.32,-0.24,0.06,0.95,2.33,25,805,138,5
0.48,0.84,0.03,-0.67,0.49,1.95,0.97,2.12,28,804,148,6
0.47,0.89,0.03,0.92,-1.04,3.48,1.01,3.74,30,804,144,4
0.44,0.96,0.05,1.77,-1.95,-4.46,1.06,5.18,32,801,149,5
0.49,0.84,0.02,-2.32,2.44,-6.71,0.97,7.51,32,801,151,5
0.43,0.99,0.09,0.79,0.12,-9.16,1.09,9.19,33,803,154,5
0.46,0.87,0.07,-5.13,5.68,-18.98,0.99,20.47,33,808,155,4
0.51,0.99,-0.02,-6.10,5.00,-24.84,1.11,26.07,33,819,159,3
0.48,0.75,0.08,0.31,2.38,-33.02,0.90,33.11,28,829,159,2
0.54,0.59,-0.01,-0.67,2.50,-18.43,0.80,18.61,24,840,154,2
0.55,0.72,-0.02,2.75,0.12,2.81,0.90,3.93,23,844,158,5
0.56,0.76,-0.02,11.84,-2.62,8.54,0.94,14.84,21,844,150,2
0.51,0.86,0.03,20.75,-7.51,17.94,1.00,28.44,20,845,154,4
0.51,1.10,0.01,20.63,-7.26,7.02,1.22,22.97,17,848,153,3
0.48,1.11,0.10,22.95,-8.00,-14.95,1.22,28.53,14,849,155,5
0.48,0.88,0.11,18.62,-4.27,-36.87,1.00,41.52,11,857,152,5
0.55,0.66,0.06,9.28,-4.03,-32.53,0.86,34.07,10,860,148,4
0.58,0.49,0.06,12.15,-7.93,-19.71,0.76,24.48,10,858,153,7
0.49,0.60,0.22,7.63,-8.42,5.31,0.80,12.54,11,853,151,8
0.57,1.13,0.02,2.08,-0.55,7.20,1.26,7.52,12,846,149,6
0.56,1.02,0.07,21.12,-10.74,-17.58,1.17,29.50,12,845,148,4
0.55,0.52,0.14,23.32,-14.04,-8.36,0.77,28.47,10,843,141,6
0.47,0.79,0.27,19.78,-13.00,3.48,0.96,23.92,10,837,143,5
0.55,1.29,0.12,11.47,-1.04,-12.88,1.40,17.28,10,840,140,3
0.60,1.16,0.06,27.22,-10.44,-49.99,1.31,57.87,8,838,138,4
0.69,0.63,0.07,25.21,-4.27,-53.53,0.93,59.32,7,838,133,6
0.61,1.08,0.14,30.21,-9.34,-49.01,1.25,58.33,6,836,127,3
0.48,1.40,0.35,35.52,-8.18,-79.10,1.52,87.10,5,830,119,0
0.47,1.02,0.43,35.03,4.15,-131.53,1.20,136.18,4,832,99,0
0.62,0.66,0.34,19.35,27.83,-144.10,0.97,148.04,2,831,66,0
0.82,0.79,0.28,26.12,28.14,-142.76,1.17,147.83,1,820,42,0
1.04,0.99,0.34,27.04,22.22,-137.76,1.47,142.13,1,796,23,0
1.06,0.38,0.01,28.50,17.76,-110.96,1.13,115.93,0,0,11,7
0.42,-0.43,-0.17,20.14,-8.00,-54.87,0.63,58.99,1,752,4,19
-0.47,0.76,0.28,-30.09,-7.93,72.33,0.94,78.74,1,733,0,14
-0.12,0.28,-0.05,-8.18,51.21,88.62,0.31,102.68,1,746,0,13
0.12,0.58,-0.17,-34.61,57.19,89.48,0.61,111.69,1,745,0,11
0.20,0.54,-0.15,-14.77,-11.96,103.70,0.60,105.43,1,745,0,11
0.21,0.54,-0.00,-22.77,-45.41,109.13,0.57,120.37,1,748,0,11
0.32,0.63,0.09,-36.50,-45.84,93.69,0.71,110.50,1,737,0,11
0.53,0.53,0.06,-51.64,-31.13,40.53,0.75,72.65,1,744,0,12
0.74,0.46,0.12,-105.29,-28.02,-18.86,0.88,110.57,1,769,0,10
0.84,0.74,0.67,-105.29,-12.88,-9.83,1.30,106.52,1,806,0,10
0.97,0.51,0.61,-52.92,12.70,27.95,1.25,61.18,0,0,0,9
1.30,0.43,0.44,-23.99,23.86,71.35,1.44,78.97,1,809,0,7
1.49,0.44,0.24,-3.23,18.92,66.83,1.58,69.54,1,800,0,7
1.28,0.35,0.12,-20.69,23.74,13.67,1.34,34.33,1,786,0,5
0.99,0.72,0.31,-23.86,25.51,-3.66,1.26,35.13,1,799,0,4
0.72,0.63,0.17,35.40,4.15,48.52,0.97,60.21,1,794,0,2
0.68,0.65,0.10,17.58,-17.27,56.70,0.95,61.83,1,790,0,1
1.06,0.40,0.15,27.95,38.33,31.56,1.14,56.98,2,808,22,1
0.62,1.38,-0.17,-37.84,20.51,140.26,1.53,146.71,3,816,40,0
0.44,1.14,-0.05,-8.30,13.73,112.37,1.22,113.51,4,797,42,0
0.38,1.29,-0.01,-20.94,5.31,77.58,1.34,80.53,6,777,45,0
0.44,1.09,-0.01,-12.15,3.30,31.13,1.18,33.58,9,765,58,4
0.45,1.04,-0.06,-7.02,0.61,18.55,1.14,19.85,12,766,65,5
0.40,0.94,0.05,-0.67,-4.15,9.22,1.02,10.13,15,766,73,5
0.39,0.91,0.06,-6.35,-0.06,4.33,0.99,7.69,18,764,79,4
0.39,0.90,0.05,-12.57,4.88,1.89,0.98,13.62,21,767,87,4
0.43,0.89,-0.04,-12.02,5.49,0.67,0.99,13.24,25,762,95,5
0.40,0.93,-0.00,-9.95,4.27,0.18,1.01,10.83,31,764,101,4
0.44,0.94,-0.06,-4.82,3.36,-3.48,1.04,6.83,37,768,113,3
0.43,0.90,-0.02,3.85,-1.22,-1.83,1.00,4.43,40,766,121,4
0.41,0.88,-0.02,5.31,-1.10,-1.65,0.98,5.67,41,769,125,4
0.42,0.81,-0.00,8.30,-1.40,1.71,0.91,8.59,42,766,129,4
0.43,0.78,-0.00,5.80,-0.49,11.41,0.89,12.81,45,767,133,6
0.42,0.83,-0.00,5.92,-1.83,23.56,0.93,24.36,48,774,129,6
0.40,1.00,-0.03,10.31,-5.25,23.01,1.07,25.76,49,775,137,8
0.36,0.97,0.05,12.45,-4.82,12.08,1.04,18.01,51,774,140,10
0.37,0.91,0.03,8.00,-1.59,7.63,0.98,11.16,55,774,141,11
0.38,0.90,0.03,5.49,-1.89,8.24,0.98,10.08,59,772,137,12
0.38,0.81,0.04,8.00,-4.27,7.39,0.89,11.69,56,773,141,15
0.38,0.80,-0.03,6.04,-6.84,22.58,0.89,24.36,56,767,137,15
0.35,1.01,0.03,11.84,-7.69,26.12,1.07,29.69,69,753,138,14
0.30,0.95,0.12,13.00,-8.00,19.23,1.00,24.55,80,744,144,17
0.31,0.88,0.12,-0.24,0.55,12.88,0.94,12.89,96,730,141,17
0.34,0.89,0.03,-5.13,3.85,15.93,0.95,17.17,100,731,138,19
0.31,1.09,0.03,3.17,1.71,13.85,1.14,14.32,104,727,139,16
0.32,0.98,0.05,12.08,-0.49,3.05,1.03,12.47,106,726,142,17
0.29,0.94,0.08,3.05,1.77,-3.66,0.99,5.09,108,726,143,17
0.31,0.92,0.07,-0.06,1.34,0.67,0.97,1.50,102,728,143,18
0.28,1.23,0.09,0.73,1.28,-2.87,1.27,3.23,105,735,142,15
0.32,1.05,0.06,2.81,3.97,-28.69,1.10,29.10,96,754,143,16
0.33,0.80,0.10,-3.97,3.36,-32.47,0.88,32.88,69,772,145,14
0.41,0.77,-0.03,-10.31,3.48,-26.37,0.87,28.53,63,779,138,11
0.38,0.87,-0.00,-2.20,-2.14,-13.31,0.95,13.65,61,777,145,13
0.36,0.99,0.07,4.94,-2.08,-12.70,1.06,13.78,62,777,146,12
0.38,0.92,0.09,6.90,-0.61,-15.56,1.00,17.03,63,780,143,10
0.40,0.73,0.05,-1.95,4.58,-27.77,0.83,28.21,53,785,148,10
0.44,0.36,-0.01,-5.68,2.01,-3.36,0.57,6.90,54,781,146,13
0.40,1.06,0.03,0.06,-2.14,22.09,1.13,22.20,70,763,146,12
0.36,1.28,0.10,5.13,-0.79,1.65,1.34,5.44,78,757,145,10
0.34,1.10,0.16,1.95,7.32,-32.90,1.16,33.76,59,784,146,11
0.44,1.45,-0.00,4.39,8.36,-50.35,1.51,51.23,36,805,143,8
0.36,1.60,0.08,15.26,5.98,-93.14,1.64,94.57,21,831,140,4
0.31,1.30,0.06,18.07,9.03,-141.05,1.33,142.49,10,849,132,1
0.41,1.03,0.03,29.85,6.35,-174.93,1.11,177.57,5,859,111,0
0.53,0.94,0.07,43.33,3.30,-189.45,1.08,194.37,3,862,84,0
0.75,1.01,0.16,59.33,4.46,-194.52,1.27,203.41,2,847,52,0
0.68,0.92,0.08,66.53,4.39,-180.73,1.15,192.63,1,821,34,8
-0.68,-0.66,-0.28,105.47,15.08,-55.48,0.98,120.12,1,767,11,20
-0.56,0.28,-0.32,-14.16,16.17,80.08,0.70,82.91,1,732,0,19
-0.11,0.58,-0.14,-15.44,21.06,116.58,0.60,119.47,1,728,0,18
0.23,0.48,-0.10,-20.02,-11.47,118.71,0.54,120.94,1,741,0,15
0.37,0.70,0.27,-32.96,-53.89,92.10,0.83,111.69,1,761,0,16
0.64,0.60,0.36,-34.91,-53.96,71.78,0.95,96.34,1,764,0,13
1.00,0.61,0.51,-47.79,-42.48,66.10,1.28,91.97,1,765,0,14
1.32,0.58,0.51,-49.50,-9.83,46.75,1.52,68.79,1,771,0,13
1.55,0.50,0.51,-38.45,21.85,27.53,1.70,52.09,1,786,0,11
1.53,0.52,0.39,-4.15,42.91,12.02,1.66,44.75,1,789,0,11
1.32,0.32,0.13,10.31,18.98,10.25,1.36,23.91,1,792,0,11
0.93,0.59,0.13,-8.12,-11.11,-8.12,1.11,15.97,1,796,0,8
0.53,0.57,0.10,-3.48,-26.55,-8.79,0.78,28.18,1,796,0,8
0.34,0.68,0.07,-14.77,-2.62,-7.32,0.76,16.69,1,794,0,6
1.06,0.32,0.13,-11.11,23.56,-17.82,1.12,31.56,1,824,14,4
1.13,0.33,-0.07,-36.50,12.15,100.83,1.18,107.92,2,840,36,0
0.32,1.55,0.08,-15.14,4.39,145.14,1.58,145.99,3,832,48,0
0.50,1.58,-0.07,-8.91,-8.97,97.29,1.66,98.11,4,825,61,0
0.44,1.20,0.05,14.16,-19.10,57.19,1.28,61.94,4,821,70,4
0.35,0.99,0.27,4.94,-14.04,32.65,1.08,35.89,6,805,77,5
0.35,1.04,0.23,-9.64,-0.85,18.37,1.12,20.77,7,796,79,6
0.41,0.99,0.07,-17.64,8.54,1.28,1.07,19.64,8,800,82,7
0.46,0.86,0.00,-10.13,6.10,0.06,0.97,11.83,8,803,88,8
0.43,0.82,0.04,-3.60,1.95,2.75,0.93,4.93,9,804,90,8
0.43,0.95,0.03,-2.87,0.67,2.87,1.05,4.11,10,799,101,8
0.44,0.95,0.03,1.16,-0.67,-1.22,1.05,1.81,12,795,105,7
0.43,0.89,0.06,6.47,-1.77,-1.65,0.99,6.91,13,796,115,8
0.44,0.91,0.04,8.42,-2.20,-1.71,1.01,8.87,13,802,119,7
0.42,0.79,0.08,10.56,-3.48,-1.22,0.90,11.18,14,806,122,8
0.41,0.70,0.13,4.88,-1.46,1.83,0.82,5.42,15,804,124,9
0.41,0.82,0.10,-7.51,2.62,14.77,0.92,16.78,17,802,135,6
0.39,0.86,0.10,-11.05,5.68,17.64,0.95,21.57,20,801,137,8
0.45,0.97,-0.03,-6.84,5.31,18.07,1.07,20.03,23,805,140,6
0.40,0.93,0.05,4.58,-1.89,18.13,1.02,18.79,27,800,148,7
0.38,1.03,0.06,5.49,-3.11,13.43,1.10,14.84,29,794,149,8
0.38,0.98,0.07,11.11,-4.58,5.74,1.05,13.31,29,801,147,9
0.38,0.89,0.07,11.84,-3.91,2.99,0.97,12.82,25,811,149,13
0.36,0.91,0.11,12.94,-4.76,4.58,0.99,14.53,24,814,148,14
0.35,0.95,0.11,9.89,-0.85,0.92,1.02,9.97,24,816,148,14
0.39,0.85,0.09,9.64,-0.67,-3.42,0.94,10.25,21,817,149,15
0.40,0.85,0.07,4.88,-0.12,-0.43,0.94,4.90,20,824,141,14
0.41,0.79,0.05,10.86,-4.39,6.65,0.89,13.48,18,828,146,18
0.39,0.85,0.08,15.99,-6.47,10.44,0.94,20.16,17,825,139,16
0.32,0.78,0.25,9.52,-2.50,13.06,0.88,16.36,19,813,136,17
0.35,0.89,0.13,-1.65,4.21,17.88,0.96,18.45,18,815,139,18
0.33,1.11,0.15,0.43,6.29,7.32,1.17,9.66,19,815,135,17
0.35,1.00,0.12,0.31,7.69,-10.74,1.07,13.21,18,822,136,16
0.39,0.77,0.12,4.09,3.48,-8.85,0.87,10.35,16,825,141,19
0.39,0.91,0.08,6.53,-1.16,-8.30,1.00,10.63,15,831,141,22
0.37,0.90,0.14,8.36,-3.05,-10.25,0.98,13.58,14,838,140,20
0.42,1.03,0.07,11.66,-4.58,-14.34,1.11,19.04,12,846,138,20
0.37,0.98,0.16,23.32,-11.90,-20.75,1.06,33.41,11,841,132,19
0.38,1.09,0.20,23.32,-7.63,-29.60,1.17,38.45,9,834,131,15
0.44,0.80,0.09,28.14,-6.35,-44.43,0.92,52.97,7,836,127,17
0.45,0.64,0.14,28.75,-13.98,-34.30,0.80,46.89,6,831,115,19
0.38,0.70,0.26,21.61,-10.93,-17.76,0.84,30.03,6,825,112,18
0.38,0.94,0.35,14.40,-4.64,-11.23,1.07,18.84,6,810,109,17
0.32,1.43,0.42,5.49,8.85,-32.04,1.52,33.69,6,814,104,16
0.40,1.31,0.25,3.78,25.94,-76.90,1.39,81.25,4,833,98,15
0.52,1.18,0.12,21.79,20.32,-106.26,1.29,110.36,2,843,78,14
0.58,0.79,0.11,37.05,7.39,-118.71,0.98,124.58,1,853,59,12
0.56,0.50,0.22,42.05,1.65,-116.09,0.79,123.48,1,850,46,7
0.61,0.31,0.25,38.27,1.77,-99.37,0.73,106.49,1,848,34,9
0.66,0.31,0.27,30.76,1.59,-66.65,0.77,73.42,0,0,27,10
0.72,0.29,0.22,22.89,-0.49,-47.12,0.80,52.39,0,0,23,9
0.69,0.58,0.31,15.50,-0.85,-32.84,0.95,36.32,0,0,22,6
0.82,0.96,0.34,14.16,3.05,-45.72,1.31,47.96,1,842,22,2
0.85,0.89,0.30,14.53,0.24,-67.02,1.27,68.57,1,846,19,0
1.02,0.89,0.41,9.52,-0.55,-86.61,1.42,87.13,1,831,16,3
0.80,0.43,0.23,6.35,-1.10,-67.14,0.94,67.45,1,817,7,11
-0.29,0.60,0.06,-38.15,1.46,30.58,0.67,48.91,1,759,0,13
0.25,0.58,-0.12,-18.43,17.52,71.84,0.65,76.21,1,759,0,12
0.06,0.68,-0.08,-30.52,-45.17,70.50,0.68,89.11,1,757,0,14
-0.24,0.58,0.09,-26.43,-74.34,77.33,0.63,110.48,1,759,0,14
-0.12,0.43,0.13,-46.69,-44.68,69.64,0.47,95.01,1,759,0,14
0.17,0.66,0.31,-72.33,-3.17,41.44,0.75,83.42,1,765,0,13
0.41,0.41,0.41,-74.77,20.51,9.83,0.71,78.15,1,781,0,12
0.70,0.44,0.58,-68.66,31.49,22.83,1.01,78.92,1,798,0,10
0.99,0.35,0.49,-52.98,40.59,45.78,1.16,80.93,0,0,0,9
1.24,0.36,0.46,-36.87,32.96,51.94,1.37,71.72,1,809,0,8
1.28,0.31,0.39,-25.09,13.85,37.84,1.38,47.47,1,813,0,8
0.98,0.42,0.36,-24.90,15.87,24.29,1.13,38.24,1,810,0,6
0.78,0.47,0.23,-11.84,26.18,26.43,0.94,39.04,1,811,0,8
0.57,0.66,0.18,-8.79,34.55,48.89,0.89,60.50,1,800,0,5
0.54,0.81,0.21,16.24,51.76,75.81,1.00,93.21,1,790,0,3
0.92,0.68,0.02,18.49,76.66,20.57,1.15,81.50,1,781,0,0
1.94,0.93,0.11,-1.71,69.89,-20.20,2.15,72.77,1,815,22,0
0.63,0.97,-0.08,-71.17,20.32,174.32,1.16,189.38,2,818,36,0
0.25,1.83,-0.38,10.44,21.91,172.55,1.88,174.24,4,826,46,0
0.27,1.84,0.07,17.70,-28.99,73.43,1.86,80.90,8,805,65,0
0.18,1.08,0.47,18.43,-16.54,21.36,1.19,32.71,10,787,74,2
0.35,1.09,0.08,-13.92,7.32,8.18,1.14,17.73,11,791,75,2
0.35,1.06,0.06,-10.31,7.63,-3.97,1.12,13.43,11,796,77,3
0.38,0.93,0.01,-8.18,8.06,-17.64,1.01,21.05,10,800,74,1
0.40,0.87,0.00,-4.27,4.33,-17.03,0.95,18.08,9,810,73,4
0.40,0.78,0.01,-1.95,2.44,-12.76,0.87,13.13,8,813,71,2
0.40,0.85,0.01,-1.04,1.53,-6.04,0.94,6.32,8,815,74,4
0.40,0.90,0.01,4.70,-1.04,-4.39,0.98,6.52,9,819,77,4
0.39,0.94,0.07,6.59,-0.73,-4.82,1.02,8.20,8,826,79,3
0.38,0.95,0.06,5.74,1.10,-9.28,1.03,10.96,8,833,81,1
0.41,0.91,0.04,4.88,2.01,-12.88,1.00,13.92,7,844,84,2
0.43,0.86,0.02,7.57,-0.61,-13.37,0.96,15.37,6,849,82,1
0.41,0.76,0.07,5.92,-0.92,-7.20,0.87,9.37,6,851,87,2
0.44,0.80,0.04,3.23,-1.10,-1.77,0.91,3.85,7,852,92,4
0.43,0.86,0.05,6.16,-3.97,2.87,0.96,7.87,8,849,93,4
0.44,0.77,0.04,8.00,-7.14,8.36,0.89,13.60,9,836,102,5
0.40,0.86,0.09,3.54,-8.85,13.79,0.95,16.77,13,814,107,5
0.40,1.00,0.08,4.27,-8.18,9.52,1.08,13.26,14,809,116,6
0.38,0.96,0.11,7.02,-7.63,3.36,1.04,10.90,17,801,115,5
0.36,0.95,0.14,4.76,-4.46,1.16,1.03,6.62,18,793,121,7
0.37,0.87,0.17,1.53,0.18,-6.04,0.96,6.23,19,793,122,7
0.39,0.86,0.14,-7.02,6.77,-8.73,0.96,13.09,21,791,125,6
0.36,0.67,0.15,-14.53,11.60,-7.45,0.78,20.02,22,804,133,7
0.43,0.76,0.07,-23.99,14.47,0.98,0.88,28.03,27,805,141,6
0.41,0.84,0.03,-25.21,13.92,8.67,0.93,30.07,35,801,146,5
0.45,1.07,-0.08,-20.39,9.34,9.28,1.16,24.27,50,788,142,3
0.41,0.98,0.04,-9.22,3.11,1.22,1.07,9.80,57,783,151,6
0.43,1.10,-0.03,-7.51,1.65,-6.53,1.18,10.09,62,783,148,2
0.41,1.18,-0.01,-1.10,-2.01,-28.87,1.25,28.96,60,793,154,1
0.41,0.82,0.07,3.48,-3.17,-45.78,0.92,46.02,50,804,155,1
0.45,0.76,0.04,1.28,-0.55,-39.86,0.88,39.88,43,810,147,2
0.48,0.71,-0.01,-1.34,1.53,-30.21,0.86,30.28,39,814,148,3
0.47,0.67,0.07,-15.32,0.61,-15.14,0.82,21.55,42,812,149,1
0.50,0.72,0.01,-4.27,2.75,-3.30,0.87,6.05,46,803,151,2
0.50,0.93,-0.07,-0.37,0.00,5.25,1.06,5.26,52,798,146,0
0.47,0.81,0.09,4.76,-1.40,0.67,0.94,5.01,52,799,152,0
0.49,0.96,0.04,2.44,0.31,-0.37,1.08,2.49,46,804,152,0
0.51,0.76,-0.10,2.93,-0.67,-11.66,0.92,12.04,44,810,151,3
0.45,1.00,0.14,6.41,-2.44,-10.19,1.11,12.29,40,811,150,0
0.45,1.12,0.13,-2.32,7.69,-32.71,1.22,33.69,38,806,154,0
0.56,0.91,-0.05,-6.96,10.56,-49.32,1.07,50.91,34,824,154,0
0.61,0.18,-0.05,-2.20,4.58,-37.90,0.63,38.24,33,829,157,0
0.58,0.74,-0.04,0.85,-2.38,3.97,0.94,4.70,36,826,151,0
0.45,1.24,0.21,3.11,-1.71,-7.81,1.33,8.58,40,815,149,0
0.48,1.32,0.11,-11.60,8.06,-47.85,1.41,49.89,36,836,155,0
0.52,0.97,0.04,-21.48,19.23,-87.28,1.10,91.92,33,847,153,0
0.64,0.52,-0.04,-16.78,19.90,-97.35,0.83,100.77,27,851,148,0
0.65,0.72,0.03,-14.71,17.88,-82.64,0.97,85.82,23,848,139,0
0.66,0.75,0.04,-13.31,22.64,-82.15,1.00,86.25,21,842,123,0
0.74,0.49,-0.07,-13.00,26.00,-75.01,0.89,80.45,18,838,95,0
0.78,0.73,-0.22,0.79,16.30,-66.77,1.10,68.74,14,841,71,0
0.88,0.61,-0.24,17.46,1.95,-66.47,1.10,68.75,9,842,53,0
0.81,0.49,-0.20,25.63,-12.39,-59.02,0.97,65.53,6,840,46,0
0.83,0.78,0.00,27.10,-18.31,-66.28,1.14,73.91,6,836,42,0
0.85,0.79,0.01,22.46,-16.05,-79.65,1.17,84.30,5,831,40,0
0.88,0.80,-0.01,19.90,-14.10,-99.06,1.19,102.02,3,824,35,0
0.99,0.94,-0.12,14.59,-17.94,-120.00,1.37,122.20,2,821,27,0
0.98,1.03,-0.09,17.94,-26.98,-136.29,1.42,140.09,1,813,21,0
-0.61,-0.59,-0.48,110.17,-41.87,-34.97,0.97,122.94,1,798,5,1
-0.63,0.12,-0.45,-31.92,-74.40,113.53,0.79,139.44,1,777,0,1
-0.39,0.90,0.29,-49.38,-76.72,165.04,1.02,188.58,1,797,1,1
-0.01,0.48,0.18,-17.40,-37.23,163.39,0.51,168.48,1,809,0,2
0.65,0.23,0.25,-56.52,-14.89,144.35,0.74,155.73,1,814,0,2
1.26,0.39,0.61,-73.73,6.53,113.10,1.46,135.17,1,812,0,2
1.45,0.51,0.74,-41.02,31.43,90.39,1.71,104.12,1,825,0,2
1.57,0.13,0.39,19.47,28.20,75.13,1.62,82.58,1,820,0,1
1.28,0.14,0.14,-4.70,-6.29,52.73,1.30,53.32,1,816,0,2
0.79,0.52,0.22,-6.59,-18.62,49.19,0.98,53.01,1,820,0,0
0.59,0.59,0.21,7.63,-4.21,47.24,0.86,48.04,1,822,0,0
0.52,0.73,0.26,7.81,33.51,41.02,0.94,53.54,1,819,0,0
0.77,0.81,0.24,20.69,85.57,2.75,1.14,88.08,1,826,5,0
1.61,-0.31,-0.12,-66.22,40.34,112.85,1.64,136.93,2,867,48,3
0.21,2.25,-0.42,-0.49,23.74,211.55,2.30,212.88,4,842,55,0
0.32,2.03,-0.07,-7.14,-16.48,132.51,2.05,133.72,8,813,79,0
0.31,1.65,0.09,35.40,-31.98,42.85,1.68,64.12,10,795,89,2
0.28,0.91,0.35,2.08,-9.34,14.28,1.01,17.19,14,780,88,5
0.32,0.94,0.19,-31.56,11.54,4.09,1.01,33.85,16,775,92,6
0.40,0.91,-0.03,-43.64,17.27,-4.33,0.99,47.13,20,775,94,7
0.40,0.83,-0.03,-40.77,11.05,-2.50,0.92,42.32,27,769,95,6
0.39,0.80,-0.02,-32.29,6.53,12.94,0.89,35.39,35,762,93,5
0.35,0.95,-0.01,-33.14,7.02,20.87,1.01,39.79,49,754,95,1
0.36,1.04,-0.07,-28.99,9.89,14.83,1.10,34.03,68,743,94,1
0.33,1.05,0.04,-29.91,10.56,5.07,1.10,32.12,82,732,95,2
0.36,0.95,-0.11,-25.39,11.66,-4.64,1.02,28.32,88,729,90,1
0.38,1.00,-0.14,-21.85,9.46,-8.42,1.08,25.26,99,730,88,0
0.38,0.88,-0.14,-11.54,5.62,-11.05,0.97,16.93,107,729,96,0
0.39,0.87,-0.13,-6.59,3.17,-6.35,0.97,9.69,107,729,93,0
0.39,0.89,-0.14,0.06,0.85,-3.60,0.98,3.70,105,726,97,0
0.38,0.99,-0.12,4.03,-1.16,-3.66,1.07,5.57,127,727,103,0
0.40,0.99,-0.19,15.69,-3.85,-9.09,1.08,18.53,96,738,112,0
0.39,0.87,-0.08,22.83,-6.71,-11.84,0.95,26.58,101,744,118,0
0.39,0.94,-0.08,24.05,-6.47,-9.77,1.02,26.75,89,759,126,0
0.39,0.71,-0.01,25.45,-7.08,-6.16,0.81,27.13,88,763,135,0
0.42,0.84,-0.06,14.40,-1.65,0.55,0.94,14.51,90,772,143,0
0.40,0.91,-0.02,10.44,-0.98,2.69,1.00,10.82,97,775,144,0
0.42,0.92,-0.08,11.35,-2.14,-0.06,1.01,11.55,98,778,143,0
0.40,0.95,-0.00,10.38,-3.85,-3.91,1.03,11.73,92,781,149,0
0.40,1.00,0.00,8.79,-2.99,-11.60,1.08,14.86,90,788,150,0
0.41,0.95,-0.02,9.16,-2.99,-19.35,1.04,21.61,74,799,150,0
0.42,0.95,-0.02,7.51,-2.44,-25.76,1.04,26.94,68,808,152,0
0.43,0.85,0.03,8.06,-2.32,-31.92,0.95,33.00,63,808,149,0
0.42,0.75,0.08,-0.06,1.22,-32.47,0.86,32.49,57,807,143,0
0.47,0.67,0.00,-11.05,8.73,-25.94,0.82,29.51,53,812,148,0
0.53,0.74,-0.13,-11.41,9.22,-11.23,0.92,18.48,51,815,143,0
0.51,0.80,-0.04,9.28,-3.42,4.46,0.95,10.84,42,818,147,0
0.50,0.86,-0.05,16.85,-4.82,8.36,1.00,19.42,48,821,148,0
0.44,0.88,0.04,18.80,-4.88,10.07,0.98,21.88,43,822,149,0
0.46,0.98,0.06,13.92,-1.04,4.33,1.08,14.61,36,833,141,0
0.45,0.89,0.04,3.97,3.42,-12.94,1.00,13.96,31,842,148,0
0.50,0.73,-0.01,7.63,-1.16,-4.09,0.88,8.73,27,842,147,0
0.46,1.09,0.04,7.63,-0.61,-4.88,1.18,9.08,27,843,147,0
0.46,0.99,0.04,4.70,0.67,-30.58,1.09,30.94,26,848,153,0
0.53,0.91,-0.02,1.34,-0.37,-33.75,1.06,33.78,25,852,153,0
0.43,0.95,0.13,10.31,-7.87,-44.98,1.06,46.82,21,849,144,0
0.47,1.12,0.14,-0.31,5.31,-64.39,1.23,64.61,19,849,151,0
0.43,0.64,0.23,-14.16,14.34,-93.26,0.80,95.41,19,844,150,0
0.49,0.89,0.39,-53.59,35.64,-89.84,1.09,110.52,19,850,146,0
0.75,1.55,-0.58,-27.89,38.02,-128.91,1.82,137.26,16,854,131,0
0.77,1.35,-0.51,31.80,-4.39,-168.88,1.64,171.91,12,844,106,0
0.67,1.07,-0.17,70.31,-30.76,-197.33,1.27,211.73,7,830,70,0
1.07,0.61,0.03,65.67,-24.17,-200.13,1.23,212.02,2,814,32,0
0.84,0.30,-0.02,31.49,-16.30,-152.47,0.90,156.54,1,816,19,0
-1.38,-0.32,-0.31,70.98,-23.74,-21.97,1.45,78.01,1,771,5,10
-0.38,-0.16,-0.58,69.89,-11.17,114.07,0.71,134.25,1,759,0,11
-0.01,0.32,-0.36,11.23,-34.73,141.91,0.49,146.53,1,773,0,10
-0.11,0.38,0.03,-24.96,-52.49,139.95,0.40,151.54,1,785,0,9
0.29,0.55,0.16,-37.90,-40.53,149.66,0.64,159.61,1,785,0,9
0.74,0.50,0.21,-42.91,-39.25,125.67,0.92,138.47,1,782,0,10
0.95,0.54,0.57,-56.58,-46.02,83.07,1.23,110.54,1,789,0,8
1.10,0.45,0.64,-53.41,-12.70,44.25,1.34,70.51,1,799,0,8
1.38,0.59,0.59,-52.00,18.19,27.34,1.61,61.50,1,808,0,5
1.32,0.62,0.39,-0.37,29.85,50.29,1.51,58.48,1,802,0,5
1.20,0.45,0.07,20.63,14.53,52.55,1.28,58.29,1,799,0,5
0.83,0.52,0.17,-4.39,2.01,0.92,0.99,4.92,1,798,0,4
0.58,0.59,0.21,-22.34,16.78,-21.61,0.85,35.32,1,803,0,2
1.17,0.94,0.26,-25.09,35.40,-41.26,1.53,59.87,1,841,13,0
1.17,0.44,-0.05,-59.27,26.98,126.16,1.25,141.97,2,865,39,0
0.39,1.69,-0.47,15.26,18.07,168.27,1.80,169.93,3,849,51,0
0.39,1.73,-0.08,4.39,-16.17,105.10,1.77,106.43,5,836,62,0
0.38,1.20,0.10,24.90,-23.13,54.57,1.27,64.29,6,825,67,0
0.28,0.91,0.30,6.04,-13.24,34.79,1.00,37.71,7,805,73,4
0.32,1.05,0.16,-13.55,1.28,23.74,1.11,27.37,8,798,71,4
0.40,1.05,-0.00,-18.25,8.42,2.69,1.12,20.28,9,801,77,4
0.40,0.94,-0.02,-11.72,5.74,-5.31,1.03,14.09,10,802,80,5
0.41,0.90,-0.01,-6.77,3.30,-8.00,0.99,10.99,12,803,86,5
0.41,0.91,0.01,-3.48,1.59,-7.20,1.00,8.15,13,797,90,4
0.41,0.82,-0.02,0.31,-1.40,-4.09,0.92,4.33,16,788,96,6
0.42,0.74,0.03,1.59,-3.17,0.85,0.85,3.65,20,789,105,6
0.38,0.85,0.06,-3.60,-0.37,9.64,0.93,10.30,26,782,112,5
0.43,1.14,-0.07,-5.80,1.83,7.08,1.22,9.33,32,784,124,4
0.38,1.02,0.04,9.89,-4.39,-9.16,1.09,14.17,36,778,125,4
0.38,0.97,0.07,2.01,0.37,-14.22,1.05,14.37,37,787,135,5
0.41,0.98,0.02,0.61,2.08,-19.96,1.06,20.08,36,797,140,4
0.40,0.90,0.06,1.59,1.22,-23.86,0.98,23.95,31,818,140,3
0.43,0.74,0.06,-0.55,2.93,-17.46,0.86,17.71,30,828,141,3
0.47,0.77,-0.03,-4.39,4.64,-7.51,0.90,9.86,28,836,146,1
0.45,0.77,0.03,-1.46,1.40,-2.01,0.89,2.86,30,830,151,0
0.43,0.87,0.03,-2.93,1.46,2.87,0.98,4.35,34,825,147,0
0.45,0.96,0.03,-3.42,2.01,-2.56,1.06,4.72,38,818,149,0
0.46,0.87,-0.00,1.53,1.04,-4.27,0.98,4.65,39,822,154,0
0.45,0.94,0.01,5.86,-0.92,-4.58,1.04,7.49,36,827,154,1
0.46,0.89,0.01,8.67,-1.04,-6.47,1.00,10.87,30,837,147,1
0.44,0.85,0.07,5.80,-1.04,-7.87,0.96,9.83,27,845,147,1
0.48,0.67,-0.04,6.47,-0.73,-2.99,0.83,7.17,23,856,152,2
0.48,0.64,-0.01,14.28,-4.70,17.09,0.81,22.76,20,862,151,4
0.43,0.62,0.08,22.83,-10.13,36.80,0.76,44.48,21,843,147,4
0.41,0.87,0.04,15.01,-7.32,49.07,0.96,51.84,23,826,145,6
0.35,1.03,0.12,12.21,-5.55,41.20,1.10,43.33,28,807,138,5
0.33,0.99,0.16,0.49,2.44,25.76,1.05,25.88,31,807,142,6
0.36,0.92,0.06,-5.80,6.04,15.38,0.99,17.51,32,806,143,8
0.35,1.19,0.07,-9.83,9.70,0.73,1.25,13.83,37,803,146,8
0.41,1.28,-0.02,-4.39,4.70,-38.45,1.34,38.99,34,815,149,5
0.40,1.04,0.04,0.85,-0.06,-54.99,1.11,55.00,28,834,149,5
0.41,0.73,0.03,-0.24,-3.85,-61.04,0.84,61.16,24,843,150,5
0.42,0.84,0.13,4.52,-3.60,-46.57,0.95,46.93,25,842,148,4
0.45,1.38,0.03,6.41,1.22,-56.15,1.45,56.53,23,854,151,0
0.35,1.34,0.16,22.03,1.95,-116.03,1.40,118.12,18,852,152,0
0.42,1.19,0.16,8.42,16.11,-145.69,1.27,146.82,13,850,147,0
0.55,1.03,-0.04,16.54,16.60,-177.00,1.17,178.55,9,853,139,0
0.54,0.63,0.04,33.39,9.64,-189.39,0.83,192.55,8,845,112,0
0.75,0.57,0.18,45.96,9.28,-175.42,0.96,181.57,5,840,67,0
1.01,0.51,0.08,54.20,11.90,-153.69,1.13,163.40,2,801,36,0
1.32,0.17,-0.16,35.71,11.47,-123.17,1.34,128.75,1,785,19,0
0.60,-0.01,-0.10,10.99,-9.89,-76.23,0.61,77.65,0,0,9,17
-1.07,0.36,-0.22,13.61,-22.71,127.01,1.15,129.74,1,742,0,15
-0.41,0.47,-0.05,-15.56,-8.54,128.17,0.63,129.40,1,753,0,13
-0.10,0.38,-0.10,-3.17,-19.53,140.14,0.41,141.53,1,756,0,13
-0.01,0.64,0.06,-29.72,-41.20,138.79,0.64,147.80,1,763,0,14
0.31,0.60,0.05,-38.21,-42.85,115.54,0.67,129.02,1,761,0,12
0.76,0.47,0.24,-49.62,-44.07,68.85,0.93,95.63,1,777,0,11
0.99,0.65,0.54,-65.12,-31.19,48.65,1.29,87.06,1,793,0,12
1.19,0.61,0.57,-52.43,-12.76,53.96,1.45,76.31,1,808,0,10
1.32,0.56,0.41,-50.29,-29.05,60.12,1.50,83.59,1,811,0,10
1.51,0.64,0.16,-42.42,-39.37,38.51,1.65,69.52,1,809,0,9
1.44,0.61,0.16,-55.73,-66.96,1.22,1.57,87.12,1,811,0,8
1.06,0.71,0.27,-59.08,-76.78,-23.13,1.30,99.61,1,810,0,7
0.62,0.68,0.30,-48.83,-68.05,-22.09,0.97,86.62,1,811,0,6
0.70,0.76,0.44,-27.95,-21.48,10.68,1.12,36.84,1,813,2,4
1.26,0.13,-0.16,-11.54,22.89,69.52,1.28,74.09,1,822,26,0
0.41,1.53,0.06,-28.32,12.57,132.20,1.58,135.78,2,822,40,0
0.49,1.27,-0.06,-25.51,4.64,99.12,1.36,102.46,4,825,56,0
0.41,1.33,-0.02,-6.53,-8.85,60.55,1.39,61.54,6,805,63,0
0.34,1.08,0.12,0.49,-10.93,37.78,1.14,39.33,7,792,70,3
0.32,1.05,0.13,-5.07,-4.21,22.83,1.11,23.76,9,787,71,4
0.35,1.04,0.06,-6.59,0.92,11.72,1.10,13.48,10,778,78,5
0.37,0.97,0.04,-3.54,2.75,1.22,1.03,4.64,12,778,77,5
0.36,0.93,0.07,-4.39,3.54,-3.36,1.00,6.57,14,776,84,6
0.37,0.98,0.03,-7.51,4.76,-5.74,1.05,10.58,16,774,95,5
0.39,0.96,-0.00,-2.38,3.30,-8.79,1.04,9.68,16,778,99,6
0.37,0.97,0.03,3.36,-0.55,-14.53,1.04,14.92,18,777,101,4
0.35,0.87,0.14,0.12,1.16,-17.94,0.95,17.98,19,783,113,4
0.38,0.88,0.07,-11.23,8.00,-21.67,0.96,25.68,20,791,117,3
0.42,0.80,0.01,-14.28,8.67,-20.26,0.91,26.26,20,799,125,2
0.45,0.67,-0.01,-12.02,6.59,-10.68,0.81,17.38,22,802,129,2
0.44,0.74,-0.01,-10.19,3.11,11.23,0.86,15.48,28,797,133,4
0.39,0.79,0.00,-8.00,0.85,20.14,0.88,21.69,36,786,141,1
0.40,0.85,0.02,-13.79,2.81,26.55,0.94,30.05,52,776,148,0
0.41,1.17,-0.09,-13.43,1.40,23.07,1.25,26.73,64,766,151,0
0.35,1.13,0.02,0.98,-4.52,-1.83,1.18,4.97,80,764,152,0
0.36,0.95,0.04,1.28,-1.04,-14.53,1.02,14.62,76,765,149,0
0.39,0.84,0.01,-2.62,2.38,-18.55,0.93,18.89,72,779,154,0
0.42,0.87,-0.04,-0.49,1.77,-12.33,0.96,12.47,66,783,157,0
0.41,0.82,-0.02,6.35,-1.04,-5.37,0.91,8.38,65,786,151,0
0.42,0.87,-0.01,7.63,-1.04,-3.17,0.97,8.33,68,803,158,0
0.40,0.72,0.04,6.47,-2.20,-0.61,0.82,6.86,69,784,156,0
0.42,0.87,-0.03,0.24,-1.83,4.70,0.97,5.05,79,775,156,0
0.40,0.96,0.02,3.42,-3.36,3.48,1.04,5.92,83,770,155,0
0.39,1.00,0.04,7.63,-4.09,-5.19,1.07,10.09,80,774,155,0
0.40,0.89,0.05,3.05,-2.01,-16.48,0.98,16.88,79,780,155,0
0.43,0.80,0.03,-5.19,1.77,-19.47,0.91,20.23,75,783,156,0
0.47,0.70,-0.06,-4.46,-0.31,-3.91,0.84,5.93,74,788,155,0
0.42,1.00,0.02,10.80,-5.55,-1.83,1.08,12.28,78,785,149,0
0.41,0.96,0.06,13.06,-4.33,-11.35,1.05,17.84,77,785,156,0
0.42,0.77,0.09,6.53,0.55,-18.13,0.88,19.28,70,799,156,0
0.51,0.60,-0.07,2.32,1.34,-4.27,0.79,5.04,64,809,146,0
0.41,1.02,0.08,27.28,-16.72,28.14,1.10,42.61,64,807,150,0
0.43,1.05,0.06,31.25,-9.40,12.15,1.14,34.82,73,801,147,0
0.44,1.35,0.06,34.48,-11.47,-5.13,1.42,36.70,68,807,143,0
0.38,1.37,0.18,38.76,-7.75,-49.93,1.43,63.68,48,812,136,0
0.39,1.04,0.15,34.73,-0.49,-93.32,1.12,99.58,32,829,137,0
0.50,1.52,0.06,31.25,0.49,-107.06,1.60,111.52,23,838,127,0
0.43,1.87,0.01,43.76,-5.25,-166.87,1.92,172.59,15,836,116,0
0.37,1.63,0.08,60.73,-10.01,-238.53,1.67,246.34,11,836,85,0
0.50,1.65,0.19,88.26,3.72,-290.59,1.74,303.72,3,827,31,0
0.82,0.92,0.11,46.20,5.37,-254.39,1.24,258.61,1,779,12,0
-1.17,-1.35,-0.84,-9.16,-26.67,-125.37,1.98,128.50,2,723,0,17
-0.64,-0.06,-0.41,24.66,-34.24,65.25,0.76,77.70,2,700,0,16
-0.30,-0.12,-0.63,-70.50,-37.60,62.38,0.71,101.36,2,741,0,16
-0.17,0.06,-0.22,-80.32,-48.95,90.70,0.28,130.67,2,754,0,14
0.19,0.58,0.06,-119.75,-40.04,121.77,0.62,175.41,2,766,0,15
0.48,0.58,0.10,-126.83,-58.65,123.78,0.76,186.68,2,765,0,12
0.55,0.92,0.39,-129.76,-88.01,121.34,1.14,198.26,2,774,0,11
0.72,0.98,0.73,-124.94,-83.92,88.44,1.42,174.57,2,772,0,11
0.69,0.92,0.90,-124.51,-57.37,52.37,1.46,146.76,2,756,0,10
0.68,1.03,0.76,-108.46,-49.38,74.16,1.45,140.36,1,754,0,8
0.87,1.21,0.65,-77.70,-49.44,94.24,1.63,131.76,1,749,0,8
0.92,1.04,0.50,-55.66,-56.58,71.04,1.48,106.52,1,747,0,8
0.74,0.94,0.46,-45.29,-60.36,53.22,1.28,92.34,1,748,0,6
0.60,0.87,0.36,-48.58,-50.11,60.97,1.12,92.68,1,743,0,6
0.69,0.92,0.34,-43.58,-38.02,64.21,1.20,86.42,2,742,0,6
0.82,0.96,0.32,-42.30,-20.87,24.17,1.30,53.00,2,741,0,5
0.81,0.88,0.24,-33.51,-14.34,-17.40,1.22,40.39,1,754,0,4
0.69,0.69,0.08,-32.59,-18.80,-49.01,0.98,61.79,1,762,0,4
0.69,0.65,0.03,-56.27,-21.30,-81.91,0.95,101.63,1,763,0,1
0.77,0.14,1.19,41.08,-21.97,37.23,1.43,59.63,3,745,29,1
0.18,1.33,0.24,-15.20,-15.81,60.85,1.36,64.68,4,788,36,0
0.38,0.96,0.08,-7.02,1.53,35.89,1.04,36.60,8,790,55,0
0.41,1.29,-0.04,-18.74,3.11,13.06,1.35,23.05,12,786,73,0
0.42,1.00,-0.01,-3.97,2.81,-4.33,1.08,6.51,14,787,81,0
0.40,0.98,0.03,-3.05,1.71,-12.02,1.05,12.52,14,786,87,0
0.40,0.87,-0.01,-2.56,2.14,-17.46,0.96,17.77,15,794,91,0
0.44,0.74,0.01,-2.32,1.34,-15.56,0.86,15.79,16,786,98,2
0.44,0.79,-0.01,-4.94,2.38,-4.46,0.90,7.07,17,790,106,0
0.43,0.83,-0.00,-3.66,1.53,2.44,0.94,4.66,19,789,106,1
0.44,0.90,-0.03,-0.61,0.85,6.65,1.00,6.74,21,787,113,0
0.40,0.93,0.01,3.85,-0.98,6.77,1.01,7.85,22,788,110,1
0.40,0.91,0.04,3.23,-0.49,5.92,1.00,6.76,22,788,117,2
0.41,0.89,0.01,0.67,1.40,3.30,0.98,3.64,24,791,114,2
0.42,0.90,0.01,-0.73,1.04,1.65,0.99,2.08,24,787,115,1
0.41,0.88,0.01,-1.10,0.79,0.06,0.97,1.36,24,786,119,2
0.41,0.86,0.01,-2.20,1.10,-0.55,0.96,2.52,24,782,118,0
0.42,0.88,-0.00,-2.44,1.04,-2.50,0.97,3.65,26,783,118,2
0.41,0.82,0.01,-2.69,1.22,-1.40,0.92,3.27,26,780,120,0
0.42,0.87,-0.00,-4.39,1.65,2.38,0.96,5.26,28,785,119,0
0.42,0.87,-0.01,-3.54,1.10,3.42,0.97,5.04,28,779,120,0
0.41,0.89,-0.01,-2.38,1.04,4.03,0.98,4.79,30,777,119,0
0.42,0.90,-0.01,-2.14,1.16,3.42,0.99,4.19,31,775,124,0
0.41,0.88,-0.01,-1.53,1.16,2.93,0.97,3.50,32,774,122,0
0.40,0.89,0.00,-3.23,1.77,2.87,0.97,4.67,34,774,124,0
0.42,0.92,-0.03,-4.58,2.01,0.67,1.01,5.05,34,770,123,0
0.41,0.94,-0.02,-1.34,1.53,-2.26,1.03,3.04,37,767,123,0
0.41,0.91,-0.02,-0.18,1.46,-5.37,1.00,5.57,35,772,119,0
0.42,0.86,-0.02,-0.31,1.65,-5.80,0.95,6.04,33,776,121,0
0.42,0.88,-0.01,-1.89,2.14,-5.62,0.98,6.30,32,782,122,0
0.43,0.88,-0.03,0.24,1.46,-6.35,0.98,6.52,31,786,124,0
0.42,0.88,-0.01,0.12,1.16,-6.10,0.98,6.21,30,791,125,2
0.42,0.84,-0.01,-1.89,1.77,-5.68,0.94,6.24,30,795,123,0
0.43,0.86,-0.02,-4.70,2.62,-4.21,0.96,6.83,29,799,120,0
0.43,0.82,-0.01,-6.96,4.33,-3.54,0.92,8.93,30,797,127,0
0.44,0.83,-0.06,-7.02,3.72,-0.43,0.94,7.96,34,795,130,0
0.44,0.81,-0.05,-5.37,2.38,5.13,0.92,7.80,37,787,130,0
0.45,0.90,-0.10,-1.28,0.43,10.31,1.01,10.40,42,781,135,0
0.43,0.97,-0.05,8.85,-3.91,8.24,1.06,12.71,45,780,133,0
0.40,0.85,0.01,10.19,-4.15,6.35,0.94,12.70,47,782,139,0
0.39,0.85,0.03,2.01,-0.92,6.65,0.94,7.01,48,780,141,0
0.41,0.90,-0.02,-6.59,3.60,5.49,1.00,9.31,52,772,138,0
0.40,0.83,-0.01,-11.23,5.80,5.55,0.93,13.81,59,771,146,0
0.42,0.84,-0.07,-9.95,4.70,10.99,0.94,15.55,63,770,148,0
0.41,0.87,-0.06,-6.23,2.32,15.20,0.96,16.59,76,763,148,0
0.41,0.96,-0.09,-1.40,0.12,19.59,1.05,19.64,82,763,152,0
0.37,1.05,-0.04,4.03,-0.24,7.51,1.12,8.52,96,760,155,0
0.37,0.97,-0.02,3.91,1.59,0.31,1.04,4.23,82,766,154,0
0.37,0.97,-0.03,3.11,2.14,-4.88,1.04,6.17,80,776,154,0
0.40,0.91,-0.05,3.78,1.46,-8.30,0.99,9.24,75,785,156,2
0.38,0.90,-0.02,3.30,0.79,-9.03,0.97,9.65,66,787,154,0
0.41,0.84,-0.04,1.95,-0.24,-8.12,0.93,8.35,61,793,155,0
0.40,0.86,-0.02,-1.53,-0.37,-5.55,0.94,5.77,60,797,154,0
0.41,0.86,-0.03,-3.17,0.73,-5.19,0.95,6.13,64,793,155,0
0.41,0.87,-0.04,-2.62,0.49,-4.21,0.96,4.99,64,788,149,0
0.41,0.87,0.00,-1.28,-0.61,-3.54,0.96,3.81,73,783,155,0
0.41,0.90,-0.04,-3.72,1.34,-4.15,0.99,5.74,82,779,157,0
0.40,0.91,-0.02,-3.85,1.46,-5.55,0.99,6.91,95,774,154,0
0.41,0.95,-0.04,-6.41,1.89,-8.48,1.04,10.80,95,777,156,0
0.42,0.86,-0.03,-7.75,2.56,-15.01,0.95,17.09,97,772,157,0
0.43,0.93,-0.06,-4.70,1.16,-15.87,1.02,16.59,106,779,152,0
0.45,0.81,-0.06,-1.16,-0.37,-15.69,0.93,15.73,109,778,154,0
0.46,0.99,-0.09,2.01,0.18,-14.53,1.09,14.67,91,789,156,0
0.46,1.05,-0.06,10.44,-3.78,-26.98,1.14,29.17,75,805,158,0
0.45,1.16,-0.05,22.58,-5.68,-46.63,1.25,52.12,56,826,155,0
0.46,1.28,-0.06,29.30,-6.47,-71.35,1.36,77.40,39,847,155,0
0.46,1.59,-0.10,37.54,-11.47,-114.56,1.66,121.10,27,849,148,0
0.40,1.53,0.20,31.43,-10.25,-198.24,1.59,200.98,21,837,130,0
0.67,1.39,0.41,-24.11,30.58,-246.22,1.60,249.28,13,824,54,0
1.01,0.87,-0.74,-115.97,40.04,-236.57,1.53,266.49,3,785,16,0
-0.37,0.34,-0.39,-139.77,-34.30,-194.58,0.64,242.02,2,760,4,2
-0.44,1.33,-0.30,-1.53,-86.61,103.64,1.43,135.07,2,760,0,0
-0.50,0.45,-0.06,29.91,-107.60,126.28,0.68,168.58,1,765,0,3
-0.56,0.53,0.07,13.00,-76.05,135.80,0.77,156.19,1,774,0,2
-0.36,0.54,0.05,9.64,-40.16,143.43,0.65,149.26,1,781,0,3
-0.09,0.62,0.09,1.16,-17.94,130.92,0.63,132.15,1,792,0,4
0.40,0.54,0.08,-7.26,-14.34,124.21,0.68,125.24,1,799,0,3
1.02,0.65,0.14,-34.24,-19.96,118.35,1.21,124.81,1,809,0,2
1.17,0.73,0.29,-70.74,-21.91,80.93,1.41,109.70,1,814,0,0
1.27,0.80,0.48,-70.19,-13.43,43.33,1.58,83.58,1,823,0,0
1.28,0.62,0.48,-54.63,4.03,26.61,1.50,60.90,1,837,0,0
1.26,0.79,0.41,-19.96,13.55,30.40,1.55,38.80,1,843,0,0
1.18,0.56,0.14,22.09,12.08,35.52,1.31,43.54,1,845,0,0
1.05,0.62,0.11,18.68,6.53,40.59,1.23,45.15,1,848,0,0
0.96,0.88,0.29,32.41,18.68,17.21,1.34,41.18,1,851,0,0
0.75,0.72,0.18,47.55,48.16,-21.24,1.05,70.93,1,847,0,0
0.62,0.73,0.02,43.27,69.03,-40.83,0.96,91.13,1,850,0,0
0.77,0.70,-0.22,31.01,59.63,-49.74,1.06,83.62,1,851,0,0
0.68,0.62,-0.27,-3.05,14.53,-46.45,0.96,48.76,1,853,0,0
0.45,0.83,0.05,-28.63,-24.23,-20.32,0.94,42.66,1,848,0,0
0.34,0.95,0.09,-17.82,-11.72,-15.56,1.02,26.40,1,853,0,0
0.43,0.93,-0.11,-7.57,11.11,-24.29,1.03,27.76,2,851,0,0
0.55,0.84,-0.28,-13.98,14.95,-17.15,1.04,26.70,1,853,0,0
0.68,0.77,-0.15,-29.72,-15.38,-0.43,1.04,33.47,2,853,0,0
0.64,0.73,-0.02,-37.90,-26.06,-8.61,0.97,46.80,2,850,0,0
0.48,0.95,0.19,-32.53,-18.37,-14.65,1.09,40.13,2,855,0,0
0.57,0.83,0.25,13.49,-19.41,3.42,1.04,23.88,2,847,0,0
0.71,0.81,0.32,39.86,-19.04,-2.08,1.13,44.22,2,844,0,0
0.46,0.53,0.35,58.90,2.26,-34.97,0.79,68.54,1,840,0,0
0.61,0.68,0.40,67.75,21.67,-22.89,1.00,74.72,1,828,0,0
0.60,0.28,0.28,71.78,13.73,-34.73,0.72,80.91,1,828,2,0
1.35,0.76,-0.65,-21.00,60.49,26.25,1.68,69.20,4,868,72,0
0.26,1.36,-0.00,-34.06,2.08,171.39,1.39,174.75,9,874,118,0
0.47,1.58,-0.19,-7.26,-1.46,99.06,1.65,99.34,17,851,134,2
0.39,0.99,0.11,7.26,-7.57,63.78,1.07,64.64,30,804,140,11
0.29,0.83,0.27,-22.46,5.43,58.47,0.92,62.87,43,776,143,12
0.44,1.56,-0.16,-18.68,3.72,35.16,1.63,39.98,58,766,144,14
0.41,1.15,-0.03,-2.56,-2.32,-1.22,1.22,3.67,64,766,146,14
0.33,1.04,0.10,2.75,-4.21,-19.71,1.09,20.35,67,766,147,16
0.40,0.93,0.03,-7.75,3.78,-24.35,1.01,25.84,65,763,146,11
0.40,0.91,0.02,-9.03,3.66,-29.17,0.99,30.76,61,772,147,9
0.45,0.93,-0.03,-3.72,2.81,-31.98,1.03,32.32,48,792,148,7
0.45,0.80,-0.01,3.66,-0.43,-33.20,0.92,33.41,41,802,146,7
0.43,0.72,0.04,3.60,0.61,-22.09,0.84,22.39,37,813,148,6
0.47,0.92,0.01,7.26,-1.53,-14.83,1.03,16.58,33,818,150,4
0.47,0.80,0.02,11.23,-4.15,-15.56,0.92,19.64,29,827,149,6
0.46,0.83,0.06,10.86,-2.75,-11.47,0.95,16.04,27,829,147,3
0.50,0.85,0.00,11.72,-3.23,-8.12,0.98,14.62,24,837,153,3
0.50,0.76,0.01,19.29,-8.06,-1.77,0.92,20.98,23,838,153,5
0.45,0.78,0.11,22.40,-11.47,1.65,0.91,25.22,22,830,149,4
0.41,0.79,0.22,7.69,-2.50,2.32,0.92,8.41,24,820,154,4
0.49,0.92,0.06,-3.72,4.27,-1.71,1.04,5.92,24,821,147,5
0.48,0.72,0.07,-1.83,0.00,-2.38,0.87,3.00,25,817,153,7
0.50,0.88,0.02,-9.52,4.94,5.80,1.01,12.20,28,811,154,4
0.50,1.01,0.03,-2.14,1.16,0.31,1.12,2.45,30,805,155,5
0.47,0.91,0.08,4.33,-0.55,-6.90,1.03,8.16,29,811,156,4
0.48,0.88,0.08,2.81,2.26,-10.56,1.00,11.16,25,815,156,4
0.47,0.92,0.10,0.79,4.76,-16.48,1.04,17.17,22,831,155,1
0.50,0.91,0.07,-0.73,6.29,-23.01,1.04,23.86,19,845,152,2
0.53,0.95,0.03,0.67,5.00,-26.73,1.08,27.21,15,866,155,2
0.58,0.88,-0.04,8.30,0.79,-31.98,1.05,33.05,13,868,150,0
0.51,0.84,0.11,18.74,-6.29,-38.57,0.99,43.34,12,867,151,0
0.57,0.72,0.07,15.75,-4.27,-37.84,0.92,41.21,10,866,149,0
0.58,0.95,0.05,17.76,-8.54,-38.64,1.11,43.37,8,868,145,0
0.54,0.84,0.18,20.57,-10.19,-47.12,1.01,52.41,7,862,138,0
0.55,0.71,0.17,11.60,-2.26,-55.30,0.92,56.55,7,867,127,0
0.62,0.54,0.13,7.69,0.79,-53.65,0.83,54.20,6,867,119,0
0.66,0.47,0.10,5.25,0.85,-39.00,0.81,39.36,6,873,113,0
0.67,0.46,0.13,3.17,0.55,-21.67,0.83,21.91,6,869,114,0
0.67,0.55,0.13,0.37,2.08,-4.21,0.88,4.71,6,868,110,0
0.67,0.67,0.14,-0.67,2.93,4.03,0.96,5.03,6,866,118,0
0.66,0.65,0.14,-2.44,4.33,6.23,0.94,7.97,6,862,114,0
0.70,0.70,0.09,-3.91,4.46,7.39,0.99,9.47,7,859,121,0
0.66,0.64,0.12,-2.99,2.44,11.11,0.93,11.76,7,860,120,0
0.68,0.82,0.09,-4.82,2.93,8.42,1.07,10.14,7,856,117,0
0.67,0.81,0.09,0.43,-0.73,2.44,1.05,2.58,7,855,121,0
0.64,0.80,0.15,2.81,-1.95,-3.85,1.04,5.15,7,853,120,0
0.67,0.79,0.12,3.30,0.49,-9.58,1.05,10.15,7,849,118,0
0.69,0.93,0.11,5.62,-0.24,-19.65,1.16,20.44,7,848,115,0
0.69,0.96,0.12,8.61,-0.98,-37.41,1.19,38.40,6,841,103,0
0.70,0.84,0.17,9.16,-1.28,-52.80,1.10,53.60,6,834,80,0
0.73,0.89,0.21,4.52,1.46,-62.99,1.17,63.17,4,824,61,0
0.86,0.79,0.04,-0.43,5.62,-76.60,1.17,76.81,2,802,38,0
1.04,0.47,-0.33,-36.80,0.43,-85.27,1.18,92.87,1,795,22,0
1.03,0.57,-0.26,-87.89,-24.96,-73.97,1.21,117.56,1,803,16,0
0.40,0.02,-0.39,-97.60,-61.16,-18.01,0.56,116.57,1,788,4,6
-0.05,1.02,0.12,-57.92,-136.11,154.60,1.03,213.97,1,782,0,3
-0.27,0.78,0.26,-52.31,-103.45,130.07,0.86,174.23,1,773,0,2
-0.22,0.73,0.28,-51.51,-45.35,91.67,0.81,114.52,1,772,0,2
-0.09,0.82,0.26,-51.45,-6.41,69.46,0.87,86.68,1,775,0,3
0.14,0.80,0.27,-46.02,4.70,50.35,0.86,68.38,1,791,0,4
0.62,0.83,0.22,-44.25,-5.74,26.67,1.06,51.98,1,799,0,2
0.75,0.63,0.16,-62.32,-20.75,12.02,1.00,66.77,1,801,0,0
0.72,0.81,0.41,-71.11,-25.02,26.49,1.17,79.90,1,813,0,0
0.73,1.07,0.58,-38.94,9.95,53.53,1.42,66.94,1,817,0,0
0.93,0.68,0.21,25.63,18.07,45.35,1.17,55.14,1,823,0,0
0.90,0.42,-0.03,3.97,16.97,26.55,1.00,31.76,1,824,0,0
0.86,0.77,0.07,-13.92,10.56,26.67,1.16,31.88,1,824,0,0
0.87,0.79,0.12,9.22,7.45,28.87,1.18,31.21,1,823,0,0
0.81,0.70,0.10,17.46,11.84,20.87,1.07,29.68,1,825,0,0
0.82,0.61,0.00,15.87,13.00,4.03,1.03,20.91,1,825,0,0
0.73,0.73,0.05,2.26,4.64,-9.03,1.03,10.40,1,822,0,0
0.59,0.89,0.18,15.38,-0.49,-17.09,1.09,23.00,1,830,0,0
0.52,0.74,0.06,27.10,12.51,-23.44,0.91,37.95,1,830,0,0
0.40,0.82,0.17,23.44,25.02,-28.87,0.93,44.82,1,830,0,0
0.41,1.01,0.28,39.18,56.15,-34.36,1.13,76.61,1,830,0,0
0.46,0.73,0.02,59.88,78.92,-42.72,0.87,107.88,1,834,0,0
0.28,0.92,-0.10,-22.89,24.48,-96.44,0.96,102.09,1,829,0,0
0.49,0.77,-0.04,-37.84,51.15,-91.06,0.91,111.09,1,829,0,3
0.74,0.87,0.03,-20.14,51.70,-71.47,1.15,90.48,1,830,1,10
0.90,0.79,0.20,-3.60,22.58,-43.09,1.21,48.78,2,813,0,16
0.53,0.81,0.16,24.78,-37.17,-1.28,0.99,44.69,2,806,0,15
0.47,0.66,0.31,81.24,-98.33,192.93,0.87,231.28,2,795,0,0
1.21,0.50,0.04,38.76,-104.74,11.47,1.30,112.27,2,785,0,0
0.72,0.72,0.18,-11.11,-20.81,-82.76,1.03,86.06,2,785,0,0
0.59,0.75,-0.35,11.60,-1.28,-29.72,1.02,31.93,2,792,12,0
1.40,-0.51,0.19,13.06,-13.06,1.71,1.50,18.55,4,830,69,0
0.15,1.66,0.39,-34.48,-16.05,174.74,1.71,178.84,7,813,103,0
0.53,1.45,0.07,-19.84,0.00,109.38,1.55,111.16,9,816,124,0
0.53,1.01,0.19,-4.39,-0.61,52.37,1.16,52.56,10,820,132,6
0.56,1.18,0.00,-3.91,-0.31,26.61,1.31,26.90,9,826,135,11
0.50,1.05,0.10,18.13,-9.40,18.74,1.16,27.71,7,826,131,14
0.39,0.89,0.33,14.53,-6.23,7.63,1.02,17.55,7,815,126,14
0.50,0.98,0.11,-3.05,2.75,-2.32,1.11,4.72,7,816,131,12
0.52,0.84,0.17,1.10,-6.84,-8.18,1.00,10.72,7,817,130,12
0.45,0.78,0.20,-1.77,-4.21,-8.91,0.92,10.01,8,819,130,11
0.50,0.64,0.12,-4.88,0.98,-3.48,0.82,6.07,8,817,134,13
0.50,0.84,0.13,-4.94,-0.61,5.55,0.99,7.46,10,816,132,12
0.50,0.80,0.14,-1.22,-2.75,7.32,0.96,7.92,11,809,141,13
0.50,0.83,0.11,-3.48,0.00,12.76,0.98,13.22,12,803,140,13
0.50,1.02,0.10,-2.75,-2.69,9.52,1.14,10.27,14,795,143,14
0.49,0.91,0.13,1.22,-6.10,3.54,1.04,7.16,15,794,145,14
0.47,0.97,0.13,3.54,-5.98,-3.17,1.08,7.64,16,794,145,14
0.39,0.78,0.34,-0.43,0.24,-4.82,0.93,4.85,16,793,144,14
0.52,0.94,0.08,-4.03,6.53,-8.42,1.08,11.39,15,807,143,13
0.50,0.92,0.11,4.70,-0.43,-14.59,1.06,15.33,14,809,146,13
0.48,0.80,0.19,8.67,-1.28,-19.35,0.96,21.24,13,812,142,12
0.41,0.53,0.34,-8.42,12.70,-12.51,0.75,19.71,12,823,150,12
0.56,1.01,0.01,-31.43,26.00,-3.60,1.15,40.95,12,829,148,8
0.57,0.96,0.03,-13.24,12.21,-10.07,1.12,20.64,12,836,150,6
0.48,0.81,0.17,-7.26,10.01,-15.14,0.96,19.55,10,841,142,4
0.50,0.75,0.16,-13.98,15.50,-7.14,0.91,22.06,9,847,140,5
0.55,1.12,0.07,-21.24,20.94,-22.03,1.25,37.08,9,837,135,1
0.61,0.89,-0.07,-6.29,12.57,-33.33,1.08,36.17,7,846,127,0
0.57,0.66,0.05,6.84,-0.79,-29.79,0.87,30.57,6,852,118,0
0.59,0.58,0.06,8.30,-4.15,-10.44,0.83,13.97,5,852,107,0
0.57,0.65,0.09,8.48,-6.53,1.10,0.86,10.76,5,850,101,0
0.54,0.80,0.18,3.78,-5.19,4.15,0.98,7.65,5,843,106,0
0.52,0.88,0.18,-4.82,1.28,-1.53,1.04,5.22,5,843,104,0
0.55,0.94,0.12,-9.22,7.02,-14.65,1.10,18.68,5,848,103,0
0.57,0.75,0.10,-5.43,5.92,-17.88,0.94,19.61,4,862,102,0
0.61,0.61,0.05,-5.25,7.63,-13.85,0.87,16.66,4,865,103,0
0.61,0.64,0.06,-3.97,4.64,-1.65,0.89,6.32,4,863,105,0
0.61,0.69,0.05,-1.34,1.10,13.67,0.92,13.78,5,860,105,0
0.59,0.84,0.08,0.61,-1.59,15.93,1.03,16.02,5,854,108,0
0.57,0.85,0.10,1.16,-1.22,10.74,1.03,10.87,5,849,105,0
0.57,0.84,0.09,-0.31,0.06,5.13,1.02,5.14,6,850,109,0
0.58,0.83,0.08,0.37,0.55,0.37,1.01,0.75,6,849,110,0
0.55,0.76,0.12,-1.16,0.67,-1.46,0.95,1.99,6,846,106,0
0.58,0.79,0.06,-4.70,2.81,-0.18,0.99,5.48,6,846,110,0
0.59,0.81,0.05,-2.38,1.04,0.00,1.00,2.60,6,848,109,0
0.58,0.80,0.08,1.53,-0.37,-0.85,0.99,1.79,6,850,110,0
0.58,0.82,0.08,1.16,0.92,-3.05,1.00,3.39,5,847,108,0
0.57,0.84,0.08,2.44,0.49,-4.70,1.02,5.32,6,848,108,0
0.61,0.89,0.02,4.21,0.24,-8.85,1.08,9.80,5,861,110,0
0.64,0.79,-0.01,14.28,-5.19,-11.72,1.02,19.19,5,859,103,0
0.57,0.70,0.12,18.07,-9.22,-8.85,0.91,22.13,4,845,105,0
0.56,0.67,0.14,16.30,-6.84,-5.74,0.88,18.58,5,840,104,0
0.56,0.65,0.18,9.77,-3.91,-2.93,0.87,10.92,5,839,109,1
0.57,0.65,0.18,2.50,-0.31,0.85,0.88,2.66,5,842,122,3
0.56,0.70,0.21,-9.83,6.59,11.05,0.92,16.19,6,843,124,3
0.63,0.91,0.04,-5.80,3.97,2.99,1.11,7.64,7,849,136,4
0.54,0.74,0.21,-3.60,1.34,-1.59,0.94,4.16,8,846,140,4
0.60,0.90,0.09,-8.91,6.29,-3.97,1.09,11.60,9,842,139,3
0.60,0.86,0.08,-4.64,2.08,-16.30,1.05,17.07,9,841,144,3
0.64,0.70,0.07,-5.55,3.54,-12.82,0.95,14.41,10,840,146,4
0.64,0.87,0.05,0.73,-1.04,-11.72,1.08,11.79,10,842,149,2
0.61,0.64,0.13,7.14,-1.40,-13.98,0.89,15.76,9,842,150,4
0.58,0.57,0.15,6.47,-0.55,-0.31,0.83,6.50,9,845,150,5
0.62,0.96,0.05,2.87,0.43,14.22,1.15,14.51,8,844,150,6
0.64,0.90,0.06,9.58,-1.95,-0.43,1.11,9.79,8,844,142,7
0.59,0.45,0.20,9.89,-3.42,-0.92,0.77,10.50,8,844,146,6
0.54,0.96,0.21,-3.60,2.01,9.77,1.12,10.60,7,849,142,6
0.65,0.74,0.03,3.60,2.01,-14.47,0.99,15.04,7,853,145,9
0.55,1.06,0.23,0.98,0.37,-20.94,1.22,20.96,7,857,151,8
0.66,0.45,0.10,-2.38,6.10,-38.76,0.80,39.31,7,862,152,7
0.68,0.51,0.05,-3.48,2.99,-11.66,0.85,12.53,8,861,146,6
0.62,0.96,0.14,-1.53,-0.61,-11.54,1.15,11.65,9,854,156,2
0.65,1.12,0.06,3.72,-0.67,-40.53,1.30,40.70,8,864,155,0
0.71,0.54,0.08,13.73,-5.00,-52.61,0.90,54.60,8,863,153,0
0.78,0.11,-0.02,21.79,-12.51,-27.34,0.79,37.14,7,858,147,1
0.45,0.70,0.47,13.00,-5.55,15.20,0.96,20.76,8,845,143,0
0.76,1.36,-0.04,-1.22,12.82,-29.05,1.56,31.78,8,843,140,0
0.78,1.06,0.01,22.46,-2.62,-54.02,1.32,58.56,6,848,135,0
0.86,0.90,-0.08,44.25,-17.88,-63.11,1.25,79.13,3,833,116,0
0.68,0.59,0.08,59.81,-33.94,-69.03,0.91,97.44,2,829,99,0
0.53,0.49,0.53,40.89,-15.14,-81.54,0.89,92.47,2,842,85,0
0.67,0.60,0.49,18.25,6.84,-86.61,1.03,88.77,2,849,74,0
0.85,0.96,0.34,13.98,23.32,-104.43,1.33,107.91,2,843,57,0
0.99,1.06,0.33,15.87,27.10,-135.01,1.48,138.61,1,828,35,0
1.26,0.64,0.21,23.80,26.37,-147.83,1.43,152.04,1,815,20,0
0.09,-1.41,-0.78,8.54,4.46,-76.78,1.62,77.38,1,767,9,9
-0.24,0.94,0.05,-31.31,-55.48,102.72,0.97,120.87,1,756,0,8
-0.30,0.28,-0.12,-15.26,-66.35,141.30,0.43,156.84,1,759,0,10
-0.42,0.32,-0.11,-63.60,-37.54,131.90,0.54,151.16,1,766,0,9
-0.17,0.70,0.01,-84.05,-9.28,136.47,0.72,160.55,1,784,0,9
0.31,0.73,0.09,-69.09,2.38,120.48,0.80,138.91,1,791,0,8
0.62,0.28,0.19,-64.09,-2.62,82.28,0.71,104.32,1,807,0,10
0.83,0.24,0.55,-85.82,1.83,68.18,1.02,109.62,1,804,0,10
1.26,0.42,0.85,-51.57,21.79,82.89,1.57,100.02,1,812,0,6
1.73,0.65,0.75,-11.23,40.34,44.68,1.99,61.24,1,807,0,6
1.54,0.06,0.19,31.62,14.77,25.39,1.56,43.16,1,807,0,4
1.24,0.38,0.24,-3.23,-12.39,6.47,1.31,14.35,1,803,0,3
0.94,0.67,0.29,9.28,23.86,-20.87,1.19,33.04,1,809,0,0
1.55,0.57,0.06,20.08,63.35,-4.64,1.65,66.62,1,823,10,0
1.29,0.13,0.00,-34.06,22.09,119.63,1.29,126.33,2,839,43,0
0.40,2.32,-0.26,-14.28,24.78,174.99,2.37,177.31,2,840,53,0
0.36,1.78,0.12,-1.59,-17.27,86.24,1.82,87.97,3,839,74,0
0.43,1.12,0.15,16.30,-17.52,29.72,1.21,38.16,4,827,80,2
0.38,0.87,0.28,5.07,-10.13,14.47,0.99,18.37,5,829,85,5
0.44,0.94,0.11,-11.66,4.46,8.18,1.05,14.92,5,829,85,7
0.47,0.92,0.06,-10.19,3.91,-3.36,1.04,11.42,6,834,90,7
0.49,0.81,0.05,-3.54,0.43,-3.72,0.94,5.16,6,836,94,10
0.44,0.82,0.12,-2.81,-0.18,1.83,0.94,3.36,7,835,99,8
0.46,0.92,0.09,-4.27,2.56,0.98,1.03,5.08,8,831,106,9
0.46,0.91,0.06,0.49,1.46,-1.40,1.02,2.09,8,832,106,10
0.45,0.83,0.12,0.67,1.34,-2.08,0.95,2.56,9,825,105,10
0.46,0.85,0.10,-3.54,3.60,-1.10,0.97,5.17,10,820,110,10
0.47,0.79,0.06,-4.39,3.42,-0.37,0.92,5.58,10,822,115,10
0.46,0.79,0.07,-5.68,1.10,3.30,0.92,6.66,11,818,117,8
0.46,0.90,0.07,-5.92,0.92,4.76,1.01,7.65,13,809,124,9
0.45,0.82,0.06,-2.69,-1.04,4.64,0.94,5.46,14,803,128,10
0.46,0.75,0.09,-0.55,-2.56,9.34,0.89,9.70,18,793,134,9
0.42,0.86,0.12,-4.52,-1.65,14.34,0.96,15.13,24,779,133,10
0.44,0.89,0.08,-6.84,2.01,12.08,1.00,14.03,28,776,140,9
0.44,0.92,0.05,-5.43,3.17,14.10,1.02,15.44,30,777,145,11
0.44,0.91,0.05,0.73,1.10,9.89,1.01,9.98,35,776,146,9
0.43,0.73,0.08,-0.61,1.77,12.63,0.85,12.77,38,774,140,9
0.43,0.96,0.01,-5.68,2.75,16.85,1.05,17.99,42,773,150,13
0.40,0.96,0.08,-1.77,-1.10,8.97,1.04,9.21,46,770,146,10
0.39,0.91,0.07,-2.99,0.06,5.55,1.00,6.31,48,768,153,16
0.41,1.01,0.05,-2.93,2.01,-1.22,1.09,3.76,49,766,148,14
0.41,0.92,0.06,2.87,0.67,-12.33,1.01,12.68,49,773,148,15
0.42,0.73,0.07,1.89,1.16,-8.06,0.85,8.36,44,775,154,17
0.44,0.70,0.03,2.14,0.18,0.73,0.83,2.27,44,775,147,17
0.46,0.68,-0.06,5.68,-4.09,23.01,0.82,24.05,45,792,150,19
0.35,1.19,0.11,19.41,-5.13,24.05,1.24,31.33,49,765,145,15
0.37,1.00,0.13,24.54,-6.84,8.00,1.08,26.70,50,763,147,17
0.35,0.95,0.19,16.24,-4.15,-0.12,1.03,16.76,46,771,149,17
0.39,1.04,0.07,8.54,-1.04,-10.50,1.11,13.58,39,777,150,17
0.39,0.85,0.16,10.38,0.49,-18.37,0.95,21.10,34,783,152,16
0.44,0.79,0.09,8.00,2.50,-20.75,0.91,22.38,31,794,152,15
0.44,0.94,0.07,10.62,-0.43,-16.72,1.04,19.82,26,804,152,15
0.43,1.03,0.09,15.32,-1.83,-25.39,1.12,29.71,20,813,144,13
0.40,0.77,0.17,17.03,-3.91,-30.15,0.88,34.85,17,818,146,16
0.45,0.61,0.15,7.14,-0.73,-13.00,0.78,14.85,17,821,145,15
0.50,1.02,0.09,1.95,0.73,-4.70,1.14,5.14,17,818,145,16
0.50,1.02,0.06,12.63,-5.98,-14.28,1.14,19.98,14,825,144,14
0.46,0.31,0.16,22.46,-8.73,-11.84,0.58,26.85,13,820,140,18
0.35,1.00,0.37,4.27,-6.53,25.63,1.13,26.80,15,801,135,18
0.51,1.39,0.12,-9.46,16.97,-1.22,1.49,19.47,15,803,133,15
0.50,1.58,0.06,8.36,12.57,-37.54,1.66,40.46,9,828,121,13
0.42,1.72,0.15,28.69,5.92,-88.87,1.77,93.57,5,844,113,6
0.34,1.49,0.18,41.14,6.16,-171.51,1.54,176.48,2,871,93,2
0.45,0.94,0.09,59.94,3.78,-201.97,1.05,210.71,1,867,57,3
0.54,0.94,0.24,80.93,-3.54,-198.91,1.11,214.78,1,864,31,7
0.74,0.22,0.04,90.88,-0.49,-167.36,0.77,190.44,0,0,15,21
0.13,-0.71,-0.42,18.62,-16.66,-55.11,0.83,60.51,1,740,0,25
-0.12,0.40,-0.18,-51.21,-5.68,34.73,0.46,62.13,0,0,0,21
0.21,0.24,-0.08,-62.44,24.78,44.01,0.33,80.31,1,709,0,19
0.30,0.45,0.09,-76.84,17.52,40.10,0.55,88.43,1,736,0,18
0.35,0.42,0.25,-75.32,-34.55,45.59,0.60,94.58,1,763,0,17
0.32,0.66,0.53,-71.47,-66.53,64.88,0.90,117.23,1,773,0,16
0.35,0.67,0.51,-63.54,-69.76,71.66,0.91,118.48,1,783,0,15
0.34,0.58,0.53,-65.12,-56.64,62.74,0.86,106.71,1,786,0,14
0.50,0.75,0.63,-71.90,-14.89,43.58,1.10,85.38,1,787,0,13
0.79,0.40,0.19,-26.00,30.40,74.46,0.91,84.53,1,790,0,14
1.12,0.74,0.34,-39.49,25.51,79.53,1.38,92.39,1,790,0,12
1.28,0.69,0.44,-31.25,32.90,39.98,1.52,60.47,1,793,0,10
1.22,0.68,0.32,-4.33,39.25,33.51,1.44,51.79,1,794,0,8
1.08,0.63,0.07,26.73,24.90,51.15,1.26,62.86,1,801,0,3
0.94,0.66,0.12,15.32,17.82,37.66,1.15,44.39,1,801,0,1
0.85,0.71,0.20,3.48,45.10,7.39,1.13,45.84,1,795,0,0
1.25,0.58,0.09,-2.08,20.26,58.96,1.38,62.38,2,804,27,0
0.32,1.80,0.07,-29.72,28.50,106.69,1.83,114.36,3,812,38,0
0.53,1.50,-0.25,-25.09,17.15,57.50,1.61,65.03,3,818,58,1
0.46,1.29,-0.06,1.77,-4.27,22.22,1.37,22.69,4,825,61,5
0.39,0.98,0.14,11.72,-6.77,7.69,1.06,15.57,4,825,64,7
0.39,0.93,0.10,2.14,-0.18,-3.30,1.01,3.93,3,826,59,8
0.41,0.86,0.08,-2.26,1.83,-5.25,0.96,6.00,3,825,51,8
0.42,0.88,0.07,-0.06,2.20,-4.46,0.98,4.97,2,812,45,8
0.40,0.82,0.09,0.79,3.17,-3.23,0.92,4.60,2,810,41,9
0.38,0.79,0.15,1.89,8.54,3.97,0.89,9.61,1,797,38,9
0.29,0.96,0.32,2.44,20.57,2.62,1.05,20.88,2,795,35,8
0.21,0.92,0.40,24.90,48.46,7.32,1.03,54.98,2,790,35,9
0.19,0.94,0.41,40.65,80.38,12.51,1.05,90.94,2,789,32,6
0.40,0.78,-0.05,31.19,95.76,4.70,0.88,100.82,3,803,43,7
0.63,0.81,-0.50,-0.92,71.47,-3.60,1.14,71.57,3,820,49,8
0.79,0.88,-0.71,-9.03,18.68,-6.23,1.38,21.66,5,837,69,9
0.49,0.80,-0.16,24.72,-22.16,-12.51,0.95,35.47,7,838,87,8
0.37,0.68,0.18,23.07,-25.63,-13.43,0.80,37.01,11,808,107,9
0.37,0.74,0.22,-6.47,-6.53,-2.20,0.86,9.45,19,792,121,6
0.43,0.94,0.07,-18.43,3.17,7.39,1.03,20.11,25,790,134,7
0.42,1.02,0.08,-10.68,1.53,7.81,1.11,13.32,33,787,143,5
0.46,0.97,-0.00,-2.44,1.59,6.59,1.08,7.21,36,789,148,5
0.45,0.99,-0.00,6.65,-1.77,1.34,1.08,7.01,40,794,150,3
0.43,0.98,0.07,13.79,-6.29,-3.97,1.07,15.67,36,801,153,4
0.43,0.87,0.08,13.18,-4.64,-8.18,0.97,16.19,32,810,152,6
0.45,0.87,0.04,13.37,-3.91,-5.62,0.98,15.02,28,818,151,7
0.46,0.70,0.05,20.32,-9.22,3.66,0.84,22.62,25,822,147,9
0.40,0.85,0.14,15.99,-9.64,16.30,0.95,24.78,26,814,142,12
0.45,0.92,0.09,11.54,-6.16,17.09,1.03,21.52,27,808,144,14
0.49,0.69,-0.01,18.62,-13.73,19.47,0.85,30.24,24,803,133,16
0.38,0.88,0.08,25.57,-25.09,30.27,0.97,46.90,25,790,127,15
0.22,0.82,0.43,20.57,-12.57,25.57,0.95,35.15,28,782,127,13
0.40,1.01,0.10,3.60,-0.49,27.59,1.09,27.83,27,785,127,12
0.37,1.27,0.17,8.30,-1.95,3.23,1.34,9.12,31,788,129,12
0.32,1.09,0.22,20.69,-0.79,-33.33,1.15,39.23,28,796,132,11
0.37,1.06,0.27,-5.19,9.70,-28.14,1.16,30.21,29,796,133,9
0.48,1.35,0.06,2.75,10.19,-53.89,1.43,54.92,24,806,131,9
0.51,0.42,0.01,27.10,-3.54,-60.79,0.66,66.65,18,818,131,11
0.38,0.91,0.27,25.76,-6.53,-35.10,1.02,44.02,15,811,122,14
0.40,1.42,0.42,19.84,4.52,-60.97,1.53,64.28,11,806,117,11
0.25,1.60,0.52,1.53,28.32,-109.80,1.70,113.41,8,821,108,5
0.35,1.81,0.20,-7.63,49.50,-173.95,1.85,181.02,5,837,86,0
0.49,1.26,-0.01,21.61,37.84,-234.62,1.35,238.63,2,835,43,0
0.80,0.56,0.20,64.88,17.21,-221.25,1.00,231.21,1,812,17,3
-0.18,-0.78,-0.30,50.60,20.20,-147.52,0.86,157.26,1,781,7,19
-0.57,0.81,-0.28,-76.17,-30.64,23.62,1.03,85.43,1,727,0,16
-0.67,0.16,0.05,-14.65,-33.75,54.87,0.69,66.07,1,740,0,18
-0.30,0.40,-0.10,-15.93,2.75,75.93,0.51,77.63,1,755,0,16
0.34,0.40,-0.05,-26.43,-0.73,51.64,0.52,58.01,1,775,0,15
0.55,0.45,0.05,-37.23,-32.10,48.83,0.71,69.29,1,794,0,14
0.62,0.45,0.18,-34.73,-69.21,82.34,0.79,113.03,1,799,0,13
0.85,0.56,0.44,-60.61,-62.38,65.55,1.11,108.91,1,812,0,10
0.90,0.31,0.67,-52.37,1.71,35.03,1.16,63.03,1,814,0,10
1.07,0.40,0.71,-26.31,41.02,81.48,1.35,94.94,1,822,0,9
1.44,0.40,0.50,-3.36,55.60,107.97,1.58,121.49,1,818,0,5
1.72,0.53,0.47,3.60,55.24,63.23,1.86,84.04,1,811,1,0
1.76,0.34,0.18,2.56,48.28,-26.67,1.80,55.22,1,814,1,0
0.36,0.75,-0.35,-66.35,43.58,179.75,0.90,196.50,3,843,59,0
0.29,2.14,-0.24,-36.19,4.21,167.85,2.17,171.76,6,846,97,0
0.32,2.14,0.07,5.00,-23.38,81.54,2.17,84.98,12,810,113,7
0.38,0.96,0.22,3.36,-9.03,22.16,1.06,24.16,19,791,127,11
0.43,1.09,0.10,-7.20,3.05,8.61,1.17,11.63,21,784,127,13
0.43,0.99,0.09,-8.18,3.48,-1.77,1.08,9.06,24,781,134,13
0.43,0.81,0.11,-10.62,2.87,-5.43,0.92,12.27,24,781,130,13
0.45,0.75,0.06,-17.15,5.43,2.26,0.88,18.13,25,783,135,10
0.45,0.96,-0.01,-16.36,6.16,10.80,1.06,20.55,26,782,131,10
0.46,0.96,-0.03,0.24,1.71,5.55,1.07,5.82,25,782,130,8
0.42,0.85,0.06,10.74,-2.38,2.99,0.95,11.40,25,788,125,11
0.42,0.83,0.10,8.24,0.00,4.70,0.94,9.49,23,786,131,11
0.42,0.83,0.05,2.87,0.37,7.51,0.94,8.05,23,784,130,13
0.43,0.94,0.06,-0.06,0.18,3.78,1.03,3.79,26,776,132,13
0.43,0.93,0.08,-2.50,0.06,-3.05,1.02,3.95,28,776,136,14
0.42,0.86,0.09,-4.70,1.04,-4.27,0.96,6.44,33,766,137,13
0.45,0.71,0.02,-9.70,2.99,0.79,0.84,10.19,37,762,138,13
0.40,0.73,0.06,-10.19,-0.92,11.60,0.84,15.47,41,754,131,11
0.42,0.79,0.06,-17.94,1.22,16.36,0.90,24.31,55,742,137,11
0.42,1.04,0.01,-21.73,0.85,19.10,1.12,28.95,72,734,137,8
0.40,1.06,0.01,-5.86,-5.49,10.50,1.14,13.22,81,736,141,8
0.40,0.96,0.01,2.26,-6.16,2.93,1.04,7.19,91,730,147,11
0.42,0.88,-0.01,8.73,-6.16,5.00,0.97,11.80,105,727,145,12
0.40,0.82,0.04,11.78,-9.28,7.39,0.91,16.71,112,730,147,16
0.39,0.83,0.06,7.75,-7.69,17.40,0.92,20.54,133,726,157,16
0.36,0.99,0.10,10.74,-7.02,12.08,1.06,17.63,136,725,155,15
0.37,0.93,0.10,4.58,-2.38,5.74,1.01,7.72,139,720,150,16
0.37,0.96,0.06,0.06,0.85,1.34,1.03,1.59,139,715,156,19
0.38,0.90,0.03,2.01,-2.56,0.43,0.97,3.29,148,715,148,16
0.36,0.77,0.12,3.05,-4.09,3.48,0.86,6.18,149,713,149,16
0.36,0.75,0.11,-3.54,-1.77,8.24,0.84,9.14,174,706,142,14
0.35,0.94,0.06,-6.96,0.55,15.44,1.00,16.95,195,699,141,15
0.39,0.80,0.02,-0.37,0.92,30.64,0.89,30.66,174,689,139,16
0.31,1.02,0.10,-2.14,2.50,13.49,1.07,13.88,189,681,138,15
0.34,0.90,0.02,-4.46,6.84,-0.79,0.97,8.20,225,677,140,12
0.41,0.77,-0.02,3.97,0.00,8.79,0.87,9.64,198,678,143,13
0.27,1.39,0.11,-1.53,1.65,-0.61,1.42,2.33,199,681,140,7
0.31,1.23,0.16,-5.98,7.32,-55.60,1.28,56.40,173,717,151,5
0.37,1.41,0.04,-6.16,11.84,-86.61,1.45,87.63,140,760,154,1
0.28,2.13,0.12,-6.29,11.72,-136.35,2.15,137.00,74,787,156,0
0.09,2.42,-0.05,3.91,15.50,-240.42,2.42,240.95,30,824,156,0
0.01,1.24,-0.25,29.17,10.86,-362.92,1.26,364.25,13,839,125,0
0.34,-1.08,-0.99,29.17,-19.10,-337.10,1.51,338.90,5,836,52,19
-2.48,0.12,-0.04,-43.70,-107.73,-69.09,2.48,135.24,1,725,0,16
-1.47,0.48,0.31,44.98,-28.32,97.23,1.58,110.81,1,767,3,15
-0.20,-0.25,-0.41,40.47,66.28,104.37,0.52,130.09,1,810,3,17
0.83,-0.18,0.14,-31.43,23.13,74.65,0.86,84.23,1,814,0,13
1.35,0.44,0.89,-51.27,-4.09,78.12,1.67,93.54,1,813,0,12
1.98,0.29,0.81,-3.36,2.93,67.44,2.16,67.59,1,815,0,8
2.09,0.11,0.23,23.86,13.12,37.23,2.11,46.13,1,812,0,6
1.40,0.33,-0.06,4.76,-10.13,18.01,1.44,21.20,1,813,1,2
1.57,0.55,0.47,6.41,-18.55,12.94,1.73,23.51,1,822,12,0
3.43,-2.09,-0.82,54.63,56.76,55.24,4.10,96.21,2,846,56,0
0.53,2.08,-0.39,-7.87,9.40,216.19,2.18,216.53,4,857,89,0
0.41,2.07,0.23,-12.70,-14.22,89.48,2.12,91.49,6,852,108,0
0.42,0.88,0.26,-8.36,-4.58,29.60,1.01,31.10,7,849,113,0
0.54,0.93,0.04,-28.87,12.15,15.69,1.08,35.03,8,849,117,0
0.61,1.12,-0.15,-14.16,4.94,7.81,1.28,16.91,9,854,119,0
