-,-,-
-0.55,0.14,0.07,-7.45,-53.16,176.33,0.57,184.32,1,796,0,0
-0.47,0.26,-0.02,-16.66,-89.42,226.93,0.54,244.48,2,798,0,0
-0.22,0.48,0.00,-23.32,-139.47,254.27,0.52,290.94,2,800,0,0
0.16,0.83,0.32,-50.72,-145.20,213.50,0.91,263.13,2,798,0,0
0.39,1.19,0.78,-70.86,-43.15,162.84,1.48,182.76,2,823,1,0
1.95,1.19,0.55,-40.47,101.93,149.90,2.35,185.74,2,830,4,0
3.39,1.05,0.43,-28.02,176.15,74.28,3.57,193.21,2,822,5,0
3.49,-0.45,-0.07,0.06,48.71,-32.53,3.52,58.57,3,814,5,0
0.98,-1.01,0.28,9.58,17.88,-98.39,1.43,100.46,3,835,23,0
0.35,0.23,0.22,-23.13,7.14,1.65,0.48,24.27,6,862,68,0
0.93,0.37,-0.16,-25.09,21.97,75.62,1.02,82.65,15,861,109,0
0.61,0.81,-0.18,-19.78,5.80,102.29,1.03,104.35,29,819,127,5
0.46,1.52,-0.14,5.80,-6.41,112.18,1.59,112.52,51,781,139,14
0.33,1.25,0.17,32.10,-10.74,80.38,1.30,87.22,79,747,145,18
0.32,1.06,0.13,30.21,-9.40,59.27,1.12,67.18,122,718,141,24
0.32,1.32,0.17,27.89,-8.42,28.50,1.37,40.76,150,704,147,28
0.30,1.15,0.23,8.67,1.22,-16.05,1.21,18.28,157,711,151,25
0.33,1.23,0.14,-8.79,6.35,-39.18,1.28,40.66,94,744,151,20
0.37,1.28,0.06,-11.17,4.52,-68.85,1.34,69.89,55,791,146,15
0.39,1.22,0.03,-6.77,-3.30,-94.42,1.29,94.72,28,835,153,9
0.35,0.91,0.18,8.67,-6.47,-121.40,0.99,121.88,17,870,147,3
0.42,0.61,0.20,14.28,2.56,-125.55,0.77,126.39,12,872,134,0
0.55,0.40,0.17,0.92,9.40,-107.97,0.70,108.38,11,873,130,0
0.65,0.62,0.12,-6.59,10.13,-82.28,0.91,83.16,10,875,113,0
0.73,0.69,0.07,-4.33,12.15,-63.66,1.01,64.95,8,866,88,0
0.96,1.19,0.09,-11.66,8.00,-65.06,1.53,66.58,5,847,51,0
1.16,1.25,-0.04,-41.56,6.04,-99.67,1.70,108.16,2,817,24,0
1.04,1.35,0.06,-82.82,-0.85,-106.69,1.70,135.07,1,802,7,0
1.08,1.15,-0.03,-59.63,-39.31,-81.30,1.58,108.21,1,771,0,0
0.41,1.01,0.20,-8.42,-76.72,-46.75,1.11,90.24,1,777,0,0
-0.10,0.48,0.20,28.14,-56.95,-42.72,0.53,76.55,1,785,0,0
-0.40,0.10,0.12,32.29,-12.02,-24.90,0.43,42.51,1,797,0,4
-0.42,-0.02,-0.06,24.05,21.36,6.84,0.42,32.88,1,797,0,2
-0.17,-0.13,-0.31,16.48,13.73,67.63,0.37,70.95,1,800,0,1
0.17,-0.12,-0.39,2.08,-20.63,110.84,0.44,112.76,1,795,1,2
0.37,0.21,-0.22,-28.69,-58.11,138.43,0.48,152.84,1,794,0,0
0.75,0.62,0.05,-34.18,-75.62,164.25,0.98,184.02,1,801,1,0
1.28,1.12,0.39,-36.56,-28.56,75.93,1.75,88.98,1,808,3,0
1.55,1.02,0.32,-5.37,28.26,6.71,1.88,29.54,2,824,5,0
2.08,-0.07,-0.17,36.01,32.71,-45.17,2.08,66.39,2,822,6,0
0.95,-0.28,0.86,-76.17,-101.75,-30.82,1.31,130.78,3,845,30,0
-0.10,0.88,0.93,-6.90,-1.71,57.01,1.28,57.45,5,860,69,0
0.74,0.65,0.04,-33.14,37.48,86.18,0.99,99.65,10,865,105,0
0.73,1.00,-0.20,-34.00,22.40,76.42,1.26,86.58,18,852,127,0
0.56,1.09,-0.05,-16.48,8.42,69.46,1.23,71.88,28,821,139,3
0.55,1.04,-0.03,-0.85,4.33,62.44,1.17,62.59,40,802,147,8
0.49,1.20,-0.02,13.00,-1.10,41.50,1.29,43.51,50,794,155,14
0.45,0.99,0.11,18.98,-6.53,22.16,1.09,29.90,55,787,151,16
0.45,1.08,0.10,14.04,-5.98,5.62,1.17,16.26,54,787,160,16
0.42,1.07,0.14,6.59,-6.35,-12.63,1.16,15.60,52,797,156,15
0.46,1.27,0.05,-0.67,-6.71,-44.25,1.35,44.76,34,822,155,12
0.40,1.29,0.12,4.09,-8.61,-80.69,1.35,81.25,20,858,149,6
0.41,1.10,0.12,18.25,-4.82,-111.08,1.18,112.68,13,871,143,0
0.51,0.70,0.09,28.02,-1.53,-124.27,0.87,127.40,10,867,137,0
0.56,0.68,0.20,19.04,-2.14,-109.92,0.90,111.58,9,868,123,0
0.67,0.75,0.13,12.70,2.81,-106.87,1.01,107.66,8,861,99,0
0.81,0.84,0.07,14.65,2.32,-103.21,1.17,104.27,6,852,59,0
0.85,1.00,0.17,14.95,0.79,-106.81,1.33,107.86,3,831,37,0
1.04,0.85,0.21,-38.70,10.93,-146.97,1.37,152.37,1,813,18,0
1.02,0.61,0.09,-84.66,11.66,-148.62,1.19,171.44,1,827,10,0
0.91,0.63,0.09,-87.71,-1.83,-110.11,1.12,140.78,1,811,1,0
0.59,0.35,-0.07,-29.85,-19.35,-23.44,0.69,42.60,1,793,0,0
0.37,0.28,-0.15,-14.53,-62.32,81.60,0.49,103.70,1,808,0,0
0.15,0.13,0.07,-15.26,-75.62,77.76,0.21,109.54,1,807,0,1
0.00,0.06,0.09,-8.00,-64.09,84.78,0.11,106.58,1,806,0,4
0.01,-0.13,-0.14,-12.63,-70.92,111.15,0.19,132.45,1,802,0,2
0.05,0.19,-0.02,-51.82,-97.41,107.36,0.19,153.95,1,792,0,2
0.34,0.74,0.60,-58.47,-83.07,50.84,1.01,113.60,1,792,0,1
0.70,0.08,0.31,-34.36,-70.07,81.18,0.77,112.61,2,785,0,0
0.91,0.75,1.02,-85.51,-34.48,57.25,1.56,108.53,2,793,2,0
1.33,0.37,0.98,-31.19,72.88,-31.86,1.69,85.43,2,803,7,0
0.72,-0.06,0.86,-56.27,24.48,34.06,1.12,70.18,3,840,41,0
0.55,0.92,-0.46,-26.73,62.38,120.79,1.17,138.55,6,863,79,0
0.95,1.63,-0.78,-49.62,20.94,100.28,2.04,113.83,12,869,115,0
0.67,1.07,-0.20,8.24,-24.96,62.19,1.28,67.52,21,850,135,0
0.40,0.85,0.48,12.82,-18.62,58.96,1.05,63.14,32,810,142,5
0.44,0.90,0.15,-5.00,7.26,58.53,1.01,59.19,43,810,147,11
0.45,1.13,0.06,-2.56,3.54,48.03,1.22,48.23,58,786,152,18
0.44,1.08,0.10,-0.49,0.43,23.68,1.17,23.69,74,777,152,16
0.48,1.13,0.04,1.53,-6.90,6.35,1.22,9.50,77,769,151,17
0.43,1.27,0.09,4.58,-12.15,-14.71,1.35,19.62,70,779,151,14
0.41,1.34,0.11,9.03,-14.04,-44.74,1.41,47.75,48,804,156,9
0.38,1.42,0.10,20.57,-12.76,-83.25,1.48,86.70,27,838,149,5
0.40,1.01,0.14,36.87,-12.70,-122.92,1.09,128.96,18,859,134,0
0.50,0.57,0.17,25.39,-1.89,-119.26,0.78,121.95,12,848,127,0
0.58,0.55,0.16,13.61,-0.06,-103.82,0.82,104.71,8,847,105,0
0.65,0.65,0.18,10.68,7.51,-88.13,0.94,89.10,7,842,82,0
0.72,0.78,0.23,11.05,9.16,-79.59,1.09,80.87,4,820,51,0
0.78,1.10,0.33,-11.35,17.33,-95.28,1.39,97.50,2,801,29,0
0.97,1.17,0.36,-50.60,32.90,-129.82,1.56,143.16,1,802,15,0
0.88,1.05,0.13,-67.26,34.30,-156.19,1.38,173.48,1,795,5,0
0.79,0.90,0.11,-48.16,21.85,-144.17,1.20,153.56,1,810,1,0
0.46,0.33,-0.02,8.73,7.69,-71.41,0.57,72.35,1,815,0,0
0.19,0.37,0.00,16.42,-1.10,9.28,0.41,18.89,1,817,0,0
0.15,0.22,-0.08,31.07,-4.27,54.02,0.28,62.46,1,820,0,0
0.15,0.05,-0.29,24.35,-17.76,88.68,0.33,93.67,1,806,0,2
0.16,-0.02,-0.44,-13.18,-79.10,119.87,0.47,144.22,1,806,0,2
0.15,0.15,-0.36,-53.22,-129.94,130.92,0.42,191.98,1,807,0,4
0.23,0.37,0.08,-82.09,-156.74,129.09,0.44,219.02,1,806,0,0
0.51,0.44,0.46,-73.36,-128.91,106.93,0.82,182.85,2,813,0,0
0.79,0.57,0.98,-63.11,-16.85,55.18,1.38,85.50,2,819,0,0
0.86,0.32,0.68,-15.81,82.70,52.80,1.15,99.38,2,819,1,0
2.56,0.42,0.37,-16.78,134.03,-10.50,2.62,135.49,2,824,15,0
1.01,-1.46,0.99,-22.22,8.36,-0.67,2.03,23.75,4,853,54,0
0.48,0.89,-0.26,-29.05,69.58,120.36,1.04,142.03,8,866,100,0
0.69,1.67,-0.67,-43.33,35.34,98.39,1.93,113.17,17,852,125,0
0.51,1.08,-0.04,1.22,-1.77,62.74,1.20,62.78,30,818,141,9
0.39,1.06,0.15,-2.26,2.26,51.88,1.14,51.98,47,797,148,11
0.43,1.16,0.01,-9.22,9.40,34.18,1.24,36.63,57,789,149,16
0.40,1.14,0.03,-3.42,-0.55,6.84,1.21,7.66,67,783,158,19
0.46,0.88,-0.02,-5.74,-0.06,-6.10,0.99,8.38,77,779,162,18
0.51,0.88,-0.10,1.10,-5.49,-2.99,1.02,6.35,77,778,162,18
0.50,0.92,-0.08,14.22,-13.55,2.50,1.05,19.80,76,779,156,18
0.47,1.10,0.02,24.23,-19.65,-6.29,1.20,31.83,67,793,157,15
0.49,1.31,-0.05,30.33,-22.58,-30.03,1.40,48.29,48,811,157,10
0.44,1.22,0.06,42.24,-23.93,-59.94,1.30,77.13,29,841,150,5
0.44,1.01,0.07,49.87,-22.83,-84.17,1.10,100.46,17,862,139,0
0.51,0.75,0.09,45.47,-21.00,-91.67,0.91,104.46,11,861,131,0
0.54,0.75,0.15,33.14,-22.40,-88.01,0.94,96.68,8,861,118,0
0.65,0.90,0.14,22.77,-14.89,-89.60,1.12,93.64,6,859,97,0
0.80,1.11,0.05,18.19,-17.94,-98.39,1.37,101.65,4,846,61,0
0.93,1.07,0.09,0.43,-23.38,-137.63,1.41,139.61,1,826,35,0
0.80,0.80,0.20,-55.48,-20.20,-153.56,1.15,164.52,1,824,15,0
0.85,0.70,0.18,-87.04,-20.39,-148.93,1.12,173.69,1,809,10,0
0.57,0.76,0.40,-66.28,-20.08,-96.74,1.03,118.98,1,812,0,1
0.27,0.44,0.29,-2.38,23.07,-34.24,0.59,41.36,1,801,0,1
0.23,0.30,-0.02,8.85,64.15,21.55,0.38,68.25,1,795,0,3
0.14,0.26,-0.14,0.85,49.50,33.08,0.33,59.54,1,793,0,3
-0.09,0.20,-0.23,-7.81,1.40,58.17,0.32,58.71,1,797,0,4
-0.37,0.30,-0.16,-20.39,-53.04,101.93,0.50,116.70,1,793,0,3
-0.51,0.48,-0.02,-32.71,-85.39,152.10,0.70,177.47,1,795,0,3
-0.32,0.81,0.07,-44.56,-64.88,184.39,0.88,200.48,1,796,0,2
0.30,0.83,-0.06,-67.87,-28.56,158.02,0.88,174.34,1,798,1,2
0.95,1.37,0.26,-93.87,6.84,142.40,1.69,170.69,2,805,2,0
2.47,1.33,0.33,-20.32,17.70,54.81,2.82,61.08,2,811,6,0
3.55,-1.06,0.83,18.86,-85.33,-92.04,3.79,126.92,4,844,36,2
-0.31,0.69,0.65,10.62,-40.77,34.79,1.00,54.64,6,860,63,0
0.53,0.51,0.40,0.24,24.29,19.90,0.84,31.40,12,860,105,0
0.59,1.02,-0.08,-34.00,40.22,28.75,1.18,60.00,19,849,123,2
0.52,1.00,-0.05,-27.83,21.91,43.46,1.13,56.06,31,821,141,7
0.50,1.01,-0.08,-9.83,15.08,36.19,1.13,40.42,46,799,148,10
0.48,0.99,-0.03,3.30,4.27,29.85,1.10,30.33,64,787,154,14
0.44,1.03,0.04,4.88,0.55,18.37,1.12,19.02,71,778,158,16
0.45,1.16,0.01,-2.08,3.54,-2.93,1.24,5.04,77,773,159,15
0.46,1.03,0.02,0.49,-1.77,-22.89,1.13,22.96,72,781,162,14
0.47,1.00,0.00,0.18,-4.64,-32.23,1.11,32.56,59,805,162,9
0.47,1.06,0.01,3.78,-6.41,-41.20,1.16,41.87,42,832,152,5
0.49,1.00,0.00,14.10,-9.34,-60.06,1.11,62.39,26,864,157,1
0.52,0.86,-0.00,24.29,-12.82,-65.73,1.00,71.24,20,876,150,0
0.54,0.68,0.04,31.56,-16.60,-62.87,0.87,72.27,14,881,142,0
0.57,0.57,0.05,29.60,-17.88,-49.62,0.81,60.48,12,875,129,0
0.69,0.60,-0.03,28.87,-26.06,-27.28,0.91,47.51,10,871,125,0
0.65,0.71,0.04,26.55,-31.62,-13.61,0.96,43.47,9,863,112,0
0.62,0.94,-0.03,17.58,-40.16,-23.44,1.13,49.71,8,848,98,0
0.51,1.65,0.31,-10.93,-39.12,-76.29,1.75,86.43,8,838,96,0
0.60,1.62,0.28,-28.08,-23.50,-165.53,1.75,169.53,7,839,84,0
0.76,1.18,0.04,-54.69,-19.04,-212.16,1.40,219.92,5,828,52,0
0.77,0.85,-0.20,-85.88,-32.78,-229.25,1.17,246.99,2,815,26,0
0.82,0.62,-0.28,-111.57,-55.18,-216.06,1.06,249.35,1,816,17,0
0.62,0.27,-0.28,-101.62,-95.70,-115.66,0.73,181.28,1,818,4,4
-0.08,-0.03,-0.05,-106.38,-138.43,46.94,0.10,180.78,1,802,0,7
-0.88,0.58,0.20,-131.77,-77.09,183.90,1.07,239.01,1,785,0,5
-0.10,0.79,0.05,-112.92,7.87,206.05,0.80,235.10,1,782,0,4
0.50,0.63,-0.15,-129.46,10.25,134.22,0.82,186.76,2,782,0,4
0.25,0.62,0.29,-137.63,-105.59,94.67,0.73,197.62,2,789,1,4
0.28,0.87,0.91,-136.96,-164.86,117.49,1.29,244.42,2,791,1,2
1.36,0.82,1.01,-105.16,-137.02,68.05,1.88,185.65,2,792,2,1
1.79,0.56,1.09,-83.37,-129.39,19.23,2.16,155.13,2,802,0,0
1.80,-0.39,1.09,-45.17,-71.17,-70.86,2.14,110.12,3,834,18,0
-0.26,0.93,0.96,-25.33,-1.53,23.32,1.36,34.46,4,866,50,0
0.79,0.27,0.19,-33.02,48.83,53.83,0.86,79.83,8,871,89,0
0.77,1.31,-0.47,-56.70,45.78,77.39,1.59,106.30,15,861,120,0
0.71,1.39,-0.42,6.65,-10.80,50.17,1.62,51.75,31,820,139,4
0.42,0.92,0.18,27.83,-24.66,37.54,1.03,52.84,43,794,147,6
0.37,0.69,0.31,11.23,-7.63,35.52,0.84,38.03,63,775,157,9
0.52,0.98,-0.03,1.16,3.36,46.88,1.11,47.01,81,761,162,13
0.47,1.26,0.01,14.95,-9.09,28.32,1.35,33.29,103,753,162,13
0.42,1.31,0.11,14.95,-8.67,0.61,1.38,17.29,90,758,161,12
0.42,1.37,0.10,13.00,-11.96,-33.87,1.43,38.20,67,784,154,7
0.38,1.39,0.13,15.44,-12.76,-75.01,1.44,77.64,38,825,155,3
0.38,1.13,0.14,24.17,-9.77,-111.57,1.20,114.58,22,859,143,0
0.49,0.59,0.14,25.27,-5.62,-127.01,0.78,129.62,15,863,130,0
0.64,0.49,-0.01,14.65,-8.73,-115.48,0.81,116.73,11,856,116,0
0.75,0.47,0.01,5.74,-21.00,-101.50,0.89,103.81,10,847,103,0
1.16,0.38,-0.40,-22.83,-36.13,-76.66,1.28,87.77,7,838,69,0
1.19,1.25,-0.44,-121.28,-79.90,-109.56,1.78,181.92,3,828,38,0
0.84,1.87,-0.08,-167.66,-99.00,-147.22,2.05,244.10,1,811,15,0
0.48,1.79,0.11,-158.87,-108.70,-154.54,1.86,246.86,1,796,2,0
0.07,1.51,0.25,-84.84,-114.20,-105.71,1.53,177.24,1,786,0,0
-0.27,1.13,0.27,1.34,-73.12,-37.35,1.19,82.12,1,792,0,0
-0.49,0.31,0.12,-20.20,-16.97,-19.35,0.60,32.72,1,791,0,2
-0.62,0.36,0.28,-40.28,16.48,28.20,0.77,51.86,1,797,0,1
-0.38,0.20,0.15,-27.53,26.06,93.87,0.45,101.24,1,794,0,2
-0.05,0.27,-0.01,-29.91,-17.76,152.10,0.28,156.03,1,789,0,3
0.10,0.29,-0.08,-49.56,-73.30,162.72,0.32,185.22,2,791,0,2
0.21,0.78,0.43,-74.83,-101.26,147.40,0.91,193.85,1,798,0,0
0.69,0.84,0.75,-61.10,-51.45,118.04,1.32,142.53,1,803,0,0
1.49,0.57,0.79,-83.62,23.80,100.89,1.78,133.18,2,813,1,0
2.89,1.19,1.30,-9.16,69.09,37.78,3.39,79.28,2,817,0,0
2.66,-0.72,0.69,24.11,-17.09,-105.47,2.84,109.53,2,831,14,0
0.70,0.93,0.08,21.24,54.20,20.14,1.16,61.60,5,860,45,0
0.59,1.47,0.02,-23.32,4.52,53.65,1.58,58.67,10,873,95,0
0.49,1.14,-0.09,11.23,-34.00,58.11,1.24,68.25,20,838,117,0
0.39,0.83,0.24,20.14,-28.63,71.90,0.94,79.97,35,799,138,2
0.31,1.01,0.30,9.52,-7.20,82.82,1.10,83.68,56,767,147,8
0.33,1.17,0.18,-1.89,2.69,68.60,1.23,68.68,92,737,150,9
0.34,1.24,0.19,-10.25,4.64,28.44,1.30,30.59,152,716,157,12
0.39,1.21,0.03,-18.62,7.26,9.28,1.27,22.03,155,704,160,12
0.36,1.31,0.06,-8.18,0.67,-12.82,1.36,15.22,161,707,157,7
0.36,1.29,0.11,-5.62,0.79,-42.11,1.34,42.49,134,738,165,3
0.38,1.42,0.08,-5.49,1.77,-87.65,1.47,87.84,78,793,160,0
0.36,1.19,0.08,2.26,0.43,-122.38,1.24,122.40,40,836,157,0
0.42,0.93,0.12,8.91,5.07,-140.69,1.03,141.06,28,861,145,0
0.46,0.71,0.18,-0.31,8.18,-144.96,0.86,145.19,19,863,135,0
0.60,0.62,0.14,-17.15,13.00,-135.62,0.87,137.32,14,860,112,0
0.82,0.49,0.06,-31.07,20.69,-119.32,0.96,125.03,11,847,77,0
1.11,0.73,-0.10,-48.52,21.91,-94.42,1.33,108.40,5,828,38,0
1.26,1.27,-0.10,-104.55,9.22,-102.05,1.79,146.39,2,804,13,0
1.21,1.83,0.10,-119.26,-7.45,-118.71,2.19,168.44,1,787,4,0
0.89,1.38,0.24,-31.31,-78.12,-130.55,1.66,155.33,1,796,1,0
0.26,1.34,0.42,28.87,-94.73,-97.72,1.43,139.12,1,807,0,0
-0.28,0.70,0.21,79.71,-63.42,-86.00,0.78,133.31,1,812,0,0
-0.62,0.10,-0.06,86.36,-28.81,-37.66,0.63,98.52,1,815,0,1
-0.73,-0.01,-0.24,54.02,-10.01,45.10,0.77,71.08,1,817,0,0
-0.66,-0.07,-0.40,34.24,-29.36,116.46,0.77,124.88,1,816,0,1
-0.51,0.16,-0.41,7.14,-67.44,185.85,0.67,197.84,1,818,0,2
-0.34,0.47,-0.31,-20.45,-95.52,219.60,0.65,240.35,1,817,0,2
-0.11,0.82,-0.10,-64.76,-86.55,215.58,0.83,241.16,1,807,0,0
0.47,1.54,0.40,-98.21,-20.81,183.72,1.66,209.35,2,794,0,0
1.83,1.94,0.88,-92.53,89.66,142.82,2.81,192.35,3,788,3,0
3.49,0.85,0.83,-7.32,103.58,53.96,3.69,117.02,3,786,5,0
3.24,-0.09,1.22,3.72,36.50,-57.25,3.46,68.00,4,786,13,0
1.08,-0.48,-0.92,11.47,80.20,-3.17,1.49,81.08,8,845,49,0
0.98,1.11,-0.65,-35.83,37.48,28.81,1.62,59.31,16,858,95,0
0.83,1.09,-0.46,-14.47,-7.63,30.46,1.44,34.57,23,858,125,0
0.47,0.75,0.15,20.45,-21.18,34.06,0.90,45.02,32,835,138,0
0.38,0.95,0.26,13.43,-7.26,33.39,1.06,36.71,40,810,141,7
0.45,0.83,0.14,-8.73,14.65,26.92,0.95,31.86,51,795,150,12
0.48,1.07,0.02,-21.12,18.01,17.64,1.17,32.88,65,784,159,16
0.55,0.95,-0.10,-18.49,15.87,3.42,1.10,24.61,74,779,164,14
0.50,1.03,-0.04,-2.75,1.71,-1.16,1.15,3.44,83,775,167,16
0.46,1.16,0.01,2.81,-5.00,-13.06,1.25,14.27,86,777,162,12
0.45,1.17,0.05,1.95,-5.80,-33.51,1.26,34.06,69,795,166,9
0.48,1.24,-0.01,1.53,-5.43,-60.24,1.33,60.51,42,833,162,4
0.47,1.07,0.03,16.48,-7.75,-92.65,1.16,94.42,26,863,153,0
0.55,0.87,0.00,23.44,-9.40,-106.38,1.03,109.34,19,873,144,0
0.57,0.66,0.07,23.44,-8.91,-107.54,0.87,110.43,14,869,136,0
0.61,0.46,0.19,11.29,-5.31,-95.40,0.79,96.21,12,866,124,0
0.70,0.57,0.17,-4.52,7.26,-71.35,0.91,71.86,11,860,95,0
0.85,0.70,0.11,-12.39,12.82,-65.25,1.11,67.64,8,850,70,0
0.96,1.10,0.08,-43.76,16.54,-76.97,1.47,90.07,4,825,49,0
1.31,1.40,0.41,-94.30,22.71,-133.12,1.96,164.71,2,817,26,0
1.43,1.49,0.42,-46.57,33.57,-188.05,2.11,196.62,1,818,8,0
1.34,0.84,-0.02,17.94,8.54,-183.90,1.58,184.97,0,0,2,0
0.67,0.63,-0.09,25.94,-58.35,-131.71,0.93,146.38,1,821,0,0
-0.10,0.78,0.12,48.52,-101.99,-57.31,0.79,126.65,1,821,0,0
-0.61,0.32,-0.05,86.98,-94.85,-6.35,0.69,128.85,1,836,0,0
-1.00,-0.13,-0.30,60.79,-66.04,67.63,1.05,112.38,1,836,0,2
-0.95,0.07,-0.37,20.87,-51.15,155.64,1.02,165.15,1,838,0,4
-0.65,0.20,-0.40,-11.90,-46.81,222.05,0.79,227.24,1,838,0,2
-0.30,0.58,-0.29,-49.13,-56.52,274.17,0.72,284.21,1,819,0,1
0.46,1.14,0.13,-84.41,-38.76,255.07,1.23,271.45,1,815,0,0
1.44,1.46,0.64,-79.16,24.84,164.25,2.14,184.01,2,802,0,0
2.81,1.23,0.56,-30.58,79.65,80.75,3.12,117.47,2,796,3,0
4.00,0.29,0.68,-15.32,25.70,-31.68,4.07,43.57,2,809,16,0
1.12,-0.73,0.93,-13.18,33.69,62.13,1.63,71.90,4,845,39,0
0.33,1.67,0.04,-43.09,44.07,45.17,1.70,76.41,8,858,82,0
0.81,1.04,-0.35,-39.67,21.61,28.50,1.36,53.42,16,860,117,0
0.75,0.67,-0.18,-9.16,5.31,36.50,1.02,38.00,28,835,130,0
0.47,0.96,0.05,8.36,-3.11,46.63,1.07,47.48,40,810,140,6
0.45,0.87,0.10,8.24,1.77,37.11,0.98,38.05,50,791,147,12
0.44,0.96,0.10,0.73,2.32,32.29,1.06,32.38,73,779,151,14
0.45,1.17,0.02,-5.31,5.55,21.97,1.25,23.28,85,768,162,16
0.44,1.17,0.04,-0.61,0.18,1.95,1.25,2.05,94,763,163,16
0.42,1.21,0.07,-5.07,-0.79,-23.25,1.29,23.81,92,775,158,8
0.44,1.33,0.01,-4.58,-4.76,-53.65,1.40,54.05,63,808,164,6
0.43,1.30,0.03,3.78,-8.30,-89.05,1.37,89.52,35,852,161,0
0.41,0.96,0.10,18.43,-7.14,-119.02,1.05,120.65,24,870,153,0
0.53,0.74,0.16,3.78,2.75,-130.68,0.92,130.76,17,876,145,0
0.62,0.63,0.07,-7.14,7.08,-128.72,0.89,129.12,15,868,129,0
0.75,0.69,0.11,-16.36,5.92,-114.69,1.02,116.00,13,861,102,0
1.03,0.67,-0.20,-23.13,10.68,-104.43,1.25,107.49,9,849,57,0
1.27,0.90,-0.45,-109.56,-4.09,-120.85,1.62,163.17,3,822,25,0
1.30,1.51,-0.15,-194.82,-24.96,-120.67,2.00,230.52,1,823,6,0
1.00,2.08,0.46,-148.93,-40.47,-131.35,2.35,202.65,1,819,0,0
0.45,1.40,0.45,12.39,-33.87,-111.82,1.54,117.49,1,832,0,0
0.28,0.66,-0.13,98.02,-44.68,-49.99,0.73,118.76,1,836,0,0
-0.30,0.14,-0.12,56.34,-76.48,-25.21,0.35,98.27,1,832,0,0
-0.60,0.06,0.04,41.63,-76.66,16.72,0.61,88.82,1,839,0,0
-0.59,-0.25,-0.10,31.98,-59.39,74.65,0.65,100.61,1,840,0,0
-0.44,-0.22,-0.19,-0.98,-57.31,143.37,0.53,154.41,1,836,0,0
-0.08,0.07,-0.00,-43.33,-67.99,186.22,0.11,202.92,1,835,0,0
0.40,0.38,0.21,-51.64,-59.14,195.13,0.59,210.33,1,838,0,0
1.12,0.76,0.56,-63.78,-47.79,163.64,1.46,182.01,1,831,0,0
1.40,1.40,1.12,-41.93,0.79,84.11,2.28,93.98,2,821,0,0
2.55,0.28,0.32,-0.12,-14.47,64.21,2.58,65.82,2,818,1,0
2.21,0.39,0.83,-43.21,-42.48,-38.57,2.39,71.83,2,815,2,0
0.66,0.59,0.52,-52.92,58.04,-27.40,1.03,83.19,3,838,26,0
0.69,0.71,-0.38,-19.65,53.77,30.15,1.06,64.71,6,865,70,0
1.02,0.70,-0.11,-41.99,18.25,78.12,1.24,90.55,12,867,108,0
0.62,0.58,0.06,-21.91,9.70,62.56,0.85,66.99,19,851,133,0
0.37,1.00,0.28,-28.99,13.98,74.65,1.10,81.29,32,814,140,0
0.42,1.07,0.06,-48.22,31.92,63.23,1.15,85.69,45,799,149,6
0.55,1.13,-0.25,-19.41,19.23,46.69,1.28,54.10,64,781,152,13
0.44,1.05,-0.01,-9.64,8.97,29.42,1.14,32.23,84,770,161,16
0.42,1.20,-0.04,-12.21,2.87,10.93,1.27,16.63,105,759,159,15
0.42,1.14,-0.05,-5.74,-1.28,-7.81,1.21,9.78,107,766,166,11
0.43,1.19,-0.03,-0.79,-4.82,-33.51,1.26,33.86,83,786,161,8
0.47,1.32,-0.12,10.25,-14.40,-58.72,1.41,61.32,55,825,166,4
0.45,1.32,-0.10,35.22,-23.74,-91.49,1.40,100.87,34,860,160,0
0.54,1.16,-0.19,59.57,-33.33,-125.55,1.29,142.90,24,872,148,0
0.56,1.02,-0.10,57.07,-48.28,-148.19,1.17,165.98,16,872,136,0
0.66,0.66,0.10,10.19,-46.14,-164.12,0.94,170.79,12,864,111,0
1.02,0.66,-0.06,-21.55,-39.92,-150.45,1.22,157.14,8,858,70,0
1.31,0.73,-0.18,-62.56,-41.99,-143.01,1.51,161.64,3,842,30,0
1.31,1.36,0.25,-132.75,-50.60,-155.15,1.91,210.37,1,837,6,0
0.81,1.36,0.98,-41.93,-11.23,-143.98,1.86,150.38,1,818,0,0
0.48,0.50,0.35,30.09,60.00,-78.06,0.78,102.95,1,822,0,0
0.58,0.58,0.00,12.63,71.90,-28.44,0.82,78.35,1,817,0,0
0.23,0.58,0.01,-0.79,24.90,-32.90,0.62,41.27,1,818,0,0
-0.35,0.45,0.13,20.94,-40.95,-7.39,0.58,46.58,1,817,0,0
-0.78,-0.10,-0.25,28.99,-81.36,30.40,0.82,91.56,1,823,0,0
-0.91,-0.14,-0.37,-9.09,-122.80,94.24,1.00,155.06,1,819,0,1
-0.85,0.15,-0.23,-50.60,-147.71,164.61,0.89,226.88,1,820,0,0
-0.45,0.45,0.02,-80.93,-123.29,184.57,0.64,236.26,1,813,0,0
0.62,1.01,0.54,-105.96,-60.18,147.28,1.30,191.15,1,814,0,0
1.60,0.84,0.69,-81.79,-29.42,162.05,1.93,183.89,2,823,0,0
2.22,0.77,1.02,-88.75,44.56,100.89,2.56,141.56,2,819,1,0
3.28,0.36,0.74,-64.27,111.63,-0.49,3.38,128.81,2,814,2,0
0.47,-0.72,1.02,-12.88,-2.44,6.35,1.33,14.56,4,855,33,0
0.87,0.41,-1.24,44.43,53.65,101.26,1.57,122.91,7,872,84,0
0.89,1.48,-0.38,-12.27,-12.57,82.89,1.77,84.73,16,859,121,0
0.59,0.82,0.07,22.34,-35.83,47.30,1.01,63.40,31,814,132,0
0.32,0.65,0.36,17.27,-12.21,55.11,0.81,59.03,40,793,145,0
0.40,0.84,0.14,1.28,7.45,61.16,0.94,61.62,55,771,152,6
0.36,1.16,0.16,1.83,2.87,53.16,1.22,53.27,80,750,157,7
0.36,1.16,0.15,-4.88,6.41,29.66,1.22,30.74,119,732,163,11
0.43,1.17,0.02,-8.42,3.97,4.76,1.25,10.46,129,725,160,11
0.37,1.26,0.10,-4.64,0.00,-20.69,1.31,21.20,138,737,162,8
0.42,1.30,0.03,-5.37,-0.55,-45.78,1.37,46.09,78,778,166,5
0.43,1.42,-0.01,4.46,-7.08,-78.43,1.48,78.88,43,823,163,0
0.37,1.20,0.07,21.79,-11.23,-124.15,1.26,126.54,25,863,157,0
0.47,0.76,0.10,31.37,-8.85,-139.53,0.90,143.28,18,872,148,0
0.59,0.76,0.05,17.76,-9.16,-135.62,0.96,137.08,12,872,133,0
0.66,0.75,0.11,2.99,-12.63,-134.64,1.01,135.27,9,866,108,0
0.92,0.82,-0.00,-4.33,-9.77,-129.27,1.23,129.71,6,862,69,0
1.56,0.97,-0.35,-66.16,-18.98,-151.61,1.87,166.50,2,845,34,0
1.43,1.60,0.22,-142.82,-30.94,-188.35,2.15,238.40,1,847,11,0
1.19,1.23,0.25,-111.51,-17.52,-229.06,1.73,255.37,0,0,2,0
0.84,0.68,0.25,-59.75,-18.98,-203.92,1.11,213.34,1,842,0,0
0.22,0.36,0.06,8.91,-13.18,-71.11,0.43,72.86,1,848,0,0
-0.05,0.05,-0.12,3.54,-26.25,-22.03,0.14,34.45,1,845,0,0
-0.36,0.07,0.02,-24.29,-39.67,-2.75,0.37,46.60,1,847,0,0
-0.60,-0.14,-0.02,-21.85,-42.18,37.54,0.61,60.54,1,844,0,0
-0.63,-0.26,-0.13,-55.66,-62.93,133.06,0.69,157.36,1,840,0,0
-0.32,0.16,-0.15,-83.44,-93.02,179.63,0.39,218.81,1,834,0,0
0.06,0.54,0.03,-115.42,-119.45,146.36,0.54,221.38,1,818,0,0
0.24,0.50,0.32,-130.98,-150.27,147.71,0.64,248.10,2,826,0,0
0.50,1.12,1.12,-121.70,-72.20,141.36,1.66,200.02,2,826,0,0
1.76,1.08,1.12,-71.11,52.37,126.89,2.36,154.60,2,813,2,0
2.72,-0.10,0.52,-43.95,46.45,35.77,2.77,73.27,3,801,3,0
1.58,0.23,1.68,-72.08,9.95,-53.47,2.32,90.30,3,840,34,0
0.82,0.33,-0.32,29.85,80.32,115.78,0.94,144.04,8,865,77,0
0.87,1.55,-0.46,-33.75,30.52,108.89,1.84,118.01,15,874,118,0
0.51,1.23,-0.02,5.25,-10.19,73.55,1.34,74.44,24,853,135,0
0.38,1.03,0.27,16.36,-9.64,55.97,1.13,59.10,36,822,147,0
0.37,1.06,0.20,-0.85,6.90,37.84,1.15,38.47,45,808,152,2
0.51,1.15,-0.08,-10.31,11.41,20.02,1.26,25.25,49,803,155,8
0.43,0.80,0.09,-4.94,3.42,-2.08,0.92,6.36,59,797,160,9
0.49,0.88,0.00,-20.20,12.21,7.93,1.00,24.90,71,791,163,10
0.52,1.08,-0.12,-14.59,3.85,8.36,1.21,17.25,74,786,157,8
0.46,1.38,-0.05,-2.75,-4.58,-19.41,1.46,20.13,72,795,158,3
0.46,1.41,-0.06,9.40,-11.78,-59.33,1.48,61.21,44,839,162,0
0.43,1.12,0.00,28.75,-16.36,-97.60,1.20,103.05,29,871,157,0
0.48,0.87,0.04,31.13,-15.50,-117.98,0.99,123.00,22,878,146,0
0.56,0.70,0.02,15.38,-18.74,-123.41,0.89,125.77,18,877,134,0
0.64,0.36,0.07,6.23,-16.66,-102.66,0.74,104.19,15,870,122,0
0.77,0.56,-0.06,7.02,-14.40,-70.80,0.95,72.59,13,864,95,0
0.89,0.57,-0.12,15.32,-27.47,-53.89,1.06,62.40,9,865,71,0
0.97,0.63,-0.08,-2.87,-38.76,-42.79,1.16,57.80,3,844,41,0
1.36,0.54,-0.26,-104.68,-44.49,-59.33,1.49,128.28,2,828,21,0
1.28,1.24,-0.07,-199.58,-50.48,-83.44,1.79,222.13,1,820,5,0
1.38,1.67,0.26,-180.85,-68.42,-95.64,2.18,215.72,1,794,0,0
0.88,1.27,0.33,-88.87,-90.94,-105.47,1.58,165.20,1,789,0,0
0.01,0.64,0.24,-10.38,-91.19,-71.11,0.68,116.10,1,796,0,0
-0.33,0.25,0.03,-6.65,-77.58,-46.63,0.41,90.76,1,803,0,0
-0.58,0.17,-0.07,-21.18,-77.33,-5.62,0.61,80.38,1,809,0,0
-0.69,0.08,-0.13,-31.62,-85.45,43.27,0.71,100.87,1,812,0,0
-0.69,0.25,-0.03,-61.95,-93.32,97.90,0.73,148.77,1,821,0,0
-0.53,0.46,0.04,-86.12,-102.05,133.30,0.70,188.68,1,821,0,0
-0.34,1.10,0.57,-96.07,-90.21,170.65,1.29,215.62,1,823,0,0
0.36,0.99,0.40,-69.34,-10.80,173.95,1.12,187.57,1,823,0,0
1.28,0.80,0.17,-124.45,77.58,106.63,1.52,181.32,1,828,1,0
3.97,1.67,0.74,-120.61,90.94,-58.17,4.36,161.86,1,840,4,0
1.18,-3.98,0.86,12.33,-37.05,-132.93,4.24,138.55,4,879,46,0
0.17,0.69,-0.78,38.27,26.06,112.49,1.06,121.64,9,878,83,0
0.67,1.37,0.06,-8.73,-6.77,80.69,1.53,81.44,23,859,121,0
0.60,0.93,-0.07,15.56,-19.29,62.74,1.10,67.46,39,822,141,0
0.36,1.30,0.20,19.23,-14.10,77.09,1.37,80.69,62,789,153,0
0.44,1.05,0.05,16.30,-2.14,55.73,1.14,58.10,73,776,155,0
0.38,1.05,0.16,16.48,-4.70,37.84,1.13,41.54,99,753,158,2
0.38,1.19,0.12,-2.14,3.17,2.99,1.26,4.86,127,745,164,6
0.43,1.00,0.08,-7.81,4.09,-17.58,1.09,19.67,116,744,167,3
0.48,1.15,-0.02,-7.51,1.59,-29.79,1.24,30.76,99,764,169,0
0.43,1.27,0.01,0.55,-4.52,-53.10,1.34,53.30,66,803,167,0
0.45,1.18,0.02,18.86,-7.51,-89.78,1.26,92.05,42,845,159,0
0.50,1.00,-0.00,28.63,-11.35,-113.89,1.12,117.98,27,871,152,0
0.54,0.65,0.07,27.10,-13.92,-122.86,0.85,126.58,21,877,146,0
0.59,0.47,0.13,7.75,-11.17,-113.59,0.77,114.40,17,871,132,0
0.69,0.61,0.10,-27.77,-8.00,-99.12,0.93,103.25,14,861,114,0
0.98,0.85,-0.13,-53.71,-7.14,-101.87,1.30,115.38,11,856,83,0
1.11,1.08,-0.35,-87.40,-12.76,-122.44,1.59,150.97,6,844,48,0
1.34,1.27,-0.07,-165.41,-29.97,-158.81,1.85,231.25,2,830,18,0
1.44,1.63,-0.04,-178.16,-46.63,-171.08,2.17,251.37,1,827,3,0
1.04,1.31,0.10,-108.46,-91.13,-153.75,1.68,209.06,0,0,0,0
0.25,0.92,0.38,-49.26,-115.42,-99.91,1.02,160.41,1,826,0,0
-0.37,0.45,0.39,-0.37,-88.01,-55.97,0.70,104.30,1,830,0,0
-0.73,0.03,0.24,3.05,-18.07,-3.36,0.77,18.63,1,835,0,0
-0.69,-0.19,-0.08,-10.80,-18.13,80.87,0.72,83.58,1,831,0,0
-0.50,-0.01,-0.14,-44.37,-48.71,148.25,0.52,162.24,1,827,0,0
-0.25,0.09,-0.13,-63.23,-90.58,190.98,0.30,220.62,1,824,0,0
0.01,0.52,0.10,-99.00,-144.53,207.52,0.53,271.58,1,821,0,0
0.47,0.73,0.84,-90.39,-203.98,173.28,1.21,282.50,1,815,0,0
0.74,1.35,1.71,-98.82,-165.77,165.10,2.31,253.97,1,816,0,0
1.32,0.75,1.31,-30.21,-12.76,71.66,2.00,78.80,1,825,0,0
1.86,0.29,0.51,-46.02,72.14,36.01,1.95,92.84,1,822,0,0
1.66,-0.08,0.50,-20.57,107.06,-62.68,1.74,125.75,1,826,1,0
1.45,-0.49,-0.03,-18.55,107.06,-21.79,1.53,110.82,3,856,40,0
1.09,1.08,-0.99,-38.82,57.80,114.56,1.83,134.06,9,875,92,0
0.73,1.55,-0.41,-24.11,4.70,101.38,1.76,104.31,21,854,121,0
0.52,0.86,0.02,28.38,-30.46,73.91,1.01,84.83,35,815,139,5
0.29,0.99,0.33,22.34,-11.72,72.39,1.08,76.66,51,788,140,12
0.45,1.11,0.02,11.17,2.62,51.03,1.20,52.30,67,769,151,16
0.38,1.15,0.13,12.76,-4.33,30.33,1.22,33.19,92,754,152,19
0.36,1.06,0.19,6.53,-0.49,2.20,1.14,6.91,100,745,157,19
0.40,1.17,0.10,-5.07,3.11,-12.88,1.24,14.18,120,744,158,17
0.39,1.27,0.10,-3.17,0.00,-33.51,1.33,33.66,80,773,160,13
0.44,1.32,0.00,-1.65,-1.16,-61.46,1.39,61.50,44,813,158,7
0.42,1.33,0.02,8.24,-10.44,-96.07,1.40,96.99,24,858,147,1
0.42,0.93,0.07,34.48,-14.04,-133.36,1.03,138.46,16,871,139,0
0.45,0.65,0.21,27.34,-6.84,-134.95,0.81,137.86,12,875,131,0
0.64,0.50,0.13,7.75,-0.79,-124.27,0.82,124.51,9,871,108,0
0.91,0.63,0.03,-10.50,-2.69,-106.75,1.11,107.30,7,864,83,0
1.52,0.77,-0.38,-46.02,-22.46,-92.59,1.74,105.81,3,849,47,0
1.95,1.24,0.17,-124.94,-55.18,-136.66,2.32,193.21,1,838,12,0
1.37,1.58,0.70,-70.37,-57.92,-153.38,2.21,178.42,1,813,0,0
0.75,1.26,0.66,-13.06,-32.53,-149.66,1.61,153.71,1,812,0,0
0.38,1.11,0.35,41.56,8.36,-130.74,1.22,137.44,1,822,0,0
-0.06,0.68,0.12,48.16,20.02,-136.05,0.70,145.70,1,817,0,0
-0.47,0.48,0.06,52.00,18.55,-113.04,0.68,125.80,1,818,0,0
-0.77,0.11,-0.09,51.39,10.01,-42.18,0.78,67.23,1,815,0,0
-0.84,-0.13,-0.21,22.46,-8.00,67.38,0.87,71.48,1,817,0,0
-0.55,0.04,-0.25,-5.37,-29.54,137.63,0.61,140.87,1,819,0,0
-0.35,0.23,-0.31,-29.05,-63.60,183.11,0.52,196.00,1,816,0,0
-0.20,0.38,-0.22,-62.68,-97.41,209.35,0.48,239.26,1,817,0,0
0.06,0.66,0.23,-90.52,-104.68,227.60,0.70,266.37,1,814,0,0
0.94,1.48,0.99,-100.04,-10.93,212.40,2.01,235.03,1,817,0,0
2.31,1.71,1.01,-36.25,87.22,153.69,3.05,180.39,2,813,0,0
3.83,0.01,0.09,29.72,39.55,36.50,3.83,61.48,2,805,0,0
2.29,0.03,1.13,-75.26,16.30,-76.66,2.55,108.65,4,853,40,0
0.35,1.37,-0.28,-31.43,48.65,69.89,1.44,90.77,8,881,84,0
0.82,1.33,-0.31,-27.83,16.05,49.38,1.59,58.91,14,868,121,0
0.66,0.72,-0.03,7.20,-14.95,30.76,0.97,34.95,22,841,131,0
0.36,0.96,0.32,5.07,-8.30,40.22,1.07,41.38,36,806,144,2
0.50,1.07,0.12,-4.82,2.44,32.35,1.19,32.80,47,796,157,6
0.43,0.95,0.11,-2.32,1.22,24.66,1.05,24.80,57,775,161,8
0.44,0.89,0.08,-7.93,5.43,22.71,1.00,24.66,75,772,164,8
0.48,1.14,0.02,-4.52,4.27,19.78,1.24,20.73,92,765,164,8
0.44,1.22,0.08,-3.48,-0.24,-9.09,1.30,9.74,86,763,169,7
0.39,1.35,0.07,-8.79,-0.06,-46.14,1.41,46.97,68,793,168,2
0.45,1.28,0.06,-7.51,4.21,-80.14,1.36,80.60,36,844,163,0
0.42,1.06,0.08,4.88,4.03,-112.92,1.14,113.09,23,868,156,0
0.48,0.88,0.07,9.77,6.29,-132.93,1.00,133.44,16,882,140,0
0.62,0.64,0.18,5.37,10.44,-133.36,0.90,133.88,13,875,126,0
0.80,0.53,0.07,0.18,21.91,-115.54,0.96,117.60,11,867,99,0
1.08,0.71,-0.17,12.45,15.93,-86.79,1.31,89.12,6,856,61,0
1.62,1.18,-0.04,12.70,5.92,-91.86,2.00,92.92,2,836,22,0
1.72,1.16,0.14,-39.37,-14.04,-191.65,2.08,196.15,1,837,6,0
1.03,1.18,0.36,-25.21,-37.11,-175.11,1.61,180.77,1,818,0,0
0.46,0.76,0.38,-13.31,-45.10,-144.65,0.96,152.11,1,822,0,0
-0.02,0.98,0.40,-12.08,-36.62,-84.47,1.06,92.86,1,826,0,0
-0.40,0.55,0.10,37.05,-23.86,-36.99,0.69,57.53,1,831,0,0
-0.59,0.27,-0.09,42.11,-33.45,18.13,0.65,56.75,1,830,0,0
-0.73,0.29,-0.19,42.85,-45.72,80.57,0.81,102.06,1,830,0,0
-0.68,0.12,-0.41,38.21,-59.08,147.89,0.80,163.77,1,827,0,3
-0.55,0.49,-0.29,0.18,-64.58,197.88,0.79,208.15,1,826,0,1
-0.38,0.82,-0.16,-10.50,-37.72,197.08,0.91,200.93,1,822,0,0
0.13,1.29,0.02,-8.67,20.20,170.04,1.30,171.46,1,817,0,0
0.83,0.94,-0.03,22.95,82.09,199.10,1.26,216.58,2,818,1,0
2.50,1.40,-0.07,-23.32,147.34,167.91,2.87,224.60,2,814,3,0
3.57,0.15,-0.16,-18.98,74.16,59.51,3.58,96.96,2,803,4,0
3.32,0.03,0.32,-43.46,19.59,-81.60,3.34,94.51,3,809,10,0
0.92,-1.37,0.40,-13.98,-24.17,-68.91,1.70,74.35,5,855,53,0
0.72,0.60,0.18,-15.87,-6.23,71.66,0.96,73.66,11,870,94,0
0.60,1.35,-0.06,-22.89,-4.82,98.94,1.48,101.67,19,854,120,0
0.49,1.11,-0.01,2.69,-19.71,93.69,1.22,95.78,32,816,138,0
0.37,1.07,0.22,22.83,-11.60,80.20,1.15,84.19,49,791,145,6
0.37,1.10,0.15,12.21,0.18,59.20,1.17,60.45,65,777,153,8
0.37,1.33,0.17,-4.94,7.08,18.92,1.39,20.80,83,757,154,11
0.40,1.05,0.10,-11.29,9.46,-16.97,1.13,22.47,94,761,161,11
0.49,0.90,-0.03,-8.54,5.74,-18.62,1.02,21.27,80,774,161,10
0.43,1.13,0.06,0.49,-4.09,-21.24,1.21,21.64,69,785,163,8
0.46,1.30,-0.01,9.46,-9.52,-47.55,1.38,49.40,45,817,159,4
0.46,1.31,-0.03,24.72,-17.33,-77.94,1.39,83.58,25,862,154,1
0.48,1.10,-0.01,43.46,-23.86,-108.58,1.20,119.36,17,870,144,0
0.47,0.57,0.19,47.73,-29.24,-117.31,0.76,129.98,13,873,133,0
0.56,0.56,0.15,20.57,-15.50,-101.26,0.80,104.48,10,878,121,0
0.88,0.88,-0.05,3.72,-15.87,-101.50,1.24,102.80,8,877,98,0
1.24,0.98,-0.44,-22.58,-38.39,-118.77,1.64,126.85,5,866,71,0
1.95,1.17,-0.46,-107.18,-71.29,-184.69,2.31,225.12,2,844,40,0
1.53,2.00,0.34,-151.43,-89.72,-266.97,2.54,319.77,1,843,7,0
0.62,1.49,0.64,-65.61,-76.48,-234.80,1.74,255.51,1,829,0,0
0.13,0.63,0.29,33.33,-10.31,-147.52,0.71,151.59,0,0,0,0
-0.03,0.45,0.01,23.68,24.54,-93.63,0.45,99.64,1,834,0,0
-0.37,0.31,0.14,21.55,29.30,-56.95,0.50,67.57,1,831,0,0
-0.86,0.15,0.23,25.33,52.06,23.38,0.90,62.44,1,825,0,1
-0.73,-0.17,-0.15,26.79,54.32,105.71,0.76,121.84,1,824,0,0
-0.36,-0.05,-0.37,-27.10,12.39,164.86,0.52,167.53,1,813,0,1
-0.25,0.35,-0.18,-66.71,-57.74,194.89,0.46,213.93,1,812,0,1
0.05,0.63,-0.09,-93.63,-127.93,213.87,0.64,266.22,1,810,0,0
0.40,0.66,0.22,-125.49,-180.60,216.49,0.80,308.60,1,801,0,0
0.40,1.29,1.21,-135.56,-159.42,208.74,1.82,295.58,1,810,0,0
1.28,1.17,1.18,-101.01,-47.49,173.65,2.10,206.42,1,809,0,0
2.40,1.12,1.12,-55.18,9.95,37.35,2.87,67.37,2,799,0,0
3.36,0.49,1.73,-86.49,-28.50,-87.83,3.81,126.52,3,835,22,0
0.70,0.34,-0.09,-15.20,58.47,60.67,0.78,85.62,9,861,70,0
0.45,1.88,-0.30,-66.28,53.34,65.49,1.96,107.37,22,832,114,0
0.86,1.51,-0.79,-9.03,-7.08,20.94,1.91,23.87,40,800,127,1
0.31,0.90,0.29,33.45,-19.71,28.38,1.00,48.09,58,776,140,7
0.40,0.96,0.13,14.53,-2.01,22.89,1.05,27.18,71,763,147,9
0.47,1.08,0.00,7.20,0.79,7.75,1.18,10.61,83,753,158,13
0.37,0.88,0.19,-3.85,1.28,-8.12,0.97,9.07,94,748,163,14
0.48,1.08,-0.08,-14.53,5.37,-7.14,1.19,17.05,120,749,164,11
0.46,1.11,-0.02,0.67,-5.13,-20.14,1.21,20.79,103,757,161,8
0.44,1.10,0.03,7.63,-8.24,-33.57,1.19,35.40,80,787,163,2
0.44,1.26,0.01,12.88,-6.71,-50.60,1.34,52.64,49,823,157,0
0.44,1.12,0.03,28.93,-11.72,-91.37,1.20,96.55,28,859,155,0
0.48,0.90,0.07,33.26,-10.56,-110.11,1.02,115.51,20,871,148,0
0.58,0.76,0.03,31.56,-8.06,-113.95,0.95,118.52,13,873,134,0
0.61,0.59,0.06,24.90,-14.04,-112.67,0.85,116.24,11,870,116,0
0.60,0.64,0.28,4.27,-7.57,-103.76,0.92,104.12,10,860,105,0
0.79,0.79,0.21,-9.34,1.46,-103.27,1.14,103.70,8,840,74,0
0.80,1.20,0.42,-40.16,17.82,-125.18,1.50,132.67,4,838,44,0
0.88,1.56,0.60,-77.15,45.96,-170.29,1.89,192.52,2,827,22,0
0.80,1.66,0.57,-65.19,68.05,-206.30,1.93,226.80,1,829,8,0
0.61,0.89,0.22,35.22,63.48,-149.05,1.10,165.79,1,813,0,0
0.70,0.22,-0.39,77.39,38.57,-32.53,0.83,92.39,1,809,0,0
0.38,0.63,-0.09,38.39,-41.38,39.06,0.74,68.65,1,812,0,0
-0.05,0.52,0.05,61.71,-71.53,44.49,0.53,104.42,1,818,0,0
-0.36,0.01,-0.33,82.46,-74.16,85.33,0.49,139.93,1,823,0,0
-0.24,-0.08,-0.50,53.10,-92.53,153.44,0.56,186.88,1,826,0,1
-0.03,0.11,-0.41,5.00,-112.49,190.43,0.42,221.23,1,828,0,0
0.19,0.18,-0.11,-26.98,-122.86,207.95,0.29,243.03,1,823,0,0
0.56,0.70,0.68,-41.93,-65.31,190.00,1.12,205.24,1,823,0,0
1.18,0.89,0.54,-15.08,59.88,147.09,1.57,159.53,1,824,1,0
1.82,0.53,-0.18,-12.02,114.93,110.53,1.90,159.91,1,834,1,0
1.96,0.93,-0.16,-52.06,95.03,62.50,2.17,125.09,2,824,4,0
2.20,0.63,0.04,-50.72,30.15,-47.61,2.29,75.82,2,817,3,0
1.42,-0.15,0.51,-35.77,-46.57,-76.66,1.52,96.56,3,827,15,0
0.53,0.06,0.60,-33.33,-19.04,3.30,0.81,38.52,8,858,60,0
0.62,1.12,0.11,-34.00,2.56,89.97,1.29,96.21,17,862,110,0
0.60,1.20,-0.14,0.12,-15.99,84.84,1.35,86.33,33,827,130,0
0.37,1.40,0.11,18.68,-16.60,82.40,1.45,86.10,50,794,143,0
0.31,1.02,0.26,25.15,-10.50,60.67,1.10,66.51,68,773,148,6
0.29,1.27,0.30,11.17,-3.78,37.90,1.34,39.70,83,753,154,8
0.33,1.21,0.22,-10.31,13.55,-7.14,1.27,18.47,109,751,154,8
0.43,1.25,0.07,-13.43,10.80,-29.79,1.32,34.41,105,761,164,7
0.42,1.23,0.08,-9.64,5.98,-53.71,1.31,54.90,70,795,164,4
0.43,1.23,0.07,-7.93,3.78,-80.99,1.30,81.47,41,839,162,0
0.42,1.25,0.03,0.43,1.71,-111.08,1.32,111.10,24,867,160,0
0.46,0.90,0.09,28.02,-3.72,-145.26,1.01,147.99,16,880,151,0
0.55,0.61,0.09,30.76,-1.77,-142.21,0.83,145.51,11,878,135,0
0.65,0.44,0.07,27.65,-1.59,-123.29,0.79,126.36,9,859,115,0
0.67,0.42,0.21,21.55,-1.46,-98.21,0.82,100.55,7,867,88,0
0.87,0.50,0.22,18.92,7.20,-61.65,1.02,64.88,4,859,59,0
0.99,0.91,0.14,0.73,15.26,-50.29,1.35,52.56,2,844,33,0
1.30,1.11,0.05,-45.78,16.24,-79.96,1.71,93.55,1,834,15,0
1.13,1.30,-0.12,-98.14,8.67,-99.73,1.72,140.19,1,813,3,0
0.85,1.58,-0.04,-55.18,-32.04,-69.64,1.79,94.45,1,780,0,0
0.10,1.08,-0.10,-2.14,-56.52,-36.32,1.09,67.21,1,782,0,0
-0.34,0.49,-0.10,10.56,-62.01,-16.24,0.61,64.97,1,784,0,0
-0.63,0.29,-0.09,-2.81,-61.58,15.69,0.70,63.61,1,789,0,1
-0.76,0.20,-0.18,-33.39,-66.96,89.42,0.81,116.59,1,793,0,1
-0.55,0.45,-0.22,-47.18,-88.87,159.24,0.74,188.36,1,793,0,1
-0.26,0.55,-0.35,-71.96,-106.20,182.31,0.70,222.92,1,795,0,1
0.11,0.97,-0.34,-121.58,-131.35,166.26,1.03,244.29,1,790,0,0
0.37,1.31,0.08,-170.41,-170.17,130.13,1.37,273.73,2,801,0,0
1.08,1.68,1.13,-163.15,-103.27,86.36,2.29,211.52,1,813,0,0
2.07,0.71,0.87,-120.18,-13.43,47.49,2.35,129.92,2,823,0,0
2.80,0.57,0.94,-124.76,-49.19,-25.76,3.01,136.56,2,825,3,0
2.05,0.14,1.97,-75.07,-191.22,-133.06,2.85,244.76,4,855,30,0
0.01,-0.17,0.63,70.31,-5.62,23.50,0.65,74.35,7,863,72,0
0.45,0.61,0.44,-22.52,33.20,51.39,0.88,65.20,16,835,111,1
0.61,1.28,-0.41,-50.96,51.03,72.69,1.48,102.40,31,803,133,13
0.59,1.40,-0.41,1.53,9.83,71.78,1.57,72.46,66,764,137,13
0.36,1.12,0.20,34.00,-16.24,45.84,1.19,59.33,98,733,148,18
0.37,1.20,0.03,17.52,-6.04,27.22,1.26,32.93,133,710,157,21
0.30,0.99,0.21,12.15,-6.84,8.00,1.06,16.07,173,700,160,20
0.36,1.11,0.08,-5.19,3.11,-4.27,1.17,7.41,162,695,156,19
0.38,0.99,0.07,-8.36,1.83,-18.92,1.06,20.77,158,709,163,17
0.40,1.27,0.02,-10.86,1.89,-36.44,1.33,38.07,136,747,162,12
0.39,1.28,0.01,-6.41,-3.78,-65.67,1.34,66.09,67,798,161,8
0.40,1.17,0.00,2.75,-6.59,-92.71,1.24,92.99,37,836,155,1
0.45,1.04,-0.04,21.12,-8.73,-115.42,1.13,117.66,20,865,146,0
0.51,0.66,0.04,32.71,-13.18,-115.30,0.83,120.57,14,864,131,0
0.56,0.59,0.06,21.55,-13.79,-105.77,0.81,108.82,11,865,119,0
0.62,0.66,0.10,10.74,-13.12,-93.99,0.91,95.51,10,862,99,0
0.68,0.74,0.09,3.78,-11.35,-86.00,1.01,86.83,8,857,78,0
0.79,0.67,0.07,-19.47,-7.02,-92.90,1.04,95.17,6,850,50,0
1.16,0.57,-0.02,-70.19,-5.49,-99.91,1.29,122.23,3,834,28,0
1.00,0.81,-0.23,-146.06,-7.69,-89.17,1.31,171.30,2,807,13,0
0.93,1.03,-0.19,-180.11,-38.39,-61.28,1.40,194.09,1,774,3,0
0.85,1.17,-0.05,-105.96,-108.40,-21.48,1.45,153.10,1,765,0,0
0.03,1.03,0.28,-41.93,-156.37,-5.37,1.07,161.99,1,782,0,1
-0.42,0.51,0.28,13.00,-125.85,-0.37,0.72,126.52,1,789,0,2
-0.46,0.08,0.00,11.84,-76.97,33.39,0.46,84.73,1,800,0,3
-0.27,0.16,-0.15,-16.72,-42.60,86.61,0.35,97.96,1,803,0,3
0.03,0.22,-0.30,-45.84,-64.76,120.00,0.37,143.85,1,817,1,4
0.03,0.63,0.03,-71.96,-89.48,140.62,0.63,181.55,1,825,0,3
0.26,0.98,0.37,-77.94,-78.19,137.45,1.08,176.30,1,819,0,0
0.52,1.16,0.68,-71.11,-2.01,119.81,1.44,139.34,1,821,1,0
1.92,1.22,0.84,-20.32,45.41,80.02,2.42,94.22,2,822,2,0
2.79,0.25,0.51,3.91,27.04,-37.90,2.85,46.72,2,826,0,0
0.99,-0.98,0.35,-35.95,-27.83,-120.36,1.44,128.66,3,842,18,0
0.09,1.06,-0.18,19.17,13.85,3.66,1.07,23.93,4,868,46,0
0.68,0.89,0.04,1.34,-22.83,5.13,1.12,23.43,9,868,96,0
0.58,0.61,0.31,0.73,-15.99,25.76,0.89,30.33,17,836,122,0
0.44,0.99,0.27,-14.10,5.43,53.89,1.12,55.97,29,802,136,0
0.55,1.16,-0.03,-5.31,7.75,42.72,1.29,43.75,38,788,146,7
0.51,0.74,0.10,4.46,-2.38,33.57,0.91,33.95,54,776,154,7
0.43,1.03,0.14,-0.98,-2.87,35.52,1.12,35.65,71,758,152,9
0.46,1.11,0.11,-3.48,-3.05,20.69,1.20,21.20,82,749,154,8
0.44,1.03,0.13,-2.08,-4.15,3.11,1.13,5.59,98,747,157,10
0.47,1.19,0.06,2.99,-3.85,-12.15,1.28,13.09,87,761,164,7
0.47,1.28,0.06,10.31,-7.39,-35.34,1.36,37.55,54,795,159,6
0.45,1.17,0.10,16.60,-11.66,-66.77,1.25,69.79,34,829,153,1
0.47,0.92,0.12,24.17,-11.29,-88.93,1.04,92.84,20,864,149,0
0.54,0.63,0.07,23.93,-13.92,-89.23,0.84,93.43,16,870,139,0
0.66,0.45,0.01,17.46,-20.63,-71.41,0.79,76.35,13,865,127,0
0.85,0.22,-0.15,6.41,-34.06,-47.97,0.89,59.18,11,860,112,0
1.05,0.10,-0.49,-30.82,-65.37,-14.34,1.17,73.68,9,857,88,0
0.98,0.73,-0.62,-100.46,-118.23,-16.17,1.37,155.99,6,855,64,0
0.28,2.08,0.07,-149.23,-158.69,-75.99,2.10,230.71,4,841,53,0
0.18,1.79,0.36,-95.70,-125.85,-139.71,1.83,210.99,3,836,50,0
0.59,1.35,0.14,-81.79,-100.83,-175.72,1.48,218.48,2,839,40,0
0.72,1.22,0.22,-117.25,-100.10,-198.67,1.44,251.47,1,854,20,0
0.39,1.24,0.63,-82.09,-88.38,-160.40,1.44,200.69,1,840,6,0
-0.09,0.06,0.34,-26.92,-59.88,-83.56,0.36,106.26,1,820,0,0
-0.42,0.21,0.16,-61.34,0.79,24.78,0.50,66.16,1,814,0,0
-0.03,0.30,-0.07,-87.04,8.24,110.78,0.30,141.12,1,798,0,3
0.10,0.50,0.10,-118.59,-85.02,120.24,0.52,189.08,1,799,0,2
-0.21,0.61,0.50,-119.51,-167.24,91.74,0.82,225.09,1,798,0,1
-0.44,0.56,0.58,-94.79,-234.31,92.47,0.92,269.14,1,795,0,0
-0.83,0.53,1.31,-107.42,-219.91,117.13,1.64,271.33,1,797,0,1
-0.32,0.87,1.64,-89.90,-41.93,133.97,1.89,166.70,2,795,0,0
1.47,0.91,1.26,-66.41,80.81,51.88,2.14,116.75,1,790,1,0
4.00,0.57,0.73,-16.54,147.22,-53.34,4.11,157.45,3,843,38,14
0.99,1.04,-1.41,-70.25,70.13,106.87,2.01,145.86,8,856,69,0
0.65,1.72,-0.50,-35.16,-6.59,24.66,1.90,43.44,24,813,109,2
0.54,0.69,0.08,28.32,-26.55,-8.97,0.88,39.84,40,793,126,6
0.32,1.07,0.31,13.43,-17.46,5.25,1.16,22.64,61,776,143,8
0.38,1.03,0.18,5.43,-1.40,-12.63,1.11,13.82,68,769,152,10
0.52,0.56,0.06,2.38,4.70,-17.21,0.77,18.00,77,767,151,12
0.45,0.78,0.10,7.63,-4.46,6.04,0.91,10.70,88,762,154,14
0.51,0.86,-0.01,9.46,-6.90,15.50,1.00,19.43,93,756,162,13
0.45,0.99,0.09,18.62,-15.26,17.40,1.10,29.70,94,752,164,12
0.39,1.10,0.21,19.23,-14.22,8.91,1.18,25.52,102,759,158,8
0.50,1.38,0.05,12.57,-10.44,-24.35,1.47,29.33,64,789,156,5
0.43,1.38,0.11,19.78,-18.55,-64.76,1.45,70.21,34,824,149,1
0.41,1.22,0.10,30.46,-19.47,-105.22,1.29,111.26,20,856,142,0
0.41,0.77,0.21,31.43,-18.62,-126.83,0.90,131.99,14,863,127,0
0.51,0.64,0.18,8.00,-12.63,-125.67,0.84,126.56,10,861,118,0
0.56,0.72,0.30,-2.93,-7.81,-119.38,0.96,119.68,8,866,98,0
0.91,0.59,0.08,5.49,1.65,-100.95,1.09,101.11,5,861,70,0
1.13,1.00,0.05,-25.27,-7.87,-103.58,1.51,106.90,2,840,30,0
1.08,1.84,0.66,-88.01,-5.19,-138.73,2.23,164.38,1,827,9,0
0.62,1.80,0.75,8.00,14.77,-124.57,2.04,125.70,1,794,0,0
0.32,0.97,0.37,55.11,32.29,-101.50,1.08,119.93,1,789,0,0
0.02,1.06,0.32,48.10,39.73,-78.43,1.11,100.22,1,795,0,0
-0.34,0.57,0.13,76.54,41.75,-55.24,0.67,103.21,1,790,0,0
-0.48,0.27,-0.09,77.03,41.02,5.31,0.56,87.43,1,791,0,0
-0.40,-0.13,-0.41,73.55,20.94,52.12,0.58,92.54,1,795,0,2
-0.25,-0.13,-0.54,30.94,-34.12,113.10,0.61,122.12,1,801,0,1
-0.25,0.18,-0.39,-2.14,-100.22,171.51,0.49,198.66,1,802,0,1
-0.29,0.43,-0.09,-48.10,-141.30,209.29,0.52,257.06,1,801,0,0
0.03,0.96,0.61,-80.75,-119.32,235.60,1.14,276.16,1,803,0,0
0.96,1.54,1.23,-76.23,-12.27,203.43,2.19,217.59,2,795,0,0
2.12,1.36,1.13,-10.74,120.48,153.99,2.76,195.82,2,798,2,0
3.06,0.58,0.07,77.82,167.36,40.53,3.12,188.96,2,799,0,0
2.99,-1.04,-0.42,21.00,118.96,-57.56,3.20,133.81,3,808,20,0
0.21,1.62,-0.03,-77.15,56.40,71.04,1.63,119.08,5,858,55,0
0.46,1.45,-0.04,-62.32,9.77,56.40,1.52,84.61,12,851,103,0
0.53,1.35,-0.06,-11.72,-17.88,57.13,1.45,61.00,33,799,127,10
0.36,1.47,0.06,0.85,-5.07,71.04,1.51,71.23,58,766,143,12
0.29,1.30,0.19,19.10,-5.86,35.77,1.35,40.97,79,742,152,17
0.33,0.82,0.24,9.52,1.28,6.77,0.91,11.76,106,727,148,18
0.41,1.09,0.09,-10.44,11.11,-1.16,1.17,15.29,122,725,160,17
0.36,1.01,0.15,-1.71,0.61,-12.63,1.08,12.76,127,730,160,16
0.34,1.26,0.15,-9.64,-0.24,-25.76,1.31,27.50,108,751,154,10
0.36,1.42,0.09,-13.61,2.87,-57.68,1.47,59.33,56,801,162,4
0.41,1.43,-0.01,-7.81,-0.24,-99.12,1.49,99.43,27,849,152,0
0.38,0.94,0.06,21.61,-5.86,-139.28,1.02,141.07,16,873,149,0
0.46,0.69,0.16,25.27,-2.87,-139.71,0.84,142.01,10,883,134,0
0.61,0.68,0.16,15.69,-1.46,-129.94,0.92,130.90,9,881,120,0
1.03,1.06,0.01,9.89,5.43,-115.97,1.48,116.51,6,872,81,0
1.75,1.36,-0.28,2.08,-22.16,-163.88,2.24,165.38,3,861,39,0
1.88,1.92,0.58,-38.51,-41.69,-249.08,2.75,255.47,1,838,3,0
1.17,1.95,0.78,-27.53,-20.32,-247.19,2.41,249.55,0,0,0,0
0.29,1.64,0.86,4.03,25.33,-199.52,1.87,201.17,1,821,0,0
-0.02,1.12,0.32,77.15,73.79,-158.02,1.17,190.70,0,0,0,0
-0.48,0.81,-0.05,61.71,51.45,-136.90,0.94,158.74,1,831,0,0
-1.24,0.04,-0.27,81.97,25.09,-82.52,1.26,118.99,1,833,0,2
-1.53,-0.44,-0.48,54.44,-7.14,42.72,1.66,69.57,1,827,0,7
-1.27,-0.18,-0.36,9.16,-35.46,182.37,1.34,186.01,1,825,0,4
-0.66,0.00,-0.49,-15.08,-50.23,232.24,0.83,238.09,1,823,0,6
-0.17,0.07,-0.63,-62.38,-90.58,255.49,0.66,278.16,1,805,0,2
0.34,0.74,0.10,-120.97,-108.58,233.28,0.83,284.33,1,810,0,0
1.11,1.26,0.80,-100.16,-42.30,204.16,1.86,231.31,1,825,0,0
2.70,0.85,0.64,-8.67,101.81,140.38,2.90,173.63,1,813,0,0
3.72,-0.21,-0.04,1.89,116.94,60.97,3.73,131.90,2,810,0,0
3.78,-0.23,0.38,-71.90,-37.05,4.70,3.80,81.02,2,802,7,0
0.26,0.48,1.69,-10.01,19.10,18.31,1.78,28.29,5,843,39,0
0.91,2.19,-0.22,-39.49,5.74,140.44,2.38,146.00,11,869,98,0
0.37,2.12,0.04,1.65,-31.56,104.86,2.15,109.52,23,852,127,0
0.36,0.94,0.28,22.58,-28.63,69.95,1.04,78.88,43,801,136,0
0.28,1.19,0.28,6.90,0.31,66.89,1.26,67.25,57,782,152,4
0.43,0.94,0.07,6.71,6.29,48.89,1.04,49.75,76,763,156,9
0.41,1.39,0.06,2.14,4.15,26.12,1.45,26.54,90,752,159,12
0.41,1.04,0.11,3.85,-1.10,-2.62,1.12,4.78,111,751,160,13
0.42,1.26,0.05,-2.62,0.31,-17.94,1.33,18.14,88,769,159,10
0.38,1.35,0.11,-2.93,-4.21,-63.29,1.41,63.50,59,797,154,6
0.43,1.36,0.00,1.16,-4.58,-97.90,1.43,98.01,31,844,155,0
0.38,1.06,0.08,20.02,-9.03,-126.34,1.13,128.24,19,867,149,0
0.46,0.82,0.09,28.93,-11.35,-138.37,0.94,141.81,13,866,137,0
0.61,0.80,0.03,25.21,-8.79,-139.22,1.01,141.76,9,867,118,0
0.80,0.64,0.19,2.32,-7.51,-130.49,1.05,130.73,8,855,88,0
1.12,0.99,-0.10,-21.48,-5.98,-119.81,1.50,121.87,4,827,39,0
1.57,1.28,-0.13,-86.79,-14.28,-145.08,2.03,169.66,2,794,12,0
1.32,2.34,0.81,-122.44,-34.91,-186.77,2.81,226.03,1,764,0,0
0.87,1.32,0.53,7.93,33.26,-166.26,1.67,169.74,1,763,0,0
0.72,1.21,0.23,13.67,79.28,-141.05,1.43,162.38,1,763,0,0
0.23,0.95,0.15,23.19,66.83,-126.22,0.99,144.69,1,772,0,0
-0.31,0.45,0.04,41.26,34.18,-100.71,0.54,114.07,1,779,0,2
-0.78,0.14,-0.08,62.01,-6.23,-17.82,0.80,64.82,1,786,0,2
-1.14,-0.31,-0.32,62.74,-39.06,53.28,1.22,91.11,1,791,0,5
-1.16,-0.36,-0.45,36.07,-71.47,141.42,1.29,162.51,1,792,0,5
-0.97,-0.09,-0.50,-7.08,-95.03,201.23,1.10,222.66,1,788,0,4
-0.66,0.33,-0.44,-73.00,-126.16,245.42,0.86,285.44,1,790,0,2
-0.34,1.07,0.18,-119.08,-137.45,249.21,1.14,308.51,1,789,0,2
0.53,1.57,0.63,-111.15,-84.72,264.77,1.78,299.39,2,796,0,0
1.90,1.87,0.92,-106.45,8.36,208.37,2.82,234.14,2,809,0,0
3.70,1.67,0.91,-45.90,33.69,87.89,4.17,104.72,2,806,2,0
3.73,-0.29,1.04,-60.49,-33.26,-63.60,3.88,93.86,3,805,4,0
1.10,-1.64,0.72,38.82,34.24,-54.50,2.10,75.17,5,861,47,0
0.34,1.77,-0.20,-11.29,11.54,90.03,1.81,91.46,11,866,95,0
0.65,1.67,-0.26,-2.14,-19.53,45.35,1.80,49.42,23,830,124,0
0.24,0.95,0.48,35.10,-35.03,37.23,1.09,62.01,37,797,138,6
0.31,0.82,0.37,14.77,-4.46,31.25,0.95,34.85,45,780,141,11
0.35,1.02,0.17,-3.66,10.74,27.59,1.09,29.83,62,766,147,16
0.43,1.02,0.02,-5.62,11.23,16.97,1.11,21.11,77,753,156,17
0.38,0.93,0.09,0.85,0.85,7.39,1.01,7.48,89,744,159,16
0.42,1.14,0.06,3.42,-1.59,5.74,1.21,6.86,100,737,160,19
0.37,1.29,0.15,6.04,-3.36,-13.79,1.35,15.43,92,752,161,13
0.41,1.39,0.06,4.76,-3.36,-45.90,1.45,46.27,56,797,156,9
0.41,1.40,0.01,12.33,-9.09,-96.31,1.46,97.52,25,847,155,2
0.34,1.10,0.13,31.31,-15.38,-129.33,1.16,133.96,14,871,145,0
0.46,0.72,0.11,43.88,-14.95,-142.03,0.86,149.40,8,871,133,0
0.58,0.53,0.12,32.90,-13.85,-134.64,0.79,139.30,6,876,114,0
0.59,0.42,0.21,12.45,-15.81,-118.90,0.75,120.59,6,861,93,0
0.75,0.31,0.21,-23.74,-5.07,-101.56,0.84,104.42,6,850,63,0
0.87,0.70,0.09,-66.59,1.16,-95.76,1.12,116.65,5,840,47,0
1.01,1.32,0.16,-117.55,5.74,-126.59,1.67,172.85,3,814,26,0
1.12,1.71,0.20,-148.56,6.10,-160.16,2.05,218.53,1,803,13,0
1.17,1.59,-0.04,-91.98,-20.02,-166.87,1.97,191.59,1,795,2,0
0.88,1.38,-0.06,-22.71,-46.20,-135.99,1.63,145.40,1,788,0,0
0.28,0.64,-0.07,25.33,-52.67,-90.45,0.70,107.69,1,809,0,0
-0.18,0.38,0.02,20.57,-42.30,-26.61,0.42,54.04,1,803,0,0
-0.38,0.13,-0.14,30.15,-3.60,38.82,0.43,49.28,1,805,0,0
-0.40,-0.07,-0.40,21.06,-6.35,108.89,0.57,111.09,1,805,0,2
-0.38,-0.01,-0.48,-17.94,-35.40,160.28,0.61,165.12,1,804,0,0
-0.35,0.20,-0.39,-63.11,-65.25,178.34,0.56,200.12,1,811,0,0
-0.24,0.35,0.17,-134.70,-88.38,166.99,0.46,232.04,1,811,0,0
0.56,0.91,0.79,-136.90,-30.46,154.36,1.33,208.56,1,825,0,0
1.41,0.70,0.95,-115.54,69.95,108.22,1.84,173.07,1,823,0,0
2.58,0.79,0.85,-5.43,104.61,91.74,2.83,139.24,1,823,0,0
3.05,-0.71,0.16,-34.55,-19.53,10.01,3.14,40.93,2,828,0,0
0.77,0.19,1.62,-21.55,-34.30,-24.54,1.81,47.36,3,854,24,0
1.01,-0.07,-1.67,140.81,69.15,140.08,1.95,210.31,8,875,71,0
0.34,1.86,0.45,3.66,-32.41,116.21,1.95,120.70,17,861,115,0
0.35,1.22,0.38,13.49,-25.39,64.64,1.32,70.74,33,824,127,0
0.32,1.38,0.11,-8.48,1.53,64.76,1.43,65.33,45,799,141,0
0.44,1.05,0.00,4.82,-0.12,32.41,1.14,32.77,63,778,143,5
0.40,0.92,0.10,7.14,-0.43,18.68,1.01,20.00,82,766,150,7
0.41,0.82,0.11,-0.61,6.23,12.88,0.93,14.32,104,757,155,10
0.46,1.09,-0.07,-3.48,5.68,14.10,1.19,15.59,118,745,158,12
0.40,1.03,0.08,10.99,-6.29,5.68,1.10,13.87,158,741,157,11
0.37,1.23,0.11,6.04,-4.82,-7.93,1.29,11.08,118,755,156,9
0.40,1.37,0.04,-0.79,-3.30,-41.38,1.42,41.52,72,792,155,4
0.37,1.28,0.01,2.69,-6.16,-86.43,1.33,86.69,44,834,153,0
0.43,1.09,-0.01,21.67,-9.58,-114.44,1.17,116.87,27,866,145,0
0.45,0.80,0.06,33.75,-14.22,-123.60,0.92,128.91,20,871,137,0
0.54,0.63,0.07,28.63,-13.73,-117.13,0.84,121.35,15,867,128,0
0.57,0.72,0.18,12.02,-12.15,-108.58,0.94,109.92,12,863,111,0
0.78,1.02,0.14,-3.05,0.31,-111.82,1.30,111.86,9,856,81,0
0.98,1.28,-0.05,-25.82,2.87,-134.70,1.61,137.19,4,843,46,0
1.36,1.37,-0.11,-100.22,-4.27,-189.51,1.93,214.42,1,822,18,0
1.25,1.35,-0.14,-158.39,-32.90,-228.58,1.85,280.03,1,823,4,0
1.29,1.30,-0.00,-132.02,-79.04,-155.27,1.83,218.60,1,801,0,0
0.76,0.97,0.14,-76.29,-98.69,-70.98,1.24,143.53,1,823,0,0
0.35,0.65,0.09,-41.14,-80.87,-41.02,0.74,99.57,1,828,0,0
-0.24,0.33,0.16,-34.48,-54.44,-42.54,0.44,77.22,1,831,0,0
-0.90,-0.14,-0.04,-25.76,-27.34,11.05,0.91,39.16,1,823,0,0
-1.20,-0.17,-0.01,-53.53,-27.47,75.68,1.22,96.68,1,810,0,3
-1.11,-0.07,-0.01,-69.21,-23.01,140.99,1.12,158.74,1,813,0,2
-0.75,0.16,-0.14,-89.23,-39.98,185.06,0.78,209.30,1,808,0,0
-0.27,0.69,0.17,-136.11,-83.74,185.85,0.76,245.11,1,802,0,0
0.38,0.79,0.44,-130.86,-77.82,184.63,0.98,239.31,1,801,0,0
1.49,1.13,0.60,-141.78,-29.54,175.72,1.97,227.71,2,811,0,0
3.06,0.74,0.33,-102.23,5.74,109.25,3.16,149.74,2,818,0,0
4.00,0.17,0.17,-133.30,-37.48,-49.01,4.01,146.89,3,836,18,0
0.32,1.72,1.96,24.60,-26.25,151.25,2.63,155.46,8,854,59,0
0.18,2.15,-0.09,1.10,8.18,140.81,2.16,141.05,19,841,100,0
0.64,1.22,-0.18,4.09,2.20,49.13,1.39,49.35,41,791,125,0
0.50,1.00,0.03,22.77,-6.71,25.76,1.11,35.03,63,769,132,0
0.38,0.71,0.16,7.08,6.84,11.29,0.82,14.98,71,756,145,9
0.59,0.55,-0.17,-3.54,13.00,23.93,0.83,27.46,96,742,152,17
0.63,0.81,-0.02,7.02,5.62,24.90,1.03,26.47,149,714,150,15
0.38,1.21,-0.02,4.58,0.67,33.45,1.26,33.77,164,697,157,17
0.34,1.21,0.07,8.54,-6.65,11.05,1.26,15.47,226,690,156,19
0.34,1.47,0.06,0.18,0.67,-17.76,1.52,17.77,153,711,155,11
0.34,1.61,-0.01,-4.15,1.53,-72.51,1.64,72.64,92,779,157,5
0.32,1.26,0.05,-0.92,-2.38,-121.15,1.30,121.18,51,822,154,0
0.43,0.84,0.00,13.31,-1.28,-142.76,0.95,143.39,26,861,140,0
0.54,0.63,-0.03,20.51,-2.32,-131.96,0.83,133.56,17,868,128,0
0.64,0.55,-0.10,22.16,-11.05,-117.19,0.85,119.77,13,864,108,0
0.74,0.39,-0.06,14.89,-18.37,-94.97,0.84,97.87,11,860,89,0
0.94,0.42,-0.36,-12.21,-25.88,-67.63,1.09,73.43,10,851,69,0
1.56,0.67,-0.97,-76.90,-57.31,-73.06,1.96,120.57,6,828,41,0
2.65,1.46,-1.34,-220.95,-119.08,-143.74,3.31,289.24,3,806,17,0
2.47,2.54,-0.35,-260.62,-204.47,-220.28,3.56,397.81,2,781,0,0
1.25,2.29,0.67,-117.61,-183.41,-204.16,2.69,298.59,2,764,0,0
0.23,1.18,0.28,13.24,-0.06,-191.04,1.23,191.50,2,770,0,0
-0.32,0.83,-0.08,-28.75,83.74,-146.61,0.89,171.27,2,763,0,0
-1.08,0.55,0.27,-40.04,94.85,-90.09,1.24,136.80,2,761,0,1
-1.62,-0.10,0.20,-20.32,101.68,7.20,1.64,103.95,2,760,0,3
-1.50,-0.32,0.09,-56.03,42.66,97.29,1.53,120.10,2,759,0,4
-1.01,-0.20,0.08,-53.47,-34.79,164.12,1.03,176.08,2,756,0,5
-0.81,0.41,0.36,-60.06,-113.28,182.13,0.98,222.73,2,760,0,3
-0.53,0.23,0.06,-27.77,-156.68,179.14,0.58,239.60,2,771,0,4
-0.67,0.99,0.37,-115.48,-205.02,244.93,1.25,339.65,1,777,0,3
-0.10,1.55,0.75,-105.83,-142.64,263.61,1.73,317.86,2,784,0,0
2.08,1.85,0.63,-110.96,-22.22,192.32,2.85,223.15,2,792,0,0
3.52,1.96,0.58,-78.74,12.63,117.98,4.07,142.40,2,809,1,0
4.00,0.67,0.75,-191.96,-135.13,-65.12,4.12,243.62,3,818,10,0
0.20,1.03,1.89,35.22,-34.06,47.00,2.16,67.89,9,853,47,0
0.35,1.50,-0.00,-13.06,1.53,99.98,1.54,100.84,20,845,92,0
0.70,1.42,-0.40,-0.85,2.01,78.61,1.63,78.64,48,791,121,0
0.51,0.89,-0.03,40.10,-33.14,58.78,1.03,78.49,76,763,138,0
0.36,0.94,0.18,29.60,-17.03,52.92,1.02,62.98,100,738,140,4
0.47,0.90,-0.06,27.22,-13.24,50.11,1.01,58.54,123,708,144,9
0.34,1.17,0.11,31.49,-24.90,39.37,1.22,56.23,177,679,147,18
0.25,1.10,0.26,18.55,-13.37,6.53,1.16,23.78,279,666,149,14
0.30,1.13,0.19,2.50,-4.94,-12.21,1.18,13.41,266,671,152,13
0.31,1.27,0.16,-6.90,2.75,-36.01,1.32,36.77,180,709,154,6
0.36,1.31,0.10,-6.77,6.10,-64.76,1.36,65.40,114,761,159,2
0.39,1.33,0.03,3.91,4.58,-95.34,1.38,95.53,68,807,157,0
0.42,1.27,-0.03,25.57,-4.39,-137.27,1.34,139.70,37,841,151,0
0.40,0.91,0.09,36.01,-8.85,-159.00,1.00,163.26,24,858,137,0
0.56,0.75,0.11,20.20,-0.98,-160.83,0.94,162.09,16,855,124,0
0.76,0.67,0.03,-13.55,-3.48,-165.95,1.01,166.54,12,853,88,0
1.24,0.71,-0.34,-64.39,-11.60,-162.23,1.47,174.93,7,842,43,0
1.63,0.86,-0.49,-155.76,-30.70,-179.26,1.91,239.45,2,807,15,0
0.90,1.69,0.27,-224.49,-56.27,-187.68,1.94,297.97,1,806,3,0
0.49,1.58,0.54,-138.92,-57.01,-157.10,1.74,217.32,1,795,0,0
0.18,1.08,0.46,-17.09,-25.21,-83.31,1.19,88.70,1,812,0,0
0.13,0.52,0.07,20.87,-15.69,-43.70,0.54,50.91,1,811,0,0
-0.23,0.20,0.01,11.84,-32.35,-8.42,0.31,35.46,1,807,0,0
-0.53,0.26,0.13,6.77,-42.48,50.05,0.61,66.00,1,807,0,0
-0.64,0.03,0.04,9.70,-44.49,125.49,0.64,133.50,1,807,0,3
-0.48,0.19,-0.00,-15.14,-58.96,178.77,0.52,188.85,1,809,0,2
-0.29,0.52,0.04,-28.81,-84.72,208.19,0.60,226.61,1,801,0,2
-0.24,0.78,0.17,-39.92,-109.13,218.44,0.83,247.43,1,801,0,1
-0.13,1.06,0.42,-40.22,-95.34,228.21,1.14,250.57,1,807,0,0
0.77,1.39,0.62,-74.65,13.06,206.42,1.70,219.89,1,816,0,0
1.92,1.73,0.97,-75.99,117.07,142.40,2.76,199.39,2,799,0,0
3.74,1.00,0.62,-0.24,170.53,50.78,3.92,177.93,2,800,0,0
4.00,-0.92,0.01,12.45,90.76,-102.48,4.10,137.46,3,840,28,0
-0.24,0.82,-0.57,21.73,57.62,71.04,1.02,94.02,7,851,50,0
0.43,1.95,0.05,-61.89,13.00,29.72,1.99,69.88,20,839,94,0
0.47,0.76,0.03,0.37,-9.22,25.76,0.89,27.36,39,792,121,4
0.36,0.81,0.05,28.08,-25.70,61.83,0.88,72.60,75,760,133,12
0.33,1.28,0.11,34.00,-15.14,68.79,1.33,78.21,107,727,139,18
0.29,1.13,0.13,26.49,-7.69,36.13,1.17,45.46,183,700,147,22
0.25,1.22,0.23,7.75,-2.93,12.45,1.27,14.96,165,681,152,21
0.31,1.06,0.13,-9.52,6.29,-13.06,1.11,17.34,178,680,155,19
0.34,1.04,0.10,-17.70,7.08,-29.36,1.10,35.00,182,699,153,13
0.39,1.15,-0.02,-17.64,6.84,-38.27,1.21,42.69,148,729,160,6
0.40,1.19,-0.02,-3.78,-0.55,-53.71,1.25,53.85,104,772,152,5
0.39,1.18,0.02,3.54,-1.65,-73.79,1.24,73.89,60,808,155,0
0.40,1.15,0.01,12.21,-6.29,-104.25,1.22,105.15,37,840,150,0
0.44,0.96,0.04,26.86,-10.50,-118.77,1.05,122.22,25,853,141,0
0.53,0.88,0.03,26.43,-6.65,-123.17,1.03,126.15,17,853,132,0
0.59,0.81,0.15,7.32,-9.34,-135.62,1.02,136.14,13,855,110,0
0.73,0.73,0.06,-15.81,-5.37,-135.38,1.03,136.40,10,845,66,0
0.94,1.08,0.02,-80.26,2.20,-152.04,1.43,171.94,5,838,37,0
0.98,1.30,0.01,-158.02,0.06,-177.61,1.63,237.73,2,808,16,0
0.89,1.52,0.13,-174.62,-16.24,-176.57,1.77,248.87,1,797,5,0
0.88,1.44,0.22,-66.04,-49.62,-120.12,1.70,145.78,1,771,0,0
0.44,0.80,-0.07,39.43,-144.53,-50.35,0.91,158.05,1,783,0,0
-0.26,0.38,0.09,40.28,-163.76,-20.87,0.46,169.93,1,783,0,0
-0.69,0.40,0.34,55.97,-109.86,22.28,0.87,125.29,1,787,0,0
-0.72,-0.19,-0.14,69.03,-29.97,89.72,0.75,117.10,1,783,0,1
-0.65,-0.01,-0.31,-1.71,24.29,168.82,0.72,170.57,1,785,0,3
-0.20,0.17,-0.46,-26.25,18.43,200.87,0.53,203.41,1,781,0,4
0.19,0.56,-0.18,-71.84,-18.86,212.22,0.62,224.84,1,778,0,1
0.32,0.96,0.37,-77.58,-36.07,226.75,1.08,242.35,1,778,0,0
1.01,1.23,0.58,-56.03,32.65,187.01,1.69,197.94,2,789,0,0
2.03,1.25,0.58,-24.05,92.71,97.60,2.45,136.74,2,784,0,0
3.30,0.72,0.13,43.82,98.33,31.74,3.38,112.23,2,787,0,0
3.20,-0.56,0.17,1.10,43.27,-109.56,3.25,117.80,3,821,31,0
-0.27,1.57,0.57,-24.72,29.79,47.18,1.69,61.03,6,859,62,0
0.64,1.09,0.08,-43.33,32.59,37.54,1.26,65.95,12,849,100,0
0.58,0.81,-0.16,-30.15,27.95,39.06,1.00,56.71,24,813,121,9
0.53,1.03,-0.24,-10.01,17.52,60.79,1.18,64.05,42,787,131,16
0.41,1.22,-0.07,10.74,3.78,58.23,1.29,59.33,69,763,141,18
0.39,1.18,-0.02,15.01,-2.50,23.99,1.24,28.41,96,741,141,19
0.31,0.94,0.18,8.61,-3.54,2.32,1.01,9.59,134,728,145,21
0.41,1.02,-0.02,-4.64,2.32,-2.44,1.10,5.73,138,718,148,21
0.41,1.19,-0.06,5.49,-6.96,-8.61,1.26,12.36,142,729,156,17
0.38,1.18,0.05,15.26,-15.99,-30.88,1.25,37.98,113,765,157,13
0.39,1.39,-0.02,15.01,-16.54,-59.33,1.45,63.39,54,805,156,7
0.34,1.34,0.01,27.16,-20.69,-94.36,1.38,100.35,26,853,148,1
0.40,1.11,-0.07,47.97,-28.93,-124.88,1.18,136.87,15,870,133,0
0.48,0.83,0.00,51.21,-34.73,-135.93,0.96,149.35,11,871,127,0
0.54,1.06,0.08,33.69,-40.59,-145.81,1.19,155.06,8,870,114,0
0.77,1.28,0.09,18.37,-39.00,-169.19,1.50,174.60,6,863,85,0
1.02,1.48,-0.29,-12.21,-43.52,-211.24,1.82,216.02,2,861,38,0
0.94,1.56,-0.36,-100.34,-67.93,-301.94,1.86,325.35,1,842,20,0
0.58,1.71,0.04,-174.38,-118.04,-310.06,1.81,374.80,0,0,5,0
-0.21,0.72,0.39,-118.65,-121.70,-172.24,0.85,241.99,0,0,0,0
-0.76,0.92,0.67,-82.64,6.90,-16.36,1.37,84.53,1,810,0,0
0.07,0.53,0.21,-48.10,118.10,29.42,0.57,130.87,1,820,0,1
0.17,0.15,0.36,-41.02,80.51,64.51,0.42,111.02,1,818,0,1
-0.09,0.05,0.61,-41.20,17.03,105.16,0.62,114.22,1,800,0,1
-0.14,-0.12,0.72,-30.82,-26.18,155.46,0.75,160.63,1,790,0,2
0.07,0.13,0.66,-31.49,-47.85,185.79,0.68,194.42,1,787,0,2
0.29,0.36,0.23,-35.71,-92.29,175.17,0.51,201.19,1,781,0,2
0.00,0.68,0.48,-39.86,-116.58,181.34,0.83,219.23,1,780,0,2
0.60,0.72,0.50,-21.91,-57.01,180.85,1.07,190.88,1,782,0,0
1.77,0.54,0.52,-66.04,64.15,125.37,1.92,155.54,1,784,0,0
2.92,0.50,0.32,-4.58,201.29,41.20,2.97,205.52,2,792,0,0
3.15,-0.72,-0.26,48.03,88.38,-50.29,3.24,112.46,3,820,24,0
-0.46,2.42,0.85,-40.04,6.29,113.89,2.60,120.89,9,847,70,0
0.64,1.27,0.03,-4.15,2.87,108.28,1.42,108.39,24,810,111,0
0.47,0.84,0.13,16.36,0.73,87.83,0.97,89.34,45,773,128,10
0.39,1.53,-0.15,14.28,7.02,94.36,1.58,95.69,83,735,135,20
0.31,1.60,0.03,38.21,-10.31,62.01,1.63,73.56,124,697,137,24
0.26,1.02,0.21,32.17,-11.35,10.19,1.07,35.60,161,676,144,29
0.31,1.00,0.17,11.72,-5.37,-8.54,1.06,15.47,182,668,145,27
0.36,1.00,0.04,-7.57,1.16,-14.34,1.07,16.26,176,672,152,25
0.34,0.96,0.11,-1.65,-5.74,-17.64,1.02,18.62,170,685,153,19
0.32,1.05,0.14,-7.02,-0.06,-17.09,1.10,18.48,149,711,153,16
0.35,1.31,0.07,-8.30,-0.43,-34.67,1.35,35.65,95,755,151,12
0.36,1.27,0.03,-2.08,-5.74,-76.90,1.32,77.15,48,797,147,8
0.34,1.07,0.12,9.95,-8.36,-100.28,1.13,101.12,29,831,136,2
0.39,0.93,0.08,21.06,-8.24,-112.49,1.01,114.74,18,858,130,0
0.44,0.84,0.08,24.84,-7.81,-116.52,0.96,119.39,12,850,121,0
0.49,0.94,0.06,22.34,-11.78,-128.91,1.06,131.36,10,858,113,0
0.52,1.26,0.06,20.87,-16.97,-167.91,1.37,170.05,9,858,107,0
0.62,1.39,0.29,-9.64,-16.17,-225.04,1.55,225.82,9,856,86,0
1.10,1.29,0.31,-101.87,11.23,-298.83,1.73,315.91,7,851,43,0
1.28,1.26,0.14,-206.42,13.55,-339.48,1.80,397.54,2,840,15,0
0.73,0.98,0.40,-151.06,-21.36,-278.38,1.29,317.45,1,820,4,0
0.48,0.31,-0.04,-74.89,-43.52,-126.53,0.57,153.33,0,0,0,0
0.05,0.19,0.08,-53.89,-75.56,26.55,0.22,96.54,0,0,0,0
-0.06,0.28,0.17,-50.29,-56.34,74.83,0.33,106.31,1,821,0,0
-0.27,0.09,0.25,-41.63,-11.60,71.35,0.38,83.41,1,812,0,0
-0.32,-0.25,0.08,-26.25,-4.27,117.25,0.41,120.23,1,814,0,0
-0.15,-0.20,0.00,-57.01,-34.30,176.45,0.25,188.58,1,791,0,0
-0.07,0.29,0.31,-79.96,-65.49,216.37,0.44,239.79,1,781,0,0
0.43,0.38,0.26,-54.69,-59.94,219.30,0.62,233.83,1,781,0,0
0.70,0.43,0.17,-75.99,-102.42,203.92,0.84,240.51,1,787,0,0
0.72,0.58,0.44,-86.49,-138.37,191.28,1.02,251.43,1,786,0,0
1.51,0.94,0.79,-62.38,-118.65,169.43,1.94,216.05,1,799,0,0
2.42,0.13,0.40,-63.42,-42.05,16.85,2.45,77.93,2,805,0,0
3.77,0.45,0.78,-41.02,-16.72,-12.02,3.88,45.90,4,835,38,1
-0.53,1.40,0.90,-88.01,-68.48,132.32,1.75,173.05,8,836,52,0
0.38,1.63,-0.13,-5.92,6.41,93.75,1.68,94.16,18,798,83,0
0.30,1.25,0.12,21.67,0.61,23.80,1.29,32.19,30,765,105,13
0.34,0.90,0.20,12.02,3.72,28.02,0.99,30.71,43,748,117,19
0.29,1.13,0.17,0.00,8.54,23.93,1.18,25.41,60,730,125,20
0.36,1.04,0.03,0.31,9.16,6.71,1.10,11.36,76,716,131,23
0.40,0.89,0.05,13.92,-3.17,10.56,0.97,17.75,100,700,132,26
0.29,1.03,0.21,5.68,-5.62,9.52,1.10,12.43,147,687,140,26
0.35,1.01,0.15,0.18,-3.54,1.10,1.08,3.71,146,679,143,26
0.30,1.05,0.21,-1.83,-6.90,-10.99,1.11,13.10,158,686,139,22
0.36,1.15,0.13,-8.18,-3.11,-30.76,1.21,31.98,135,720,146,17
0.39,1.16,0.09,-0.92,-6.47,-60.55,1.23,60.90,69,773,142,11
0.34,1.20,0.16,2.81,-8.79,-76.84,1.26,77.40,38,810,143,8
0.35,1.73,0.08,14.77,-8.54,-110.41,1.77,111.72,20,853,133,1
0.15,1.77,0.19,43.09,-17.03,-184.69,1.79,190.42,11,858,125,0
0.26,1.01,0.35,37.72,-9.52,-244.93,1.10,248.00,8,860,112,0
0.44,0.76,0.71,-0.85,19.53,-259.40,1.13,260.14,6,854,75,0
0.77,0.61,0.49,-47.85,57.01,-253.23,1.10,263.95,3,856,42,0
1.03,0.59,0.11,-69.89,65.98,-229.74,1.20,249.03,1,836,15,0
1.28,0.25,-0.27,-55.73,34.42,-179.32,1.33,190.91,0,0,7,0
0.90,0.35,-0.04,-48.95,36.56,-139.83,0.96,152.60,1,819,0,0
0.84,-0.07,-0.56,-4.88,71.78,-101.87,1.01,124.71,1,828,0,0
0.84,0.12,-0.62,-46.08,34.18,-48.58,1.05,75.18,1,829,0,0
0.30,0.40,-0.10,-105.22,-43.40,-18.31,0.51,115.29,1,835,0,0
-0.49,0.39,0.41,-87.22,-52.67,40.77,0.75,109.75,1,830,0,0
-0.29,0.27,0.14,-86.49,-52.25,123.41,0.42,159.50,1,827,0,0
0.02,0.48,0.19,-131.84,-90.09,154.60,0.52,222.26,1,826,0,0
-0.27,0.65,0.49,-151.73,-132.57,158.26,0.86,256.21,1,826,0,0
-0.60,0.72,0.50,-143.19,-148.01,202.45,1.06,288.79,1,815,0,0
-0.08,0.87,0.40,-140.87,-130.98,178.16,0.96,262.19,2,815,0,0
0.53,0.64,0.42,-126.89,-130.31,175.60,0.93,252.82,1,813,0,0
1.67,0.41,0.72,-140.93,-148.32,193.73,1.86,281.76,2,815,0,0
3.58,0.04,1.75,-60.79,-133.06,60.00,3.98,158.11,2,810,1,0
1.87,-0.82,1.46,-56.09,-29.54,-28.87,2.51,69.66,4,854,43,0
-0.60,0.96,-0.42,-23.32,29.91,129.39,1.20,134.84,8,865,66,0
0.84,1.96,-0.73,3.05,-10.13,58.96,2.25,59.90,19,840,102,0
0.40,0.87,0.85,43.27,-55.48,0.31,1.28,70.36,35,782,125,5
0.24,0.46,0.62,-16.24,10.62,38.51,0.81,43.12,54,769,134,9
0.60,1.31,-0.23,-26.25,22.64,52.00,1.46,62.50,74,745,138,14
0.45,1.18,-0.02,13.73,-8.61,33.51,1.27,37.22,111,727,144,15
0.29,0.84,0.36,10.68,-3.54,23.01,0.96,25.61,130,719,146,14
0.35,1.30,0.17,-6.71,5.98,6.71,1.36,11.22,121,714,145,13
0.40,1.15,0.10,-6.90,1.89,-27.95,1.22,28.85,110,734,146,8
0.41,0.99,0.12,-4.64,-0.37,-41.69,1.08,41.95,76,769,144,5
0.45,1.13,0.05,3.30,-2.99,-53.41,1.22,53.59,46,802,146,3
0.46,1.14,0.05,24.66,-9.89,-69.46,1.23,74.37,28,833,139,0
0.46,0.98,0.07,39.37,-16.36,-86.98,1.09,96.86,16,858,125,0
0.48,0.91,0.12,39.43,-19.23,-97.35,1.04,106.78,12,862,121,0
0.56,0.84,0.07,30.40,-16.91,-107.18,1.01,112.68,9,864,103,0
0.78,1.09,-0.04,-0.67,-21.06,-142.94,1.34,144.49,7,868,87,0
1.03,1.37,0.00,-68.42,-36.68,-195.74,1.71,210.57,5,861,45,0
1.10,1.66,-0.00,-151.37,-43.95,-256.16,1.99,300.77,1,846,20,0
0.66,1.59,0.27,-174.26,-74.28,-248.66,1.74,312.59,1,813,3,0
0.15,1.02,0.07,-98.21,-113.28,-78.67,1.03,169.31,1,785,0,0
-0.68,1.39,0.45,-67.08,-119.38,-6.29,1.62,137.08,1,792,0,0
-1.01,0.37,0.16,-12.51,-64.39,15.26,1.09,67.35,1,803,0,0
-1.20,0.33,0.25,-44.25,-6.10,58.17,1.27,73.34,1,809,0,0
-0.96,0.34,0.14,-53.28,30.27,146.79,1.02,159.07,1,808,0,0
-0.35,0.62,0.07,-70.98,3.85,198.30,0.71,210.66,1,808,0,0
0.32,0.78,0.02,-80.08,-44.49,199.34,0.84,219.38,1,797,0,0
0.68,1.19,0.46,-105.53,-105.83,140.50,1.45,205.13,1,800,0,0
1.05,1.21,1.10,-75.13,-66.89,89.84,1.95,134.88,1,813,0,0
2.29,0.39,1.09,-71.72,-12.27,70.56,2.57,101.35,2,815,0,0
2.56,0.19,1.15,-77.45,43.52,-8.00,2.81,89.20,2,819,0,0
2.10,0.06,0.85,-2.75,62.87,-52.92,2.27,82.22,2,823,1,0
1.52,-0.74,0.41,27.65,39.37,-82.46,1.74,95.47,3,861,38,0
0.65,0.92,-0.39,-5.98,57.86,89.78,1.20,106.98,7,874,80,0
0.86,1.22,-0.62,-5.00,12.57,80.51,1.62,81.63,15,847,112,0
0.44,1.16,0.02,30.46,-25.39,60.18,1.24,72.07,31,799,131,7
0.29,0.78,0.38,22.52,-13.12,54.63,0.92,60.53,52,770,143,11
0.41,1.16,0.02,-0.98,10.13,59.94,1.23,60.79,85,733,147,16
0.39,1.37,-0.00,-0.06,4.33,34.36,1.42,34.64,144,710,151,18
0.32,1.10,0.13,0.12,-0.73,0.49,1.15,0.89,145,698,155,15
0.40,1.11,0.01,-8.85,4.09,-12.76,1.18,16.06,153,701,159,14
0.40,1.01,0.06,-4.58,-1.95,-34.24,1.09,34.60,145,724,162,9
0.43,1.02,0.02,-3.91,-2.75,-34.12,1.11,34.45,114,754,157,5
0.43,1.07,0.03,1.83,-5.43,-42.30,1.15,42.68,71,784,159,4
0.41,1.06,0.08,4.76,-5.92,-56.46,1.14,56.97,48,812,153,0
0.46,1.15,0.01,7.93,-6.47,-78.61,1.24,79.28,31,841,151,0
0.49,1.02,-0.01,23.07,-13.43,-100.16,1.13,103.65,20,863,139,0
0.50,0.75,0.07,23.80,-14.65,-111.33,0.91,114.78,14,864,135,0
0.51,0.69,0.14,11.11,-12.27,-109.68,0.87,110.92,12,864,118,0
0.60,0.69,0.16,0.85,-4.94,-107.67,0.93,107.78,10,860,109,0
0.78,1.07,0.03,-13.43,-3.48,-121.58,1.32,122.37,9,856,86,0
0.82,1.32,0.13,-46.20,-5.55,-169.56,1.56,175.83,7,848,55,0
0.95,1.34,0.17,-113.04,6.53,-225.77,1.65,252.57,4,831,33,0
1.02,1.39,0.19,-163.94,11.47,-256.71,1.74,304.81,1,833,15,0
0.71,1.38,0.19,-140.01,-9.70,-213.20,1.57,255.25,1,806,2,0
-0.06,0.02,-0.16,-29.30,-46.63,-108.22,0.17,121.42,1,790,0,0
-0.37,0.72,0.14,-7.32,-110.41,90.52,0.82,142.96,1,783,0,0
-0.49,0.61,0.25,28.93,-101.93,126.95,0.82,165.36,1,786,0,0
-0.51,0.07,-0.20,40.34,-55.42,178.53,0.55,191.24,1,784,0,3
-0.32,0.21,-0.37,-5.62,-53.65,234.19,0.53,240.32,1,780,0,1
-0.06,0.60,-0.28,-53.28,-73.73,250.24,0.66,266.27,1,780,0,2
0.19,0.75,-0.33,-74.52,-108.40,257.93,0.84,289.54,1,773,0,1
0.37,1.01,0.12,-127.93,-158.14,254.70,1.08,325.96,1,767,0,2
0.93,1.37,0.73,-116.52,-87.52,200.93,1.81,248.21,2,772,0,2
1.66,1.38,0.86,-119.08,-7.26,119.75,2.33,169.04,2,785,0,0
2.70,0.41,0.70,-69.46,-51.33,55.36,2.82,102.59,2,781,0,0
4.00,2.24,2.25,-109.31,-149.41,-147.46,5.11,236.68,7,798,29,14
0.03,0.47,0.37,16.91,9.52,118.04,0.60,119.63,22,766,67,9
0.49,1.23,-0.36,-24.48,38.94,73.97,1.37,87.11,64,714,100,17
0.56,1.72,-0.61,10.01,10.19,56.52,1.91,58.30,125,645,111,31
0.26,0.78,0.19,69.52,-27.59,26.61,0.84,79.39,198,610,124,48
0.18,1.23,0.14,32.47,-11.05,30.88,1.26,46.15,228,573,125,78
0.12,1.03,0.28,28.44,-7.32,2.93,1.08,29.52,232,559,123,83
0.16,1.01,0.21,5.07,0.24,-15.62,1.05,16.43,245,565,127,74
0.25,1.02,0.10,-6.29,5.55,-26.12,1.06,27.44,292,593,134,42
0.30,0.94,0.08,-7.63,1.40,-32.23,0.99,33.15,280,628,141,26
0.31,0.91,0.05,-5.43,-1.28,-25.70,0.96,26.29,174,657,142,22
0.30,0.96,0.08,-1.40,-4.70,-22.64,1.01,23.17,174,688,143,16
0.26,0.95,0.14,-0.55,-5.00,-24.72,0.99,25.23,138,712,136,14
0.28,0.90,0.14,-4.15,0.61,-25.09,0.95,25.43,90,735,139,11
0.34,1.02,0.05,-0.18,-2.38,-31.43,1.07,31.52,70,757,136,5
0.35,0.93,0.07,5.37,-6.35,-36.68,0.99,37.61,58,773,136,5
0.34,0.92,0.10,6.71,-7.81,-39.37,0.98,40.69,45,787,137,4
0.35,0.87,0.12,9.77,-8.79,-40.83,0.95,42.89,40,793,130,0
0.40,0.81,0.11,9.52,-8.54,-38.70,0.91,40.76,33,805,136,0
