-,-,-
0.25,1.07,0.42,-67.87,-41.44,121.15,1.18,144.92,1,741,0,16
0.40,1.15,0.42,-59.02,-34.91,110.05,1.28,129.66,1,749,0,15
0.55,1.01,0.25,-65.43,-29.91,89.17,1.18,114.57,1,751,0,14
0.83,1.19,0.34,-88.07,-39.06,103.27,1.49,141.24,1,749,0,11
1.02,1.23,0.35,-74.95,-46.75,93.26,1.63,128.46,1,739,0,10
1.10,1.13,0.15,-65.49,-51.15,51.03,1.58,97.51,2,739,0,10
1.01,0.72,-0.10,-61.16,-66.28,1.65,1.24,90.20,1,748,0,9
0.88,0.66,0.12,-108.40,-63.60,-16.54,1.11,126.76,1,747,0,7
1.28,0.91,0.36,-83.01,-50.42,3.85,1.61,97.19,2,750,0,5
1.40,0.68,0.46,-60.06,-66.59,-27.34,1.62,93.75,2,749,0,6
1.89,0.70,0.35,120.61,-60.30,-11.54,2.04,135.33,4,695,4,8
0.09,0.88,0.34,166.32,-2.26,24.48,0.95,168.13,8,718,13,4
0.33,0.90,-0.04,81.85,5.31,37.17,0.96,90.05,24,744,41,9
0.28,1.41,-0.13,37.96,1.16,11.17,1.45,39.59,46,743,86,16
0.28,1.21,0.01,47.85,-15.81,-9.46,1.24,51.28,65,740,112,21
0.19,0.88,0.13,35.34,-8.61,-21.48,0.91,42.24,80,741,127,23
0.24,0.93,0.14,19.41,-5.92,-18.01,0.97,27.13,88,741,133,22
0.29,1.02,0.06,14.04,-2.62,-18.68,1.06,23.51,98,742,136,21
0.27,0.93,0.14,14.40,-4.94,-23.19,0.98,27.75,85,750,143,17
0.29,0.84,0.13,8.12,-4.27,-18.07,0.90,20.26,80,755,141,17
0.27,0.94,0.16,7.08,-4.64,-11.96,0.99,14.65,80,765,146,17
0.29,0.89,0.15,7.81,0.43,-14.34,0.95,16.34,61,772,147,15
0.31,0.74,0.16,7.63,2.44,-8.61,0.81,11.76,59,778,141,14
0.33,0.88,0.10,2.50,2.56,3.97,0.94,5.35,60,784,148,15
0.31,0.95,0.14,6.84,0.49,0.00,1.01,6.85,58,781,142,13
0.33,0.92,0.10,7.93,0.18,-0.79,0.98,7.98,53,787,142,13
0.30,0.89,0.17,9.40,-3.11,1.46,0.95,10.01,52,789,146,14
0.33,1.00,0.12,6.71,-1.89,-14.95,1.06,16.50,47,798,146,13
0.30,0.98,0.18,10.44,-5.13,-10.07,1.04,15.38,41,803,145,13
0.29,1.05,0.20,8.73,-2.14,-15.62,1.10,18.02,34,812,140,9
0.33,1.08,0.15,10.74,-0.43,-27.16,1.14,29.21,29,818,144,8
0.33,1.05,0.17,16.72,-1.59,-39.79,1.11,43.20,25,818,138,6
0.35,1.18,0.18,19.23,-0.79,-58.17,1.24,61.27,20,828,139,5
0.30,1.47,0.22,21.36,-0.98,-89.97,1.52,92.47,17,840,133,0
0.27,2.14,0.12,21.00,6.23,-150.33,2.16,151.92,14,842,132,0
0.23,2.43,0.03,38.27,-1.53,-250.92,2.44,253.82,10,842,115,0
0.39,1.79,-0.08,-17.46,15.32,-385.74,1.83,386.44,4,833,40,0
0.72,1.79,0.22,-139.71,-17.33,-367.19,1.94,393.25,1,801,13,0
-0.50,-0.41,-0.39,-117.98,-47.67,-261.84,0.75,291.12,1,771,0,17
-0.80,1.61,0.56,-86.30,-38.94,61.77,1.88,113.05,1,767,0,11
0.11,0.03,-0.14,-35.52,22.77,72.39,0.18,83.79,1,783,0,14
0.19,0.63,0.31,-67.87,-15.75,111.88,0.73,131.80,1,795,0,14
0.27,0.28,0.38,-58.35,-53.59,123.17,0.54,146.45,1,787,0,14
0.05,0.56,0.72,-87.04,-65.12,136.29,0.91,174.33,1,767,0,12
0.23,0.79,0.79,-71.11,-20.45,133.67,1.14,152.78,2,755,0,11
0.55,0.69,0.48,-49.62,-23.19,141.66,1.00,151.88,2,749,0,12
0.48,0.94,0.53,-49.68,-47.85,165.41,1.19,179.21,2,742,0,12
0.45,0.87,0.45,-31.13,-53.41,173.10,1.08,183.80,2,740,0,11
0.50,0.95,0.32,-24.11,-51.70,168.82,1.12,178.20,2,733,0,12
0.29,0.84,0.29,-18.74,-44.43,151.61,0.94,159.10,2,740,0,11
0.37,0.88,0.26,-22.95,-23.74,143.74,0.99,147.48,2,743,0,10
0.56,0.95,0.38,-24.29,-12.21,126.04,1.16,128.94,2,748,0,10
0.80,0.76,0.38,-18.37,4.39,88.20,1.17,90.20,2,749,0,10
0.92,0.90,0.27,4.88,-9.16,112.98,1.32,113.45,2,749,0,9
0.88,0.80,0.21,0.55,-7.51,76.72,1.21,77.09,2,749,0,8
0.81,0.83,0.10,-15.69,2.75,17.64,1.16,23.76,2,750,0,10
0.58,1.02,0.20,-14.83,19.90,-18.01,1.19,30.66,2,752,0,8
0.52,0.66,-0.09,4.03,34.42,-23.01,0.84,41.60,1,748,0,9
0.60,0.65,-0.04,-19.17,31.07,-45.90,0.89,58.64,1,743,0,6
0.66,0.73,0.06,-30.03,21.48,-76.72,0.99,85.14,1,746,0,6
0.57,0.79,0.22,-24.96,10.86,-74.04,1.00,78.88,1,765,0,4
1.40,3.35,-0.06,4.21,-13.73,2.62,3.63,14.60,4,644,5,27
-0.55,2.22,0.38,57.98,-23.80,85.14,2.31,105.73,7,552,5,42
-0.04,0.84,0.29,58.65,-9.89,0.00,0.89,59.48,8,543,4,50
0.13,0.84,0.16,-5.07,3.85,-22.52,0.87,23.40,7,592,5,40
0.13,0.92,0.11,-8.61,4.70,-13.00,0.93,16.28,6,614,7,36
0.18,0.85,0.09,-6.53,4.27,-1.28,0.88,7.91,8,609,8,40
0.18,1.07,0.02,-2.08,-0.12,12.51,1.09,12.68,14,578,11,54
0.14,0.91,0.12,16.78,-5.80,12.45,0.92,21.69,24,547,16,71
0.07,0.85,0.20,5.92,-4.27,23.19,0.88,24.32,42,529,21,91
0.09,1.14,0.05,-1.46,2.26,0.12,1.14,2.69,72,523,29,100
0.12,0.95,0.13,15.20,-1.16,-13.67,0.96,20.48,105,516,45,100
0.15,0.92,0.11,15.75,-1.16,-10.93,0.94,19.20,122,520,57,103
0.13,0.95,0.13,11.78,-2.56,-3.54,0.97,12.56,192,502,63,107
0.08,0.93,0.18,5.98,-1.89,-5.31,0.95,8.22,171,495,71,105
0.12,0.92,0.18,-7.02,2.81,-5.74,0.94,9.49,198,498,77,105
0.15,1.01,0.10,-9.95,3.48,-4.33,1.03,11.40,193,507,82,106
0.15,0.95,0.12,-3.72,0.61,-1.65,0.97,4.12,217,511,89,108
0.15,0.92,0.12,2.87,-1.71,5.00,0.94,6.02,294,509,83,104
0.13,0.96,0.13,6.71,-3.11,9.16,0.98,11.77,213,507,78,113
0.08,0.96,0.18,6.90,-3.60,5.55,0.98,9.56,213,500,74,111
0.12,0.95,0.15,-1.22,0.43,-0.67,0.97,1.46,203,499,77,114
0.11,0.93,0.17,-8.42,2.44,-2.20,0.95,9.04,281,497,79,110
0.13,0.96,0.13,-18.01,5.00,-4.39,0.98,19.20,238,499,83,111
0.13,0.96,0.12,-19.78,7.45,-4.21,0.98,21.55,238,501,81,102
0.13,0.99,0.09,-22.83,6.16,-7.26,1.00,24.74,294,501,79,86
0.14,0.97,0.08,-18.49,3.48,-7.87,0.99,20.40,342,504,78,80
0.14,0.96,0.06,-6.90,-0.24,-3.05,0.97,7.55,410,505,77,79
0.17,0.94,0.07,3.11,-3.05,5.49,0.95,7.01,326,507,76,86
0.13,0.97,0.08,9.58,-5.55,13.37,0.98,17.36,457,503,73,94
0.11,0.94,0.09,13.98,-6.35,13.12,0.95,20.20,300,500,63,109
0.04,0.96,0.17,8.30,-1.22,5.98,0.98,10.30,342,499,63,113
0.05,1.00,0.18,-7.75,9.22,-3.54,1.01,12.55,243,505,62,101
0.05,1.47,-0.01,-24.23,17.52,-25.02,1.48,38.99,308,533,60,55
-0.08,0.95,0.29,-12.45,17.33,-51.88,1.00,56.10,126,653,55,15
0.31,1.69,-0.02,-42.18,14.89,-100.59,1.72,110.08,21,760,24,9
1.45,1.67,-0.34,-76.97,-14.04,-129.03,2.24,150.89,6,680,0,10
0.77,2.82,0.52,-63.05,-64.94,-145.32,2.97,171.21,3,674,0,14
1.11,1.23,-0.20,55.36,-47.73,-88.32,1.67,114.64,3,661,0,15
0.51,1.72,0.21,52.55,-58.29,-89.11,1.81,118.74,3,670,0,17
-0.30,1.09,0.11,39.00,-41.69,-79.22,1.14,97.65,3,656,0,19
-0.54,0.59,-0.07,37.11,-13.12,-48.89,0.81,62.77,3,643,0,20
-0.68,0.39,-0.09,8.48,8.18,-25.82,0.79,28.38,3,626,0,19
-0.70,0.29,-0.07,-12.88,25.94,16.48,0.76,33.32,3,610,0,21
-0.46,0.30,-0.03,-25.21,32.78,46.45,0.55,62.19,4,601,0,20
-0.27,0.47,0.02,-23.50,18.37,70.68,0.54,76.71,4,593,0,20
-0.16,0.54,0.06,-11.17,-3.17,89.54,0.56,90.29,4,594,0,20
-0.09,0.59,0.10,-8.67,-15.14,99.30,0.60,100.82,4,600,0,22
-0.08,0.73,0.20,-8.48,-15.44,109.86,0.76,111.27,4,611,0,23
0.10,0.88,0.13,-6.04,-8.61,120.48,0.89,120.94,4,611,0,21
0.31,0.92,-0.02,-4.15,-5.62,113.59,0.98,113.80,4,612,0,24
0.47,0.97,-0.09,-6.04,-5.55,100.95,1.08,101.29,3,611,0,20
0.74,0.86,-0.05,-7.20,-1.83,56.03,1.14,56.52,3,620,0,20
0.97,0.99,0.17,-2.01,3.97,0.98,1.40,4.56,2,641,0,19
0.99,0.84,0.33,0.24,17.58,-61.28,1.34,63.75,1,659,0,17
0.96,0.66,0.30,-5.25,28.02,-74.16,1.20,79.45,1,671,0,18
0.93,0.72,0.22,-6.84,35.52,-84.72,1.19,92.12,2,736,0,17
0.64,1.34,-0.53,17.76,24.54,100.95,1.57,105.40,4,601,4,24
-0.12,1.22,0.16,27.40,-10.80,50.84,1.24,58.76,6,505,0,56
0.03,1.14,0.07,-3.85,-0.67,0.49,1.14,3.93,10,489,0,67
0.17,0.86,0.09,8.06,1.34,-10.07,0.88,12.97,10,506,0,63
0.13,0.92,0.08,-1.04,-1.28,-2.01,0.93,2.60,14,501,2,70
0.20,0.95,0.08,-0.61,-2.81,-4.94,0.97,5.72,32,498,8,85
0.14,1.06,0.01,8.24,-0.85,-5.00,1.07,9.68,57,523,20,100
0.13,1.05,0.06,28.87,-6.65,-15.69,1.06,33.52,67,557,32,116
0.16,0.73,0.22,27.22,-7.51,-14.59,0.78,31.78,75,565,49,121
0.15,0.99,0.12,3.66,-0.24,-3.54,1.01,5.10,116,555,65,127
0.18,0.94,0.13,5.00,2.20,-8.54,0.97,10.14,156,549,77,125
0.17,0.91,0.14,2.20,2.01,-7.93,0.94,8.48,217,539,92,121
0.19,0.93,0.12,-5.55,3.85,-6.77,0.96,9.57,216,542,96,113
0.19,0.94,0.11,-11.54,2.93,-4.64,0.97,12.77,315,543,103,105
0.19,0.98,0.09,-12.57,2.44,-2.38,1.00,13.03,320,541,103,94
0.19,0.94,0.11,-11.41,1.59,-2.69,0.97,11.83,386,543,106,85
0.19,0.95,0.09,-10.99,1.22,-1.59,0.97,11.17,240,542,100,75
0.19,0.97,0.08,-10.13,1.71,0.67,0.99,10.30,259,542,100,72
0.20,0.94,0.07,-3.23,0.85,3.05,0.96,4.53,331,539,103,77
0.19,0.96,0.07,0.43,0.55,5.74,0.98,5.78,228,540,100,83
0.18,0.96,0.09,2.38,0.73,6.35,0.98,6.82,217,540,100,88
0.17,0.98,0.07,2.26,0.98,6.16,0.99,6.64,256,538,96,95
0.17,0.97,0.09,5.31,-0.18,5.13,0.99,7.38,257,537,99,106
0.18,0.95,0.10,4.39,0.24,3.66,0.97,5.73,240,536,99,111
0.18,0.95,0.09,2.38,0.73,3.66,0.97,4.43,352,533,97,111
0.22,0.91,0.08,-0.73,1.04,3.91,0.94,4.11,286,532,92,116
0.22,0.99,0.13,-1.77,4.46,-2.38,1.02,5.35,224,550,93,95
0.16,1.06,0.08,0.24,9.22,-6.77,1.07,11.44,176,600,90,49
0.18,1.32,0.16,-5.19,14.53,-27.28,1.34,31.34,58,730,77,11
0.10,2.29,0.02,-15.38,9.03,-113.28,2.29,114.68,16,791,32,4
2.89,2.42,0.23,-19.53,2.44,-229.00,3.77,229.85,5,704,0,7
1.56,2.35,0.75,6.29,-7.32,-240.30,2.91,240.49,3,684,0,11
1.15,1.94,0.21,81.12,-2.14,-148.74,2.26,169.44,2,692,0,14
-0.25,1.43,0.15,77.15,-58.17,-117.80,1.46,152.35,2,680,0,17
-1.10,0.61,-0.13,83.07,-47.12,-61.52,1.27,113.60,2,658,0,20
-1.34,0.22,-0.18,31.92,1.04,5.13,1.37,32.35,2,647,0,22
-1.45,-0.09,-0.16,-27.65,65.12,15.99,1.46,72.54,3,615,0,22
-0.98,-0.17,-0.22,-56.82,82.58,56.88,1.02,115.26,3,581,0,22
-0.62,0.01,-0.12,-30.27,22.28,89.05,0.63,96.66,4,595,0,22
-0.63,-0.12,-0.04,-7.75,-31.62,104.86,0.65,109.80,3,603,0,24
-0.52,0.16,0.17,-17.03,-50.72,143.68,0.57,153.32,3,611,0,22
-0.04,0.47,0.09,-40.10,-38.51,167.30,0.48,176.29,3,612,0,19
0.67,1.14,0.24,-26.98,-52.73,165.22,1.34,175.52,3,614,0,19
1.12,1.27,0.33,-11.96,-43.27,132.14,1.72,139.56,3,611,0,17
1.51,1.21,0.21,-11.11,-2.87,49.93,1.95,51.23,2,616,0,18
1.24,1.11,0.05,-59.88,31.13,23.86,1.66,71.58,2,610,0,17
1.40,0.99,-0.17,-30.40,11.11,4.58,1.72,32.68,2,605,0,18
1.07,0.99,-0.12,-24.84,-1.95,-44.37,1.46,50.89,2,625,0,19
1.11,1.10,-0.45,92.59,-10.50,76.29,1.63,120.43,6,583,3,21
-0.05,0.79,0.33,22.28,-16.36,19.04,0.86,33.56,17,547,4,52
0.13,1.04,0.07,-2.14,8.36,-22.28,1.05,23.89,35,588,18,52
0.15,0.97,0.04,9.34,4.39,-26.18,0.98,28.14,39,625,29,40
0.20,0.71,0.15,11.54,-3.54,-14.59,0.75,18.93,53,619,42,51
0.15,0.88,0.15,1.89,-3.42,-1.46,0.90,4.17,100,586,59,71
0.17,1.00,0.05,-10.19,2.01,3.17,1.02,10.86,134,568,74,79
0.15,0.96,0.11,3.05,-1.89,0.79,0.98,3.68,190,555,80,90
0.15,0.96,0.08,0.55,0.12,1.83,0.97,1.92,205,553,84,97
0.19,0.92,0.10,6.23,-0.31,3.85,0.95,7.32,185,544,91,105
0.15,0.96,0.11,2.56,-0.49,4.39,0.98,5.11,178,539,94,112
0.15,0.97,0.09,3.85,-1.22,3.97,0.98,5.66,313,537,94,118
0.15,0.94,0.12,3.85,-1.22,3.17,0.96,5.13,254,532,92,117
0.15,0.94,0.11,2.20,-0.43,4.52,0.96,5.04,186,531,90,118
0.14,0.96,0.10,-0.85,0.73,2.38,0.98,2.63,186,529,89,123
0.16,0.93,0.13,0.37,-0.73,5.92,0.95,5.98,227,526,86,127
0.15,0.95,0.10,-3.23,-0.37,10.01,0.97,10.53,285,519,73,133
0.14,0.97,0.10,-0.98,-1.40,13.00,0.99,13.11,222,513,55,130
0.14,0.96,0.11,2.87,-1.95,16.72,0.98,17.08,200,500,40,136
0.13,0.96,0.09,5.62,-3.66,23.62,0.98,24.55,234,469,24,143
0.09,0.98,0.13,9.28,-4.33,24.90,0.99,26.93,117,433,12,148
0.05,0.99,0.12,6.71,-2.50,16.42,1.00,17.91,74,411,9,150
0.08,0.96,0.13,7.63,-2.38,6.41,0.97,10.24,67,403,8,147
0.02,0.97,0.16,-0.31,0.61,0.12,0.98,0.69,75,407,8,151
0.08,0.96,0.12,-0.79,1.95,-10.80,0.97,11.01,113,432,17,150
0.08,0.96,0.15,-3.72,4.33,-16.60,0.98,17.56,140,460,29,145
0.10,0.94,0.13,-5.07,6.65,-22.71,0.95,24.20,236,481,46,136
0.16,0.94,0.12,-2.75,4.21,-13.00,0.96,13.94,213,491,61,132
0.13,0.97,0.12,-3.97,4.21,-11.78,0.98,13.12,252,501,78,127
0.16,0.95,0.10,-0.49,1.89,-9.22,0.96,9.42,332,506,86,124
0.15,0.94,0.11,1.59,0.12,-3.78,0.96,4.11,276,506,87,124
0.10,0.96,0.15,1.89,0.55,-2.50,0.97,3.18,342,508,91,125
0.11,0.98,0.11,1.28,2.50,-5.92,0.99,6.55,344,515,97,107
0.12,0.99,0.13,-1.10,2.93,-10.19,1.00,10.66,347,523,98,92
0.13,1.10,0.13,-2.75,3.36,-22.64,1.12,23.06,225,556,111,60
0.14,1.12,0.09,6.10,5.13,-44.62,1.13,45.32,184,663,119,12
0.12,1.88,0.20,-24.78,13.49,-98.94,1.89,102.88,61,760,121,8
0.07,1.76,0.11,-4.03,18.98,-153.32,1.77,154.54,19,809,111,2
0.14,1.43,0.10,19.23,17.03,-191.22,1.44,192.94,8,821,60,0
1.59,1.61,0.36,17.21,20.63,-194.89,2.29,196.73,2,760,2,3
1.81,0.74,0.04,75.93,67.14,-127.32,1.95,162.74,2,721,0,10
1.89,1.40,-0.15,10.56,29.54,-96.31,2.36,101.29,1,707,0,11
1.02,1.65,0.16,-2.87,-6.10,-128.17,1.95,128.35,1,705,0,11
0.44,1.47,0.20,-14.65,-8.18,-146.24,1.55,147.20,1,695,0,11
0.01,1.03,-0.05,4.82,-16.91,-105.59,1.03,107.04,1,664,0,15
-0.22,0.82,-0.03,3.48,-39.25,-60.49,0.84,72.19,2,649,0,14
-0.58,0.53,0.08,3.97,-38.33,-31.19,0.79,49.58,2,631,0,18
-0.66,0.18,-0.03,6.04,-13.61,9.28,0.68,17.55,2,621,0,17
-0.75,0.05,0.05,-29.66,25.02,58.23,0.75,69.98,2,622,0,18
-0.42,0.18,-0.01,-44.49,44.07,90.94,0.45,110.42,2,606,0,18
-0.18,0.42,0.02,-46.39,27.10,116.21,0.46,128.03,2,593,0,17
-0.16,0.50,0.02,-23.07,1.46,141.24,0.53,143.11,3,589,0,19
-0.11,0.52,-0.07,-20.26,-22.52,161.87,0.54,164.68,3,591,0,20
-0.01,0.76,0.05,-21.67,-34.36,171.75,0.77,176.49,3,595,0,19
-0.02,0.87,0.18,-11.60,-18.68,167.11,0.89,168.55,3,605,0,18
0.40,0.65,-0.10,-7.14,6.16,159.61,0.77,159.89,2,628,0,18
0.56,0.82,0.07,-18.80,-6.65,156.92,1.00,158.18,2,633,0,17
0.93,0.99,0.30,-20.81,-16.11,146.79,1.39,149.13,2,642,0,19
1.21,1.23,0.46,-9.70,-6.16,104.55,1.79,105.18,2,666,0,19
1.38,1.02,0.36,30.27,-5.37,44.49,1.75,54.08,2,690,0,16
1.23,0.69,0.22,41.99,-6.53,-21.00,1.43,47.40,1,702,0,15
1.04,0.49,0.01,4.64,2.44,-59.57,1.15,59.80,1,701,0,17
1.33,0.17,0.11,14.40,-5.55,-0.73,1.35,15.46,4,524,5,51
-0.16,1.00,0.19,-1.10,-4.21,47.42,1.03,47.62,7,465,0,71
0.10,1.23,-0.05,-24.54,4.46,-0.85,1.23,24.95,14,472,1,76
0.14,0.91,0.07,1.95,0.37,-5.86,0.92,6.19,26,478,10,94
0.16,1.07,0.02,-1.83,0.37,3.36,1.08,3.84,64,478,16,109
0.09,1.03,0.08,3.60,-2.75,4.39,1.04,6.31,123,475,23,118
0.12,0.96,0.06,2.32,-0.92,-2.93,0.97,3.85,158,477,31,125
0.12,1.00,0.07,13.79,-0.18,-6.04,1.01,15.06,192,485,41,124
0.13,0.94,0.10,13.06,-0.43,-2.50,0.95,13.31,168,492,46,123
0.15,0.96,0.09,10.31,-0.37,0.49,0.98,10.33,173,494,49,127
0.13,0.94,0.10,9.03,-1.89,2.99,0.96,9.70,158,490,45,132
0.10,0.93,0.12,6.53,-2.93,0.92,0.94,7.22,154,487,47,135
0.12,0.95,0.11,-3.97,1.46,-2.08,0.96,4.71,167,488,51,134
0.10,0.98,0.10,-5.19,2.01,0.06,0.99,5.57,195,488,56,130
0.13,0.97,0.09,-5.80,4.46,-4.94,0.99,8.83,165,495,62,127
0.13,0.94,0.11,-4.82,2.44,-4.27,0.96,6.89,171,502,68,125
0.13,0.97,0.08,-4.09,1.22,-3.72,0.98,5.66,203,511,73,120
0.14,0.95,0.09,-0.98,0.18,-4.33,0.96,4.45,227,516,74,117
0.15,0.96,0.08,0.12,0.55,-2.20,0.97,2.27,155,519,77,115
0.14,0.97,0.08,1.53,1.34,0.49,0.98,2.09,217,521,78,112
0.13,0.95,0.10,2.08,0.92,1.53,0.97,2.73,203,520,76,111
0.15,0.95,0.07,3.36,0.18,4.58,0.97,5.68,192,521,69,119
0.14,0.95,0.09,5.49,-1.46,7.87,0.96,9.71,188,514,57,121
0.10,0.99,0.10,4.33,-1.59,10.19,1.00,11.19,213,513,52,129
0.14,0.96,0.10,7.39,-1.46,7.51,0.98,10.63,190,501,45,129
0.12,0.95,0.12,6.23,-2.20,10.07,0.97,12.04,169,483,34,137
0.10,0.97,0.10,5.86,-2.44,10.19,0.98,12.01,106,462,24,141
0.11,0.95,0.11,11.60,-3.17,9.03,0.97,15.04,90,434,18,141
0.07,0.97,0.14,8.97,-2.26,8.30,0.99,12.43,63,409,12,145
0.08,0.93,0.15,6.90,2.38,-9.77,0.95,12.19,82,428,21,141
0.11,0.96,0.12,0.61,4.39,-10.74,0.97,11.62,106,447,31,139
0.12,0.94,0.14,0.12,4.70,-11.66,0.96,12.57,104,466,41,133
0.17,0.96,0.14,1.53,1.65,-3.42,0.98,4.09,115,474,47,126
0.12,1.01,0.13,-3.66,3.05,-2.32,1.03,5.30,158,478,46,120
0.14,1.00,0.13,-2.69,4.03,-7.93,1.02,9.29,130,486,54,113
0.10,0.98,0.13,-2.08,5.31,-13.61,0.99,14.76,150,504,62,99
0.13,1.10,0.07,-4.94,5.31,-19.65,1.11,20.95,147,541,78,74
0.03,1.16,0.21,7.14,5.25,-35.64,1.18,36.73,97,630,88,39
0.21,1.35,0.26,4.88,13.24,-60.24,1.39,61.87,43,739,98,14
0.22,1.52,0.09,-0.85,12.94,-89.90,1.54,90.84,21,778,101,11
0.15,1.57,0.07,10.62,5.62,-127.62,1.58,128.19,10,795,85,10
0.21,1.28,0.08,36.32,1.04,-167.72,1.30,171.61,4,796,59,3
0.48,1.37,0.48,30.64,2.69,-184.33,1.53,186.87,2,767,20,2
0.89,0.68,0.05,-6.41,14.28,-141.05,1.12,141.92,1,724,0,8
1.30,0.60,0.34,30.76,27.65,-101.32,1.47,109.44,1,708,0,13
1.66,1.38,0.08,-3.11,22.77,-29.91,2.16,37.72,1,719,0,11
1.26,1.21,0.00,14.34,-6.96,-96.56,1.75,97.86,0,0,0,14
0.80,1.22,0.09,-15.20,-25.70,-144.78,1.46,147.82,0,0,0,12
0.41,1.17,0.18,-15.26,-32.96,-124.33,1.25,129.53,1,719,0,14
0.17,0.99,0.16,7.32,-21.85,-53.16,1.01,57.94,1,684,0,15
0.21,0.86,0.08,27.89,-8.79,-27.83,0.89,40.37,1,663,0,16
0.05,0.54,-0.01,23.07,-5.80,-14.28,0.54,27.75,1,645,0,17
-0.18,0.45,0.13,14.71,0.85,8.91,0.50,17.22,1,629,0,18
-0.24,0.23,0.16,2.87,26.55,44.56,0.37,51.95,1,619,0,20
-0.01,0.24,0.16,-19.96,46.94,55.66,0.29,75.50,1,608,0,18
0.17,0.39,0.13,-18.55,24.90,72.88,0.44,79.22,2,590,0,18
0.12,0.41,0.10,-0.18,-7.75,86.79,0.44,87.14,2,597,0,19
0.07,0.41,0.02,9.16,-23.07,105.96,0.41,108.83,2,589,0,20
0.04,0.38,-0.05,-4.03,-10.93,113.71,0.39,114.30,2,590,0,19
0.19,0.49,-0.11,-18.92,1.89,121.89,0.54,123.36,2,583,0,19
0.29,0.67,0.00,-28.50,0.00,127.62,0.73,130.77,2,577,0,20
0.39,0.71,0.00,-21.67,-0.18,123.72,0.81,125.60,2,576,0,20
0.41,0.65,0.03,-19.71,-6.90,117.19,0.77,119.03,2,585,0,20
0.53,0.72,-0.02,-25.51,2.93,111.51,0.89,114.43,2,593,0,18
0.61,0.81,0.03,-38.70,6.77,103.88,1.01,111.06,2,595,0,16
0.65,0.92,0.18,-41.26,9.16,91.55,1.14,100.84,2,598,0,17
0.75,0.96,0.16,-25.39,17.58,72.02,1.23,78.36,2,598,0,15
0.86,0.91,0.09,-20.14,6.23,64.33,1.25,67.70,2,598,0,18
0.70,1.00,0.25,-17.09,-2.14,46.39,1.25,49.48,2,598,0,17
0.56,1.05,0.30,-5.55,-5.13,27.16,1.22,28.19,2,620,0,17
0.41,0.96,0.23,15.69,2.26,2.08,1.07,15.98,2,636,0,18
0.35,1.01,0.22,14.10,7.87,-19.17,1.10,25.06,2,653,0,15
-0.65,2.38,-0.26,-12.63,3.91,-30.33,2.48,33.09,3,523,0,43
-0.00,1.00,0.19,52.86,-13.00,34.91,1.02,64.67,4,491,0,51
-0.06,0.95,0.24,7.75,-1.22,-0.61,0.99,7.87,4,501,0,51
0.15,0.96,0.06,-4.33,6.29,-23.68,0.97,24.88,4,541,0,37
0.16,0.87,0.09,-0.31,3.42,-13.24,0.89,13.68,3,563,0,33
0.17,0.92,0.07,0.18,0.73,0.12,0.94,0.76,4,561,1,36
0.15,0.97,0.07,6.53,-3.05,8.36,0.99,11.04,5,537,2,41
0.12,0.93,0.13,10.80,-5.74,12.21,0.95,17.28,7,520,1,54
0.08,0.99,0.12,4.33,-3.66,9.09,1.00,10.72,11,521,4,61
0.10,0.94,0.11,2.87,-5.31,-2.75,0.95,6.63,24,532,12,73
0.15,0.92,0.11,-3.11,-6.53,1.16,0.94,7.33,53,530,22,85
0.07,1.01,0.15,2.14,-5.62,3.17,1.03,6.79,148,523,38,100
0.11,0.96,0.11,-9.46,4.76,-3.66,0.97,11.21,166,522,53,105
0.10,1.03,0.09,-6.41,5.37,-0.43,1.04,8.37,200,518,67,102
0.13,0.97,0.09,-1.04,6.23,-7.63,0.98,9.90,184,525,73,96
0.13,0.95,0.09,3.36,3.54,-0.31,0.96,4.89,186,530,77,94
0.13,0.97,0.09,6.53,1.89,3.05,0.99,7.45,184,529,80,97
0.11,0.98,0.09,6.90,0.85,5.19,0.99,8.67,254,531,80,97
0.10,0.97,0.12,6.35,1.10,1.04,0.98,6.53,183,530,81,94
0.12,0.95,0.12,2.62,1.77,-0.06,0.96,3.17,157,532,77,93
0.11,0.99,0.11,1.71,2.08,-5.55,1.00,6.17,173,535,83,92
0.14,0.95,0.11,1.10,1.83,-7.45,0.96,7.75,161,547,83,90
0.13,1.01,0.09,2.87,0.49,-5.31,1.02,6.06,164,557,85,89
0.14,0.92,0.11,5.13,-0.24,-5.62,0.94,7.61,136,562,92,88
0.09,0.99,0.15,6.16,-1.46,-1.59,1.00,6.53,146,563,90,84
0.13,0.94,0.12,2.08,1.40,-8.97,0.96,9.32,168,572,96,84
0.13,0.97,0.13,-1.83,3.72,-10.86,0.99,11.63,131,593,99,68
0.13,1.00,0.11,-4.39,3.30,-11.90,1.01,13.11,109,621,105,57
0.16,0.94,0.12,-1.10,2.93,-13.49,0.96,13.85,99,653,110,46
0.16,0.95,0.13,-1.28,3.30,-10.99,0.97,11.54,95,675,113,35
0.17,0.95,0.12,-1.46,4.46,-10.13,0.97,11.16,85,697,113,29
0.18,0.93,0.11,0.00,3.17,-8.06,0.95,8.66,77,710,119,25
0.19,0.95,0.11,-0.31,1.16,-6.96,0.97,7.06,73,724,121,24
0.19,0.95,0.10,-1.65,1.46,-5.80,0.97,6.20,72,728,123,20
0.19,0.95,0.12,-1.83,0.98,-4.39,0.97,4.86,68,735,121,18
0.22,0.98,0.05,-0.31,0.12,-4.21,1.00,4.22,65,736,124,19
0.21,0.86,0.12,3.11,-3.85,6.10,0.89,7.86,84,718,124,20
0.15,0.94,0.16,2.08,-5.19,13.85,0.96,14.94,104,699,124,28
0.15,1.03,0.11,1.59,-4.21,7.57,1.04,8.81,115,676,125,33
0.16,0.97,0.13,3.17,-1.77,-0.98,0.99,3.76,119,667,127,33
0.17,0.93,0.14,0.67,0.98,-0.79,0.96,1.43,134,671,127,31
0.19,0.98,0.09,2.20,0.00,0.79,1.00,2.34,117,685,124,34
0.16,1.05,0.09,12.57,-4.64,0.18,1.07,13.40,87,702,122,32
0.15,0.94,0.17,20.81,-4.46,-8.91,0.97,23.07,75,723,122,30
0.16,1.00,0.15,3.48,-2.14,-11.96,1.02,12.64,53,759,122,22
0.15,1.06,0.20,-5.31,3.72,-22.40,1.09,23.32,50,776,123,17
0.19,1.16,0.13,-6.96,9.40,-33.02,1.19,35.03,43,787,127,15
0.19,1.16,0.18,-3.36,10.13,-50.05,1.19,51.17,36,797,132,10
0.21,1.11,0.18,-6.84,13.92,-65.31,1.15,67.12,25,810,132,7
0.22,0.98,0.13,-13.98,20.45,-77.64,1.01,81.49,20,829,137,4
0.31,1.07,0.06,-13.61,19.53,-83.92,1.12,87.23,15,851,138,0
0.35,1.15,0.01,0.92,12.88,-96.86,1.21,97.72,12,856,136,0
0.37,1.12,0.05,13.37,7.02,-114.69,1.18,115.67,10,863,131,0
0.41,0.95,0.12,24.05,2.69,-130.25,1.04,132.48,8,862,120,0
0.47,0.80,0.22,14.22,6.29,-134.89,0.95,135.78,7,849,99,0
0.60,0.79,0.26,2.38,12.08,-133.48,1.03,134.05,6,842,69,0
0.69,0.56,0.21,2.14,20.26,-119.38,0.92,121.11,3,838,40,0
0.81,0.40,0.10,-8.42,26.18,-78.49,0.91,83.17,2,822,19,0
0.88,0.31,-0.07,-22.89,20.51,-41.14,0.94,51.35,1,810,8,0
1.19,0.58,-0.14,-53.34,8.30,-14.34,1.33,55.86,1,792,3,0
1.59,0.65,0.02,-70.98,-0.49,-73.06,1.72,101.87,1,780,0,0
1.51,0.73,0.15,-38.02,4.88,-120.48,1.68,126.44,1,781,0,0
1.59,0.93,-0.09,8.61,-1.34,-96.56,1.85,96.95,1,786,0,0
1.47,0.83,-0.21,16.54,-31.92,-90.39,1.70,97.28,0,0,0,0
1.24,0.88,-0.17,-14.83,-57.92,-100.95,1.53,117.33,0,0,0,0
0.94,0.94,0.05,-37.35,-70.19,-105.29,1.33,131.94,0,0,0,0
0.49,0.90,0.35,-0.79,-57.25,-75.44,1.08,94.71,0,0,0,0
0.36,0.63,0.23,45.59,-29.05,-32.35,0.76,63.00,0,0,0,2
0.38,0.27,0.03,42.91,-8.42,1.10,0.47,43.74,1,728,0,3
0.27,0.38,0.11,7.69,2.08,40.47,0.48,41.24,1,711,0,6
0.18,0.50,0.20,17.88,29.79,66.89,0.57,75.38,1,692,0,8
0.18,0.46,0.13,8.73,48.46,101.07,0.51,112.43,1,668,0,9
0.37,0.42,0.05,11.72,53.34,98.63,0.56,112.74,1,648,0,10
0.37,0.51,0.05,-8.18,39.67,99.37,0.63,107.30,1,632,0,12
0.38,0.71,0.12,8.67,11.54,122.25,0.81,123.10,2,623,0,12
0.39,0.52,0.06,17.70,-4.46,114.99,0.65,116.43,2,615,0,13
0.28,0.63,0.07,18.98,-10.56,122.74,0.69,124.65,2,623,0,14
0.22,0.42,-0.02,23.74,-6.53,125.31,0.47,127.70,2,621,0,14
0.13,0.56,0.01,3.66,1.53,130.25,0.57,130.31,2,616,0,13
0.19,0.62,-0.03,0.92,2.99,137.39,0.65,137.43,2,608,0,15
0.28,0.67,-0.03,1.10,-5.68,143.25,0.73,143.37,2,605,0,14
0.23,0.81,0.10,2.38,-12.45,141.42,0.85,141.99,3,616,0,14
0.20,0.78,0.09,7.69,-0.92,134.64,0.81,134.87,2,623,0,13
0.22,0.89,0.11,-18.92,16.91,127.44,0.92,129.94,2,630,0,14
0.45,1.00,0.15,-13.73,28.81,128.30,1.11,132.21,2,630,0,14
0.49,1.00,0.13,-8.73,39.06,111.82,1.12,118.76,2,632,0,13
0.54,1.01,0.05,-3.85,44.62,101.01,1.15,110.49,2,638,0,12
0.64,1.13,0.04,-10.13,44.19,79.90,1.30,91.86,2,635,0,13
0.66,1.19,0.11,-7.63,44.80,64.39,1.37,78.81,2,634,0,11
0.80,1.02,-0.06,9.22,50.17,40.16,1.30,64.92,2,634,0,11
0.72,0.95,-0.03,-3.42,40.47,13.61,1.19,42.83,2,651,0,10
0.64,0.94,0.07,5.00,32.23,4.39,1.14,32.91,2,649,0,12
0.50,0.85,0.08,1.10,27.53,-15.01,0.99,31.37,2,659,0,10
0.38,0.87,0.12,6.84,29.54,-40.16,0.96,50.32,2,665,0,9
-0.77,1.93,0.25,-33.45,29.11,-26.25,2.09,51.53,4,517,0,38
-0.06,0.99,0.18,24.48,-2.87,20.02,1.01,31.75,5,478,0,67
0.07,1.02,0.09,-2.08,1.34,-1.34,1.03,2.81,6,475,0,74
0.12,0.86,0.12,-2.44,1.46,-1.89,0.88,3.42,6,479,0,70
0.09,0.99,0.08,-10.86,1.53,6.41,1.00,12.71,6,461,0,78
0.08,1.00,0.07,-6.96,0.85,1.40,1.01,7.15,7,441,0,84
0.09,0.95,0.10,-1.40,0.49,1.16,0.96,1.89,10,442,0,94
0.07,0.96,0.08,-6.35,-0.31,2.08,0.97,6.69,15,444,0,103
0.08,0.99,0.07,-5.31,-0.61,-0.12,0.99,5.35,21,443,0,113
0.09,0.98,0.07,-0.98,-0.67,-2.99,0.99,3.22,36,447,0,122
0.09,0.95,0.09,-1.83,-0.24,0.06,0.96,1.85,43,448,2,123
0.08,0.98,0.07,-3.05,0.43,0.43,0.99,3.11,48,444,4,126
0.08,0.98,0.07,-1.53,0.79,-0.12,0.98,1.72,59,443,6,129
0.08,0.98,0.07,0.55,1.28,-0.12,0.99,1.40,70,444,6,127
0.08,0.99,0.06,4.76,1.10,-1.95,1.00,5.26,64,447,6,130
0.09,0.98,0.07,11.05,0.79,-5.68,0.99,12.45,72,456,10,127
0.09,0.96,0.08,11.96,0.61,-6.29,0.97,13.53,71,482,15,120
0.08,1.02,0.07,13.61,0.06,-8.61,1.02,16.10,91,501,20,123
0.10,1.00,0.08,19.04,-1.53,-16.17,1.01,25.03,90,533,33,121
0.12,0.92,0.13,18.19,-2.32,-13.67,0.94,22.87,91,542,46,117
0.12,0.92,0.14,9.09,0.61,-3.72,0.94,9.85,94,541,53,125
0.12,0.92,0.14,6.23,1.22,0.85,0.94,6.40,100,534,55,130
0.12,0.97,0.13,4.27,1.71,3.42,0.98,5.73,148,524,55,139
0.12,0.95,0.14,2.20,0.55,1.40,0.97,2.66,148,511,58,138
0.11,0.95,0.14,-2.99,0.12,1.89,0.97,3.54,193,508,59,139
0.11,0.95,0.13,-6.59,0.18,2.62,0.97,7.10,140,507,61,141
0.11,0.95,0.13,-8.30,0.43,2.93,0.97,8.81,185,507,63,142
0.11,0.99,0.10,-6.59,1.16,2.87,1.00,7.28,142,511,63,142
0.11,0.96,0.12,-3.66,0.98,3.48,0.97,5.14,247,507,56,142
0.10,0.97,0.11,-2.26,1.28,3.42,0.98,4.29,156,506,58,143
0.11,0.95,0.12,-1.40,1.22,2.32,0.97,2.97,154,503,58,143
0.10,0.96,0.11,-1.95,1.10,2.56,0.97,3.40,188,500,57,143
0.10,0.96,0.11,-2.56,1.59,2.20,0.98,3.73,162,499,58,143
0.10,0.96,0.11,-1.71,1.40,2.87,0.98,3.62,179,497,52,139
0.10,0.96,0.11,-1.04,0.49,3.48,0.97,3.66,181,496,47,142
0.10,0.95,0.11,0.61,-0.18,2.99,0.96,3.06,188,493,45,142
0.09,0.96,0.11,-0.79,-0.06,5.68,0.97,5.73,185,489,40,149
0.09,0.97,0.11,-0.43,0.06,4.58,0.98,4.60,157,483,37,151
0.09,0.97,0.11,0.31,-0.12,4.33,0.98,4.35,170,475,28,154
0.09,0.97,0.10,0.92,-0.61,4.70,0.98,4.83,155,464,22,155
0.08,0.96,0.11,1.40,-0.79,4.76,0.97,5.03,133,453,18,158
0.07,0.96,0.12,0.98,-0.12,5.19,0.97,5.28,156,433,12,159
0.07,0.98,0.11,1.53,0.73,1.71,0.98,2.41,158,434,16,157
0.08,0.96,0.11,1.22,1.40,-0.55,0.97,1.94,155,442,18,162
0.08,0.97,0.11,2.69,1.65,-2.20,0.98,3.84,139,448,20,154
0.08,0.96,0.12,3.97,2.08,-3.30,0.97,5.56,150,454,25,156
0.07,0.97,0.13,2.81,2.87,-4.21,0.98,5.82,173,464,27,150
0.09,0.96,0.12,2.08,4.52,-5.37,0.98,7.32,152,478,30,140
0.09,1.00,0.11,-2.38,4.82,-5.55,1.01,7.73,130,497,34,134
0.10,1.01,0.11,-1.71,3.72,-8.30,1.02,9.26,116,523,41,112
0.09,1.03,0.10,-0.67,2.08,-12.45,1.03,12.64,81,578,46,84
0.08,1.06,0.11,10.31,1.53,-24.66,1.07,26.77,46,659,51,39
0.05,1.25,0.25,-4.94,12.02,-50.96,1.28,52.60,24,741,58,19
0.10,1.51,0.22,-15.14,17.21,-78.55,1.53,81.83,11,759,58,14
0.04,1.56,0.22,-1.10,19.84,-114.07,1.58,115.79,7,750,38,14
0.06,1.62,0.31,36.62,27.71,-143.01,1.65,150.20,3,722,18,13
0.10,1.76,0.47,122.01,56.76,-127.26,1.82,185.21,2,678,0,16
-0.21,0.73,-0.10,101.38,133.36,-43.64,0.77,173.11,2,651,0,17
0.20,1.13,-0.12,49.13,169.25,-7.02,1.15,176.38,2,647,0,18
0.32,1.02,-0.15,48.89,159.18,0.00,1.07,166.52,2,639,0,15
0.34,0.93,-0.13,41.38,108.52,15.20,1.00,117.13,2,625,0,19
0.16,1.01,0.06,50.17,84.78,36.07,1.03,104.91,2,625,0,20
0.01,0.86,0.01,55.36,82.76,44.74,0.86,109.16,2,619,0,20
0.04,0.85,-0.13,52.37,92.41,64.51,0.86,124.27,2,614,0,21
0.09,0.75,-0.27,42.11,99.06,73.67,0.81,130.44,2,608,0,22
0.09,0.70,-0.30,17.82,100.46,74.22,0.77,126.17,2,602,0,23
0.12,0.72,-0.31,8.79,97.11,82.28,0.79,127.58,3,594,0,25
0.11,0.69,-0.29,-2.26,91.92,85.69,0.76,125.69,3,587,0,25
0.17,0.74,-0.27,-10.80,86.49,92.29,0.80,126.94,3,582,0,26
0.16,0.73,-0.18,-11.66,77.76,90.58,0.76,119.94,3,580,0,26
0.13,0.68,-0.13,-13.12,82.82,86.67,0.70,120.60,3,577,0,26
0.17,0.75,-0.08,-16.66,91.13,85.21,0.77,125.86,3,581,0,25
0.30,0.76,-0.06,-19.71,97.35,78.74,0.82,126.75,3,582,0,24
0.47,0.73,-0.11,-19.96,103.82,43.33,0.87,114.26,3,586,0,23
0.51,0.83,-0.14,-26.06,107.79,32.78,0.99,115.64,3,581,0,22
0.74,1.00,-0.20,-19.17,103.33,34.06,1.26,110.48,2,584,0,21
0.99,0.99,-0.16,2.08,74.28,11.96,1.41,75.27,2,587,0,19
0.84,0.76,-0.08,27.10,34.67,-54.08,1.14,69.72,2,612,0,20
0.54,0.51,-0.09,31.13,12.33,-51.76,0.75,61.64,2,621,0,13
1.24,0.81,0.30,14.83,4.52,-82.64,1.51,84.08,4,539,0,22
0.16,0.37,0.68,80.63,-18.49,50.05,0.79,96.68,15,468,2,82
0.04,1.03,0.10,0.98,4.21,-12.76,1.04,13.47,17,493,6,80
0.18,0.99,0.02,8.91,1.34,-28.63,1.01,30.01,17,554,9,49
0.15,0.92,0.09,18.25,-5.07,-22.83,0.94,29.66,15,594,11,33
0.22,0.84,0.04,11.47,-0.24,-17.27,0.87,20.74,16,613,16,31
0.15,0.66,0.17,10.44,-3.78,1.46,0.70,11.20,22,600,15,43
0.09,1.09,0.07,-16.36,0.85,17.94,1.09,24.30,39,570,18,63
0.13,1.14,0.01,5.62,-0.37,-7.87,1.14,9.68,73,567,27,71
0.18,0.92,0.09,17.82,-1.10,-21.48,0.95,27.94,74,590,35,62
0.17,0.93,0.08,10.44,-1.10,-15.08,0.95,18.37,72,611,44,49
0.20,0.88,0.11,11.05,-2.08,-8.67,0.91,14.19,70,623,52,47
0.20,1.00,0.06,7.14,-1.71,-4.21,1.02,8.46,76,636,53,47
0.18,0.93,0.12,15.75,-5.00,-8.85,0.96,18.74,66,641,61,50
0.20,0.91,0.13,6.41,-2.01,-7.32,0.94,9.94,66,643,67,47
0.20,0.96,0.10,1.16,-1.10,-6.53,0.99,6.72,72,647,72,41
0.20,0.96,0.11,1.83,-2.26,-6.84,0.99,7.43,79,655,71,35
0.23,0.90,0.10,-1.16,0.49,-8.18,0.93,8.27,66,661,74,35
0.23,0.89,0.11,1.10,0.18,-3.60,0.93,3.77,74,660,73,31
0.22,0.89,0.10,-0.73,0.85,4.52,0.93,4.65,80,655,72,36
0.18,1.00,0.11,-0.92,0.37,9.58,1.02,9.63,93,651,70,44
0.20,0.97,0.10,-1.65,1.89,4.52,0.99,5.17,99,633,76,53
0.22,0.99,0.08,0.55,1.65,5.86,1.01,6.11,124,618,78,60
0.21,0.96,0.09,6.47,-0.43,8.61,0.99,10.78,119,603,79,78
0.20,0.91,0.13,10.74,-1.34,12.08,0.94,16.22,121,587,78,92
0.19,0.97,0.11,7.51,-0.49,16.54,0.99,18.17,136,566,73,106
0.18,0.93,0.13,8.54,-0.73,12.88,0.96,15.47,123,555,69,116
0.17,0.95,0.13,3.11,-0.31,11.35,0.98,11.78,131,544,65,119
0.16,0.96,0.14,1.28,-0.98,6.29,0.98,6.49,176,538,64,126
0.15,0.95,0.14,-2.62,0.24,3.11,0.97,4.08,158,536,67,125
0.16,0.95,0.14,-5.37,1.77,2.56,0.97,6.21,141,533,71,127
0.17,0.95,0.11,-6.90,2.32,1.83,0.98,7.50,131,540,71,127
0.15,0.97,0.12,-7.57,2.69,-1.83,0.99,8.24,178,532,74,124
0.17,0.94,0.12,-7.32,3.11,-3.17,0.96,8.57,152,538,79,121
0.17,0.96,0.10,-7.26,2.99,-1.65,0.98,8.03,181,542,81,118
0.17,0.96,0.09,-4.64,2.26,-1.71,0.98,5.43,149,549,82,113
0.17,0.98,0.08,0.61,0.92,1.53,1.00,1.88,168,547,79,110
0.16,0.97,0.10,3.78,0.98,0.31,0.98,3.92,148,550,83,110
0.15,0.95,0.12,5.55,0.67,0.92,0.97,5.67,134,549,79,111
0.16,0.95,0.11,3.30,1.10,-1.34,0.97,3.72,164,551,77,109
0.16,0.97,0.11,3.97,0.43,-1.95,0.99,4.44,145,553,78,108
0.17,0.96,0.11,4.21,0.61,-1.40,0.98,4.48,134,553,83,108
0.16,0.97,0.12,4.21,0.55,-1.71,0.99,4.58,140,552,84,108
0.17,0.94,0.13,1.40,1.53,-3.17,0.97,3.79,153,554,86,100
0.15,0.95,0.12,-1.34,2.20,-4.52,0.97,5.20,149,557,84,97
0.17,0.97,0.12,-3.17,3.42,-5.31,0.99,7.07,130,573,88,90
0.18,0.98,0.12,-3.78,3.78,-8.00,1.01,9.62,109,611,91,65
0.17,1.12,0.10,-0.98,3.48,-13.06,1.14,13.55,72,670,92,36
0.24,0.90,0.20,1.71,12.94,-30.09,0.95,32.80,38,748,91,18
0.25,1.28,0.13,-13.12,16.11,-66.77,1.31,69.93,17,797,85,13
0.17,1.32,0.16,-11.60,13.85,-94.24,1.34,95.95,11,807,78,10
0.26,1.33,0.09,-3.54,14.83,-117.55,1.36,118.54,6,796,43,9
0.79,1.30,0.11,2.56,13.37,-129.09,1.52,129.80,3,719,5,8
1.74,1.41,0.22,1.53,-10.19,-134.52,2.25,134.92,2,673,0,14
1.10,1.63,0.30,25.21,-3.72,-71.23,1.99,75.65,2,665,0,16
0.91,1.35,0.01,44.31,20.94,-60.00,1.62,77.47,2,653,0,17
0.36,1.14,0.06,31.92,28.93,-71.23,1.20,83.24,2,649,0,17
-0.17,0.96,0.11,32.71,58.78,-58.96,0.98,89.45,2,638,0,17
-0.45,0.42,-0.17,12.63,74.28,-40.59,0.64,85.58,2,628,0,20
-0.53,0.44,-0.09,-2.38,47.30,-10.74,0.70,48.57,2,631,0,19
-0.69,0.25,-0.05,0.73,18.62,21.36,0.73,28.34,3,620,0,21
-0.69,0.27,0.00,-0.73,-4.52,78.80,0.74,78.93,3,618,0,22
-0.44,0.27,-0.14,-0.73,-13.73,114.20,0.53,115.02,3,613,0,24
-0.25,0.50,-0.06,-6.47,-19.96,140.62,0.56,142.18,3,612,0,24
0.01,0.55,-0.11,-11.90,-7.93,153.87,0.56,154.53,3,607,0,23
0.35,0.74,-0.08,-26.55,0.67,152.95,0.83,155.24,3,601,0,23
0.68,0.99,-0.04,-26.25,-4.03,135.44,1.20,138.02,3,609,0,23
0.70,0.91,0.08,-16.97,-12.27,112.30,1.15,114.24,3,620,0,21
1.00,0.89,0.13,-16.05,3.05,82.15,1.34,83.76,2,636,0,20
1.29,1.13,0.30,-11.23,1.53,47.91,1.74,49.23,2,658,0,20
1.00,0.90,0.30,22.71,-22.71,-9.22,1.38,33.41,2,673,0,18
0.51,0.52,0.26,21.55,-18.01,-55.91,0.77,62.56,2,693,0,19
-0.99,2.14,0.07,-47.61,3.48,23.50,2.36,53.20,5,567,4,42
-0.64,1.04,0.28,2.26,9.95,52.73,1.25,53.71,9,454,0,84
0.07,1.21,0.03,3.36,4.15,-20.26,1.21,20.95,12,484,0,78
0.16,0.86,0.09,0.00,2.56,-8.91,0.88,9.27,12,513,2,63
0.16,0.93,0.07,-9.70,3.72,0.00,0.94,10.39,15,502,0,68
0.12,0.99,0.05,-8.54,-0.73,1.28,1.00,8.67,20,491,2,76
0.15,0.93,0.06,-6.59,-1.16,0.73,0.95,6.73,28,478,4,86
0.12,0.99,0.04,-3.30,-1.04,0.31,1.00,3.47,40,471,5,100
0.14,0.93,0.06,-4.94,-1.16,-3.30,0.94,6.05,60,470,10,109
0.16,1.00,0.03,1.40,-2.44,-2.56,1.01,3.81,93,473,17,120
0.16,0.99,0.03,0.92,-2.62,0.12,1.00,2.78,123,473,21,129
0.14,0.97,0.05,3.78,-2.20,4.33,0.98,6.16,163,464,22,138
0.12,1.03,0.03,6.65,-1.16,1.89,1.03,7.01,144,462,23,142
0.14,0.95,0.07,12.33,-0.67,-0.61,0.96,12.36,169,460,26,144
0.12,0.99,0.06,6.47,1.53,0.24,1.00,6.65,214,458,31,145
0.14,0.93,0.09,4.09,1.34,-4.52,0.95,6.24,210,464,38,148
0.15,0.94,0.08,-2.62,1.04,-2.20,0.95,3.58,192,467,41,148
0.14,0.95,0.07,-4.52,0.31,-0.55,0.97,4.56,182,468,40,146
0.15,0.97,0.05,-2.20,1.83,1.95,0.98,3.46,192,466,41,149
0.15,0.98,0.06,0.18,0.18,1.77,0.99,1.79,184,468,41,148
0.13,0.97,0.07,3.85,1.04,-0.06,0.99,3.98,167,470,41,149
0.15,0.97,0.06,5.43,2.44,-3.23,0.98,6.78,202,477,47,146
0.15,0.94,0.08,7.57,2.93,-1.34,0.96,8.23,202,482,49,145
0.14,0.96,0.09,4.09,2.08,-0.37,0.97,4.60,192,486,53,141
0.15,0.96,0.06,5.68,0.79,-3.05,0.97,6.49,195,496,58,134
0.14,0.95,0.08,7.63,-0.12,-0.55,0.97,7.65,203,504,60,138
0.15,0.95,0.09,5.43,0.73,-0.12,0.97,5.48,260,505,58,136
0.14,0.95,0.09,4.09,0.43,0.61,0.96,4.16,242,507,64,137
0.14,0.96,0.08,2.08,0.67,-0.55,0.98,2.25,229,507,65,135
0.15,0.96,0.08,1.28,0.61,-1.16,0.98,1.83,244,510,68,135
0.15,0.95,0.09,1.46,0.61,-0.31,0.97,1.62,218,511,69,135
0.15,0.96,0.08,1.71,0.73,0.85,0.97,2.05,233,512,66,136
0.13,0.98,0.10,1.46,0.49,2.20,0.99,2.69,198,510,69,138
0.15,0.99,0.11,-0.55,2.14,-2.93,1.00,3.67,250,511,68,134
0.15,0.95,0.08,0.24,3.11,-4.09,0.96,5.15,166,520,76,123
0.14,0.95,0.11,-0.55,3.11,-4.15,0.97,5.22,254,534,77,114
0.15,0.94,0.09,-1.65,2.38,-3.78,0.95,4.76,153,551,77,103
0.17,0.97,0.09,-1.40,1.83,-1.04,0.98,2.53,156,565,73,92
0.15,0.96,0.08,-0.79,1.04,0.06,0.98,1.31,152,573,72,89
0.15,0.96,0.09,-1.28,0.73,-0.55,0.97,1.58,142,578,72,88
0.15,0.96,0.09,-1.77,0.12,-2.69,0.98,3.22,146,586,68,74
0.16,0.97,0.09,-0.73,0.37,-4.15,0.99,4.23,113,599,69,59
0.15,0.97,0.09,-0.18,0.73,-4.82,0.98,4.88,103,616,68,44
0.15,0.96,0.09,0.06,2.44,-5.37,0.98,5.90,96,639,70,38
0.17,0.95,0.07,2.26,2.56,-6.65,0.97,7.48,86,653,68,30
0.17,0.95,0.09,1.83,2.08,-5.62,0.97,6.26,74,662,74,29
0.17,0.96,0.10,-1.22,2.56,-6.71,0.98,7.29,70,680,72,24
0.15,1.10,0.11,-5.25,4.46,-11.66,1.12,13.54,58,709,74,17
0.12,1.38,0.12,-11.66,10.13,-48.46,1.39,50.86,30,763,64,13
0.14,1.87,0.11,-15.87,13.85,-92.29,1.88,94.66,12,758,38,6
1.31,1.76,0.15,-0.06,22.71,-140.69,2.20,142.51,5,698,4,8
1.67,1.98,0.26,-57.74,7.51,-203.55,2.60,211.72,2,660,0,14
1.18,1.87,0.22,5.13,27.83,-129.21,2.23,132.27,3,646,0,14
0.80,1.50,-0.07,-2.50,17.33,-119.81,1.70,121.09,2,632,0,15
0.09,1.28,-0.08,17.58,-19.53,-100.95,1.28,104.32,2,625,0,17
-0.58,0.73,-0.16,32.53,-45.59,-61.28,0.95,83.02,2,622,0,18
-1.00,0.35,-0.15,34.18,-37.66,-20.02,1.07,54.66,3,616,0,21
-1.06,0.15,-0.16,-9.70,-5.92,39.06,1.08,40.68,3,611,0,22
-0.97,0.02,-0.14,-17.09,10.31,65.61,0.98,68.58,3,605,0,21
-0.86,0.07,-0.14,-25.39,14.47,103.03,0.87,107.09,3,599,0,23
-0.55,0.27,-0.07,-31.13,6.59,136.35,0.62,140.02,3,596,0,25
-0.22,0.54,-0.03,-23.07,3.78,160.40,0.58,162.10,3,593,0,25
0.36,0.91,0.13,-19.10,-5.55,163.82,0.99,165.02,3,595,0,24
0.76,0.98,0.17,-3.66,0.00,148.56,1.25,148.60,3,600,0,21
1.17,1.11,0.18,5.49,4.76,125.12,1.63,125.33,3,614,0,21
1.30,1.12,0.22,26.12,-13.18,74.65,1.73,80.18,3,617,0,21
1.18,0.98,0.22,36.62,-5.43,13.67,1.55,39.47,2,640,0,21
-0.44,1.17,0.13,96.19,-28.63,-72.45,1.26,123.78,6,533,3,65
-0.15,0.58,0.33,38.33,-4.27,14.83,0.69,41.32,5,531,0,61
0.13,1.24,-0.02,-11.78,3.72,-17.64,1.25,21.54,7,563,3,54
0.16,0.86,0.11,18.01,-0.55,-22.03,0.88,28.46,8,596,13,50
0.20,0.79,0.14,2.01,1.95,-7.69,0.82,8.19,12,595,18,55
0.15,0.99,0.09,-11.35,2.81,4.09,1.00,12.39,22,578,21,68
0.16,1.00,0.08,-3.60,1.22,-0.37,1.01,3.82,37,571,28,71
0.15,0.96,0.06,3.72,-1.04,-7.39,0.97,8.34,52,572,41,78
0.18,0.85,0.13,6.04,-2.50,-6.29,0.88,9.07,83,568,54,92
0.16,1.04,0.08,-8.48,-1.16,2.20,1.06,8.84,126,554,68,102
0.17,0.98,0.08,-3.54,-0.12,-4.64,1.00,5.84,172,553,78,105
0.17,0.93,0.11,-7.02,0.37,-3.42,0.95,7.82,173,556,87,105
0.18,0.97,0.07,-7.93,0.79,0.00,0.99,7.97,192,551,91,103
0.17,0.96,0.08,-1.34,0.61,1.46,0.98,2.08,229,546,93,107
0.18,0.96,0.08,-2.32,1.04,2.87,0.98,3.83,216,545,94,105
0.15,0.98,0.07,0.92,1.46,3.23,0.99,3.67,216,545,89,106
0.16,0.97,0.08,2.32,1.95,2.75,0.98,4.09,205,541,91,112
0.17,0.95,0.07,0.67,3.17,0.18,0.97,3.25,205,542,93,109
0.16,0.93,0.10,0.12,1.53,0.18,0.95,1.54,216,541,94,111
0.17,0.94,0.07,-3.72,1.46,1.95,0.96,4.45,194,538,93,111
0.16,0.94,0.09,-4.76,0.43,4.21,0.96,6.37,214,535,93,114
0.15,0.96,0.08,-3.17,1.53,5.80,0.97,6.78,240,530,93,118
0.16,0.96,0.06,-3.42,1.46,5.68,0.97,6.79,229,526,89,121
0.14,0.98,0.07,-3.60,2.01,1.40,1.00,4.36,241,526,86,120
0.15,0.95,0.07,-2.14,1.59,-1.22,0.97,2.93,334,522,88,120
0.15,0.98,0.05,-1.46,1.40,-1.53,0.99,2.54,274,522,88,119
0.16,0.96,0.05,1.16,1.10,-2.56,0.98,3.02,229,525,91,116
0.16,0.95,0.07,2.81,0.79,-0.37,0.97,2.94,229,523,91,115
0.16,0.96,0.07,2.75,0.79,-0.49,0.97,2.90,290,524,93,114
0.17,0.94,0.07,2.56,0.73,0.18,0.96,2.67,292,521,95,112
0.16,0.97,0.07,0.12,0.00,4.64,0.99,4.64,217,521,93,119
0.14,0.96,0.07,0.49,-0.31,3.17,0.98,3.23,243,520,91,123
0.15,0.96,0.07,0.43,0.92,0.06,0.98,1.01,208,518,92,123
0.15,0.96,0.09,0.12,0.92,-1.53,0.98,1.78,259,521,92,122
0.15,0.96,0.07,0.00,0.98,-2.93,0.98,3.09,232,523,95,115
0.16,0.98,0.06,0.43,1.22,-3.48,1.00,3.71,196,526,95,102
0.16,0.97,0.06,3.23,1.04,-4.52,0.99,5.65,248,535,98,93
0.18,0.94,0.08,2.75,1.53,-4.52,0.96,5.50,222,546,96,79
0.17,0.96,0.06,-0.55,0.98,-4.09,0.98,4.24,298,561,100,62
0.17,0.97,0.07,0.85,0.79,-3.85,0.98,4.02,220,576,92,46
0.16,0.99,0.08,0.85,2.08,-5.68,1.01,6.10,169,606,87,34
0.16,0.96,0.09,-3.60,6.16,-11.17,0.98,13.26,116,659,86,26
0.17,0.99,0.13,-13.12,9.22,-12.82,1.01,20.53,58,719,73,18
0.16,1.10,0.16,-26.00,12.51,-22.95,1.12,36.87,22,774,49,14
0.05,1.46,0.36,-34.85,22.83,-41.99,1.50,59.15,8,775,27,12
0.30,1.44,0.26,38.76,70.74,-81.73,1.49,114.83,4,736,6,12
1.73,1.60,-0.19,29.66,51.15,-118.65,2.37,132.57,2,679,0,16
1.11,1.43,0.03,36.44,-63.42,-116.03,1.81,137.16,1,651,0,19
0.60,1.81,0.34,77.15,-90.15,-52.73,1.94,129.84,2,649,0,18
0.39,1.28,0.09,47.67,-17.82,-93.38,1.34,106.35,2,638,0,19
0.30,1.13,-0.07,26.06,16.36,-99.55,1.17,104.20,2,626,0,17
0.15,1.06,-0.12,11.78,16.85,-80.99,1.08,83.56,2,609,0,18
-0.09,0.89,-0.06,13.92,13.43,-56.40,0.90,59.62,2,602,0,18
-0.25,0.52,-0.08,-1.34,26.61,-31.74,0.58,41.44,2,604,0,20
-0.35,0.43,-0.05,-17.94,43.40,-6.47,0.56,47.40,3,598,0,21
-0.26,0.35,-0.12,-25.82,41.93,13.98,0.45,51.19,3,594,0,22
-0.36,0.42,-0.00,-20.57,16.30,39.55,0.56,47.46,3,609,0,22
-0.38,0.21,-0.10,-10.07,-10.13,79.10,0.44,80.38,4,607,0,22
-0.41,0.31,0.05,-13.85,-18.98,99.79,0.52,102.52,4,607,0,23
-0.33,0.34,0.02,-22.46,-10.99,115.60,0.48,118.27,4,610,0,23
-0.02,0.63,0.11,-32.23,-9.28,133.85,0.64,137.99,4,607,0,24
0.30,0.81,0.13,-28.20,-29.42,137.76,0.88,143.66,4,610,0,24
0.78,1.11,0.24,-18.07,-16.42,131.16,1.38,133.42,4,613,0,22
1.23,1.26,0.26,-14.04,-11.78,104.74,1.78,106.33,3,618,0,23
1.19,1.25,0.30,-2.69,-3.11,58.96,1.75,59.10,3,625,0,21
0.96,1.03,0.15,3.66,18.80,13.24,1.41,23.29,3,631,0,22
0.66,0.75,0.01,11.17,28.02,-46.20,0.99,55.18,2,642,0,19
0.24,0.62,0.01,8.54,-4.82,5.25,0.67,11.13,4,596,5,37
-0.31,0.93,0.39,23.32,-3.05,44.86,1.06,50.65,6,547,1,51
-0.01,1.43,-0.00,-14.77,4.58,1.22,1.43,15.51,11,552,9,56
0.14,0.94,0.08,16.91,1.65,-33.33,0.95,37.40,12,629,16,37
0.18,0.82,0.14,9.58,1.95,-28.99,0.85,30.60,12,660,24,30
0.26,0.80,0.07,2.69,-1.10,-17.58,0.85,17.82,22,658,37,34
0.16,1.02,0.12,2.99,-2.20,-4.58,1.04,5.89,41,648,50,40
0.22,0.96,0.06,17.70,-6.59,-9.64,0.98,21.21,53,655,68,44
0.15,0.92,0.21,4.88,-1.95,-3.36,0.95,6.24,72,647,77,49
0.19,0.97,0.11,-3.85,3.66,-6.16,1.00,8.14,69,661,88,51
0.21,0.81,0.14,-3.48,3.36,0.61,0.85,4.87,81,655,89,54
0.21,0.99,0.07,-3.60,1.53,10.31,1.02,11.03,93,635,99,61
0.19,0.94,0.12,-1.65,0.12,10.50,0.97,10.63,116,617,99,76
0.17,0.96,0.12,-2.44,0.18,10.68,0.98,10.96,166,599,97,83
0.18,0.97,0.11,-2.26,0.24,8.91,0.99,9.20,135,591,99,86
0.16,0.99,0.12,-2.26,0.31,5.37,1.01,5.83,142,582,99,89
0.17,0.94,0.12,-3.91,1.10,0.73,0.96,4.12,162,583,94,88
0.17,0.96,0.11,-4.09,0.85,0.06,0.98,4.18,143,584,99,84
0.17,0.94,0.10,-4.33,1.04,0.00,0.96,4.46,149,585,101,84
0.18,0.99,0.08,-4.70,1.22,1.83,1.01,5.19,152,586,102,84
0.17,0.92,0.11,-2.81,1.04,-0.49,0.95,3.03,164,584,100,84
0.18,0.94,0.10,-4.52,1.83,1.59,0.96,5.13,181,583,99,85
0.18,0.92,0.09,-4.46,1.40,5.49,0.94,7.21,190,572,102,85
0.17,0.97,0.09,-4.76,0.67,7.93,0.99,9.28,189,558,97,91
0.17,0.96,0.08,0.92,-0.92,10.44,0.98,10.52,220,552,96,100
0.14,0.99,0.09,2.44,-1.04,8.18,1.01,8.60,207,546,95,109
0.15,0.96,0.10,2.62,-0.61,4.09,0.98,4.90,199,544,89,110
0.15,0.96,0.10,2.81,-0.67,4.64,0.97,5.46,274,537,89,116
0.15,0.94,0.10,0.31,-0.18,4.09,0.95,4.10,219,537,91,117
0.14,0.97,0.10,-1.59,0.06,4.46,0.98,4.73,207,533,89,116
0.13,0.97,0.10,-2.20,1.16,-0.12,0.99,2.49,247,530,87,115
0.15,0.95,0.08,-0.24,1.46,-1.71,0.97,2.26,220,531,94,114
0.15,0.96,0.11,-1.65,1.59,-0.73,0.98,2.40,263,531,91,113
0.12,0.97,0.11,-3.72,2.38,-1.89,0.99,4.81,234,536,93,107
0.15,1.02,0.07,-2.62,3.36,-5.92,1.03,7.29,222,544,91,95
0.15,0.99,0.07,0.98,2.20,-11.11,1.00,11.37,248,567,91,69
0.16,0.96,0.11,6.59,2.08,-15.50,0.98,16.97,169,615,90,36
0.02,1.07,0.22,-4.64,3.23,-17.21,1.09,18.12,110,690,83,18
0.15,1.22,0.14,-19.96,11.23,-28.26,1.24,36.37,35,767,63,14
0.19,1.22,0.17,-22.89,13.37,-46.39,1.25,53.43,12,765,32,11
0.39,1.84,0.53,-24.11,22.71,-67.32,1.95,75.03,5,693,2,11
1.25,2.10,0.23,-69.40,19.41,-152.34,2.45,168.53,2,647,0,15
0.89,1.80,0.01,23.07,29.54,-99.73,2.01,106.54,2,643,0,16
0.83,1.63,-0.10,2.38,2.38,-119.14,1.83,119.19,3,640,0,14
0.33,1.58,0.01,19.96,-33.26,-126.95,1.62,132.75,3,643,0,17
-0.09,1.22,-0.07,44.49,-47.55,-98.39,1.23,117.99,3,641,0,18
-0.46,0.69,-0.08,36.50,-33.08,-79.53,0.84,93.55,3,641,0,19
-0.51,0.46,-0.10,23.93,-8.61,-45.47,0.70,52.10,3,636,0,20
-0.44,0.39,-0.06,0.06,10.44,-13.31,0.59,16.91,3,636,0,21
-0.43,0.32,-0.02,-8.36,17.27,23.68,0.53,30.48,3,631,0,21
-0.29,0.36,-0.03,-7.93,9.52,58.17,0.47,59.47,4,628,0,22
-0.20,0.32,-0.06,-8.67,-2.20,82.03,0.38,82.52,4,620,0,24
-0.15,0.34,-0.01,-16.17,-14.10,97.53,0.37,99.87,4,617,0,22
-0.17,0.48,0.12,-19.59,-21.24,112.37,0.53,116.02,4,614,0,22
-0.03,0.59,0.11,-19.84,-14.16,128.91,0.60,131.19,4,614,0,24
0.21,0.81,0.18,-19.10,-11.29,141.97,0.86,143.69,4,615,0,22
0.50,0.97,0.17,-15.56,-0.85,140.14,1.10,141.00,4,616,0,23
0.77,1.03,0.11,-13.49,19.17,123.05,1.29,125.26,4,612,0,22
1.05,1.07,0.01,-14.04,35.52,82.52,1.50,90.93,4,615,0,21
1.24,1.01,-0.02,-1.95,33.02,41.93,1.60,53.41,3,627,0,21
3.16,-0.13,0.06,-2.38,3.85,-164.31,3.16,164.37,8,514,0,70
0.29,0.47,0.23,65.73,-3.23,5.00,0.60,66.00,7,516,0,56
0.12,1.20,-0.02,-15.62,6.59,-10.86,1.20,20.14,12,532,4,60
0.16,0.89,0.08,12.21,2.62,-23.68,0.91,26.77,19,561,13,59
0.20,0.89,0.07,4.58,2.81,-16.24,0.91,17.10,32,583,25,60
0.21,0.89,0.08,3.05,0.73,-2.93,0.92,4.29,46,581,28,72
0.13,1.08,0.05,2.93,0.55,-4.64,1.09,5.51,72,580,39,75
0.19,0.91,0.07,13.00,-1.89,-9.09,0.93,15.98,76,593,52,77
0.19,0.90,0.11,9.40,-3.48,-0.55,0.93,10.04,82,598,62,83
0.17,0.94,0.11,3.48,-2.75,0.79,0.97,4.50,96,594,66,88
0.18,0.90,0.10,-2.20,0.18,6.53,0.92,6.89,126,572,71,95
0.16,0.97,0.10,-7.14,1.22,6.53,0.99,9.75,158,552,71,97
0.17,0.98,0.08,-5.62,1.65,3.85,1.00,7.00,176,542,74,101
0.17,0.98,0.06,-2.08,0.98,3.48,1.00,4.17,179,539,80,105
0.17,0.94,0.07,-0.43,0.37,3.36,0.96,3.40,208,532,80,114
0.15,0.97,0.09,-0.73,0.43,4.46,0.99,4.54,264,523,82,120
0.15,0.97,0.07,-2.93,0.73,1.65,0.99,3.44,224,521,80,124
0.16,0.95,0.08,-2.99,0.12,0.49,0.96,3.03,227,521,81,125
0.16,0.97,0.09,-4.58,0.06,1.53,0.98,4.83,214,518,85,125
0.17,0.95,0.05,-3.78,0.18,-0.49,0.97,3.82,205,518,84,119
0.16,0.96,0.08,-3.78,0.37,0.92,0.98,3.91,245,517,85,125
0.16,0.95,0.08,-3.60,0.98,0.00,0.96,3.73,232,517,86,117
0.16,0.96,0.05,-4.46,0.98,0.98,0.98,4.66,263,517,84,120
0.16,0.94,0.08,-6.53,1.04,2.81,0.96,7.18,263,512,81,116
0.16,0.96,0.06,-7.69,1.53,2.38,0.97,8.19,280,511,73,119
0.16,0.96,0.05,-6.47,1.34,2.56,0.97,7.09,248,514,76,115
0.16,0.95,0.05,-6.47,0.98,2.99,0.96,7.19,448,510,72,118
0.15,0.96,0.06,-6.53,1.28,5.00,0.98,8.33,247,505,66,117
0.15,0.97,0.04,-9.03,1.83,5.13,0.98,10.55,199,505,58,123
0.15,0.97,0.03,-7.26,1.71,4.15,0.99,8.54,247,503,53,126
0.13,0.98,0.04,-3.17,1.53,1.95,0.99,4.03,370,502,53,124
0.15,0.98,0.02,1.46,1.22,-1.34,0.99,2.33,370,501,54,127
0.14,0.97,0.04,5.86,1.10,-2.01,0.98,6.29,410,500,58,129
0.15,0.97,0.04,4.52,0.98,-3.72,0.98,5.93,376,503,66,124
0.16,0.94,0.05,4.82,0.79,-2.14,0.95,5.33,265,502,69,124
0.15,0.96,0.04,0.67,0.73,0.43,0.97,1.08,263,503,70,124
0.15,0.98,0.04,0.43,0.61,0.31,0.99,0.81,317,501,68,126
0.15,0.98,0.05,0.31,0.98,-0.79,0.99,1.29,265,502,71,120
0.14,0.96,0.03,2.32,0.73,-2.32,0.97,3.36,237,501,70,115
0.16,0.96,0.05,3.60,0.73,-2.93,0.98,4.70,305,507,72,109
0.15,0.96,0.06,3.97,0.73,-2.56,0.97,4.78,252,510,78,102
0.15,0.97,0.05,2.44,0.98,-3.66,0.99,4.51,378,517,74,91
0.15,0.95,0.06,-2.50,3.05,-5.86,0.96,7.06,282,526,79,78
0.17,0.98,0.04,-3.23,2.69,-8.73,1.00,9.69,235,540,80,55
0.17,0.98,0.04,1.40,1.34,-8.61,0.99,8.82,349,556,78,44
0.17,0.95,0.05,2.50,1.04,-6.35,0.97,6.90,280,577,80,35
0.17,0.95,0.06,2.81,1.71,-6.77,0.97,7.53,280,600,79,27
0.16,0.98,0.08,-0.98,3.60,-9.34,0.99,10.06,179,631,79,18
0.17,1.03,0.08,-13.37,8.61,-18.49,1.05,24.39,142,684,73,12
0.17,1.16,0.09,-24.23,12.27,-35.34,1.17,44.57,65,738,63,8
0.18,1.26,0.13,-28.63,15.32,-57.01,1.28,65.60,26,757,44,5
0.20,1.29,0.17,-22.83,20.75,-87.34,1.32,92.63,12,746,12,4
0.86,1.38,0.04,-19.90,37.41,-115.60,1.63,123.12,6,681,0,6
1.42,1.96,-0.06,-86.67,-3.66,-138.55,2.42,163.47,3,656,0,11
0.97,1.53,-0.12,50.35,-1.95,-85.63,1.81,99.36,3,643,0,13
0.88,1.40,-0.17,17.52,-3.66,-90.94,1.66,92.69,3,639,0,15
0.49,1.32,-0.01,27.65,-11.72,-108.46,1.41,112.54,3,635,0,15
0.14,1.00,-0.10,39.92,-19.71,-92.04,1.02,102.24,3,633,0,16
-0.08,0.83,-0.11,42.24,-26.43,-79.16,0.84,93.54,3,631,0,16
-0.31,0.58,-0.14,44.68,-23.38,-56.15,0.67,75.47,3,626,0,20
-0.41,0.39,-0.15,32.84,-11.60,-26.98,0.58,44.05,3,617,0,20
-0.47,0.25,-0.14,13.24,7.45,11.90,0.55,19.30,3,614,0,21
-0.34,0.31,-0.16,-2.01,8.91,45.65,0.48,46.56,4,608,0,24
-0.23,0.34,-0.12,-4.03,-5.49,76.29,0.42,76.60,4,607,0,21
-0.28,0.41,0.00,-4.94,-18.37,100.34,0.50,102.13,4,609,0,22
-0.24,0.45,0.02,-14.89,-13.31,128.36,0.51,129.90,4,602,0,23
0.05,0.69,0.04,-20.94,-8.24,140.87,0.70,142.65,4,604,0,24
0.29,0.82,0.03,-23.38,-11.78,144.84,0.88,147.18,4,604,0,22
0.49,1.01,0.18,-19.17,-15.38,143.07,1.14,145.16,4,602,0,21
0.75,1.02,0.16,-17.64,-1.71,118.53,1.28,119.85,4,606,0,19
0.84,1.06,0.22,-9.77,4.27,95.95,1.37,96.54,4,611,0,22
0.67,0.96,0.18,1.28,8.91,68.54,1.19,69.13,4,625,0,20
0.43,0.79,0.12,9.70,17.15,47.00,0.91,50.96,4,628,0,20
3.95,3.74,-1.04,-45.90,58.04,-140.08,5.54,158.42,7,548,0,70
0.27,0.27,0.39,63.66,2.44,9.46,0.55,64.41,5,535,0,55
-0.01,1.18,0.05,-27.40,-2.32,5.49,1.18,28.05,6,518,0,62
0.18,1.04,0.05,-5.55,4.21,-10.25,1.06,12.40,8,534,4,58
0.15,0.88,0.07,-0.18,3.78,-8.61,0.90,9.40,9,550,7,50
0.19,0.91,0.08,-1.89,2.20,1.77,0.94,3.40,12,548,8,56
0.12,1.00,0.05,-2.08,-0.24,8.48,1.01,8.74,19,529,12,71
0.14,0.97,0.07,1.77,-0.43,2.01,0.99,2.72,31,520,14,87
0.13,0.89,0.08,0.31,0.37,1.59,0.91,1.66,54,509,18,105
0.14,1.01,0.06,-1.40,1.10,1.34,1.02,2.23,88,505,24,112
0.13,0.96,0.06,1.28,-0.12,-3.11,0.98,3.37,96,501,34,120
0.15,0.98,0.07,4.09,0.31,-4.15,0.99,5.83,167,505,43,123
0.15,0.94,0.08,4.27,0.79,-4.33,0.95,6.14,135,514,49,125
0.15,0.96,0.07,0.12,1.16,-0.85,0.98,1.45,137,515,57,127
0.15,0.95,0.07,2.87,1.04,-4.09,0.97,5.10,147,517,67,131
0.16,0.96,0.08,2.44,0.79,-2.32,0.98,3.46,171,520,73,130
0.16,0.95,0.08,0.61,0.79,0.00,0.96,1.00,172,519,70,129
0.15,0.95,0.08,-0.61,0.37,2.14,0.96,2.25,201,515,71,130
0.15,0.94,0.09,-3.97,0.61,4.39,0.95,5.95,201,509,70,142
0.07,0.97,0.08,-6.23,0.43,4.46,0.97,7.67,181,506,68,141
0.12,0.97,0.07,-3.54,-4.15,5.86,0.98,8.01,181,502,59,137
0.14,0.97,0.06,-6.04,3.97,4.70,0.98,8.62,201,498,55,143
0.13,0.96,0.06,-0.55,1.34,1.46,0.97,2.06,312,497,54,146
0.13,0.98,0.07,-0.85,0.55,1.34,0.99,1.68,237,496,51,142
0.14,0.97,0.06,1.59,0.12,-1.65,0.98,2.29,212,495,55,142
0.14,0.94,0.07,1.53,-0.31,-0.55,0.96,1.65,315,498,57,145
0.13,0.97,0.07,0.61,-0.49,0.67,0.98,1.03,192,495,55,141
0.14,0.97,0.07,1.34,-0.37,0.06,0.98,1.39,312,494,57,148
0.13,0.97,0.07,1.77,0.18,-0.73,0.99,1.92,225,495,62,147
0.14,0.95,0.07,2.75,0.18,-1.71,0.96,3.24,290,497,62,143
0.14,0.96,0.08,1.53,0.55,0.00,0.97,1.62,229,496,63,141
0.14,0.97,0.07,1.28,0.79,0.24,0.98,1.53,260,498,66,146
0.14,0.97,0.07,2.20,0.98,0.12,0.98,2.41,270,497,65,144
0.14,0.96,0.08,2.75,1.28,-0.79,0.97,3.13,290,499,70,144
0.14,0.96,0.08,2.38,1.46,-0.85,0.98,2.92,344,500,71,145
0.14,0.95,0.08,1.10,0.92,0.31,0.97,1.46,290,501,71,144
0.14,0.98,0.08,0.92,0.79,-0.31,1.00,1.25,196,503,72,141
0.13,0.95,0.08,1.83,0.79,-1.59,0.96,2.55,193,506,67,141
0.16,0.98,0.07,1.83,0.98,-0.31,0.99,2.10,218,511,69,138
0.14,0.95,0.09,2.20,0.55,-0.06,0.96,2.27,204,517,68,130
0.15,0.97,0.09,2.08,0.55,-0.31,0.99,2.17,254,524,71,127
0.13,0.97,0.08,1.65,0.67,-0.43,0.98,1.83,178,538,70,118
0.15,0.97,0.08,0.98,0.37,0.18,0.99,1.06,155,545,64,115
0.15,0.96,0.08,0.98,0.18,-0.24,0.97,1.02,153,550,61,110
0.14,0.97,0.08,0.98,-0.12,-0.43,0.99,1.07,162,556,62,103
0.14,0.96,0.09,2.32,0.12,-1.95,0.98,3.03,213,566,65,99
0.14,0.95,0.10,1.40,0.12,-2.14,0.97,2.56,145,574,62,94
0.14,0.95,0.08,-0.06,1.10,-2.14,0.97,2.40,161,583,64,88
0.15,0.96,0.08,-1.53,1.22,-0.43,0.98,2.00,136,589,62,88
0.15,0.97,0.09,-0.67,0.98,-1.77,0.98,2.13,124,599,58,81
0.15,0.99,0.08,-0.12,0.79,-3.97,1.00,4.05,86,614,57,68
0.14,1.04,0.07,5.62,1.10,-8.73,1.05,10.44,62,652,53,47
0.16,1.05,0.09,9.34,1.53,-12.88,1.07,15.98,31,703,43,27
0.25,1.34,0.01,5.31,3.66,-27.53,1.37,28.27,9,763,13,18
1.37,1.98,-0.14,-20.87,-18.01,-56.95,2.41,63.27,3,686,0,16
0.94,1.94,0.44,56.64,-31.31,-128.11,2.20,143.53,2,646,0,21
0.86,1.71,0.27,27.04,0.37,-93.81,1.93,97.63,2,658,0,23
0.64,1.63,0.31,27.53,-22.52,-119.02,1.77,124.22,1,661,0,23
0.22,1.37,0.34,41.56,-52.67,-118.47,1.43,136.15,1,660,0,26
-0.08,1.09,0.27,41.93,-45.59,-106.38,1.12,123.10,2,646,0,26
-0.27,0.77,0.20,24.78,-0.43,-84.11,0.84,87.68,2,628,0,27
-0.21,0.53,0.03,10.74,35.95,-62.62,0.58,73.00,2,618,0,28
-0.12,0.45,-0.03,-5.98,38.45,-44.74,0.46,59.30,2,603,0,25
-0.14,0.49,0.06,-14.59,26.06,-15.44,0.51,33.62,2,603,0,26
-0.17,0.43,0.06,-11.05,22.89,7.32,0.46,26.45,2,593,0,26
-0.04,0.49,-0.06,-8.48,18.92,33.14,0.49,39.09,2,592,0,28
-0.07,0.51,-0.01,-12.08,4.88,48.10,0.51,49.83,3,594,0,29
-0.13,0.49,0.02,-15.01,5.31,63.29,0.51,65.27,3,589,0,27
-0.06,0.51,0.03,-21.73,12.27,86.12,0.52,89.66,3,582,0,27
0.08,0.58,0.04,-23.93,11.23,95.28,0.58,98.87,3,585,0,26
0.22,0.70,0.09,-20.32,2.26,105.71,0.74,107.67,3,583,0,28
0.38,0.73,0.10,-15.44,-4.27,111.51,0.83,112.66,3,583,0,26
0.56,0.82,0.13,-18.25,-4.76,102.29,1.01,104.02,3,588,0,26
0.51,0.82,0.19,-16.11,4.94,87.52,0.99,89.13,3,589,0,26
0.43,0.75,0.17,-18.01,14.22,75.50,0.88,78.91,3,588,0,26
0.29,0.63,0.13,-16.97,24.29,60.55,0.70,67.41,3,581,0,27
0.19,0.53,0.12,-20.81,36.68,34.48,0.58,54.48,2,587,0,25
4.00,4.00,0.58,-31.13,59.33,28.75,5.69,72.90,4,545,0,51
-0.38,0.15,0.54,31.86,-2.93,43.64,0.68,54.11,7,514,1,88
-0.05,1.16,0.03,-22.77,2.38,4.76,1.16,23.38,8,505,0,89
0.18,0.97,0.08,14.22,-1.77,-22.71,0.99,26.85,7,540,1,63
0.11,0.82,0.11,7.02,-1.22,-10.13,0.83,12.39,7,559,5,50
0.17,0.92,0.09,-6.16,0.85,0.12,0.94,6.22,9,550,3,55
0.12,0.95,0.06,-6.47,0.12,6.04,0.96,8.85,10,539,4,66
0.13,1.03,0.04,-1.77,0.06,2.50,1.04,3.07,12,529,3,70
0.12,0.96,0.06,7.51,-0.61,-4.46,0.97,8.75,14,533,6,68
0.15,0.94,0.11,7.32,-1.10,-4.70,0.96,8.77,14,537,8,69
0.13,0.91,0.08,1.28,-0.49,-2.38,0.92,2.75,18,546,9,74
0.13,0.97,0.07,-2.26,-0.55,-2.81,0.98,3.64,28,548,14,80
0.13,0.99,0.08,-1.04,-0.24,-5.00,1.01,5.12,54,547,21,89
0.15,0.95,0.07,5.49,-0.37,-9.77,0.96,11.21,77,551,37,94
0.15,0.90,0.11,-0.49,0.85,-4.88,0.92,4.98,117,544,50,103
0.16,0.99,0.07,-7.20,4.09,2.20,1.01,8.57,192,534,57,110
0.16,0.98,0.06,-2.56,3.30,1.77,0.99,4.54,233,525,66,114
0.14,0.97,0.06,-2.14,2.38,2.99,0.98,4.38,190,520,66,116
0.15,0.96,0.07,-2.56,2.14,2.38,0.98,4.10,315,517,71,122
0.14,0.97,0.07,-3.91,1.22,1.46,0.98,4.35,217,511,73,127
0.15,0.97,0.05,-3.30,0.85,1.71,0.99,3.81,218,511,69,126
0.14,0.98,0.06,0.31,1.10,1.16,0.99,1.63,220,510,73,127
0.14,0.97,0.05,2.01,1.40,0.49,0.98,2.50,198,516,74,126
0.15,0.97,0.06,3.48,1.04,0.24,0.98,3.64,222,514,74,127
0.15,0.96,0.08,3.23,1.16,-0.61,0.97,3.49,264,514,79,127
0.14,0.98,0.08,3.05,0.49,0.37,1.00,3.11,248,517,81,127
0.14,0.95,0.07,3.66,0.43,-2.38,0.96,4.39,224,520,83,119
0.16,0.96,0.07,3.48,0.67,-0.79,0.97,3.63,224,525,86,119
0.14,0.95,0.08,2.81,1.04,0.98,0.97,3.15,211,526,83,117
0.18,0.96,0.06,0.98,1.34,2.32,0.98,2.85,209,527,82,124
0.14,0.95,0.09,0.98,0.55,4.03,0.96,4.18,208,529,83,127
0.14,0.95,0.08,1.28,0.73,3.72,0.97,4.01,176,523,81,130
0.14,0.96,0.08,1.46,0.61,3.78,0.98,4.10,225,519,75,131
0.12,0.97,0.09,0.31,1.71,-0.73,0.98,1.88,239,520,78,136
0.14,0.97,0.07,0.31,1.46,-1.95,0.98,2.46,260,519,80,130
0.14,0.96,0.08,1.10,1.34,-2.93,0.98,3.40,209,523,85,124
0.15,0.96,0.08,0.92,0.73,-2.87,0.97,3.10,281,523,89,120
0.14,0.96,0.08,-0.85,0.31,-1.46,0.97,1.72,283,525,92,121
0.14,0.98,0.08,-1.28,0.37,-2.44,0.99,2.78,332,526,92,111
0.15,0.98,0.05,0.43,0.43,-3.72,1.00,3.77,214,535,95,103
0.14,1.02,0.07,5.55,-0.73,-4.58,1.03,7.23,214,551,94,93
0.15,0.94,0.09,9.34,-1.22,-6.53,0.95,11.46,214,570,96,83
0.17,0.92,0.12,5.55,0.43,-3.66,0.94,6.67,177,588,90,69
0.15,0.94,0.09,2.01,0.73,0.24,0.95,2.16,146,600,92,70
0.16,0.94,0.08,0.49,0.98,2.01,0.96,2.29,140,602,86,66
0.15,0.96,0.10,-1.04,0.92,3.11,0.97,3.41,150,599,88,68
0.15,0.99,0.08,-0.43,0.98,0.73,1.00,1.29,144,597,85,70
0.14,0.99,0.08,3.11,0.92,-2.99,1.01,4.41,149,609,86,62
0.16,0.95,0.11,4.09,0.92,-6.04,0.97,7.35,128,623,88,44
0.15,0.92,0.12,1.53,1.77,-5.68,0.94,6.14,114,643,89,39
0.17,0.96,0.08,-2.14,2.62,-3.85,0.98,5.12,103,653,86,32
0.17,0.96,0.09,0.00,0.79,-0.73,0.98,1.08,104,659,85,34
0.16,0.97,0.09,1.71,-0.31,-1.40,0.98,2.23,96,664,85,34
0.16,0.94,0.09,1.34,-0.18,-1.46,0.96,2.00,80,673,83,35
0.16,0.97,0.11,0.67,0.73,-2.32,0.99,2.52,69,680,80,34
0.16,0.96,0.11,-1.34,2.01,-5.00,0.98,5.56,68,690,78,31
0.17,0.97,0.10,-2.38,3.05,-5.86,0.99,7.02,55,708,78,25
0.16,1.01,0.11,-2.87,4.33,-7.39,1.02,9.03,45,729,80,21
0.17,1.05,0.12,-5.80,7.39,-19.29,1.07,21.45,31,763,77,17
0.17,1.23,0.09,-12.45,7.69,-36.87,1.25,39.66,21,776,60,11
0.17,1.50,0.08,-12.15,5.68,-63.54,1.52,64.94,9,751,41,9
0.29,1.37,-0.05,-4.82,2.38,-96.25,1.40,96.40,5,705,16,8
0.72,1.13,-0.18,-31.56,-14.04,-121.22,1.35,126.04,3,670,0,10
1.05,1.79,0.20,-67.02,-22.58,-140.08,2.09,156.92,2,659,0,12
0.92,1.53,0.22,-13.06,-4.03,-115.17,1.80,115.98,1,647,0,14
0.94,1.32,0.05,0.00,10.07,-103.94,1.62,104.43,2,644,0,14
0.73,1.25,0.08,-5.49,4.03,-120.18,1.45,120.37,2,639,0,14
0.25,0.99,0.09,21.00,-4.27,-84.17,1.02,86.85,2,637,0,16
-0.03,0.80,0.06,31.80,-2.62,-31.62,0.80,44.92,2,626,0,17
-0.04,0.67,0.02,46.45,3.30,8.97,0.67,47.42,2,618,0,18
-0.28,0.35,-0.03,32.71,8.97,-0.49,0.45,33.93,2,627,0,20
-0.44,0.28,-0.08,16.17,13.37,42.36,0.52,47.27,2,621,0,21
-0.40,0.26,-0.12,11.23,10.62,63.66,0.49,65.51,3,619,0,22
-0.43,0.24,-0.12,0.67,0.98,82.28,0.51,82.28,3,622,0,22
-0.39,0.33,-0.08,-2.75,-3.36,111.88,0.51,111.96,3,622,0,22
-0.17,0.44,-0.06,-16.42,-10.93,132.39,0.48,133.85,3,613,0,22
0.05,0.59,0.04,-13.43,-13.61,138.18,0.60,139.50,3,611,0,22
0.34,0.75,0.09,-13.61,-15.20,141.36,0.82,142.82,3,606,0,21
0.70,0.93,0.14,-10.50,-16.36,133.48,1.17,134.89,3,609,0,21
1.01,1.06,0.20,-0.92,-23.13,102.36,1.48,104.94,3,613,0,21
1.08,0.99,0.14,6.53,-25.09,65.55,1.47,70.49,3,617,0,22
0.95,0.92,0.12,1.10,-26.12,19.65,1.33,32.71,2,631,0,23
0.64,0.88,0.18,-5.25,-15.75,-22.52,1.10,27.98,3,595,0,27
0.33,2.09,-0.32,11.78,-10.44,38.51,2.14,41.60,5,511,0,69
0.04,1.06,0.06,-2.50,3.23,-3.97,1.06,5.70,5,515,0,70
0.17,0.95,0.07,11.41,1.34,-18.68,0.97,21.93,6,555,2,58
0.16,0.80,0.13,7.51,1.46,-9.09,0.83,11.88,7,575,5,56
0.16,0.90,0.08,-9.03,2.26,1.77,0.92,9.48,9,567,5,58
0.14,1.04,0.03,-7.87,-0.24,0.49,1.05,7.89,14,555,9,65
0.14,0.98,0.07,-1.95,-1.46,-5.07,0.99,5.62,17,557,13,63
0.14,0.96,0.07,0.12,-1.28,-7.57,0.97,7.68,22,574,15,60
0.16,0.94,0.06,-2.50,-1.04,-6.23,0.96,6.79,28,588,21,58
0.14,0.98,0.06,-0.98,-0.67,-6.59,0.99,6.70,42,588,26,57
0.17,0.98,0.05,2.93,-0.98,-11.05,0.99,11.47,63,593,39,60
0.16,1.01,0.04,5.74,-1.04,-11.47,1.02,12.87,102,590,46,58
0.17,0.95,0.08,10.19,-1.59,-14.22,0.97,17.57,114,598,63,60
0.18,0.91,0.09,5.68,-0.18,-5.86,0.93,8.16,125,594,76,61
0.18,0.92,0.10,5.00,0.73,-3.23,0.95,6.00,180,588,87,69
0.18,0.96,0.09,3.11,1.65,-0.31,0.98,3.54,167,583,95,76
0.19,0.95,0.08,4.39,1.77,-1.40,0.97,4.94,168,583,100,78
0.19,0.93,0.09,2.87,0.92,0.92,0.96,3.15,193,580,100,82
0.18,0.95,0.10,5.19,0.37,0.55,0.97,5.23,156,583,104,86
0.18,0.94,0.10,1.77,0.98,1.34,0.96,2.43,187,581,106,88
0.18,0.95,0.09,2.26,0.49,1.83,0.97,2.95,180,581,103,92
0.17,0.93,0.11,-0.43,0.67,3.30,0.95,3.39,181,579,105,93
0.18,0.94,0.09,-1.46,1.04,-1.16,0.96,2.14,180,575,107,93
0.18,0.95,0.09,-2.56,0.79,0.00,0.97,2.68,241,575,105,90
0.18,0.97,0.08,-2.01,0.49,-0.31,0.99,2.09,257,578,107,88
0.18,0.95,0.09,-0.92,0.55,-1.22,0.97,1.62,174,582,109,85
0.17,0.96,0.09,-0.06,0.24,-0.92,0.98,0.95,259,582,110,82
0.18,0.93,0.09,-0.18,1.10,0.24,0.95,1.14,276,584,108,81
0.18,0.99,0.07,-0.67,1.28,2.32,1.01,2.73,184,583,111,81
0.18,0.94,0.09,1.04,1.16,1.16,0.97,1.94,243,583,114,82
0.18,0.93,0.09,-0.43,1.22,3.36,0.95,3.60,199,581,113,84
0.17,0.96,0.09,-1.77,1.53,3.72,0.98,4.40,192,578,110,85
0.17,0.95,0.09,-2.44,1.71,2.99,0.97,4.22,259,575,110,84
0.17,0.96,0.07,-2.32,1.53,3.17,0.98,4.22,278,572,108,84
0.17,0.96,0.08,-1.83,1.16,4.03,0.98,4.57,211,567,108,87
0.17,0.95,0.08,0.61,0.73,2.93,0.97,3.08,298,563,111,95
0.17,0.93,0.09,2.20,0.55,4.52,0.95,5.05,250,562,111,102
0.15,0.96,0.09,0.73,0.43,5.49,0.98,5.56,197,558,102,106
0.16,0.96,0.08,0.37,0.31,4.88,0.97,4.91,219,552,103,111
0.15,0.95,0.09,0.67,-0.67,4.70,0.96,4.79,256,546,95,113
0.16,0.97,0.09,-1.46,0.24,3.91,0.98,4.18,272,547,90,117
0.13,0.99,0.09,0.12,1.10,-0.37,1.00,1.16,197,553,91,115
0.16,0.98,0.08,2.56,1.65,-3.72,0.99,4.81,186,563,91,106
0.16,0.95,0.09,2.99,1.53,-2.50,0.96,4.19,225,577,87,97
0.17,0.93,0.09,0.79,1.22,0.12,0.95,1.46,185,591,85,89
0.14,0.97,0.08,-0.79,0.73,2.32,0.99,2.56,133,598,79,83
0.16,1.00,0.08,2.26,0.73,-3.23,1.02,4.01,129,611,78,71
0.15,0.96,0.10,2.99,1.40,-4.88,0.97,5.90,130,633,79,59
0.15,0.96,0.10,2.01,2.87,-5.25,0.98,6.31,79,661,75,37
0.14,0.98,0.12,-0.43,4.58,-6.96,1.00,8.34,57,701,75,28
0.15,1.00,0.11,-6.77,8.48,-12.94,1.02,16.89,33,739,68,21
0.18,0.98,0.11,-10.80,9.77,-17.09,1.00,22.45,17,776,55,16
0.15,1.24,0.12,-11.41,11.72,-22.83,1.25,28.08,9,781,37,14
0.18,1.43,0.14,-3.11,13.00,-47.91,1.45,49.74,4,737,15,13
0.66,1.60,0.22,19.78,23.19,-78.86,1.75,84.54,2,696,4,13
1.33,1.62,0.03,17.76,26.37,-148.13,2.09,151.51,2,646,0,15
0.84,1.72,0.17,-0.55,37.41,-104.06,1.93,110.59,2,643,0,17
1.07,1.39,-0.08,15.75,38.57,-89.48,1.76,98.70,2,631,0,19
0.83,1.53,0.06,-12.33,4.58,-121.58,1.74,122.29,2,625,0,17
0.41,1.43,0.12,6.90,-24.60,-124.57,1.49,127.17,2,630,0,17
-0.11,1.05,0.02,25.27,-47.12,-90.88,1.06,105.44,2,619,0,18
-0.46,0.74,0.01,28.75,-40.71,-60.79,0.87,78.61,2,620,0,21
-0.60,0.41,-0.05,15.32,-15.20,-27.95,0.73,35.31,2,617,0,22
-0.62,0.35,-0.04,-14.59,9.77,6.71,0.71,18.79,3,609,0,23
-0.48,0.34,-0.07,-37.96,26.55,48.40,0.59,67.00,3,603,0,24
-0.45,0.31,-0.05,-33.63,14.16,70.25,0.55,79.16,3,595,0,25
-0.52,0.23,-0.01,-28.38,-0.12,96.62,0.57,100.70,3,596,0,24
-0.49,0.34,0.08,-28.63,-2.75,117.13,0.60,120.61,3,600,0,24
-0.25,0.43,0.10,-25.88,-3.36,139.89,0.51,142.31,3,604,0,23
0.19,0.66,0.15,-21.00,-7.32,154.17,0.71,155.77,3,607,0,22
0.57,0.98,0.31,-16.66,-8.06,158.02,1.18,159.10,3,610,0,22
1.03,1.16,0.34,-6.04,9.03,139.04,1.59,139.46,3,608,0,23
1.61,1.32,0.27,16.11,28.81,64.94,2.10,72.85,3,627,0,21
1.47,0.96,0.04,10.44,33.51,-7.57,1.76,35.90,2,620,0,21
4.00,2.37,0.17,-5.49,58.29,-54.69,4.65,80.12,4,632,4,25
-0.13,2.25,-0.23,33.20,-27.28,95.89,2.26,105.08,7,594,1,28
-0.16,1.03,0.23,33.94,-9.16,-15.01,1.07,38.22,11,581,4,43
0.14,0.74,0.18,10.44,1.83,-23.07,0.78,25.39,12,617,11,36
0.23,0.90,0.04,-17.40,8.91,-6.16,0.93,20.49,18,603,18,40
0.15,0.97,0.05,-3.30,0.18,4.52,0.98,5.59,31,583,20,52
0.13,0.97,0.09,-9.70,-0.24,8.42,0.98,12.85,63,565,29,67
0.13,1.02,0.04,0.55,-0.98,-0.49,1.03,1.22,88,560,38,78
0.14,0.87,0.09,2.44,-1.46,-3.23,0.89,4.31,120,555,45,87
0.15,1.04,0.04,-8.48,-0.43,-1.10,1.05,8.57,183,541,61,94
0.15,0.98,0.06,-3.78,-0.55,-1.10,0.99,3.98,299,535,68,100
0.13,0.94,0.06,-3.36,-0.06,1.04,0.95,3.51,327,528,71,111
0.14,0.96,0.06,-2.38,1.04,1.95,0.97,3.25,212,522,77,114
0.13,0.97,0.06,-2.50,1.28,4.09,0.98,4.96,227,518,77,117
0.12,1.00,0.04,-2.08,2.08,4.09,1.01,5.03,274,517,77,119
0.13,0.97,0.05,1.95,1.34,3.17,0.98,3.96,216,517,76,121
0.13,0.97,0.06,2.56,1.53,1.65,0.98,3.41,224,516,78,117
0.14,0.95,0.06,1.77,1.40,0.12,0.96,2.26,240,518,79,121
0.14,0.96,0.06,-0.55,1.46,1.71,0.97,2.32,214,517,82,124
0.13,0.98,0.05,-0.55,1.16,0.92,0.99,1.58,241,514,82,120
0.13,0.97,0.05,0.12,0.85,1.89,0.98,2.08,337,520,83,122
0.11,1.00,0.06,1.16,1.16,1.28,1.00,2.08,238,521,82,123
0.13,0.95,0.07,2.62,1.10,-1.89,0.96,3.42,334,521,82,122
0.13,0.97,0.06,0.92,1.34,0.18,0.98,1.64,216,526,86,123
0.13,0.97,0.06,0.85,1.10,2.14,0.98,2.55,313,526,83,123
0.13,0.96,0.06,1.04,0.92,2.32,0.97,2.70,216,525,85,122
0.12,0.97,0.07,1.10,0.73,2.56,0.98,2.88,334,522,84,125
0.12,0.96,0.07,0.73,1.04,2.20,0.97,2.54,272,524,83,127
0.13,0.97,0.06,1.22,0.18,3.42,0.98,3.63,332,521,81,129
0.11,0.97,0.07,1.65,0.06,4.15,0.98,4.47,240,519,76,133
0.12,0.96,0.07,2.08,0.31,3.17,0.97,3.80,283,517,66,133
0.11,0.97,0.07,1.83,0.18,2.38,0.98,3.01,220,515,61,134
0.10,0.96,0.08,2.38,0.85,-0.31,0.97,2.55,208,517,65,136
0.12,0.96,0.07,1.77,1.22,-0.18,0.97,2.16,297,521,60,133
0.11,0.99,0.07,1.22,0.98,-0.43,0.99,1.62,166,536,56,127
0.12,0.96,0.08,2.50,1.16,-2.01,0.97,3.42,135,559,52,121
0.11,0.97,0.08,0.98,1.28,-0.79,0.98,1.80,98,573,49,110
0.12,0.94,0.08,-0.06,1.59,-0.24,0.95,1.61,92,585,46,108
0.11,0.97,0.07,-1.10,1.22,0.00,0.98,1.64,80,591,43,99
0.11,0.96,0.08,-0.06,1.10,-0.18,0.97,1.12,84,590,40,95
0.12,0.97,0.08,-0.55,0.92,-1.34,0.98,1.72,76,595,43,89
0.11,0.99,0.07,1.10,1.22,-3.17,1.00,3.57,72,597,44,85
0.12,0.99,0.07,3.48,1.34,-4.76,1.00,6.05,70,615,45,72
0.11,1.02,0.07,6.10,1.34,-8.91,1.03,10.88,64,638,49,48
0.11,1.01,0.09,9.77,1.46,-17.03,1.02,19.68,42,696,55,27
0.14,1.38,0.14,-9.40,7.63,-48.71,1.39,50.19,26,758,57,16
0.17,1.90,-0.01,-17.33,12.27,-91.86,1.91,94.28,11,768,41,11
0.45,1.77,-0.45,12.63,-3.11,-144.59,1.88,145.18,5,727,13,11
1.80,2.35,-0.01,-24.41,-50.96,-196.72,2.95,204.67,2,697,0,13
1.35,1.33,0.40,44.01,-74.52,-222.35,1.93,238.60,1,690,0,16
0.85,1.55,0.54,13.43,-49.50,-154.72,1.85,163.00,2,693,0,15
0.36,1.29,0.43,36.01,-6.59,-141.11,1.41,145.78,2,690,0,20
-0.21,0.80,0.06,36.87,16.42,-68.54,0.83,79.54,2,661,0,18
-0.80,0.53,0.07,21.24,20.81,24.48,0.97,38.51,2,645,0,21
-1.28,0.32,-0.05,4.58,44.74,73.12,1.32,85.84,2,627,0,24
-1.49,-0.06,-0.17,-8.42,54.63,87.46,1.50,103.46,2,618,0,24
-1.41,-0.06,-0.23,-17.03,51.33,124.15,1.43,135.41,3,607,0,26
-1.16,0.06,-0.24,-19.78,22.71,169.62,1.19,172.27,3,600,0,26
-0.70,0.34,0.02,-20.69,12.45,187.74,0.78,189.29,3,608,0,23
-0.05,0.79,0.20,-30.64,5.74,214.17,0.82,216.43,3,608,0,24
0.89,1.32,0.43,-27.59,17.27,202.70,1.65,205.29,2,611,0,20
1.82,1.67,0.40,-0.06,51.64,112.92,2.51,124.16,2,616,0,19
4.00,-1.69,-0.95,-154.24,68.24,-208.98,4.45,268.55,4,477,0,85
0.54,0.74,0.09,95.34,0.00,33.63,0.92,101.09,4,524,0,65
-0.36,0.72,0.31,-3.05,-11.54,-1.46,0.86,12.02,4,513,0,69
0.14,1.18,-0.05,-9.34,-0.06,-16.48,1.19,18.94,6,531,0,57
0.17,0.81,0.12,9.64,-0.85,-10.80,0.84,14.51,7,556,4,57
0.15,0.87,0.12,-3.42,1.59,4.76,0.89,6.07,10,541,5,73
0.12,1.06,0.03,-8.36,3.23,5.98,1.06,10.78,13,520,3,82
0.14,0.95,0.07,0.85,2.50,-0.85,0.96,2.78,14,515,7,79
0.13,0.99,0.05,-6.77,2.01,0.61,1.00,7.09,19,511,9,88
0.12,1.07,0.03,2.56,-0.67,-7.08,1.08,7.56,37,515,17,100
0.16,0.90,0.08,10.93,-2.14,-12.94,0.92,17.07,61,532,29,100
0.15,0.97,0.07,2.99,-1.10,-5.31,0.99,6.19,99,535,37,107
0.14,0.95,0.09,7.81,-0.98,-8.85,0.96,11.85,117,540,47,111
0.17,0.93,0.09,0.31,0.31,-3.48,0.95,3.51,126,543,60,108
0.16,0.94,0.07,-1.40,0.79,1.46,0.96,2.18,171,534,62,112
0.15,0.96,0.08,-0.98,0.43,2.69,0.98,2.89,157,525,68,118
0.14,0.95,0.08,-0.98,0.12,5.07,0.96,5.16,188,517,69,131
0.15,0.96,0.08,-1.95,0.43,2.93,0.98,3.55,188,508,69,135
0.15,0.96,0.08,-4.33,0.43,2.69,0.97,5.12,338,501,67,135
0.15,0.96,0.08,-5.07,0.55,2.56,0.97,5.70,270,498,66,141
0.15,0.97,0.06,-5.25,1.04,2.44,0.98,5.88,312,498,63,140
0.14,0.99,0.06,-2.87,1.22,0.73,1.00,3.20,290,499,65,140
0.15,0.96,0.06,2.14,0.67,-1.95,0.97,2.97,193,502,68,140
0.15,0.97,0.06,3.11,0.79,-1.59,0.99,3.58,204,507,71,138
0.15,0.95,0.07,4.39,0.98,-2.93,0.97,5.37,262,513,78,133
0.15,0.96,0.07,1.83,0.73,-1.83,0.98,2.69,232,516,79,131
0.15,0.95,0.07,2.01,0.92,-1.53,0.97,2.69,324,516,79,129
0.15,0.95,0.07,1.28,0.67,-0.61,0.97,1.57,222,520,83,124
0.15,0.95,0.08,0.98,0.37,-0.18,0.97,1.06,209,519,85,125
