-,-,-
75.93,-21.03,145.21
75.94,-20.98,145.21
75.96,-20.92,145.19
75.99,-20.86,145.18
75.98,-20.76,145.17
75.99,-20.65,145.16
75.98,-20.50,145.15
76.01,-20.34,145.13
76.00,-20.13,145.15
75.98,-19.88,145.17
75.94,-19.61,145.20
75.88,-19.31,145.23
75.83,-18.99,145.26
75.78,-18.64,145.29
75.79,-18.29,145.29
75.78,-17.91,145.30
75.81,-17.50,145.29
75.88,-17.04,145.28
75.95,-16.56,145.26
76.03,-16.07,145.22
76.15,-15.55,145.16
76.25,-15.05,145.07
76.27,-14.57,144.91
76.29,-14.13,144.69
76.30,-13.73,144.43
76.28,-13.43,144.13
76.34,-13.18,143.90
76.52,-12.98,143.78
76.66,-12.93,143.76
76.72,-12.92,143.81
76.73,-12.90,143.89
76.73,-12.88,143.99
76.76,-12.86,144.10
76.80,-12.84,144.19
76.85,-12.81,144.24
76.89,-12.74,144.26
76.92,-12.65,144.25
76.95,-12.57,144.21
76.96,-12.53,144.16
76.97,-12.51,144.12
76.97,-12.51,144.09
76.95,-12.52,144.08
76.92,-12.53,144.11
76.87,-12.54,144.18
76.82,-12.53,144.28
76.75,-12.49,144.40
76.67,-12.45,144.55
76.60,-12.41,144.70
76.55,-12.38,144.85
76.49,-12.38,145.01
76.35,-12.41,145.15
76.17,-12.39,145.29
76.08,-12.36,145.41
76.05,-12.34,145.53
76.03,-12.32,145.66
76.00,-12.32,145.76
75.94,-12.31,145.85
75.83,-12.28,145.93
75.73,-12.27,146.01
75.66,-12.31,146.08
75.58,-12.39,146.16
75.50,-12.53,146.23
75.45,-12.74,146.28
75.40,-12.97,146.34
75.26,-13.15,146.40
75.13,-13.35,146.47
75.07,-13.56,146.52
75.11,-13.87,146.56
75.13,-14.21,146.58
75.05,-14.49,146.59
74.97,-14.80,146.61
75.02,-15.17,146.59
75.13,-15.60,146.57
75.22,-16.08,146.53
75.26,-16.60,146.47
75.32,-17.14,146.40
75.41,-17.72,146.32
75.50,-18.34,146.25
75.55,-19.01,146.19
75.53,-19.72,146.17
75.44,-20.42,146.17
75.30,-21.10,146.22
75.16,-21.75,146.30
75.02,-22.35,146.40
74.86,-22.90,146.53
74.69,-23.42,146.67
74.55,-23.91,146.82
74.45,-24.37,146.97
74.38,-24.80,147.12
74.32,-25.18,147.26
74.29,-25.50,147.42
74.27,-25.75,147.58
74.28,-25.96,147.76
74.31,-26.13,147.93
74.36,-26.28,148.08
74.40,-26.41,148.22
74.43,-26.53,148.35
74.45,-26.65,148.47
74.48,-26.75,148.59
74.50,-26.82,148.73
74.48,-26.85,148.89
74.42,-26.84,149.08
74.34,-26.76,149.28
74.23,-26.64,149.50
74.14,-26.46,149.72
74.06,-26.23,149.95
74.03,-25.97,150.17
74.03,-25.67,150.40
74.10,-25.35,150.59
74.26,-25.02,150.75
74.49,-24.66,150.86
74.76,-24.28,150.91
75.04,-23.86,150.93
75.39,-23.33,150.90
75.82,-23.17,150.89
76.04,-23.43,150.91
75.98,-23.74,150.90
75.91,-23.94,150.93
75.89,-24.11,151.00
76.00,-24.42,151.05
76.02,-24.60,151.10
75.99,-24.71,151.16
75.98,-24.80,151.20
75.97,-24.81,151.24
75.95,-24.76,151.26
75.98,-24.67,151.27
76.02,-24.55,151.25
76.06,-24.38,151.21
76.06,-24.16,151.16
76.05,-23.93,151.11
76.02,-23.72,151.07
75.99,-23.56,151.03
76.00,-23.46,151.00
75.95,-23.40,150.98
75.85,-23.36,150.98
75.71,-23.34,151.00
75.51,-23.35,151.05
75.26,-23.40,151.12
75.01,-23.48,151.17
74.82,-23.58,151.23
74.66,-23.71,151.29
74.52,-23.85,151.33
74.42,-23.98,151.34
74.35,-24.11,151.32
74.32,-24.23,151.29
74.30,-24.32,151.24
74.26,-24.38,151.20
74.20,-24.42,151.17
74.16,-24.47,151.15
74.14,-24.53,151.14
74.14,-24.60,151.13
74.16,-24.66,151.11
74.20,-24.71,151.09
74.27,-24.76,151.06
74.36,-24.80,151.02
74.46,-24.83,150.97
74.58,-24.85,150.92
74.71,-24.88,150.86
74.86,-24.92,150.80
75.01,-24.96,150.73
75.16,-25.01,150.65
75.32,-25.05,150.58
75.45,-25.09,150.51
75.58,-25.12,150.45
75.71,-25.14,150.40
75.83,-25.15,150.34
75.95,-25.15,150.29
76.06,-25.15,150.23
76.16,-25.14,150.19
76.24,-25.11,150.16
76.31,-25.06,150.14
76.35,-24.98,150.12
76.38,-24.87,150.11
76.39,-24.75,150.11
76.37,-24.62,150.12
76.33,-24.48,150.14
76.28,-24.34,150.15
76.24,-24.21,150.16
76.22,-24.09,150.16
76.22,-23.99,150.15
76.22,-23.88,150.14
76.22,-23.78,150.11
76.22,-23.69,150.07
76.23,-23.61,150.03
76.26,-23.55,149.99
76.28,-23.50,149.95
76.34,-23.47,149.90
76.40,-23.45,149.84
76.48,-23.46,149.78
76.57,-23.45,149.72
76.65,-23.42,149.65
76.72,-23.40,149.58
76.77,-23.39,149.53
76.81,-23.38,149.49
76.83,-23.37,149.45
76.86,-23.36,149.40
76.88,-23.35,149.37
76.89,-23.34,149.34
76.89,-23.32,149.32
76.87,-23.29,149.30
76.85,-23.24,149.29
76.82,-23.19,149.26
76.78,-23.13,149.25
76.71,-23.06,149.23
76.63,-22.98,149.23
76.55,-22.89,149.23
76.46,-22.79,149.23
76.39,-22.68,149.23
76.34,-22.58,149.21
76.29,-22.46,149.20
76.23,-22.34,149.18
76.18,-22.23,149.17
76.13,-22.11,149.16
76.13,-22.01,149.14
76.13,-21.91,149.11
76.12,-21.83,149.09
76.10,-21.77,149.06
76.10,-21.71,149.03
76.11,-21.66,148.99
76.13,-21.60,148.95
76.15,-21.54,148.90
76.15,-21.51,148.86
76.11,-21.47,148.83
76.06,-21.42,148.82
75.99,-21.36,148.82
75.90,-21.30,148.82
75.79,-21.23,148.82
75.65,-21.15,148.83
75.49,-21.04,148.85
75.36,-20.93,148.86
75.29,-20.84,148.86
75.21,-20.70,148.86
75.12,-20.54,148.85
75.05,-20.36,148.83
75.04,-20.19,148.81
75.06,-20.01,148.78
75.09,-19.81,148.73
75.12,-19.57,148.68
75.16,-19.32,148.62
75.20,-19.03,148.56
75.20,-18.72,148.50
75.18,-18.38,148.45
75.14,-18.02,148.42
75.09,-17.63,148.41
75.01,-17.19,148.42
74.97,-16.73,148.42
74.97,-16.21,148.42
74.99,-15.65,148.42
75.01,-15.06,148.41
75.02,-14.42,148.40
74.97,-13.74,148.40
74.91,-13.02,148.42
74.80,-12.26,148.46
74.67,-11.47,148.52
74.52,-10.64,148.59
74.36,-9.77,148.68
74.18,-8.89,148.79
73.98,-8.02,148.90
73.78,-7.24,149.05
73.57,-6.63,149.19
73.34,-6.29,149.28
73.09,-6.16,149.19
72.85,-6.12,148.73
72.76,-6.39,148.07
72.81,-7.01,147.41
73.04,-7.73,146.78
73.35,-8.40,146.19
73.71,-8.92,145.61
74.03,-9.19,145.03
74.28,-9.15,144.43
74.44,-8.84,143.82
74.54,-8.37,143.22
74.62,-7.84,142.67
74.69,-7.31,142.19
74.73,-6.75,141.78
74.71,-6.16,141.42
74.61,-5.54,141.13
74.45,-4.93,140.91
74.23,-4.38,140.76
74.03,-3.89,140.68
73.88,-3.44,140.66
73.77,-3.00,140.67
73.65,-2.58,140.69
73.53,-2.21,140.70
73.43,-1.88,140.68
73.33,-1.63,140.62
73.21,-1.47,140.53
73.05,-1.37,140.40
72.87,-1.29,140.24
72.73,-1.23,140.08
72.63,-1.20,139.94
72.53,-1.20,139.82
72.42,-1.22,139.73
72.29,-1.26,139.69
72.17,-1.31,139.71
72.08,-1.37,139.79
72.01,-1.41,139.94
71.95,-1.44,140.17
71.91,-1.47,140.45
71.84,-1.56,140.77
71.73,-1.74,141.11
71.63,-2.00,141.46
71.61,-2.31,141.83
71.66,-2.76,142.18
71.73,-3.25,142.52
71.79,-3.80,142.82
71.87,-4.38,143.08
71.97,-5.00,143.30
72.11,-5.65,143.49
72.29,-6.36,143.66
72.49,-7.15,143.79
72.67,-7.99,143.89
72.82,-8.91,143.97
72.96,-9.89,144.02
73.10,-10.91,144.07
73.24,-11.95,144.13
73.36,-12.98,144.19
73.47,-14.00,144.28
73.56,-15.01,144.39
73.64,-16.01,144.53
73.68,-17.00,144.68
73.66,-17.97,144.85
73.64,-18.93,145.02
73.62,-19.85,145.21
73.62,-20.72,145.40
73.63,-21.54,145.60
73.66,-22.29,145.82
73.74,-23.02,146.05
73.88,-23.74,146.30
74.03,-24.42,146.55
74.16,-25.06,146.80
74.27,-25.65,147.07
74.41,-26.18,147.34
74.55,-26.63,147.62
74.67,-26.99,147.92
74.79,-27.22,148.23
74.94,-27.33,148.59
75.11,-27.36,148.97
75.26,-27.31,149.38
75.33,-27.20,149.79
75.36,-27.03,150.22
75.39,-26.80,150.65
75.40,-26.51,151.07
75.42,-26.14,151.47
75.49,-25.68,151.81
75.41,-25.65,151.98
75.19,-26.11,152.02
75.09,-26.26,152.08
75.02,-26.37,152.12
75.08,-26.44,152.13
75.15,-26.45,152.12
75.17,-26.35,152.10
75.27,-26.15,152.07
75.36,-25.86,152.04
75.41,-25.50,152.01
75.46,-25.10,152.01
75.48,-24.71,152.03
75.46,-24.35,152.07
75.39,-24.06,152.13
75.26,-23.82,152.21
75.07,-23.62,152.30
74.80,-23.46,152.42
74.47,-23.35,152.56
74.08,-23.31,152.74
73.65,-23.33,152.93
73.16,-23.39,153.15
72.80,-23.46,153.33
72.49,-23.54,153.49
72.25,-23.61,153.61
72.11,-23.67,153.69
72.04,-23.71,153.73
72.01,-23.73,153.75
71.96,-23.69,153.79
71.91,-23.65,153.83
71.88,-23.62,153.87
71.85,-23.59,153.91
71.83,-23.55,153.94
71.83,-23.51,153.96
71.86,-23.48,153.97
71.91,-23.46,153.97
71.98,-23.46,153.97
72.08,-23.48,153.95
72.22,-23.50,153.92
72.38,-23.51,153.87
72.56,-23.51,153.82
72.75,-23.49,153.77
72.91,-23.45,153.74
73.00,-23.37,153.73
73.10,-23.30,153.71
73.20,-23.24,153.68
73.29,-23.16,153.66
73.38,-23.08,153.63
73.42,-23.00,153.62
73.33,-22.89,153.66
73.22,-22.85,153.71
73.07,-22.82,153.78
72.97,-22.78,153.83
72.91,-22.76,153.86
72.86,-22.75,153.89
72.82,-22.74,153.90
72.82,-22.73,153.90
72.81,-22.72,153.89
72.82,-22.71,153.88
72.84,-22.71,153.88
72.87,-22.73,153.87
72.92,-22.73,153.87
72.98,-22.72,153.86
73.03,-22.70,153.85
73.10,-22.66,153.83
73.17,-22.63,153.82
73.23,-22.61,153.80
73.28,-22.57,153.79
73.33,-22.53,153.79
73.36,-22.48,153.79
73.40,-22.43,153.79
73.44,-22.40,153.79
73.51,-22.36,153.78
73.60,-22.32,153.75
73.69,-22.26,153.72
73.76,-22.17,153.69
73.80,-22.07,153.68
73.86,-21.96,153.67
73.93,-21.83,153.67
74.02,-21.68,153.65
74.11,-21.52,153.64
74.21,-21.34,153.62
74.30,-21.16,153.60
74.35,-20.99,153.60
74.33,-20.81,153.62
74.33,-20.65,153.64
74.38,-20.48,153.66
74.44,-20.32,153.67
74.50,-20.17,153.68
74.56,-20.05,153.68
74.61,-19.97,153.68
74.67,-19.91,153.68
74.74,-19.89,153.68
74.81,-19.91,153.67
74.88,-19.96,153.66
74.93,-20.02,153.65
74.96,-20.09,153.64
74.98,-20.16,153.63
75.00,-20.23,153.63
75.00,-20.29,153.64
75.05,-20.31,153.64
75.12,-20.30,153.64
75.19,-20.25,153.63
75.26,-20.17,153.62
75.31,-20.06,153.62
75.33,-19.88,153.63
75.34,-19.64,153.65
75.37,-19.36,153.67
75.42,-19.03,153.69
75.52,-18.63,153.71
75.65,-18.17,153.72
75.78,-17.65,153.72
75.93,-17.09,153.72
76.07,-16.47,153.71
76.20,-15.80,153.69
76.29,-15.05,153.67
76.32,-14.23,153.66
76.31,-13.35,153.65
76.26,-12.44,153.67
76.20,-11.57,153.71
76.10,-10.79,153.75
75.92,-10.20,153.75
75.62,-9.83,153.67
75.19,-9.65,153.53
74.71,-9.62,153.36
74.34,-9.79,153.20
73.99,-10.23,153.12
73.59,-10.61,153.09
73.14,-10.78,153.07
72.65,-10.73,153.05
72.17,-10.51,153.02
71.79,-10.16,152.99
71.57,-9.74,152.94
71.51,-9.27,152.88
71.55,-8.76,152.77
71.59,-8.21,152.60
71.57,-7.63,152.35
71.48,-7.05,152.03
71.31,-6.49,151.64
71.13,-5.95,151.20
70.95,-5.45,150.72
70.80,-4.98,150.21
70.70,-4.55,149.69
70.63,-4.13,149.15
70.61,-3.73,148.61
70.62,-3.34,148.08
70.66,-2.97,147.56
70.71,-2.63,147.06
70.78,-2.33,146.61
70.84,-2.05,146.21
70.90,-1.78,145.87
70.96,-1.51,145.60
71.01,-1.24,145.39
71.07,-0.99,145.27
71.16,-0.79,145.22
71.27,-0.65,145.26
71.42,-0.60,145.38
71.61,-0.63,145.57
71.80,-0.72,145.80
71.97,-0.84,146.06
72.10,-0.97,146.34
72.24,-1.11,146.65
72.38,-1.27,146.96
72.55,-1.47,147.29
72.76,-1.75,147.61
73.01,-2.11,147.93
73.29,-2.57,148.21
73.58,-3.08,148.44
73.84,-3.62,148.63
74.08,-4.18,148.75
74.30,-4.76,148.80
74.56,-5.38,148.79
74.86,-6.05,148.72
75.20,-6.80,148.59
75.54,-7.67,148.41
75.85,-8.64,148.17
76.10,-9.68,147.88
76.27,-10.73,147.55
76.37,-11.75,147.22
76.34,-12.72,146.94
76.31,-13.53,146.79
76.40,-14.37,146.73
76.47,-15.27,146.77
76.47,-16.23,146.87
76.39,-17.25,147.04
76.21,-18.30,147.24
75.92,-19.36,147.46
75.59,-20.36,147.68
75.24,-21.28,147.90
74.90,-22.09,148.12
74.63,-22.86,148.33
74.43,-23.62,148.53
74.27,-24.39,148.70
74.11,-25.17,148.83
73.92,-25.90,148.94
73.73,-26.57,149.06
73.58,-27.19,149.19
73.49,-27.79,149.35
73.44,-28.38,149.52
73.35,-28.92,149.69
73.20,-29.38,149.87
73.00,-29.71,150.10
72.84,-29.96,150.39
72.76,-30.18,150.73
72.69,-30.37,151.07
72.60,-30.54,151.39
72.48,-30.63,151.68
72.41,-30.64,151.95
72.44,-30.54,152.19
72.64,-30.36,152.34
73.01,-30.08,152.38
73.50,-29.72,152.27
74.04,-29.27,152.04
74.51,-28.68,151.80
74.85,-28.44,151.75
74.95,-28.84,151.84
74.89,-29.43,151.92
74.81,-29.92,152.01
74.79,-30.39,152.13
74.86,-30.90,152.23
74.91,-31.26,152.29
75.03,-31.56,152.28
75.20,-31.76,152.22
75.37,-31.84,152.12
75.50,-31.86,152.03
75.57,-31.83,151.97
75.55,-31.77,151.97
75.43,-31.70,152.03
75.21,-31.63,152.15
74.92,-31.56,152.28
74.65,-31.50,152.40
74.43,-31.46,152.49
74.25,-31.45,152.57
74.10,-31.44,152.62
74.01,-31.46,152.65
73.96,-31.50,152.66
73.91,-31.53,152.67
73.88,-31.56,152.68
73.82,-31.59,152.70
73.75,-31.64,152.74
73.66,-31.68,152.79
73.55,-31.72,152.85
73.46,-31.75,152.91
73.40,-31.81,152.97
73.37,-31.90,153.01
73.35,-32.01,153.05
73.37,-32.14,153.06
73.46,-32.29,153.06
73.58,-32.42,153.03
73.75,-32.53,152.98
73.95,-32.62,152.91
74.15,-32.69,152.84
74.32,-32.75,152.78
74.48,-32.79,152.72
74.62,-32.82,152.67
74.78,-32.80,152.61
74.95,-32.75,152.54
75.12,-32.64,152.47
75.29,-32.50,152.40
75.43,-32.32,152.34
75.55,-32.11,152.30
75.66,-31.89,152.25
75.78,-31.64,152.20
75.89,-31.38,152.15
75.99,-31.12,152.08
76.06,-30.87,152.03
76.11,-30.64,151.98
76.15,-30.42,151.93
76.17,-30.22,151.89
76.19,-30.04,151.84
76.19,-29.89,151.81
76.19,-29.77,151.77
76.17,-29.67,151.73
76.15,-29.61,151.70
76.14,-29.55,151.66
76.12,-29.52,151.63
76.11,-29.49,151.59
76.10,-29.47,151.57
76.08,-29.45,151.55
76.05,-29.42,151.54
76.00,-29.37,151.55
75.94,-29.31,151.57
75.87,-29.23,151.60
75.79,-29.13,151.63
75.73,-29.00,151.66
75.68,-28.85,151.69
75.64,-28.67,151.70
75.60,-28.48,151.72
75.56,-28.28,151.74
75.52,-28.08,151.76
75.47,-27.89,151.79
75.41,-27.72,151.82
75.35,-27.57,151.85
75.29,-27.44,151.88
75.24,-27.31,151.90
75.23,-27.24,151.88
75.20,-27.17,151.87
75.17,-27.12,151.86
75.13,-27.08,151.86
75.09,-27.04,151.87
75.05,-27.02,151.87
75.01,-27.00,151.87
74.97,-27.00,151.87
74.93,-26.99,151.87
74.89,-26.99,151.87
74.86,-26.98,151.87
74.84,-26.95,151.86
74.82,-26.89,151.85
74.81,-26.82,151.85
74.79,-26.73,151.84
74.77,-26.62,151.83
74.75,-26.50,151.82
74.72,-26.37,151.82
74.68,-26.22,151.82
74.62,-26.07,151.84
74.55,-25.90,151.87
74.47,-25.71,151.90
74.39,-25.51,151.93
74.31,-25.31,151.94
74.23,-25.09,151.96
74.17,-24.85,151.96
74.12,-24.60,151.96
74.09,-24.31,151.95
74.07,-23.99,151.95
74.07,-23.62,151.94
74.09,-23.19,151.93
74.12,-22.72,151.91
74.17,-22.19,151.88
74.25,-21.62,151.84
74.32,-20.99,151.79
74.40,-20.31,151.75
74.47,-19.56,151.71
74.54,-18.75,151.67
74.55,-17.87,151.64
74.51,-16.94,151.62
74.41,-15.97,151.63
74.30,-15.02,151.67
74.15,-14.13,151.74
73.94,-13.32,151.80
73.67,-12.64,151.84
73.38,-12.10,151.82
73.11,-11.59,151.71
72.89,-11.05,151.52
72.60,-10.63,151.26
72.18,-10.43,150.99
71.72,-10.34,150.74
71.30,-10.30,150.52
70.94,-10.26,150.34
70.64,-10.15,150.19
70.41,-9.92,150.06
70.24,-9.56,149.95
70.14,-9.06,149.86
70.08,-8.47,149.77
70.02,-7.82,149.66
69.90,-7.15,149.53
69.70,-6.50,149.34
69.43,-5.89,149.10
69.13,-5.33,148.83
68.85,-4.86,148.54
68.61,-4.49,148.27
68.46,-4.24,148.03
68.39,-4.12,147.82
68.38,-4.12,147.66
68.38,-4.17,147.52
68.39,-4.23,147.41
68.36,-4.26,147.30
68.27,-4.23,147.20
68.13,-4.17,147.11
67.96,-4.10,147.04
67.79,-4.04,147.00
67.62,-3.97,147.01
67.48,-3.92,147.07
67.42,-3.90,147.19
67.44,-3.96,147.36
67.54,-4.11,147.57
67.65,-4.37,147.81
67.75,-4.73,148.07
67.79,-5.18,148.33
67.78,-5.68,148.59
67.76,-6.16,148.85
67.75,-6.60,149.09
67.80,-6.99,149.34
67.90,-7.36,149.58
68.03,-7.77,149.82
68.15,-8.24,150.05
68.26,-8.78,150.25
68.34,-9.35,150.44
68.42,-9.93,150.60
68.49,-10.53,150.73
68.58,-11.17,150.83
68.67,-11.85,150.89
68.76,-12.59,150.91
68.86,-13.34,150.90
68.96,-14.11,150.85
69.06,-14.89,150.77
69.17,-15.70,150.65
69.31,-16.54,150.52
69.47,-17.38,150.37
69.64,-18.19,150.23
69.82,-18.99,150.11
69.99,-19.79,150.03
70.11,-20.61,149.96
70.12,-21.44,149.92
70.11,-22.23,149.92
70.17,-23.04,149.92
70.31,-23.84,149.95
70.43,-24.61,149.97
70.49,-25.40,149.96
70.48,-26.21,149.94
70.43,-27.02,149.93
70.42,-27.81,149.95
70.45,-28.58,149.99
70.45,-29.32,150.06
70.39,-30.01,150.16
70.29,-30.70,150.29
70.18,-31.37,150.46
70.07,-32.04,150.68
69.96,-32.69,150.92
69.80,-33.29,151.21
69.59,-33.83,151.52
69.36,-34.30,151.86
69.13,-34.70,152.22
68.95,-35.05,152.61
68.81,-35.33,153.01
68.66,-35.55,153.41
68.53,-35.68,153.83
68.36,-35.71,154.26
68.16,-35.66,154.72
67.97,-35.54,155.18
67.81,-35.40,155.60
67.69,-35.19,155.96
67.63,-34.92,156.23
67.63,-34.56,156.43
67.69,-34.13,156.58
67.76,-33.63,156.71
67.85,-33.06,156.82
67.96,-32.48,156.92
67.99,-32.58,157.00
67.74,-32.83,157.13
67.62,-32.90,157.26
67.53,-32.99,157.43
67.46,-33.23,157.59
67.33,-33.34,157.72
67.13,-33.42,157.82
67.00,-33.50,157.91
66.94,-33.54,157.96
66.92,-33.51,157.95
66.99,-33.43,157.89
67.12,-33.27,157.79
67.25,-33.05,157.69
67.31,-32.80,157.62
67.27,-32.56,157.60
67.12,-32.34,157.63
66.98,-32.17,157.66
66.79,-32.02,157.73
66.62,-31.93,157.81
66.45,-31.90,157.91
66.30,-31.90,157.99
66.22,-31.93,158.05
66.21,-31.98,158.06
66.25,-32.03,158.05
66.33,-32.07,158.01
66.42,-32.10,157.98
66.50,-32.11,157.95
66.57,-32.13,157.93
66.64,-32.13,157.93
66.72,-32.15,157.92
66.83,-32.17,157.92
66.95,-32.19,157.90
67.11,-32.23,157.87
67.28,-32.28,157.83
67.47,-32.35,157.78
67.67,-32.41,157.73
67.88,-32.47,157.66
68.10,-32.53,157.59
68.32,-32.56,157.51
68.52,-32.58,157.44
68.70,-32.59,157.37
68.85,-32.58,157.31
68.99,-32.56,157.25
69.12,-32.53,157.19
69.22,-32.49,157.14
69.32,-32.44,157.09
69.41,-32.38,157.04
69.50,-32.33,156.99
69.59,-32.27,156.94
69.68,-32.21,156.88
69.77,-32.15,156.82
69.87,-32.09,156.75
69.98,-32.02,156.68
70.09,-31.96,156.60
70.19,-31.88,156.52
70.28,-31.81,156.45
70.36,-31.74,156.38
70.45,-31.68,156.31
70.53,-31.60,156.24
70.62,-31.52,156.18
70.69,-31.42,156.12
70.76,-31.32,156.07
70.84,-31.21,156.02
70.93,-31.11,155.96
71.02,-31.01,155.90
71.11,-30.92,155.84
71.20,-30.83,155.78
71.29,-30.73,155.72
71.39,-30.64,155.66
71.50,-30.54,155.60
71.59,-30.45,155.53
71.67,-30.36,155.46
71.74,-30.28,155.41
71.80,-30.20,155.36
71.84,-30.12,155.33
71.87,-30.04,155.31
71.89,-29.95,155.28
71.91,-29.85,155.25
71.91,-29.76,155.24
71.89,-29.67,155.24
71.86,-29.57,155.25
71.81,-29.48,155.26
71.75,-29.37,155.28
71.70,-29.25,155.29
71.67,-29.12,155.29
71.66,-29.00,155.28
71.67,-28.87,155.26
71.69,-28.75,155.22
71.69,-28.63,155.20
71.69,-28.50,155.17
71.71,-28.37,155.13
71.73,-28.23,155.08
71.74,-28.09,155.04
71.73,-27.93,155.01
71.73,-27.76,154.97
71.75,-27.58,154.93
71.77,-27.38,154.88
71.79,-27.15,154.84
71.82,-26.91,154.79
71.84,-26.63,154.74
71.86,-26.33,154.69
71.90,-26.01,154.64
71.95,-25.67,154.57
72.02,-25.33,154.49
72.08,-24.95,154.41
72.15,-24.56,154.33
72.22,-24.14,154.24
72.29,-23.69,154.17
72.37,-23.21,154.09
72.45,-22.71,154.02
72.54,-22.18,153.93
72.63,-21.63,153.86
72.72,-21.03,153.80
72.79,-20.40,153.75
72.85,-19.74,153.71
72.89,-19.02,153.68
72.89,-18.27,153.66
72.84,-17.46,153.65
72.75,-16.62,153.65
72.60,-15.74,153.69
72.42,-14.87,153.75
72.20,-14.01,153.85
71.94,-13.20,153.96
71.65,-12.47,154.09
71.40,-11.85,154.21
71.14,-11.36,154.30
70.88,-11.02,154.35
70.59,-10.78,154.26
70.23,-10.55,154.00
69.74,-10.53,153.59
69.19,-10.73,153.07
68.74,-11.09,152.46
68.41,-11.52,151.80
68.14,-11.90,151.08
67.93,-12.13,150.34
67.78,-12.17,149.62
67.70,-12.06,148.97
67.65,-11.82,148.42
67.66,-11.50,148.00
67.74,-11.12,147.70
67.89,-10.72,147.53
68.10,-10.31,147.51
68.30,-9.90,147.61
68.47,-9.52,147.82
68.61,-9.17,148.14
68.70,-8.86,148.52
68.74,-8.59,148.97
68.73,-8.32,149.45
68.69,-8.05,149.95
68.61,-7.73,150.45
68.52,-7.38,150.92
68.40,-7.01,151.35
68.27,-6.63,151.73
68.14,-6.28,152.03
68.03,-5.96,152.25
67.93,-5.68,152.38
67.86,-5.45,152.42
67.80,-5.26,152.37
67.74,-5.15,152.23
67.68,-5.11,152.00
67.61,-5.15,151.70
67.55,-5.27,151.35
67.51,-5.45,150.97
67.49,-5.66,150.59
67.53,-5.88,150.22
67.63,-6.11,149.88
67.78,-6.33,149.62
67.90,-6.64,149.43
67.96,-7.07,149.30
67.93,-7.55,149.20
67.83,-8.06,149.15
67.72,-8.58,149.16
67.65,-9.09,149.24
67.62,-9.61,149.38
67.55,-10.15,149.55
67.40,-10.71,149.73
67.17,-11.32,149.91
66.91,-11.99,150.11
66.65,-12.72,150.31
66.45,-13.51,150.52
66.26,-14.29,150.74
66.09,-15.08,150.95
65.95,-15.89,151.15
65.86,-16.79,151.34
65.79,-17.76,151.51
65.74,-18.76,151.63
65.69,-19.78,151.70
65.68,-20.81,151.74
65.70,-21.87,151.74
65.73,-22.87,151.72
65.76,-23.97,151.70
65.76,-25.05,151.69
65.74,-26.08,151.67
65.76,-27.03,151.64
65.78,-27.93,151.63
65.79,-28.79,151.61
65.82,-29.60,151.58
65.87,-30.40,151.54
65.94,-31.17,151.50
66.00,-31.92,151.48
66.02,-32.62,151.50
66.02,-33.28,151.59
65.95,-33.87,151.76
65.81,-34.39,152.01
65.59,-34.84,152.33
65.34,-35.20,152.72
65.09,-35.47,153.18
64.83,-35.65,153.70
64.58,-35.76,154.25
64.35,-35.84,154.82
64.12,-35.88,155.35
63.91,-35.90,155.82
63.76,-35.87,156.21
63.68,-35.78,156.53
63.71,-35.59,156.78
63.81,-35.29,156.99
63.97,-34.85,157.15
64.14,-34.28,157.30
64.32,-33.58,157.43
64.26,-33.35,157.56
63.73,-33.91,157.79
63.48,-34.12,158.00
63.26,-34.44,158.26
63.06,-34.77,158.49
62.88,-35.01,158.66
62.77,-35.16,158.71
62.90,-35.18,158.66
63.14,-35.08,158.51
63.44,-34.85,158.30
63.71,-34.53,158.10
63.86,-34.18,157.97
63.85,-33.85,157.93
63.67,-33.57,157.96
63.42,-33.35,158.00
63.17,-33.23,158.09
62.91,-33.16,158.19
62.71,-33.12,158.26
62.60,-33.09,158.29
62.59,-33.06,158.26
62.65,-33.02,158.20
62.71,-32.98,158.13
62.75,-32.94,158.07
62.76,-32.90,158.04
62.76,-32.85,158.02
62.77,-32.79,158.00
62.81,-32.70,157.95
62.88,-32.58,157.88
62.99,-32.42,157.80
63.10,-32.25,157.70
63.22,-32.07,157.60
63.33,-31.90,157.52
63.44,-31.76,157.43
63.54,-31.63,157.35
63.64,-31.53,157.28
63.74,-31.44,157.21
63.83,-31.38,157.15
63.93,-31.33,157.08
64.03,-31.29,157.01
64.14,-31.25,156.94
64.24,-31.20,156.86
64.34,-31.12,156.79
64.43,-31.04,156.72
64.52,-30.95,156.65
64.60,-30.86,156.59
64.68,-30.77,156.53
64.76,-30.68,156.48
64.83,-30.60,156.42
64.90,-30.53,156.37
64.97,-30.46,156.32
65.05,-30.40,156.27
65.13,-30.35,156.22
65.21,-30.31,156.16
65.29,-30.28,156.09
65.38,-30.26,156.03
65.46,-30.24,155.97
65.55,-30.21,155.90
65.63,-30.19,155.84
65.72,-30.16,155.78
65.80,-30.14,155.73
65.89,-30.11,155.66
65.98,-30.07,155.59
66.07,-30.03,155.52
66.14,-29.97,155.45
66.19,-29.92,155.39
66.23,-29.87,155.34
66.26,-29.84,155.30
66.28,-29.82,155.26
66.31,-29.79,155.22
66.33,-29.77,155.18
66.37,-29.74,155.13
66.40,-29.71,155.08
66.43,-29.66,155.03
66.45,-29.61,154.98
66.48,-29.56,154.94
66.51,-29.51,154.89
66.54,-29.45,154.84
66.57,-29.38,154.79
66.61,-29.31,154.73
66.64,-29.23,154.67
66.68,-29.15,154.61
66.70,-29.07,154.55
66.73,-29.00,154.50
66.75,-28.93,154.45
66.78,-28.86,154.40
66.81,-28.79,154.34
66.84,-28.71,154.28
66.87,-28.62,154.22
66.90,-28.53,154.17
66.94,-28.44,154.11
66.99,-28.35,154.05
67.04,-28.24,153.99
67.07,-28.12,153.92
67.09,-28.00,153.86
67.11,-27.88,153.81
67.13,-27.76,153.77
67.16,-27.62,153.73
67.21,-27.46,153.67
67.29,-27.26,153.60
67.39,-27.02,153.51
67.50,-26.76,153.42
67.62,-26.45,153.32
67.75,-26.10,153.21
67.90,-25.70,153.10
68.06,-25.22,152.96
68.23,-24.67,152.81
68.38,-24.04,152.66
68.52,-23.35,152.50
68.61,-22.58,152.36
68.69,-21.77,152.23
68.77,-20.92,152.11
68.85,-20.02,151.98
68.92,-19.07,151.86
69.00,-18.10,151.74
69.09,-17.09,151.65
69.16,-16.05,151.56
69.20,-14.99,151.47
69.21,-13.92,151.39
69.20,-12.86,151.34
69.18,-11.84,151.30
69.24,-10.94,151.31
69.33,-10.22,151.32
69.43,-9.72,151.35
69.54,-9.44,151.34
69.60,-9.37,151.21
69.54,-9.51,150.89
69.39,-9.93,150.49
69.16,-10.76,150.11
68.93,-11.77,149.78
68.72,-12.80,149.50
68.53,-13.77,149.22
68.38,-14.59,148.95
68.26,-15.19,148.66
68.15,-15.48,148.34
68.05,-15.49,147.97
67.94,-15.26,147.55
67.83,-14.90,147.12
67.75,-14.50,146.70
67.71,-14.11,146.28
67.74,-13.76,145.89
67.83,-13.41,145.54
67.92,-13.05,145.22
68.00,-12.68,144.90
68.05,-12.30,144.61
68.10,-11.91,144.33
68.16,-11.53,144.09
68.23,-11.19,143.88
68.29,-10.89,143.69
68.30,-10.62,143.52
68.28,-10.41,143.35
68.24,-10.29,143.22
68.18,-10.22,143.12
68.15,-10.18,143.06
68.16,-10.14,143.04
68.22,-10.07,143.04
68.32,-9.96,143.06
68.42,-9.84,143.09
68.49,-9.68,143.14
68.57,-9.49,143.21
68.68,-9.30,143.32
68.84,-9.15,143.49
69.00,-9.04,143.69
69.13,-8.95,143.93
69.23,-8.90,144.19
69.34,-8.89,144.48
69.47,-8.90,144.80
69.60,-8.93,145.13
69.76,-8.98,145.47
69.91,-9.06,145.82
70.05,-9.18,146.16
70.16,-9.36,146.48
70.27,-9.62,146.78
70.40,-9.93,147.07
70.53,-10.28,147.34
70.65,-10.66,147.56
70.79,-11.09,147.74
70.95,-11.60,147.89
71.15,-12.19,148.01
71.34,-12.84,148.08
71.52,-13.54,148.12
71.72,-14.27,148.14
71.91,-15.04,148.14
72.08,-15.86,148.15
72.21,-16.72,148.16
72.30,-17.60,148.20
72.36,-18.49,148.27
72.38,-19.38,148.38
72.35,-20.28,148.52
72.28,-21.19,148.67
72.19,-22.13,148.81
72.08,-23.06,148.91
71.99,-23.97,148.97
71.93,-24.86,148.98
71.93,-25.73,148.94
71.96,-26.60,148.86
72.02,-27.48,148.76
72.14,-28.31,148.64
72.29,-29.10,148.52
72.41,-29.85,148.42
72.43,-30.59,148.35
72.36,-31.30,148.38
72.20,-31.95,148.52
71.96,-32.51,148.78
71.65,-32.97,149.15
71.29,-33.34,149.59
70.92,-33.62,150.05
70.59,-33.80,150.50
70.35,-33.86,150.91
70.19,-33.82,151.27
70.14,-33.66,151.55
70.11,-33.50,151.77
70.09,-33.78,151.98
69.94,-33.99,152.13
69.73,-33.98,152.23
69.55,-33.74,152.40
69.49,-33.49,152.57
69.33,-33.19,152.77
69.12,-32.95,152.98
68.91,-32.81,153.16
68.61,-32.70,153.30
68.28,-32.52,153.38
68.13,-32.37,153.43
68.12,-32.20,153.43
68.11,-31.98,153.36
68.16,-31.76,153.26
68.22,-31.54,153.15
68.20,-31.30,153.06
68.10,-31.07,153.00
67.92,-30.86,153.00
67.68,-30.67,153.04
67.42,-30.54,153.10
67.12,-30.44,153.18
66.84,-30.39,153.27
66.64,-30.40,153.35
66.52,-30.44,153.39
66.46,-30.50,153.38
66.44,-30.55,153.36
66.42,-30.58,153.35
66.36,-30.59,153.35
66.25,-30.59,153.38
66.12,-30.57,153.42
65.97,-30.54,153.47
65.82,-30.50,153.53
65.69,-30.44,153.57
65.58,-30.36,153.60
65.52,-30.26,153.62
65.51,-30.14,153.60
65.54,-29.98,153.56
65.62,-29.82,153.50
65.72,-29.67,153.43
65.84,-29.55,153.36
65.95,-29.47,153.31
66.08,-29.42,153.27
66.22,-29.40,153.23
66.39,-29.39,153.18
66.59,-29.40,153.11
66.81,-29.41,153.04
67.04,-29.40,152.96
67.25,-29.40,152.89
67.44,-29.39,152.84
67.62,-29.38,152.79
67.79,-29.37,152.75
67.95,-29.35,152.70
68.11,-29.32,152.65
68.24,-29.26,152.60
68.33,-29.19,152.57
68.40,-29.09,152.55
68.45,-28.98,152.54
68.49,-28.86,152.52
68.55,-28.74,152.50
68.61,-28.62,152.46
68.68,-28.49,152.41
68.75,-28.37,152.36
68.81,-28.26,152.31
68.86,-28.15,152.28
68.90,-28.07,152.25
68.95,-27.99,152.22
69.00,-27.93,152.19
69.06,-27.87,152.16
69.13,-27.82,152.12
69.22,-27.77,152.07
69.31,-27.72,152.01
69.41,-27.67,151.95
69.50,-27.61,151.89
69.59,-27.55,151.84
69.67,-27.49,151.79
69.75,-27.43,151.74
69.82,-27.37,151.68
69.90,-27.30,151.62
69.95,-27.22,151.57
70.00,-27.13,151.51
70.03,-27.04,151.47
70.04,-26.94,151.43
70.06,-26.85,151.40
70.08,-26.75,151.36
70.12,-26.64,151.31
70.17,-26.52,151.26
70.23,-26.41,151.21
70.30,-26.29,151.15
70.37,-26.19,151.11
70.44,-26.09,151.06
70.52,-25.99,151.01
70.61,-25.91,150.96
70.71,-25.84,150.90
70.82,-25.79,150.85
70.92,-25.74,150.79
71.04,-25.71,150.73
71.18,-25.66,150.67
71.33,-25.62,150.59
71.48,-25.54,150.51
71.64,-25.45,150.42
71.81,-25.33,150.33
71.96,-25.15,150.23
72.09,-24.93,150.13
72.21,-24.67,150.05
72.33,-24.34,149.96
72.45,-23.96,149.89
72.57,-23.52,149.81
72.68,-22.99,149.72
72.78,-22.40,149.64
72.85,-21.73,149.57
72.89,-20.99,149.50
72.94,-20.21,149.45
73.00,-19.39,149.41
73.05,-18.51,149.37
73.08,-17.59,149.32
73.10,-16.63,149.29
73.13,-15.64,149.27
73.16,-14.62,149.27
73.17,-13.58,149.28
73.12,-12.55,149.29
73.13,-11.57,149.33
73.15,-10.71,149.37
73.18,-10.04,149.38
73.27,-9.57,149.35
73.38,-9.24,149.22
73.41,-9.03,148.91
73.34,-9.05,148.48
73.14,-9.44,148.02
72.89,-10.01,147.54
72.62,-10.58,147.03
72.34,-11.10,146.47
72.07,-11.56,145.86
71.83,-11.93,145.18
71.60,-12.14,144.42
71.33,-12.17,143.57
71.07,-12.05,142.67
70.94,-11.82,141.75
71.00,-11.61,140.84
71.23,-11.48,139.95
71.59,-11.44,139.09
72.00,-11.45,138.28
72.40,-11.44,137.51
72.76,-11.39,136.82
73.13,-11.32,136.23
73.55,-11.24,135.77
74.00,-11.18,135.41
74.40,-11.13,135.18
74.69,-11.07,135.06
74.89,-11.00,135.05
75.07,-10.97,135.11
75.26,-10.97,135.24
75.47,-10.97,135.42
75.63,-10.97,135.61
75.75,-10.97,135.80
75.85,-10.97,135.97
75.96,-10.99,136.13
76.07,-11.00,136.28
76.19,-11.01,136.42
76.30,-11.02,136.54
76.44,-11.07,136.66
76.61,-11.18,136.80
76.78,-11.33,136.95
76.97,-11.54,137.13
77.16,-11.77,137.36
77.30,-11.99,137.63
77.40,-12.22,137.93
77.45,-12.50,138.25
77.47,-12.83,138.58
77.47,-13.20,138.90
77.45,-13.55,139.19
77.46,-13.88,139.47
77.50,-14.22,139.73
77.54,-14.60,139.92
77.55,-15.04,140.06
77.57,-15.52,140.13
77.61,-16.04,140.19
77.67,-16.59,140.23
77.72,-17.17,140.25
77.75,-17.76,140.25
77.78,-18.39,140.25
77.82,-19.02,140.24
77.83,-19.64,140.22
77.85,-20.29,140.20
77.88,-20.95,140.17
77.88,-21.63,140.12
77.83,-22.32,140.05
77.78,-23.05,139.98
77.72,-23.78,139.91
77.61,-24.52,139.83
77.47,-25.27,139.75
77.35,-26.02,139.66
77.24,-26.74,139.56
77.17,-27.43,139.45
77.12,-28.10,139.34
77.12,-28.80,139.21
77.13,-29.53,139.07
77.10,-30.26,138.92
77.02,-31.01,138.79
76.90,-31.75,138.69
76.75,-32.48,138.63
76.58,-33.16,138.64
76.37,-33.75,138.73
76.14,-34.26,138.90
75.88,-34.70,139.13
75.61,-35.10,139.39
75.32,-35.43,139.65
75.07,-35.71,139.89
74.87,-35.91,140.13
74.72,-36.02,140.34
74.64,-36.05,140.54
74.62,-36.00,140.70
74.66,-35.88,140.82
74.77,-35.65,140.91
74.94,-35.33,140.96
75.16,-34.90,141.00
75.38,-34.35,141.04
75.51,-33.67,141.13
75.52,-32.85,141.28
75.48,-31.97,141.42
74.97,-31.99,141.32
74.55,-32.21,141.28
74.46,-32.22,141.41
74.31,-32.31,141.56
74.10,-32.38,141.66
73.83,-32.37,141.77
73.62,-32.34,141.84
73.46,-32.26,141.89
73.31,-32.09,141.89
73.18,-31.87,141.88
72.97,-31.65,141.90
72.67,-31.46,141.97
72.27,-31.31,142.08
71.83,-31.18,142.20
71.38,-31.10,142.34
70.96,-31.04,142.49
70.61,-30.99,142.61
70.34,-30.94,142.69
70.16,-30.90,142.72
70.04,-30.86,142.72
69.93,-30.82,142.69
69.83,-30.79,142.67
69.72,-30.76,142.66
69.62,-30.73,142.66
69.54,-30.70,142.65
69.48,-30.66,142.62
69.46,-30.61,142.59
69.45,-30.54,142.54
69.50,-30.48,142.49
69.58,-30.42,142.42
69.70,-30.34,142.34
69.86,-30.26,142.23
70.04,-30.16,142.11
70.22,-30.05,141.99
70.40,-29.95,141.87
70.57,-29.84,141.76
70.75,-29.73,141.65
70.92,-29.61,141.53
71.08,-29.49,141.42
71.22,-29.36,141.30
71.33,-29.22,141.20
71.43,-29.07,141.10
71.50,-28.92,141.02
71.56,-28.75,140.94
71.60,-28.58,140.87
71.63,-28.38,140.80
71.64,-28.19,140.73
71.66,-28.00,140.67
71.68,-27.81,140.61
71.70,-27.64,140.56
71.73,-27.47,140.49
71.75,-27.30,140.43
71.79,-27.16,140.36
71.85,-27.02,140.30
71.90,-26.87,140.22
71.97,-26.74,140.14
72.05,-26.61,140.06
72.12,-26.49,139.98
72.21,-26.40,139.92
72.30,-26.30,139.85
72.41,-26.20,139.78
72.53,-26.11,139.70
72.69,-26.02,139.61
72.86,-25.93,139.50
73.03,-25.83,139.38
73.21,-25.72,139.26
73.39,-25.61,139.13
73.56,-25.50,139.01
73.70,-25.37,138.90
73.81,-25.25,138.79
73.89,-25.12,138.70
73.95,-24.98,138.63
74.04,-24.85,138.57
74.12,-24.71,138.50
74.19,-24.56,138.44
74.25,-24.42,138.37
74.28,-24.26,138.31
74.30,-24.12,138.25
74.32,-23.99,138.21
74.33,-23.86,138.16
74.35,-23.74,138.13
74.41,-23.63,138.09
74.51,-23.52,138.04
74.63,-23.42,137.97
74.78,-23.33,137.88
74.95,-23.26,137.78
75.11,-23.21,137.67
75.20,-23.18,137.57
75.25,-23.17,137.47
75.30,-23.17,137.39
75.34,-23.18,137.31
75.36,-23.18,137.22
75.38,-23.17,137.14
75.39,-23.14,137.07
75.40,-23.08,136.99
75.42,-22.98,136.91
75.45,-22.84,136.84
75.49,-22.65,136.76
75.53,-22.40,136.68
75.60,-22.11,136.61
75.67,-21.76,136.54
75.77,-21.35,136.47
75.87,-20.89,136.40
75.98,-20.38,136.32
76.05,-19.81,136.26
76.11,-19.19,136.21
76.08,-18.52,136.18
75.99,-17.78,136.18
75.79,-16.99,136.22
75.49,-16.14,136.30
75.13,-15.25,136.44
74.70,-14.34,136.64
74.26,-13.46,136.90
73.84,-12.65,137.22
73.47,-11.95,137.56
73.21,-11.38,137.93
73.10,-10.83,138.37
73.14,-10.30,138.87
73.29,-9.82,139.39
73.50,-9.37,139.81
73.76,-9.10,140.15
73.99,-8.99,140.40
74.19,-8.89,140.49
74.33,-8.73,140.41
74.38,-8.51,140.14
74.32,-8.26,139.69
74.17,-8.03,139.07
73.95,-7.82,138.29
73.73,-7.60,137.41
73.52,-7.35,136.44
73.35,-7.08,135.44
73.25,-6.79,134.45
73.22,-6.51,133.51
73.28,-6.25,132.65
73.42,-6.00,131.89
73.59,-5.76,131.25
73.73,-5.52,130.72
73.80,-5.28,130.31
73.77,-5.04,130.03
73.66,-4.81,129.87
73.52,-4.59,129.86
73.40,-4.40,129.99
73.30,-4.26,130.21
73.15,-4.20,130.52
72.96,-4.24,130.87
72.75,-4.40,131.26
72.56,-4.61,131.65
72.44,-4.85,132.04
72.40,-5.09,132.41
72.43,-5.32,132.73
72.48,-5.55,133.00
72.50,-5.84,133.20
72.49,-6.18,133.33
72.49,-6.54,133.42
72.52,-6.93,133.48
72.60,-7.37,133.55
72.77,-7.89,133.61
72.96,-8.48,133.68
73.13,-9.10,133.72
73.30,-9.72,133.75
73.45,-10.32,133.75
73.58,-10.91,133.74
73.70,-11.52,133.72
73.81,-12.16,133.67
73.92,-12.86,133.63
74.03,-13.59,133.58
74.10,-14.34,133.53
74.14,-15.10,133.47
74.17,-15.87,133.44
74.20,-16.67,133.41
74.19,-17.48,133.39
74.16,-18.30,133.38
74.12,-19.16,133.38
74.08,-20.05,133.40
74.01,-20.96,133.44
73.95,-21.90,133.50
73.85,-22.87,133.56
73.74,-23.85,133.61
73.64,-24.85,133.66
73.55,-25.83,133.69
73.48,-26.80,133.72
73.40,-27.75,133.73
73.31,-28.68,133.76
73.22,-29.59,133.81
73.10,-30.46,133.89
72.96,-31.31,134.00
72.82,-32.16,134.15
72.69,-32.98,134.34
72.55,-33.74,134.57
72.36,-34.43,134.85
72.14,-35.03,135.19
71.93,-35.56,135.57
71.69,-36.01,135.98
71.43,-36.36,136.40
71.19,-36.59,136.82
71.05,-36.69,137.23
71.00,-36.64,137.61
71.02,-36.43,137.95
71.11,-36.03,138.23
71.23,-35.45,138.49
71.37,-34.73,138.73
71.54,-33.95,138.96
71.78,-32.99,139.14
72.13,-32.79,139.26
72.04,-33.68,139.35
71.65,-34.25,139.35
71.45,-34.84,139.41
71.41,-35.51,139.55
71.34,-36.04,139.66
71.23,-36.48,139.67
71.29,-36.76,139.64
71.41,-36.87,139.57
71.52,-36.82,139.47
71.62,-36.65,139.41
71.66,-36.41,139.40
71.59,-36.12,139.43
71.46,-35.83,139.50
71.25,-35.57,139.58
71.02,-35.39,139.67
70.79,-35.28,139.76
70.59,-35.24,139.85
70.47,-35.25,139.90
70.42,-35.27,139.90
70.40,-35.28,139.89
70.38,-35.27,139.88
70.31,-35.26,139.90
70.22,-35.23,139.95
70.11,-35.19,140.01
70.01,-35.13,140.08
69.93,-35.04,140.12
69.89,-34.92,140.15
69.87,-34.79,140.17
69.87,-34.65,140.17
69.89,-34.50,140.17
69.93,-34.36,140.15
69.99,-34.22,140.13
70.07,-34.11,140.09
70.17,-34.03,140.05
70.27,-33.98,140.00
70.38,-33.97,139.94
70.50,-34.00,139.87
70.63,-34.06,139.80
70.75,-34.14,139.73
70.87,-34.23,139.66
70.98,-34.33,139.58
71.09,-34.43,139.51
71.20,-34.55,139.43
71.30,-34.67,139.35
71.39,-34.79,139.28
71.49,-34.90,139.20
71.57,-34.99,139.14
71.64,-35.08,139.08
71.68,-35.16,139.04
71.70,-35.24,139.01
71.70,-35.30,139.00
71.69,-35.34,138.99
71.69,-35.35,138.98
71.71,-35.34,138.96
71.75,-35.29,138.94
71.80,-35.21,138.91
71.84,-35.11,138.89
71.88,-34.98,138.88
71.92,-34.83,138.86
71.95,-34.68,138.84
71.99,-34.52,138.83
72.02,-34.35,138.81
72.04,-34.18,138.79
72.07,-34.00,138.77
72.10,-33.80,138.75
72.14,-33.60,138.71
72.18,-33.39,138.67
72.22,-33.18,138.63
72.25,-32.97,138.59
72.26,-32.76,138.56
72.26,-32.56,138.53
72.24,-32.35,138.51
72.21,-32.15,138.49
72.15,-31.95,138.48
72.09,-31.77,138.48
72.04,-31.61,138.48
72.01,-31.48,138.47
71.99,-31.35,138.45
71.99,-31.24,138.42
72.01,-31.13,138.39
72.03,-31.03,138.36
72.08,-30.95,138.31
72.13,-30.88,138.26
72.18,-30.80,138.22
72.21,-30.74,138.18
72.25,-30.69,138.14
72.30,-30.63,138.11
72.37,-30.57,138.06
72.46,-30.51,138.00
72.55,-30.43,137.94
72.63,-30.34,137.88
72.71,-30.24,137.82
72.77,-30.12,137.77
72.83,-29.98,137.73
72.88,-29.81,137.68
72.93,-29.61,137.64
72.99,-29.37,137.59
73.05,-29.10,137.53
73.11,-28.76,137.48
73.19,-28.37,137.42
73.29,-27.93,137.36
73.40,-27.43,137.30
73.51,-26.86,137.24
73.62,-26.22,137.17
73.71,-25.50,137.12
73.79,-24.72,137.07
73.84,-23.85,137.04
73.86,-22.90,137.03
73.85,-21.87,137.03
73.86,-20.75,137.03
73.91,-19.55,137.03
73.96,-18.29,137.03
73.94,-16.95,137.03
73.95,-15.59,137.05
73.97,-14.21,137.10
73.89,-12.81,137.15
73.83,-11.43,137.22
73.84,-10.09,137.33
73.82,-8.89,137.42
73.75,-7.93,137.44
73.67,-7.27,137.38
73.52,-6.73,137.17
73.33,-6.28,136.77
73.12,-6.17,136.36
72.89,-6.22,135.99
72.66,-6.14,135.67
72.37,-5.91,135.37
71.96,-5.58,135.08
71.45,-5.19,134.82
70.92,-4.75,134.61
70.41,-4.28,134.44
69.96,-3.77,134.32
69.61,-3.26,134.23
69.34,-2.77,134.12
69.15,-2.33,133.98
68.96,-1.93,133.76
68.78,-1.59,133.47
68.63,-1.28,133.10
68.51,-0.95,132.67
68.44,-0.58,132.22
68.47,-0.22,131.76
68.61,0.10,131.33
68.81,0.36,130.93
69.03,0.58,130.56
69.26,0.76,130.23
69.46,0.91,129.93
69.64,1.01,129.68
69.83,1.00,129.50
70.07,0.90,129.36
70.32,0.73,129.28
70.56,0.52,129.24
70.78,0.26,129.23
70.98,-0.04,129.27
71.18,-0.36,129.36
71.41,-0.66,129.50
71.69,-0.97,129.69
72.00,-1.29,129.91
72.32,-1.62,130.14
72.62,-1.98,130.35
72.87,-2.37,130.53
73.06,-2.80,130.65
73.22,-3.26,130.71
73.41,-3.75,130.73
73.66,-4.27,130.70
73.94,-4.78,130.63
74.24,-5.29,130.51
74.53,-5.80,130.35
74.80,-6.34,130.16
75.05,-6.97,129.95
75.25,-7.68,129.73
75.43,-8.45,129.51
75.58,-9.25,129.31
75.67,-10.07,129.13
75.71,-10.96,128.99
75.72,-11.93,128.89
75.71,-13.01,128.85
75.66,-14.10,128.84
75.55,-15.18,128.84
75.40,-16.22,128.86
75.28,-17.27,128.86
75.19,-18.34,128.81
75.06,-19.44,128.78
74.92,-20.50,128.66
74.83,-21.57,128.50
74.77,-22.65,128.33
74.72,-23.75,128.14
74.68,-24.83,127.94
74.67,-25.86,127.73
74.66,-26.82,127.53
74.66,-27.72,127.38
74.64,-28.57,127.30
74.59,-29.38,127.30
74.52,-30.17,127.38
74.45,-30.93,127.53
74.37,-31.65,127.75
74.30,-32.34,128.03
74.23,-32.98,128.39
74.12,-33.52,128.84
73.92,-33.94,129.35
73.60,-34.24,129.91
73.23,-34.43,130.50
72.90,-34.52,131.11
72.61,-34.50,131.72
72.35,-34.37,132.32
72.08,-34.09,132.88
71.90,-33.67,133.31
71.65,-33.96,133.58
71.52,-34.12,133.70
71.25,-34.21,133.85
70.99,-34.11,133.99
70.94,-33.91,134.13
70.86,-33.75,134.27
70.71,-33.65,134.38
70.54,-33.57,134.49
70.37,-33.43,134.58
70.35,-33.30,134.63
70.51,-33.20,134.62
70.66,-33.05,134.60
70.75,-32.90,134.58
70.78,-32.76,134.59
70.70,-32.63,134.64
70.52,-32.48,134.73
70.28,-32.33,134.85
70.00,-32.18,134.99
69.73,-32.04,135.11
69.49,-31.91,135.22
69.31,-31.80,135.31
69.19,-31.70,135.37
69.13,-31.61,135.40
69.10,-31.54,135.42
69.09,-31.49,135.44
69.08,-31.45,135.47
69.05,-31.42,135.51
69.02,-31.39,135.56
68.98,-31.36,135.62
68.96,-31.33,135.68
68.95,-31.30,135.73
68.97,-31.27,135.78
69.02,-31.23,135.82
69.09,-31.19,135.84
69.20,-31.14,135.85
69.32,-31.07,135.86
69.43,-30.98,135.87
69.56,-30.88,135.88
69.67,-30.78,135.89
69.79,-30.67,135.91
69.92,-30.56,135.92
70.05,-30.47,135.93
70.19,-30.40,135.93
70.32,-30.36,135.92
70.46,-30.33,135.91
70.58,-30.33,135.90
70.69,-30.34,135.89
70.79,-30.39,135.88
70.90,-30.46,135.85
71.01,-30.56,135.81
71.14,-30.68,135.76
71.27,-30.82,135.70
71.39,-30.98,135.62
71.50,-31.16,135.54
71.61,-31.35,135.45
71.73,-31.55,135.36
71.83,-31.74,135.28
71.94,-31.94,135.19
72.05,-32.12,135.10
72.14,-32.31,135.02
72.21,-32.49,134.95
72.26,-32.66,134.90
72.30,-32.81,134.86
72.33,-32.95,134.83
72.36,-33.06,134.80
72.40,-33.15,134.77
72.44,-33.21,134.74
72.51,-33.26,134.70
72.59,-33.28,134.65
72.68,-33.30,134.59
72.79,-33.29,134.53
72.90,-33.27,134.47
73.02,-33.22,134.41
73.13,-33.15,134.35
73.23,-33.08,134.30
73.31,-32.99,134.28
73.39,-32.88,134.27
73.45,-32.76,134.26
73.52,-32.63,134.25
73.57,-32.48,134.25
73.61,-32.33,134.25
73.61,-32.16,134.27
73.59,-31.99,134.31
73.55,-31.80,134.36
73.50,-31.61,134.42
73.45,-31.42,134.47
73.41,-31.23,134.51
73.38,-31.03,134.56
73.35,-30.83,134.60
73.32,-30.64,134.65
73.30,-30.45,134.69
73.30,-30.27,134.73
73.31,-30.10,134.76
73.33,-29.95,134.78
73.38,-29.81,134.79
73.43,-29.67,134.80
73.47,-29.54,134.81
73.50,-29.42,134.83
73.53,-29.29,134.85
73.54,-29.16,134.87
73.54,-29.04,134.90
73.53,-28.90,134.94
73.50,-28.76,134.98
73.46,-28.60,135.02
73.43,-28.42,135.07
73.40,-28.20,135.12
73.39,-27.94,135.16
73.39,-27.64,135.21
73.41,-27.27,135.24
73.46,-26.84,135.27
73.52,-26.33,135.30
73.59,-25.75,135.32
73.67,-25.09,135.35
73.76,-24.34,135.38
73.87,-23.50,135.40
73.98,-22.57,135.43
74.11,-21.54,135.45
74.23,-20.43,135.48
74.37,-19.22,135.53
74.54,-17.95,135.58
74.69,-16.59,135.63
74.86,-15.17,135.69
74.99,-13.71,135.75
75.17,-12.27,135.81
75.38,-10.81,135.86
75.67,-9.38,135.93
76.08,-8.13,136.08
76.52,-7.13,136.24
76.82,-6.45,136.35
76.98,-6.00,136.35
76.91,-5.86,136.24
76.58,-5.92,136.04
76.07,-5.89,135.80
75.42,-5.74,135.54
74.66,-5.49,135.26
73.88,-5.17,134.98
73.20,-4.82,134.71
72.71,-4.41,134.46
72.42,-3.94,134.21
72.33,-3.43,133.96
72.35,-2.89,133.69
72.40,-2.33,133.40
72.42,-1.78,133.08
72.40,-1.24,132.76
72.38,-0.68,132.45
72.43,-0.14,132.19
72.57,0.35,132.00
72.76,0.79,131.89
72.96,1.18,131.85
73.17,1.55,131.89
73.37,1.90,132.00
73.57,2.21,132.18
73.76,2.48,132.44
73.94,2.67,132.78
74.09,2.79,133.18
74.22,2.83,133.63
74.34,2.78,134.12
74.47,2.67,134.65
74.67,2.51,135.20
74.88,2.31,135.71
75.09,2.10,136.16
75.31,1.87,136.54
75.53,1.59,136.84
75.77,1.25,137.06
76.00,0.87,137.23
76.22,0.47,137.34
76.42,0.03,137.40
76.61,-0.49,137.42
76.76,-1.09,137.41
76.88,-1.75,137.38
76.98,-2.45,137.34
77.07,-3.17,137.31
77.15,-3.90,137.29
77.26,-4.67,137.28
77.36,-5.48,137.30
77.44,-6.34,137.32
77.48,-7.25,137.37
77.46,-8.23,137.44
77.42,-9.30,137.55
77.43,-10.50,137.68
77.43,-11.77,137.78
77.39,-13.03,137.87
77.31,-14.27,137.94
77.22,-15.45,138.01
77.16,-16.59,138.07
77.11,-17.68,138.16
77.05,-18.75,138.30
76.96,-19.81,138.49
76.87,-20.90,138.74
76.77,-21.98,139.05
76.64,-23.01,139.42
76.48,-23.97,139.87
76.30,-24.88,140.41
76.11,-25.73,141.04
75.91,-26.52,141.76
75.68,-27.19,142.56
75.41,-27.72,143.42
75.15,-28.09,144.30
74.93,-28.31,145.18
74.81,-28.42,146.02
74.83,-28.41,146.82
74.95,-28.31,147.57
75.11,-28.11,148.27
75.19,-27.73,149.00
74.80,-28.00,149.65
74.66,-28.34,150.09
74.38,-28.51,150.49
74.13,-28.68,150.76
74.04,-28.78,151.05
73.80,-28.90,151.27
73.35,-28.89,151.42
72.98,-28.79,151.57
72.72,-28.65,151.74
72.42,-28.45,151.87
72.22,-28.23,152.00
72.06,-28.04,152.13
71.92,-27.89,152.23
71.80,-27.77,152.31
71.72,-27.71,152.36
71.66,-27.66,152.40
71.67,-27.64,152.40
71.75,-27.63,152.38
71.89,-27.63,152.33
72.07,-27.63,152.27
72.23,-27.64,152.22
72.36,-27.63,152.18
72.46,-27.60,152.16
72.53,-27.52,152.15
72.56,-27.39,152.16
72.54,-27.20,152.19
72.49,-26.93,152.23
72.42,-26.62,152.29
72.32,-26.28,152.35
72.21,-25.93,152.43
72.11,-25.60,152.50
72.01,-25.28,152.58
71.94,-24.98,152.64
71.90,-24.71,152.70
71.90,-24.46,152.74
71.92,-24.25,152.77
71.96,-24.05,152.80
72.01,-23.86,152.84
72.05,-23.69,152.87
72.10,-23.54,152.91
72.14,-23.40,152.96
72.18,-23.27,153.00
72.22,-23.13,153.04
72.26,-22.98,153.08
72.31,-22.82,153.11
72.37,-22.66,153.13
72.44,-22.51,153.14
72.52,-22.34,153.15
72.63,-22.18,153.16
72.75,-22.00,153.15
72.89,-21.83,153.14
73.04,-21.66,153.11
73.20,-21.50,153.08
73.36,-21.35,153.04
73.52,-21.20,153.01
73.65,-21.06,153.01
73.74,-20.93,153.04
73.78,-20.82,153.11
73.84,-20.74,153.16
73.90,-20.69,153.19
74.00,-20.67,153.20
74.15,-20.66,153.20
74.34,-20.66,153.18
74.55,-20.65,153.15
74.75,-20.64,153.14
74.91,-20.63,153.17
75.05,-20.60,153.19
75.21,-20.61,153.20
75.35,-20.61,153.23
75.39,-20.58,153.28
75.39,-20.54,153.35
75.38,-20.49,153.43
75.40,-20.44,153.50
75.42,-20.39,153.57
75.46,-20.33,153.62
75.51,-20.25,153.67
75.56,-20.14,153.72
75.62,-20.02,153.76
75.64,-19.84,153.82
75.68,-19.66,153.87
75.73,-19.45,153.92
75.76,-19.23,153.99
75.77,-18.97,154.06
75.75,-18.67,154.15
75.75,-18.33,154.24
75.71,-17.92,154.35
75.71,-17.48,154.46
75.68,-16.96,154.58
75.59,-16.34,154.72
75.42,-15.64,154.84
75.32,-14.83,154.97
75.18,-13.93,155.11
74.94,-12.88,155.25
74.63,-11.71,155.40
74.29,-10.43,155.58
73.91,-9.05,155.78
73.48,-7.57,156.00
73.00,-5.99,156.26
72.56,-4.34,156.55
72.21,-2.68,156.89
71.88,-1.06,157.26
71.72,0.48,157.67
71.76,1.92,158.11
71.94,3.32,158.53
72.13,4.37,158.79
72.23,4.88,158.70
72.24,5.20,158.16
72.25,5.33,157.27
72.33,5.23,156.19
72.51,5.06,154.95
72.78,4.83,153.66
73.11,4.58,152.34
73.48,4.29,151.06
73.87,3.95,149.82
74.28,3.54,148.68
74.70,3.04,147.66
75.16,2.42,146.79
75.66,1.68,146.09
76.20,0.82,145.57
76.72,-0.17,145.22
77.17,-1.25,145.01
77.55,-2.39,144.93
77.86,-3.57,144.98
78.16,-4.80,145.14
78.44,-6.07,145.40
78.70,-7.41,145.75
78.91,-8.80,146.19
79.06,-10.23,146.72
79.17,-11.70,147.33
79.23,-13.19,148.03
79.22,-14.69,148.82
79.15,-16.18,149.68
79.00,-17.67,150.66
78.83,-19.16,151.70
78.66,-20.64,152.79
78.51,-22.07,153.92
78.36,-23.43,155.07
78.22,-24.71,156.26
78.06,-25.91,157.50
77.87,-27.01,158.79
77.64,-28.02,160.13
77.36,-28.94,161.55
77.03,-29.76,163.06
76.62,-30.53,164.69
76.12,-31.22,166.45
75.52,-31.86,168.35
74.82,-32.44,170.38
73.98,-32.94,172.52
72.99,-33.35,174.77
71.86,-33.64,177.10
70.61,-33.80,179.47
69.24,-33.81,181.84
67.79,-33.64,184.15
66.31,-33.30,186.34
64.88,-32.78,188.36
63.64,-32.08,190.17
62.66,-31.21,191.72
62.20,-30.40,192.88
62.02,-30.42,193.87
61.64,-30.44,194.54
60.96,-30.41,194.72
60.46,-30.49,194.78
60.32,-30.54,194.87
60.33,-30.56,194.89
60.45,-30.57,194.75
60.77,-30.59,194.58
61.21,-30.61,194.38
61.56,-30.58,194.17
61.87,-30.52,194.01
62.11,-30.43,193.92
62.25,-30.31,193.88
62.35,-30.19,193.86
62.41,-30.07,193.85
62.45,-29.96,193.84
62.48,-29.83,193.84
62.48,-29.71,193.85
62.46,-29.58,193.86
62.41,-29.45,193.89
62.35,-29.35,193.93
62.30,-29.27,193.98
62.26,-29.22,194.02
62.25,-29.20,194.05
62.27,-29.20,194.07
62.31,-29.21,194.09
62.38,-29.23,194.10
62.45,-29.25,194.11
62.53,-29.28,194.12
62.61,-29.30,194.13
62.69,-29.32,194.14
62.78,-29.33,194.15
62.86,-29.33,194.16
62.94,-29.30,194.16
63.01,-29.24,194.16
63.08,-29.17,194.15
63.14,-29.07,194.14
63.20,-28.96,194.14
63.25,-28.84,194.13
63.29,-28.69,194.12
63.34,-28.53,194.11
63.40,-28.35,194.10
63.46,-28.15,194.08
63.54,-27.95,194.06
63.62,-27.73,194.04
63.72,-27.51,194.02
63.81,-27.29,194.00
63.91,-27.07,193.99
64.02,-26.85,193.98
64.13,-26.64,193.96
64.26,-26.43,193.95
64.39,-26.22,193.93
64.52,-26.01,193.90
64.66,-25.79,193.88
64.78,-25.56,193.86
64.91,-25.33,193.85
65.04,-25.09,193.83
65.18,-24.84,193.81
65.32,-24.59,193.79
65.46,-24.33,193.77
65.60,-24.05,193.74
65.75,-23.77,193.71
65.88,-23.46,193.68
66.00,-23.13,193.65
66.14,-22.81,193.62
66.25,-22.47,193.59
66.38,-22.11,193.55
66.50,-21.73,193.51
66.60,-21.31,193.45
66.70,-20.83,193.39
66.82,-20.35,193.31
66.90,-19.80,193.21
66.99,-19.20,193.11
67.03,-18.50,193.04
67.10,-17.76,192.99
67.13,-16.92,192.96
67.15,-15.99,192.97
67.18,-14.96,193.01
67.23,-13.85,193.10
67.33,-12.67,193.26
67.54,-11.42,193.49
67.90,-10.11,193.80
68.41,-8.80,194.21
69.06,-7.51,194.69
69.81,-6.27,195.21
70.62,-5.10,195.78
71.47,-3.90,196.38
72.28,-2.82,197.05
72.86,-1.98,197.73
73.21,-1.38,198.39
73.43,-0.90,199.01
73.60,-0.53,199.57
73.75,-0.34,200.09
73.92,-0.27,200.55
74.17,-0.32,200.95
74.48,-0.46,201.28
74.83,-0.70,201.53
75.20,-1.03,201.71
75.56,-1.43,201.83
75.90,-1.91,201.88
76.21,-2.47,201.86
76.52,-3.11,201.78
76.83,-3.83,201.65
77.17,-4.62,201.48
77.51,-5.48,201.30
77.84,-6.39,201.10
78.14,-7.32,200.90
78.40,-8.30,200.74
78.64,-9.32,200.61
78.86,-10.39,200.55
79.05,-11.49,200.56
79.18,-12.60,200.63
79.22,-13.73,200.78
79.19,-14.87,201.01
79.09,-16.03,201.31
78.93,-17.22,201.69
78.75,-18.41,202.15
78.55,-19.60,202.71
78.31,-20.77,203.33
78.05,-21.90,204.01
77.75,-22.98,204.74
77.46,-24.04,205.52
77.16,-25.06,206.34
76.87,-26.06,207.22
76.60,-27.01,208.13
76.33,-27.90,209.07
76.06,-28.73,210.03
75.79,-29.48,210.99
75.48,-30.15,211.93
75.13,-30.75,212.86
74.72,-31.28,213.78
74.25,-31.73,214.68
73.71,-32.10,215.56
73.12,-32.39,216.45
72.49,-32.57,217.33
71.91,-32.63,218.20
71.45,-32.57,219.03
71.11,-32.37,219.79
70.95,-32.06,220.47
70.96,-31.66,221.03
71.04,-31.21,221.46
71.05,-30.75,221.83
70.90,-30.64,222.10
70.85,-30.87,222.26
70.84,-30.93,222.39
70.66,-30.85,222.49
70.44,-30.90,222.58
70.25,-30.94,222.70
70.05,-30.89,222.86
69.83,-30.79,223.03
69.57,-30.62,223.17
69.29,-30.42,223.27
69.06,-30.23,223.35
68.93,-30.08,223.39
68.86,-29.94,223.38
68.82,-29.81,223.34
68.83,-29.69,223.28
68.85,-29.58,223.22
68.88,-29.47,223.17
68.89,-29.35,223.13
68.84,-29.23,223.10
68.76,-29.12,223.09
68.63,-29.02,223.10
68.48,-28.95,223.13
68.33,-28.91,223.16
68.18,-28.87,223.19
68.04,-28.82,223.21
67.88,-28.76,223.24
67.73,-28.69,223.29
67.62,-28.62,223.32
67.57,-28.54,223.34
67.59,-28.46,223.32
67.64,-28.38,223.29
67.72,-28.28,223.25
67.80,-28.18,223.22
67.89,-28.06,223.19
67.99,-27.93,223.15
68.11,-27.78,223.10
68.25,-27.61,223.05
68.38,-27.43,222.99
68.51,-27.24,222.94
68.66,-27.03,222.89
68.83,-26.80,222.82
69.03,-26.57,222.75
69.26,-26.34,222.68
69.48,-26.11,222.61
69.70,-25.88,222.54
69.90,-25.65,222.47
70.08,-25.42,222.40
70.24,-25.19,222.34
70.39,-24.96,222.30
70.52,-24.74,222.26
70.63,-24.51,222.22
70.74,-24.29,222.19
70.83,-24.06,222.16
70.92,-23.81,222.13
71.00,-23.57,222.11
71.09,-23.32,222.09
71.16,-23.08,222.07
71.23,-22.84,222.05
71.28,-22.59,222.05
71.32,-22.35,222.04
71.34,-22.10,222.05
71.38,-21.86,222.06
71.43,-21.64,222.06
71.48,-21.42,222.06
71.53,-21.20,222.05
71.59,-20.98,222.05
71.64,-20.76,222.04
71.68,-20.53,222.02
71.72,-20.31,222.00
71.75,-20.09,221.99
71.78,-19.88,221.98
71.79,-19.67,221.98
71.81,-19.47,221.98
71.82,-19.28,221.98
71.82,-19.08,221.99
71.84,-18.89,221.99
71.87,-18.71,222.00
71.90,-18.52,222.00
71.94,-18.34,222.00
71.97,-18.16,221.99
71.99,-17.97,221.99
72.02,-17.78,221.98
72.04,-17.59,221.97
72.07,-17.40,221.97
72.07,-17.20,221.96
72.07,-17.00,221.96
72.06,-16.80,221.97
72.04,-16.60,221.98
72.01,-16.39,222.00
71.98,-16.20,222.03
71.97,-16.01,222.06
71.96,-15.82,222.08
71.94,-15.64,222.10
71.90,-15.45,222.13
71.86,-15.27,222.16
71.83,-15.11,222.20
71.83,-14.96,222.24
71.85,-14.83,222.27
71.90,-14.72,222.30
71.95,-14.63,222.30
72.03,-14.57,222.29
72.12,-14.52,222.27
72.19,-14.47,222.24
72.31,-14.42,222.20
72.43,-14.35,222.16
72.55,-14.27,222.12
72.68,-14.14,222.07
72.81,-13.96,222.02
72.95,-13.71,221.97
73.11,-13.39,221.92
73.27,-12.98,221.87
73.47,-12.48,221.81
73.71,-11.89,221.74
73.96,-11.19,221.64
74.22,-10.39,221.53
74.47,-9.49,221.41
74.73,-8.49,221.31
74.96,-7.38,221.22
75.16,-6.15,221.17
75.34,-4.83,221.15
75.51,-3.45,221.19
75.68,-2.03,221.29
75.85,-0.63,221.47
76.05,0.71,221.72
76.33,1.90,222.05
76.74,2.86,222.45
77.32,3.56,222.91
77.96,4.04,223.43
78.66,4.10,224.10
79.19,3.91,224.82
79.46,3.31,225.49
79.55,2.48,226.11
79.60,1.61,226.68
79.58,0.87,227.15
79.38,0.35,227.51
78.94,0.05,227.69
78.23,-0.13,227.72
77.34,-0.26,227.59
76.44,-0.36,227.39
75.74,-0.42,227.22
75.41,-0.54,227.12
75.39,-0.71,227.09
75.44,-0.83,227.07
75.38,-0.88,227.05
75.17,-0.90,227.01
74.93,-0.95,227.01
74.76,-1.08,227.08
74.66,-1.25,227.20
74.56,-1.42,227.35
74.44,-1.58,227.50
74.36,-1.75,227.65
74.32,-1.93,227.81
74.34,-2.11,227.97
74.39,-2.30,228.12
74.47,-2.48,228.30
74.60,-2.70,228.49
74.78,-2.99,228.71
74.97,-3.30,228.95
75.15,-3.60,229.21
75.32,-3.87,229.50
75.46,-4.12,229.81
75.61,-4.37,230.15
75.76,-4.65,230.50
75.92,-4.94,230.86
76.11,-5.26,231.22
76.30,-5.59,231.58
76.45,-5.93,231.93
76.58,-6.29,232.24
76.73,-6.68,232.54
76.88,-7.10,232.79
77.05,-7.54,232.98
77.23,-8.00,233.10
77.41,-8.49,233.15
77.60,-9.02,233.14
77.78,-9.59,233.05
77.94,-10.20,232.91
78.08,-10.83,232.72
78.23,-11.49,232.53
78.36,-12.16,232.35
78.43,-12.85,232.18
78.43,-13.54,232.02
78.36,-14.27,231.89
78.26,-15.05,231.77
78.13,-15.88,231.67
77.98,-16.72,231.60
77.84,-17.56,231.54
77.72,-18.39,231.50
77.63,-19.23,231.47
77.55,-20.06,231.44
77.49,-20.88,231.41
77.46,-21.66,231.39
77.46,-22.40,231.37
77.47,-23.11,231.36
77.52,-23.78,231.35
77.62,-24.41,231.36
77.74,-25.03,231.39
77.86,-25.63,231.44
77.94,-26.24,231.55
77.97,-26.86,231.72
77.94,-27.48,231.98
77.79,-28.07,232.31
77.57,-28.58,232.71
77.35,-29.00,233.15
77.15,-29.34,233.64
76.98,-29.60,234.17
76.81,-29.76,234.74
76.63,-29.82,235.31
76.45,-29.79,235.86
76.29,-29.67,236.35
76.20,-29.45,236.77
76.18,-29.15,237.12
76.21,-28.76,237.43
76.09,-28.60,237.60
75.89,-29.12,237.56
75.78,-29.32,237.56
75.63,-29.61,237.56
75.46,-29.76,237.66
75.30,-29.90,237.76
75.04,-30.02,237.85
74.75,-30.04,237.93
74.59,-29.95,237.99
74.51,-29.77,238.00
74.56,-29.50,237.94
74.72,-29.17,237.85
74.95,-28.82,237.73
75.18,-28.50,237.62
75.34,-28.24,237.53
75.39,-28.05,237.48
75.33,-27.94,237.46
75.17,-27.89,237.49
74.96,-27.89,237.55
74.74,-27.89,237.60
74.55,-27.92,237.64
74.43,-27.95,237.64
74.38,-28.00,237.62
74.38,-28.07,237.59
74.42,-28.15,237.55
74.47,-28.24,237.51
74.53,-28.33,237.48
74.57,-28.41,237.45
74.60,-28.46,237.44
74.61,-28.49,237.43
74.62,-28.49,237.43
74.61,-28.49,237.44
74.59,-28.47,237.45
74.57,-28.45,237.47
74.54,-28.44,237.48
74.51,-28.42,237.50
74.49,-28.40,237.51
74.47,-28.39,237.51
74.47,-28.39,237.50
74.48,-28.38,237.48
74.49,-28.37,237.46
74.50,-28.35,237.44
74.48,-28.34,237.42
74.45,-28.32,237.41
74.40,-28.29,237.40
74.35,-28.27,237.39
74.31,-28.25,237.38
74.28,-28.24,237.36
74.25,-28.24,237.34
74.21,-28.24,237.33
74.17,-28.25,237.32
74.13,-28.25,237.31
74.10,-28.24,237.29
74.08,-28.20,237.27
74.05,-28.14,237.26
74.02,-28.06,237.25
73.98,-27.96,237.24
73.94,-27.84,237.24
73.93,-27.71,237.23
73.94,-27.58,237.21
73.97,-27.45,237.17
74.01,-27.33,237.14
74.04,-27.20,237.10
74.08,-27.08,237.07
74.11,-26.96,237.03
74.14,-26.83,237.00
74.16,-26.71,236.97
74.18,-26.59,236.94
74.19,-26.48,236.91
74.20,-26.38,236.89
74.20,-26.28,236.86
74.20,-26.18,236.83
74.19,-26.09,236.81
74.17,-26.01,236.78
74.14,-25.94,236.76
74.09,-25.88,236.75
74.04,-25.82,236.74
73.99,-25.77,236.73
73.94,-25.71,236.72
73.90,-25.65,236.70
73.87,-25.59,236.67
73.84,-25.54,236.65
73.80,-25.49,236.63
73.75,-25.43,236.61
73.69,-25.37,236.60
73.63,-25.30,236.60
73.57,-25.22,236.59
73.52,-25.15,236.58
73.48,-25.07,236.56
73.45,-24.97,236.54
73.44,-24.87,236.52
73.43,-24.74,236.50
73.42,-24.59,236.49
73.42,-24.41,236.47
73.42,-24.21,236.45
73.42,-24.00,236.43
73.43,-23.76,236.42
73.45,-23.51,236.40
73.47,-23.25,236.38
73.49,-22.96,236.35
73.50,-22.65,236.34
73.50,-22.32,236.34
73.49,-21.97,236.34
73.46,-21.59,236.35
73.43,-21.17,236.38
73.40,-20.72,236.40
73.39,-20.22,236.42
73.39,-19.67,236.44
73.41,-19.07,236.46
73.45,-18.41,236.48
73.53,-17.67,236.49
73.64,-16.85,236.48
73.78,-15.96,236.44
73.96,-15.02,236.39
74.15,-14.01,236.33
74.35,-12.95,236.26
74.53,-11.85,236.21
74.72,-10.70,236.18
74.95,-9.53,236.17
75.22,-8.33,236.19
75.53,-7.14,236.27
75.88,-6.02,236.41
76.28,-5.06,236.65
76.67,-4.37,236.94
76.97,-4.04,237.29
77.02,-4.06,237.65
76.76,-4.27,237.96
76.32,-4.44,238.26
75.78,-4.40,238.56
75.16,-4.29,238.85
74.52,-4.16,239.13
73.96,-3.97,239.44
73.45,-3.67,239.76
72.99,-3.28,240.07
72.56,-2.86,240.35
72.17,-2.44,240.58
71.82,-2.01,240.73
71.50,-1.54,240.81
71.20,-1.03,240.81
70.91,-0.49,240.75
70.63,0.05,240.65
70.37,0.60,240.52
70.15,1.13,240.37
69.97,1.63,240.20
69.82,2.10,240.02
69.66,2.55,239.81
69.49,2.98,239.60
69.32,3.39,239.37
69.17,3.78,239.14
69.05,4.14,238.92
68.95,4.45,238.69
68.86,4.72,238.44
68.77,4.94,238.17
68.68,5.14,237.87
68.64,5.28,237.56
68.65,5.37,237.24
68.70,5.40,236.90
68.76,5.36,236.56
68.82,5.23,236.23
68.89,5.04,235.94
68.99,4.81,235.70
69.08,4.53,235.53
69.11,4.18,235.43
69.07,3.77,235.38
68.98,3.28,235.39
68.85,2.70,235.43
68.68,2.03,235.50
68.50,1.31,235.58
68.31,0.56,235.68
68.09,-0.28,235.74
67.85,-1.20,235.78
67.63,-2.15,235.79
67.44,-3.09,235.77
67.28,-4.02,235.69
67.17,-4.95,235.57
67.03,-5.89,235.36
66.84,-6.82,235.11
66.67,-7.78,234.86
66.54,-8.78,234.60
66.42,-9.83,234.34
66.31,-10.89,234.10
66.20,-11.92,233.88
66.09,-12.94,233.68
66.01,-13.99,233.51
65.94,-15.06,233.35
65.86,-16.14,233.20
65.75,-17.17,233.05
65.62,-18.17,232.92
65.50,-19.13,232.82
65.38,-20.10,232.75
65.25,-21.05,232.71
65.11,-21.97,232.70
64.98,-22.83,232.76
64.85,-23.59,232.87
64.69,-24.24,233.04
64.53,-24.80,233.27
64.41,-25.27,233.55
64.32,-25.66,233.89
64.25,-25.96,234.25
64.19,-26.16,234.58
64.16,-26.27,234.87
64.19,-26.26,235.12
64.30,-26.13,235.34
64.46,-25.86,235.53
64.63,-25.43,235.71
64.75,-24.86,235.92
64.84,-24.11,236.14
64.34,-24.34,236.45
63.83,-25.14,236.72
63.45,-25.56,237.01
63.00,-26.15,237.31
62.65,-26.62,237.61
62.27,-27.00,237.82
62.15,-27.29,237.88
62.36,-27.40,237.85
62.69,-27.32,237.69
62.96,-27.09,237.50
63.09,-26.83,237.33
63.10,-26.61,237.26
62.97,-26.45,237.28
62.73,-26.37,237.36
62.49,-26.43,237.47
62.29,-26.57,237.56
62.22,-26.71,237.61
62.28,-26.84,237.60
62.45,-26.93,237.53
62.65,-27.00,237.46
62.79,-27.04,237.41
62.86,-27.06,237.38
62.89,-27.06,237.36
62.90,-27.03,237.35
62.94,-26.98,237.32
63.00,-26.90,237.28
63.07,-26.81,237.24
63.12,-26.69,237.20
63.15,-26.57,237.16
63.16,-26.43,237.13
63.18,-26.29,237.10
63.21,-26.17,237.06
63.27,-26.07,237.02
63.33,-26.00,236.98
63.39,-25.94,236.95
63.44,-25.88,236.92
63.48,-25.82,236.89
63.52,-25.77,236.87
63.55,-25.73,236.85
63.58,-25.71,236.82
63.61,-25.69,236.80
63.63,-25.67,236.78
63.65,-25.65,236.77
63.65,-25.63,236.75
63.65,-25.60,236.74
63.65,-25.56,236.74
63.64,-25.49,236.73
63.62,-25.40,236.72
63.61,-25.28,236.70
63.59,-25.16,236.69
63.58,-25.03,236.67
63.57,-24.88,236.65
63.56,-24.72,236.63
63.54,-24.54,236.60
63.53,-24.35,236.57
63.50,-24.14,236.54
63.48,-23.92,236.51
63.46,-23.70,236.48
63.45,-23.46,236.44
63.44,-23.21,236.39
63.45,-22.95,236.33
63.48,-22.68,236.26
63.50,-22.42,236.19
63.51,-22.16,236.13
63.53,-21.91,236.07
63.56,-21.67,236.02
63.59,-21.43,235.96
63.62,-21.19,235.91
63.67,-20.95,235.85
63.73,-20.72,235.79
63.80,-20.50,235.73
63.89,-20.28,235.66
63.97,-20.06,235.59
64.04,-19.86,235.52
64.11,-19.66,235.46
64.20,-19.46,235.39
64.28,-19.27,235.32
64.36,-19.09,235.25
64.41,-18.91,235.19
64.45,-18.74,235.13
64.49,-18.58,235.09
64.54,-18.42,235.04
64.58,-18.26,234.99
64.61,-18.11,234.94
64.63,-17.95,234.90
64.64,-17.82,234.87
64.66,-17.70,234.84
64.67,-17.59,234.81
64.67,-17.47,234.78
64.68,-17.35,234.74
64.71,-17.21,234.70
64.73,-17.05,234.66
64.77,-16.88,234.61
64.82,-16.69,234.55
64.87,-16.47,234.49
64.93,-16.22,234.42
64.98,-15.93,234.34
65.05,-15.60,234.25
65.13,-15.24,234.16
65.22,-14.82,234.05
65.31,-14.34,233.93
65.42,-13.79,233.78
65.53,-13.15,233.61
65.66,-12.43,233.42
65.78,-11.63,233.21
65.86,-10.72,233.00
65.91,-9.72,232.80
65.93,-8.63,232.60
65.97,-7.48,232.41
66.00,-6.23,232.23
66.07,-4.91,232.05
66.11,-3.53,231.88
66.11,-2.08,231.73
66.16,-0.58,231.60
66.26,0.87,231.51
66.39,2.26,231.45
66.68,3.45,231.45
67.12,4.47,231.50
67.55,5.37,231.48
67.85,6.15,231.28
67.93,6.84,230.88
67.77,7.33,230.34
67.36,7.56,229.75
66.81,7.71,229.17
66.20,7.90,228.64
65.60,8.21,228.20
65.05,8.70,227.85
64.60,9.32,227.61
64.26,10.04,227.46
63.99,10.82,227.40
63.75,11.62,227.40
63.52,12.40,227.45
63.33,13.13,227.55
63.20,13.77,227.70
63.14,14.30,227.91
63.14,14.68,228.16
63.20,14.90,228.46
63.33,14.96,228.81
63.53,14.85,229.18
63.77,14.63,229.54
64.01,14.35,229.88
64.21,14.06,230.15
64.36,13.81,230.36
64.47,13.60,230.49
64.59,13.40,230.54
64.76,13.13,230.55
65.01,12.77,230.53
65.32,12.33,230.48
65.69,11.81,230.40
66.11,11.22,230.31
66.55,10.57,230.21
66.99,9.85,230.12
67.39,9.09,230.05
67.76,8.34,230.03
68.14,7.62,230.07
68.54,6.98,230.20
68.95,6.41,230.44
69.29,5.90,230.75
69.52,5.41,231.12
69.67,4.94,231.55
69.79,4.47,232.01
69.91,3.99,232.49
69.99,3.51,232.93
70.02,3.01,233.28
70.04,2.48,233.52
70.06,1.93,233.67
70.10,1.34,233.71
70.17,0.69,233.65
70.24,-0.02,233.51
70.33,-0.79,233.30
70.46,-1.61,233.06
70.62,-2.47,232.82
70.73,-3.33,232.54
70.75,-4.19,232.25
70.75,-5.08,231.97
70.73,-6.03,231.71
70.66,-7.02,231.50
70.57,-8.05,231.36
70.46,-9.09,231.27
70.33,-10.14,231.22
70.18,-11.16,231.20
70.03,-12.17,231.18
69.87,-13.15,231.14
69.72,-14.11,231.07
69.59,-15.05,230.98
69.47,-15.94,230.89
69.36,-16.77,230.83
69.24,-17.52,230.80
69.11,-18.20,230.83
68.97,-18.81,230.90
68.82,-19.34,231.00
68.65,-19.77,231.10
68.48,-20.09,231.18
68.37,-20.34,231.23
68.33,-20.48,231.30
68.33,-20.50,231.41
68.35,-20.38,231.58
68.36,-20.08,231.81
68.20,-19.61,232.17
67.84,-20.20,232.61
67.66,-20.59,232.94
67.38,-20.93,233.22
67.15,-21.04,233.52
66.99,-21.01,233.85
66.69,-21.11,234.11
66.31,-21.15,234.26
65.90,-21.08,234.32
65.74,-20.98,234.31
65.72,-20.86,234.24
65.75,-20.73,234.15
65.81,-20.62,234.04
65.87,-20.53,233.94
65.90,-20.48,233.86
65.87,-20.47,233.81
65.78,-20.50,233.80
65.62,-20.54,233.82
65.41,-20.59,233.87
65.21,-20.64,233.93
65.05,-20.70,233.97
64.96,-20.76,233.99
64.93,-20.81,233.98
64.97,-20.83,233.93
65.02,-20.83,233.88
65.07,-20.82,233.83
65.09,-20.80,233.79
65.09,-20.79,233.76
65.09,-20.79,233.74
65.10,-20.78,233.71
65.12,-20.78,233.66
65.16,-20.76,233.61
65.22,-20.74,233.55
65.29,-20.71,233.48
65.37,-20.70,233.42
65.45,-20.70,233.35
65.53,-20.73,233.29
65.62,-20.76,233.22
65.71,-20.80,233.16
65.80,-20.84,233.10
65.88,-20.88,233.03
65.94,-20.90,232.98
65.99,-20.90,232.92
66.01,-20.88,232.87
66.03,-20.84,232.81
66.04,-20.78,232.75
66.05,-20.69,232.69
66.06,-20.59,232.61
66.06,-20.46,232.54
66.05,-20.31,232.45
66.04,-20.16,232.37
66.01,-20.00,232.29
65.97,-19.85,232.22
65.92,-19.69,232.15
65.87,-19.54,232.09
65.82,-19.39,232.02
65.78,-19.23,231.95
65.76,-19.08,231.88
65.74,-18.94,231.80
65.72,-18.80,231.73
65.70,-18.68,231.66
65.68,-18.58,231.60
65.66,-18.48,231.54
65.66,-18.40,231.47
65.67,-18.33,231.40
65.71,-18.27,231.32
65.75,-18.22,231.25
65.80,-18.18,231.17
65.84,-18.15,231.09
65.89,-18.10,231.03
65.95,-18.06,230.96
66.01,-18.02,230.89
66.08,-17.99,230.82
66.14,-17.96,230.75
66.21,-17.93,230.68
66.28,-17.90,230.61
66.35,-17.86,230.53
66.42,-17.81,230.46
66.49,-17.76,230.38
66.55,-17.71,230.30
66.59,-17.67,230.25
66.63,-17.64,230.19
66.65,-17.62,230.15
66.65,-17.62,230.12
66.65,-17.64,230.09
66.64,-17.66,230.06
66.64,-17.70,230.02
66.65,-17.76,229.98
66.66,-17.82,229.94
66.68,-17.90,229.89
66.70,-17.98,229.84
66.71,-18.08,229.78
66.73,-18.17,229.72
66.74,-18.27,229.67
66.74,-18.37,229.62
66.74,-18.48,229.58
66.75,-18.58,229.54
66.74,-18.68,229.50
66.72,-18.76,229.46
66.70,-18.82,229.43
66.69,-18.86,229.38
66.68,-18.87,229.34
66.66,-18.87,229.30
66.65,-18.85,229.26
66.63,-18.82,229.22
66.60,-18.78,229.19
66.58,-18.72,229.14
66.58,-18.67,229.10
66.58,-18.60,229.06
66.59,-18.51,229.02
66.60,-18.40,228.97
66.61,-18.27,228.93
66.62,-18.11,228.88
66.63,-17.92,228.83
66.63,-17.67,228.78
66.61,-17.37,228.71
66.55,-16.98,228.63
66.48,-16.52,228.54
66.41,-15.99,228.42
66.37,-15.36,228.31
66.30,-14.65,228.19
66.25,-13.84,228.07
66.18,-12.93,227.94
66.11,-11.93,227.81
66.06,-10.81,227.67
66.04,-9.61,227.50
66.00,-8.32,227.29
65.95,-6.96,227.03
65.91,-5.54,226.77
65.85,-4.07,226.50
65.75,-2.55,226.23
65.61,-1.00,225.97
65.55,0.55,225.74
65.56,2.07,225.52
65.68,3.46,225.30
65.98,4.68,225.09
66.37,5.65,224.84
66.78,6.36,224.50
67.00,6.91,224.06
66.92,7.09,223.56
66.63,7.13,222.99
66.19,7.20,222.39
65.67,7.40,221.79
65.19,7.75,221.25
64.88,8.20,220.83
64.74,8.71,220.55
64.74,9.26,220.40
64.79,9.82,220.34
64.84,10.38,220.33
64.85,10.94,220.34
64.81,11.47,220.34
64.73,11.97,220.34
64.63,12.44,220.32
64.53,12.88,220.31
64.44,13.28,220.29
64.39,13.63,220.29
64.35,13.91,220.31
64.33,14.09,220.35
64.34,14.17,220.44
64.37,14.16,220.55
64.42,14.08,220.70
64.48,13.92,220.88
64.55,13.68,221.08
64.65,13.35,221.30
64.78,12.92,221.54
64.98,12.39,221.80
65.20,11.78,222.06
65.42,11.15,222.29
65.62,10.53,222.49
65.82,9.93,222.66
66.02,9.32,222.79
66.19,8.63,222.88
66.31,7.84,222.96
66.43,7.03,223.04
66.60,6.27,223.14
66.86,5.60,223.25
67.10,4.97,223.37
67.29,4.31,223.47
67.42,3.63,223.56
67.53,2.92,223.62
67.61,2.16,223.66
67.67,1.36,223.65
67.76,0.54,223.63
67.89,-0.30,223.62
68.01,-1.17,223.60
68.09,-2.07,223.54
68.10,-3.01,223.45
68.09,-3.99,223.37
68.10,-4.99,223.30
68.10,-6.00,223.24
68.07,-7.03,223.17
68.00,-8.08,223.11
67.93,-9.13,223.04
67.86,-10.16,222.97
67.78,-11.14,222.90
67.70,-12.07,222.85
67.63,-12.96,222.83
67.57,-13.79,222.85
67.50,-14.57,222.93
67.40,-15.25,223.07
67.29,-15.84,223.27
67.17,-16.35,223.52
67.05,-16.77,223.84
66.92,-17.11,224.21
66.75,-17.36,224.59
66.58,-17.50,224.99
66.41,-17.55,225.36
66.26,-17.48,225.71
66.18,-17.28,226.02
66.15,-16.91,226.30
66.17,-16.37,226.56
66.25,-15.73,226.58
66.25,-16.20,226.54
66.13,-16.59,226.44
66.04,-16.89,226.42
65.96,-17.16,226.48
65.90,-17.41,226.55
65.76,-17.62,226.55
65.82,-17.73,226.51
65.93,-17.75,226.43
66.06,-17.70,226.33
66.18,-17.62,226.23
66.23,-17.54,226.16
66.17,-17.46,226.15
65.98,-17.36,226.18
65.71,-17.25,226.23
65.45,-17.12,226.26
65.28,-17.01,226.27
65.21,-16.90,226.23
65.23,-16.80,226.14
65.28,-16.69,226.03
65.32,-16.61,225.94
65.33,-16.55,225.87
65.31,-16.51,225.81
65.29,-16.49,225.75
65.28,-16.47,225.69
65.28,-16.43,225.62
65.30,-16.38,225.54
65.32,-16.31,225.46
65.34,-16.24,225.38
65.36,-16.18,225.30
65.38,-16.14,225.22
65.43,-16.12,225.14
65.47,-16.12,225.06
65.52,-16.13,224.99
65.55,-16.15,224.94
65.57,-16.19,224.89
65.59,-16.26,224.85
65.64,-16.34,224.80
65.70,-16.44,224.75
65.77,-16.52,224.70
65.84,-16.57,224.66
65.91,-16.56,224.61
65.97,-16.49,224.56
66.03,-16.37,224.50
66.10,-16.22,224.42
66.19,-16.03,224.34
66.26,-15.81,224.25
66.33,-15.57,224.16
66.40,-15.33,224.07
66.46,-15.08,223.97
66.52,-14.85,223.87
66.58,-14.63,223.76
66.63,-14.43,223.66
66.68,-14.26,223.55
66.72,-14.12,223.46
66.76,-14.02,223.36
66.79,-13.96,223.28
66.82,-13.92,223.20
66.82,-13.89,223.14
66.81,-13.88,223.08
66.80,-13.89,223.01
66.80,-13.91,222.94
66.81,-13.95,222.85
66.83,-14.00,222.77
66.83,-14.04,222.71
66.81,-14.08,222.66
66.75,-14.12,222.62
66.66,-14.15,222.60
66.57,-14.18,222.55
66.49,-14.20,222.51
66.42,-14.22,222.46
66.35,-14.23,222.41
66.27,-14.24,222.37
66.18,-14.23,222.34
66.09,-14.22,222.30
66.01,-14.22,222.25
65.95,-14.21,222.19
65.91,-14.21,222.13
65.86,-14.20,222.08
65.83,-14.17,222.03
65.80,-14.14,221.97
65.76,-14.11,221.91
65.75,-14.07,221.84
65.73,-14.03,221.78
65.71,-13.99,221.73
65.69,-13.95,221.67
65.66,-13.90,221.61
65.64,-13.85,221.55
65.63,-13.80,221.48
65.63,-13.75,221.40
65.63,-13.70,221.33
65.62,-13.65,221.25
65.61,-13.59,221.18
65.60,-13.52,221.11
65.59,-13.43,221.04
65.58,-13.32,220.97
65.59,-13.19,220.89
65.61,-13.05,220.80
65.65,-12.89,220.70
65.70,-12.71,220.58
65.76,-12.52,220.46
65.81,-12.31,220.35
65.86,-12.06,220.24
65.90,-11.78,220.14
65.92,-11.45,220.04
65.95,-11.08,219.94
65.97,-10.67,219.85
66.00,-10.21,219.76
66.06,-9.72,219.65
66.14,-9.17,219.52
66.23,-8.57,219.37
66.37,-7.91,219.20
66.54,-7.20,219.01
66.73,-6.42,218.81
66.92,-5.58,218.59
67.11,-4.69,218.37
67.28,-3.75,218.16
67.43,-2.76,217.96
67.59,-1.73,217.76
67.72,-0.64,217.58
67.83,0.49,217.41
67.90,1.64,217.28
67.93,2.80,217.20
67.91,3.95,217.16
67.86,5.05,217.15
67.84,6.07,217.19
67.81,7.01,217.25
67.75,7.84,217.31
67.60,8.55,217.36
67.33,9.14,217.37
66.96,9.70,217.33
66.48,10.22,217.22
65.92,10.67,217.02
65.40,11.00,216.80
64.86,10.93,216.58
64.35,10.51,216.35
63.93,9.86,216.12
63.55,9.12,215.86
63.16,8.40,215.53
62.71,7.82,215.12
62.17,7.43,214.64
61.49,7.24,214.09
60.68,7.22,213.53
59.89,7.34,212.98
59.24,7.55,212.52
58.79,7.79,212.18
58.56,8.05,211.98
58.49,8.31,211.90
58.49,8.57,211.90
58.45,8.83,211.93
58.30,9.08,211.95
58.06,9.31,211.94
57.76,9.50,211.92
57.51,9.65,211.92
57.36,9.75,211.94
57.34,9.84,212.00
57.39,9.92,212.07
57.48,9.98,212.17
57.58,9.99,212.28
57.71,9.90,212.42
57.86,9.73,212.58
58.01,9.47,212.74
58.15,9.19,212.88
58.29,8.95,212.98
58.43,8.77,213.03
58.57,8.66,213.04
58.69,8.65,213.03
58.85,8.62,213.06
59.06,8.49,213.11
59.29,8.31,213.16
59.51,8.08,213.19
59.69,7.82,213.22
59.81,7.53,213.22
59.89,7.16,213.23
59.97,6.70,213.24
60.06,6.13,213.25
60.16,5.47,213.27
60.29,4.71,213.31
60.40,3.84,213.33
60.45,2.92,213.31
60.41,1.95,213.27
60.36,0.97,213.26
60.35,-0.02,213.27
60.43,-1.06,213.35
60.48,-2.13,213.48
60.50,-3.21,213.60
60.42,-4.35,213.76
60.25,-5.49,213.91
60.06,-6.60,214.05
59.85,-7.68,214.17
59.70,-8.71,214.28
59.58,-9.67,214.39
59.51,-10.58,214.52
59.48,-11.45,214.70
59.43,-12.28,214.96
59.34,-13.05,215.30
59.21,-13.71,215.73
59.04,-14.26,216.25
58.86,-14.69,216.82
58.68,-14.99,217.39
58.55,-15.17,217.91
58.50,-15.22,218.38
58.54,-15.14,218.80
58.64,-14.92,219.17
58.78,-14.53,219.51
58.95,-14.09,219.79
58.83,-14.33,220.13
58.64,-14.68,220.37
58.39,-14.81,220.50
58.30,-14.75,220.69
58.44,-14.78,220.91
58.49,-14.92,221.04
58.40,-14.97,221.01
58.49,-15.02,220.95
58.69,-15.06,220.84
58.81,-15.03,220.68
58.88,-15.02,220.55
58.89,-15.01,220.49
58.80,-15.02,220.47
58.61,-15.06,220.50
58.36,-15.13,220.53
58.12,-15.23,220.60
57.88,-15.38,220.68
57.69,-15.53,220.74
57.59,-15.70,220.78
57.60,-15.86,220.77
57.68,-15.99,220.71
57.77,-16.08,220.62
57.84,-16.14,220.55
57.87,-16.18,220.49
57.89,-16.21,220.44
57.90,-16.23,220.40
57.91,-16.23,220.36
57.95,-16.19,220.30
58.02,-16.14,220.22
58.09,-16.08,220.12
58.16,-16.02,220.03
58.20,-15.96,219.95
58.23,-15.91,219.88
58.26,-15.86,219.81
58.28,-15.81,219.76
58.32,-15.76,219.70
58.39,-15.69,219.63
58.46,-15.60,219.54
58.54,-15.49,219.44
58.60,-15.37,219.33
58.64,-15.25,219.23
58.68,-15.16,219.14
58.70,-15.08,219.06
58.72,-15.01,218.99
58.73,-14.95,218.92
58.73,-14.89,218.86
58.72,-14.85,218.80
58.71,-14.82,218.74
58.67,-14.79,218.69
58.60,-14.74,218.65
58.51,-14.69,218.64
58.42,-14.61,218.63
58.36,-14.52,218.63
58.33,-14.44,218.63
58.33,-14.37,218.63
58.34,-14.29,218.61
58.37,-14.21,218.58
58.40,-14.14,218.54
58.44,-14.09,218.51
58.47,-14.03,218.46
58.50,-13.98,218.42
58.50,-13.91,218.38
58.54,-13.88,218.36
58.56,-13.86,218.34
58.58,-13.85,218.33
58.58,-13.83,218.31
58.59,-13.83,218.30
58.60,-13.82,218.30
