-,-,-
-1.38,9.42,271.97
-1.19,9.40,271.86
-1.08,9.41,271.76
-1.07,9.47,271.68
-1.14,9.56,271.62
-1.29,9.67,271.56
-1.46,9.79,271.49
-1.65,9.91,271.43
-1.83,10.03,271.39
-1.98,10.13,271.36
-2.10,10.22,271.34
-2.17,10.28,271.33
-2.17,10.31,271.34
-2.11,10.31,271.36
-2.02,10.29,271.38
-1.90,10.27,271.40
-1.76,10.24,271.41
-1.60,10.21,271.43
-1.43,10.17,271.44
-1.24,10.12,271.44
-1.05,10.07,271.43
-0.87,10.02,271.41
-0.71,9.99,271.38
-0.58,9.97,271.34
-0.46,9.95,271.29
-0.36,9.94,271.22
-0.26,9.93,271.13
-0.17,9.92,271.03
-0.09,9.91,270.93
-0.01,9.91,270.81
0.07,9.91,270.68
0.14,9.91,270.55
0.21,9.91,270.42
0.29,9.90,270.28
0.38,9.90,270.14
0.47,9.89,270.01
0.57,9.88,269.89
0.68,9.86,269.78
0.80,9.83,269.69
0.93,9.79,269.60
1.06,9.75,269.54
1.20,9.71,269.48
1.34,9.66,269.43
1.48,9.62,269.38
1.62,9.57,269.34
1.76,9.53,269.30
1.89,9.48,269.26
2.02,9.45,269.22
2.13,9.41,269.19
2.24,9.39,269.15
2.33,9.37,269.11
2.41,9.36,269.06
2.49,9.36,269.01
2.57,9.35,268.93
2.66,9.35,268.84
2.76,9.35,268.72
2.87,9.35,268.58
3.00,9.35,268.42
3.14,9.35,268.22
3.29,9.36,268.00
3.44,9.37,267.73
3.60,9.40,267.44
3.76,9.43,267.10
3.91,9.49,266.73
4.06,9.56,266.32
4.20,9.65,265.87
4.33,9.76,265.39
4.44,9.90,264.88
4.54,10.05,264.32
4.63,10.23,263.71
4.71,10.43,263.05
4.77,10.65,262.32
4.80,10.90,261.50
4.83,11.18,260.60
4.84,11.49,259.61
4.84,11.83,258.53
4.82,12.20,257.34
4.77,12.60,256.03
4.69,13.01,254.57
4.59,13.46,252.96
4.48,13.93,251.20
4.35,14.45,249.31
4.19,15.00,247.27
3.98,15.63,245.13
3.74,16.30,242.94
3.50,17.02,240.77
3.26,17.74,238.67
3.15,18.43,236.62
3.20,19.13,234.73
3.28,19.78,233.16
3.34,20.14,232.17
3.22,20.26,231.59
3.00,20.12,231.44
2.71,19.85,231.52
2.43,19.48,231.71
2.23,19.04,231.99
2.09,18.57,232.35
2.01,18.07,232.76
1.99,17.56,233.27
2.01,17.03,233.87
2.05,16.50,234.59
2.11,15.95,235.47
2.16,15.36,236.51
2.19,14.72,237.71
2.16,14.01,239.10
2.08,13.21,240.65
1.92,12.31,242.34
1.64,11.29,244.09
1.23,10.17,245.87
0.76,8.99,247.67
0.31,7.77,249.49
-0.08,6.52,251.34
-0.44,5.27,253.20
-0.85,4.05,255.01
-1.37,2.87,256.73
-1.97,1.82,258.28
-2.52,1.00,259.67
-2.90,0.50,260.91
-3.06,0.37,262.08
-3.07,0.59,263.25
-3.11,1.10,264.41
-3.30,1.82,265.52
-3.56,2.67,266.54
-3.77,3.59,267.47
-3.84,4.53,268.28
-3.75,5.43,268.94
-3.54,6.24,269.42
-3.23,6.90,269.68
-2.85,7.40,269.75
-2.44,7.77,269.64
-2.00,8.04,269.37
-1.57,8.27,268.98
-1.16,8.52,268.47
-0.79,8.82,267.86
-0.46,9.22,267.19
-0.17,9.73,266.47
0.08,10.35,265.67
0.27,11.07,264.80
0.28,12.03,263.82
0.22,12.72,263.21
-0.03,12.96,263.24
-0.34,13.09,263.14
-0.56,13.06,263.22
-0.76,13.11,263.35
-0.75,13.16,263.63
-0.70,13.10,264.16
-0.71,13.00,264.65
-0.63,12.96,265.13
-0.56,12.87,265.63
-0.49,12.80,266.13
-0.48,12.75,266.60
-0.45,12.71,267.05
-0.41,12.68,267.46
-0.37,12.63,267.80
-0.28,12.57,268.09
-0.14,12.49,268.32
0.01,12.40,268.52
0.14,12.34,268.68
0.24,12.30,268.82
0.32,12.28,268.94
0.41,12.26,269.04
0.52,12.23,269.10
0.64,12.20,269.11
0.77,12.17,269.07
0.91,12.14,268.98
1.04,12.11,268.85
1.18,12.09,268.69
1.32,12.07,268.50
1.46,12.07,268.27
1.61,12.08,268.01
1.77,12.08,267.69
1.97,12.08,267.32
2.21,12.09,266.88
2.47,12.09,266.38
2.76,12.12,265.81
3.06,12.18,265.18
3.33,12.28,264.46
3.57,12.41,263.66
3.78,12.58,262.78
3.97,12.80,261.82
4.12,13.06,260.80
4.23,13.36,259.70
4.27,13.70,258.53
4.24,14.10,257.30
4.14,14.54,256.01
3.96,15.04,254.64
3.72,15.57,253.19
3.41,16.15,251.63
3.04,16.76,249.95
2.55,17.40,248.13
1.95,18.07,246.19
1.27,18.79,244.14
0.46,19.56,241.98
-0.37,20.38,239.75
-1.10,21.27,237.51
-1.57,22.19,235.31
-1.69,23.13,233.15
-1.41,24.13,231.13
-0.92,25.20,229.35
-0.36,25.83,228.39
-0.33,25.75,228.25
-0.74,25.14,228.60
-1.18,24.26,229.17
-1.38,23.34,229.78
-1.28,22.46,230.50
-0.97,21.61,231.40
-0.60,20.80,232.51
-0.23,20.00,233.83
0.09,19.18,235.39
0.39,18.33,237.21
0.68,17.44,239.24
0.97,16.49,241.45
1.23,15.47,243.75
1.42,14.34,246.08
1.52,13.12,248.35
1.56,11.82,250.53
1.60,10.47,252.57
1.63,9.11,254.43
1.60,7.79,256.09
1.51,6.63,257.56
1.45,5.73,258.94
1.49,5.21,260.33
1.64,5.15,261.69
1.83,5.57,262.90
1.94,6.35,263.92
1.92,7.32,264.82
1.79,8.34,265.65
1.53,9.32,266.32
1.17,10.22,266.68
0.78,11.02,266.68
0.49,11.69,266.35
0.24,12.26,265.76
0.15,12.70,264.91
0.08,12.69,264.68
-0.05,12.58,265.10
-0.18,12.51,265.78
-0.32,12.56,266.44
-0.56,12.68,267.18
-0.67,12.74,267.93
-0.68,12.77,268.58
-0.47,12.65,269.20
-0.02,12.42,269.75
0.53,12.15,270.23
1.03,11.94,270.62
1.39,11.82,270.91
1.62,11.77,271.14
1.78,11.74,271.28
1.90,11.73,271.34
1.99,11.76,271.31
2.04,11.81,271.17
2.08,11.88,270.92
2.13,11.96,270.59
2.17,12.06,270.18
2.20,12.16,269.72
2.27,12.27,269.25
2.37,12.37,268.74
2.49,12.49,268.16
2.66,12.61,267.52
2.85,12.76,266.80
3.06,12.93,266.00
3.26,13.14,265.09
3.42,13.39,264.07
3.54,13.69,262.96
3.62,14.03,261.77
3.64,14.42,260.50
3.60,14.84,259.18
3.52,15.32,257.81
3.38,15.83,256.38
3.21,16.38,254.89
2.98,16.96,253.34
2.69,17.58,251.72
2.43,18.25,250.04
2.24,19.02,248.35
2.21,19.90,246.65
2.39,20.91,244.99
2.70,22.07,243.41
3.08,23.33,241.93
3.47,24.71,240.49
3.87,26.19,239.05
4.33,27.83,237.70
4.74,29.41,236.66
4.95,30.53,236.20
4.66,31.08,236.06
3.98,31.11,236.08
3.17,30.82,236.10
2.50,30.30,236.12
2.10,29.64,236.20
1.97,28.88,236.43
2.10,28.03,236.86
2.42,27.10,237.52
2.88,26.10,238.41
3.40,25.01,239.47
3.89,23.84,240.66
4.34,22.60,241.98
4.78,21.30,243.43
5.22,19.94,245.04
5.67,18.54,246.76
6.08,17.11,248.55
6.39,15.60,250.32
6.51,14.04,251.97
6.48,12.44,253.47
6.37,10.83,254.84
6.24,9.26,256.08
6.11,7.73,257.23
6.00,6.24,258.40
5.99,4.90,259.62
6.10,3.87,260.82
6.33,3.32,261.95
6.61,3.30,262.98
6.68,3.70,263.96
6.25,4.29,264.92
5.38,4.94,265.79
4.43,5.63,266.42
3.64,6.34,266.69
2.98,6.99,266.61
2.39,7.51,266.23
1.87,7.90,265.62
1.47,8.21,264.81
1.25,8.54,263.82
1.30,9.13,262.85
1.22,9.26,263.44
1.24,9.42,264.21
1.16,9.30,265.27
1.13,9.23,266.14
1.42,9.13,267.10
1.82,8.83,267.99
2.42,8.47,268.76
3.12,8.11,269.40
3.75,7.81,269.90
4.23,7.60,270.28
4.57,7.47,270.54
4.80,7.42,270.68
4.93,7.42,270.70
4.97,7.47,270.62
4.94,7.56,270.44
4.87,7.68,270.18
4.78,7.83,269.83
4.71,7.97,269.41
4.66,8.12,268.95
4.65,8.24,268.45
4.64,8.37,267.90
4.71,8.50,267.35
4.83,8.63,266.77
4.99,8.79,266.14
5.18,8.98,265.44
5.41,9.19,264.66
5.69,9.44,263.78
5.96,9.73,262.76
6.19,10.06,261.60
6.40,10.43,260.33
6.57,10.83,258.96
6.70,11.27,257.52
6.75,11.76,256.02
6.72,12.31,254.48
6.61,12.92,252.88
6.43,13.57,251.25
6.20,14.26,249.60
5.93,14.99,247.95
5.62,15.77,246.32
5.38,16.62,244.76
5.31,17.54,243.30
5.65,18.58,242.03
6.43,19.74,241.03
7.45,21.00,240.28
8.45,22.33,239.71
9.28,23.78,239.28
10.01,25.31,239.16
10.54,26.63,239.39
10.73,27.64,239.81
10.51,28.38,240.07
10.04,28.81,240.13
9.50,28.92,240.02
9.02,28.74,239.80
8.65,28.26,239.52
8.43,27.53,239.23
8.38,26.56,238.94
8.52,25.42,238.70
8.85,24.18,238.54
9.30,22.84,238.49
9.76,21.44,238.57
10.15,19.97,238.80
10.41,18.47,239.20
10.58,16.93,239.82
10.67,15.41,240.67
10.70,13.93,241.74
10.67,12.55,243.00
10.56,11.30,244.39
10.33,10.19,245.85
10.02,9.25,247.33
9.70,8.45,248.82
9.31,7.74,250.27
8.86,7.01,251.69
8.46,6.14,253.13
8.22,5.16,254.51
8.13,4.15,255.71
8.17,3.19,256.67
8.30,2.36,257.38
8.50,1.71,257.95
8.58,1.24,258.46
8.39,0.95,258.93
7.92,0.94,259.32
7.34,1.30,259.55
6.85,1.99,259.64
6.44,2.88,259.63
5.99,3.86,259.43
5.51,4.86,258.99
5.19,5.82,258.29
5.16,6.64,257.45
5.06,6.66,258.40
4.96,6.62,259.61
4.40,6.09,260.91
4.07,5.97,261.76
4.01,5.87,262.72
3.82,5.65,263.45
3.99,5.44,264.12
4.26,5.14,264.66
4.64,4.90,265.03
4.96,4.73,265.27
5.14,4.68,265.39
5.14,4.73,265.46
5.05,4.82,265.51
4.95,4.92,265.51
4.90,4.99,265.44
4.90,5.08,265.27
4.96,5.17,265.00
5.08,5.27,264.67
5.25,5.37,264.28
5.47,5.46,263.84
5.72,5.57,263.36
6.00,5.71,262.81
6.29,5.88,262.19
6.58,6.11,261.49
6.85,6.39,260.67
7.10,6.72,259.74
7.35,7.10,258.69
7.58,7.53,257.55
7.78,8.01,256.31
7.94,8.54,254.99
8.04,9.12,253.59
8.09,9.74,252.12
8.09,10.41,250.58
8.07,11.13,248.97
8.03,11.90,247.34
7.94,12.75,245.68
7.85,13.69,244.04
7.79,14.77,242.45
7.80,16.01,240.92
8.01,17.44,239.50
8.45,19.07,238.24
9.09,20.86,237.16
9.88,22.75,236.27
10.73,24.72,235.47
11.53,26.78,234.75
12.11,28.93,234.16
12.53,30.90,233.87
12.70,32.17,233.91
12.35,32.66,234.05
11.61,32.47,234.24
10.74,31.80,234.38
9.85,30.85,234.39
9.01,29.76,234.26
8.33,28.58,234.08
8.01,27.34,233.95
8.09,26.05,233.96
8.45,24.69,234.12
8.88,23.26,234.43
9.21,21.72,234.92
9.39,20.04,235.63
9.47,18.26,236.56
9.54,16.47,237.69
9.69,14.72,239.01
9.93,13.04,240.53
10.15,11.42,242.21
10.26,9.84,243.94
10.20,8.33,245.62
10.00,6.90,247.22
9.72,5.56,248.77
9.45,4.26,250.36
9.19,3.01,251.96
8.88,1.86,253.48
8.53,0.85,254.86
8.12,-0.04,256.11
7.63,-0.89,257.30
7.18,-1.71,258.47
6.81,-2.46,259.55
6.55,-3.03,260.50
6.41,-3.33,261.31
6.38,-3.31,261.99
6.47,-2.94,262.53
6.66,-2.25,262.90
6.84,-1.36,263.15
6.87,-0.41,263.27
6.70,0.52,263.12
6.39,1.40,262.63
6.11,2.27,261.85
5.66,3.18,261.09
4.39,3.48,261.44
3.62,3.85,262.04
3.17,4.00,262.90
2.49,4.14,263.56
2.29,4.20,264.33
2.28,4.06,264.99
2.56,3.76,265.62
2.98,3.44,266.13
3.41,3.20,266.50
3.73,3.07,266.71
3.94,3.04,266.75
4.03,3.09,266.67
4.04,3.20,266.50
3.99,3.33,266.24
3.92,3.48,265.93
3.87,3.62,265.54
3.88,3.74,265.10
3.98,3.83,264.63
4.15,3.89,264.14
4.39,3.95,263.64
4.69,3.99,263.12
5.03,4.04,262.59
5.39,4.12,262.05
5.76,4.21,261.47
6.15,4.34,260.87
6.54,4.50,260.20
6.94,4.68,259.46
7.34,4.90,258.64
7.74,5.16,257.75
8.14,5.45,256.78
8.52,5.80,255.74
8.86,6.21,254.62
9.14,6.67,253.45
9.36,7.21,252.22
9.53,7.81,250.94
9.66,8.48,249.61
9.75,9.23,248.23
9.74,10.08,246.79
9.67,11.02,245.31
9.62,12.07,243.81
9.63,13.24,242.32
9.82,14.59,240.89
10.20,16.10,239.58
10.69,17.75,238.38
11.30,19.53,237.28
12.04,21.45,236.25
12.92,23.48,235.32
13.90,25.63,234.68
14.86,27.43,234.71
15.30,28.52,235.09
14.95,28.82,235.53
14.02,28.50,235.81
12.98,27.76,235.89
12.23,26.78,235.90
11.96,25.68,235.98
12.14,24.49,236.20
12.61,23.20,236.59
13.17,21.79,237.11
13.67,20.24,237.75
14.05,18.56,238.50
14.32,16.78,239.38
14.52,14.91,240.40
14.71,13.02,241.57
14.91,11.14,242.84
15.10,9.33,244.16
15.28,7.59,245.49
15.38,5.92,246.82
15.33,4.30,248.11
15.08,2.76,249.30
14.65,1.30,250.43
14.07,-0.09,251.53
13.42,-1.45,252.69
12.76,-2.76,253.96
12.12,-3.90,255.25
11.50,-4.68,256.45
10.95,-5.04,257.60
10.51,-4.96,258.70
10.06,-4.45,259.67
9.41,-3.70,260.39
8.52,-2.86,260.84
7.54,-2.03,261.04
6.57,-1.20,260.93
5.62,-0.34,260.51
4.79,0.56,259.82
4.47,1.37,258.89
5.19,1.51,258.30
5.05,1.47,258.75
5.19,1.12,259.59
5.36,0.93,260.29
5.33,0.76,260.75
5.64,0.57,261.33
5.91,0.33,261.79
6.17,0.09,262.21
6.41,-0.10,262.52
6.62,-0.22,262.73
6.76,-0.24,262.83
6.83,-0.19,262.81
6.82,-0.09,262.71
6.79,0.03,262.54
6.77,0.16,262.29
6.75,0.30,261.96
6.74,0.46,261.58
6.79,0.63,261.14
6.89,0.80,260.68
7.06,0.98,260.21
7.32,1.14,259.71
7.65,1.28,259.18
8.04,1.44,258.62
8.46,1.60,258.02
8.93,1.76,257.39
9.42,1.94,256.70
9.92,2.12,255.96
10.46,2.31,255.17
11.01,2.54,254.33
11.56,2.79,253.42
12.10,3.09,252.45
12.60,3.42,251.42
13.05,3.81,250.34
13.43,4.24,249.20
13.75,4.73,248.02
14.03,5.29,246.81
14.23,5.92,245.57
14.37,6.63,244.32
14.43,7.44,243.06
14.39,8.36,241.79
14.27,9.37,240.52
14.06,10.48,239.25
13.78,11.67,237.99
13.45,12.97,236.72
13.11,14.36,235.44
12.97,15.84,234.17
13.10,17.40,232.93
13.52,19.02,231.72
14.30,20.70,230.61
15.25,22.49,229.69
16.26,23.95,229.38
16.73,24.68,229.54
16.30,24.72,229.83
15.37,24.24,230.13
14.49,23.46,230.38
13.95,22.57,230.62
13.84,21.62,230.95
14.07,20.58,231.44
14.46,19.42,232.08
14.84,18.14,232.83
15.12,16.72,233.66
15.30,15.18,234.57
15.46,13.54,235.60
15.62,11.80,236.78
15.77,9.99,238.11
15.85,8.13,239.54
15.83,6.24,241.04
15.74,4.36,242.55
15.63,2.53,244.02
15.49,0.77,245.41
15.29,-0.91,246.69
15.01,-2.48,247.89
14.70,-3.92,249.04
14.35,-5.23,250.17
13.96,-6.42,251.33
13.56,-7.48,252.53
13.26,-8.34,253.75
13.08,-8.92,254.95
12.98,-9.18,256.12
12.85,-9.15,257.25
12.65,-8.84,258.34
12.37,-8.26,259.31
12.02,-7.46,260.04
11.64,-6.52,260.48
11.26,-5.50,260.62
10.76,-4.39,260.47
9.91,-3.54,260.43
9.28,-3.11,260.47
8.46,-2.97,260.99
7.98,-2.97,261.56
7.56,-2.80,261.75
7.32,-2.76,261.90
7.47,-2.82,262.05
7.71,-2.95,262.07
8.04,-3.08,262.05
8.29,-3.15,262.01
8.41,-3.15,261.96
8.41,-3.08,261.91
8.32,-2.98,261.87
8.23,-2.90,261.83
8.20,-2.84,261.77
8.22,-2.80,261.69
8.30,-2.78,261.57
8.40,-2.77,261.43
8.51,-2.75,261.28
8.62,-2.72,261.13
8.77,-2.69,260.94
8.97,-2.66,260.71
9.24,-2.64,260.43
9.57,-2.61,260.11
9.94,-2.56,259.72
10.33,-2.48,259.29
10.74,-2.36,258.79
11.18,-2.20,258.23
11.68,-2.02,257.61
12.20,-1.81,256.91
12.73,-1.57,256.14
13.27,-1.30,255.32
13.79,-1.00,254.44
14.28,-0.66,253.52
14.73,-0.29,252.56
15.11,0.12,251.56
15.43,0.59,250.54
15.72,1.13,249.51
15.97,1.73,248.47
16.16,2.40,247.41
16.30,3.15,246.32
16.41,3.99,245.21
16.46,4.93,244.06
16.40,5.95,242.86
16.27,7.05,241.60
16.06,8.25,240.31
15.74,9.55,238.96
15.34,10.96,237.55
14.93,12.49,236.13
14.60,14.11,234.73
14.46,15.81,233.34
14.52,17.57,231.97
14.84,19.39,230.66
15.40,21.27,229.45
16.07,23.20,228.43
16.85,24.52,227.95
17.07,24.94,227.86
16.68,24.60,227.93
16.08,23.79,228.04
15.65,22.79,228.14
15.58,21.73,228.31
15.88,20.61,228.62
16.37,19.40,229.14
16.88,18.05,229.87
17.29,16.57,230.80
17.58,14.96,231.90
17.82,13.24,233.17
18.03,11.46,234.59
18.23,9.60,236.14
18.40,7.68,237.81
18.54,5.72,239.55
18.62,3.75,241.31
18.65,1.79,243.04
18.59,-0.11,244.64
18.41,-1.90,246.05
18.08,-3.58,247.30
17.67,-5.14,248.46
17.20,-6.64,249.63
16.63,-8.13,250.88
15.95,-9.52,252.12
15.22,-10.75,253.29
14.55,-11.72,254.42
13.98,-12.38,255.48
13.52,-12.67,256.47
13.19,-12.60,257.37
13.05,-12.17,258.14
13.13,-11.47,258.68
13.32,-10.64,258.94
13.54,-9.81,258.91
13.87,-9.05,258.63
14.24,-8.26,258.16
13.48,-7.06,257.95
12.59,-6.43,258.26
11.68,-6.07,258.98
10.68,-5.95,259.55
9.80,-5.81,260.10
9.36,-5.81,260.87
9.17,-6.03,261.55
9.33,-6.38,262.16
9.77,-6.79,262.59
10.23,-7.11,262.88
10.55,-7.31,263.08
10.67,-7.38,263.22
10.64,-7.38,263.32
10.58,-7.35,263.35
10.56,-7.29,263.29
10.61,-7.21,263.11
10.69,-7.09,262.84
10.81,-6.97,262.53
10.95,-6.84,262.19
11.11,-6.73,261.84
11.29,-6.62,261.47
11.50,-6.51,261.08
11.75,-6.40,260.65
12.07,-6.28,260.20
12.43,-6.16,259.70
12.83,-6.01,259.15
13.29,-5.83,258.55
13.80,-5.62,257.89
14.36,-5.35,257.15
14.93,-5.03,256.34
15.48,-4.66,255.46
16.03,-4.23,254.54
16.58,-3.75,253.58
17.12,-3.23,252.58
17.61,-2.67,251.53
18.06,-2.08,250.45
18.48,-1.44,249.35
18.86,-0.75,248.23
19.22,-0.01,247.10
19.53,0.79,245.96
19.81,1.66,244.82
20.07,2.61,243.71
20.28,3.65,242.61
20.42,4.78,241.51
20.55,5.99,240.42
20.66,7.32,239.36
20.79,8.76,238.33
20.87,10.33,237.31
20.96,12.02,236.32
21.17,13.82,235.39
21.59,15.73,234.51
22.26,17.73,233.70
23.19,19.79,233.01
24.32,21.92,232.50
25.53,23.96,232.31
26.61,25.21,232.64
26.93,25.70,233.09
26.58,25.59,233.45
26.00,25.12,233.65
25.60,24.48,233.77
25.52,23.72,233.94
25.76,22.82,234.26
26.17,21.76,234.74
26.65,20.51,235.37
27.11,19.05,236.14
27.52,17.36,237.05
27.87,15.42,238.11
28.18,13.26,239.29
28.42,10.96,240.53
28.61,8.55,241.76
28.74,6.10,242.90
28.79,3.67,243.87
28.73,1.28,244.68
28.54,-1.11,245.40
28.25,-3.49,246.09
27.87,-5.79,246.72
27.45,-7.83,247.28
27.01,-9.59,247.86
26.48,-11.13,248.60
25.94,-12.42,249.55
25.54,-13.23,250.63
25.34,-13.48,251.79
25.32,-13.26,253.02
25.26,-12.78,254.31
24.92,-12.23,255.60
24.42,-11.59,256.73
24.08,-10.79,257.56
23.99,-9.83,258.08
23.81,-8.71,258.28
23.11,-7.69,258.41
22.78,-7.10,258.59
21.97,-7.10,259.14
21.16,-7.26,259.54
20.62,-7.16,259.80
20.21,-7.14,260.18
19.87,-7.20,260.52
19.67,-7.23,260.79
19.60,-7.34,261.01
19.71,-7.45,261.14
19.85,-7.56,261.21
19.97,-7.60,261.26
20.00,-7.59,261.29
19.98,-7.54,261.30
19.99,-7.48,261.27
20.05,-7.43,261.18
20.17,-7.35,261.00
20.32,-7.25,260.78
20.49,-7.12,260.51
20.66,-6.98,260.21
20.85,-6.83,259.88
21.09,-6.66,259.52
21.37,-6.46,259.10
21.69,-6.23,258.61
22.04,-5.95,258.05
22.42,-5.61,257.43
22.83,-5.19,256.73
23.24,-4.69,255.95
23.66,-4.11,255.09
24.07,-3.44,254.15
24.47,-2.69,253.15
24.83,-1.88,252.10
25.13,-1.00,251.01
25.38,-0.06,249.88
25.58,0.93,248.71
25.75,1.98,247.52
25.85,3.09,246.32
25.86,4.23,245.14
25.81,5.42,244.01
25.72,6.68,242.93
25.57,8.02,241.93
25.39,9.42,240.98
25.23,10.92,240.11
25.11,12.50,239.31
25.10,14.18,238.58
25.21,15.95,237.91
25.26,17.81,237.28
25.28,19.73,236.61
25.34,21.74,235.91
25.50,23.80,235.23
25.73,25.87,234.59
25.90,27.88,234.07
26.03,28.94,233.89
25.67,28.86,233.91
24.88,27.98,233.87
23.99,26.61,233.75
23.28,25.03,233.54
22.90,23.40,233.33
22.92,21.75,233.22
23.28,20.07,233.26
23.86,18.35,233.46
24.47,16.58,233.79
24.99,14.76,234.23
25.37,12.86,234.81
25.68,10.89,235.56
25.98,8.90,236.46
26.29,6.95,237.42
26.54,5.05,238.39
26.64,3.20,239.33
26.58,1.39,240.24
26.37,-0.38,241.16
26.07,-2.10,242.09
25.75,-3.72,242.97
25.45,-5.17,243.79
25.17,-6.45,244.58
24.95,-7.65,245.44
24.83,-8.78,246.38
24.83,-9.76,247.28
24.94,-10.54,248.11
25.16,-11.08,248.90
25.38,-11.38,249.71
25.41,-11.50,250.60
25.21,-11.43,251.58
24.87,-11.10,252.58
24.52,-10.44,253.56
24.16,-9.47,254.49
23.69,-8.23,255.36
23.14,-7.13,256.12
22.65,-6.22,256.55
21.74,-5.47,256.88
20.54,-5.24,257.42
19.74,-4.90,257.90
18.97,-4.51,258.34
18.31,-4.38,258.71
18.18,-4.38,259.02
18.23,-4.52,259.17
18.48,-4.78,259.26
18.76,-4.99,259.32
18.91,-5.15,259.43
18.95,-5.21,259.60
18.87,-5.21,259.82
18.76,-5.21,260.06
18.71,-5.25,260.26
18.76,-5.31,260.39
18.91,-5.37,260.44
19.12,-5.40,260.42
19.37,-5.41,260.34
19.65,-5.38,260.19
19.95,-5.32,259.98
20.29,-5.20,259.69
20.65,-5.04,259.29
21.04,-4.82,258.79
21.45,-4.51,258.18
21.85,-4.10,257.48
22.24,-3.59,256.70
22.61,-2.98,255.84
22.97,-2.28,254.91
23.32,-1.49,253.91
23.65,-0.63,252.84
23.95,0.30,251.70
24.22,1.30,250.50
24.45,2.36,249.21
24.65,3.49,247.88
24.77,4.66,246.53
24.80,5.88,245.17
24.76,7.14,243.86
24.70,8.44,242.65
24.68,9.82,241.58
24.80,11.28,240.70
25.23,12.82,240.07
25.94,14.46,239.70
26.86,16.18,239.54
27.95,17.97,239.60
29.13,19.76,239.82
30.31,21.54,240.16
31.44,23.30,240.59
32.43,25.03,241.11
33.07,26.67,241.71
33.31,27.75,242.29
32.93,28.14,242.58
32.00,27.89,242.59
30.85,27.11,242.35
29.83,25.94,241.98
29.11,24.53,241.54
28.70,22.99,241.02
28.58,21.37,240.42
28.75,19.72,239.75
29.16,18.02,239.05
29.68,16.23,238.38
30.16,14.34,237.79
30.47,12.32,237.34
30.61,10.18,237.10
30.64,7.97,237.13
30.60,5.77,237.45
30.45,3.66,238.02
30.16,1.68,238.81
29.70,-0.09,239.78
29.07,-1.60,240.90
28.28,-2.88,242.14
27.35,-3.96,243.46
26.36,-4.86,244.81
25.43,-5.65,246.22
24.71,-6.40,247.70
24.25,-7.06,249.12
23.99,-7.56,250.37
23.85,-7.87,251.37
23.86,-8.03,252.23
24.07,-8.16,253.18
24.31,-8.27,254.21
24.37,-8.24,255.17
24.31,-7.88,255.97
24.28,-7.10,256.70
24.42,-6.01,257.55
24.77,-4.76,258.59
25.19,-3.36,259.60
25.29,-1.73,260.39
25.38,-0.58,261.05
24.63,-0.27,261.82
23.27,-0.96,262.84
22.60,-1.28,263.50
22.14,-1.14,263.86
21.54,-1.12,264.00
21.44,-1.13,264.18
21.45,-1.17,264.19
21.57,-1.26,264.15
21.76,-1.35,264.08
21.88,-1.39,264.03
21.89,-1.33,264.00
21.79,-1.21,264.01
21.67,-1.09,264.01
21.63,-1.00,263.96
21.70,-0.93,263.82
21.88,-0.85,263.59
22.14,-0.77,263.30
22.44,-0.67,262.97
22.78,-0.54,262.60
23.15,-0.37,262.17
23.54,-0.14,261.68
23.94,0.16,261.12
24.36,0.53,260.48
24.80,0.98,259.77
25.26,1.50,259.01
25.73,2.11,258.18
26.20,2.78,257.30
26.65,3.53,256.35
27.08,4.34,255.33
27.44,5.20,254.22
27.74,6.12,253.04
27.98,7.12,251.79
28.12,8.18,250.48
28.15,9.30,249.14
28.08,10.49,247.81
27.92,11.70,246.54
27.72,12.90,245.39
27.56,14.06,244.42
27.55,15.18,243.71
27.78,16.23,243.25
28.34,17.23,243.10
29.32,18.23,243.23
30.54,19.27,243.53
31.78,20.38,243.90
32.85,21.54,244.24
33.69,22.75,244.50
34.43,23.99,244.74
34.94,24.89,244.90
35.01,25.40,244.88
34.74,25.56,244.65
34.29,25.46,244.24
33.80,25.07,243.75
33.35,24.38,243.26
32.90,23.48,242.75
32.45,22.48,242.22
32.08,21.43,241.68
31.89,20.35,241.19
31.95,19.18,240.90
32.26,17.88,240.87
32.66,16.50,241.08
32.95,15.08,241.46
33.04,13.63,241.97
32.96,12.15,242.63
32.83,10.62,243.45
32.73,9.08,244.44
32.67,7.54,245.57
32.56,6.00,246.79
32.32,4.45,248.05
31.90,2.86,249.32
31.31,1.24,250.55
30.64,-0.35,251.73
30.00,-1.83,252.85
29.51,-3.18,253.92
29.25,-4.44,254.99
29.24,-5.58,256.04
29.46,-6.51,257.03
29.80,-7.20,258.02
30.11,-7.68,259.07
30.20,-7.96,260.22
29.99,-7.96,261.47
29.54,-7.60,262.77
29.04,-6.80,264.05
28.60,-5.60,265.22
28.21,-4.16,266.28
27.87,-2.62,267.15
27.54,-1.04,267.75
27.25,0.53,267.99
27.11,1.84,267.82
27.14,2.04,268.06
26.69,1.82,268.49
26.41,1.03,269.18
26.20,0.67,269.42
26.20,0.37,269.62
26.30,0.13,269.86
26.32,-0.09,270.07
26.33,-0.25,270.26
26.32,-0.35,270.45
26.26,-0.43,270.62
26.17,-0.46,270.78
26.05,-0.46,270.92
25.93,-0.45,271.03
25.86,-0.44,271.10
25.85,-0.43,271.12
25.89,-0.40,271.08
25.95,-0.33,270.98
26.04,-0.22,270.82
26.14,-0.05,270.60
26.28,0.15,270.32
26.46,0.41,269.96
26.68,0.72,269.53
26.93,1.08,269.02
27.20,1.51,268.45
27.48,2.00,267.82
27.75,2.55,267.14
28.01,3.15,266.42
28.25,3.80,265.66
28.48,4.50,264.89
28.68,5.23,264.10
28.85,5.99,263.29
29.00,6.78,262.45
29.10,7.59,261.59
29.18,8.44,260.69
29.22,9.32,259.78
29.21,10.24,258.86
29.15,11.20,257.94
29.04,12.21,257.03
28.88,13.26,256.13
28.62,14.35,255.23
28.26,15.49,254.34
27.85,16.66,253.50
27.47,17.91,252.71
27.10,19.22,251.99
26.78,20.60,251.33
26.53,22.06,250.74
26.36,23.58,250.20
26.29,25.20,249.69
26.25,26.89,249.20
26.21,28.56,248.83
26.21,29.60,248.81
25.80,29.88,248.86
24.92,29.60,248.75
23.82,28.92,248.50
22.80,28.00,248.15
22.11,26.93,247.83
21.86,25.75,247.67
21.95,24.45,247.68
22.19,23.04,247.84
22.43,21.53,248.09
22.61,19.94,248.43
22.75,18.24,248.91
22.95,16.43,249.58
23.26,14.55,250.44
23.63,12.64,251.45
24.01,10.74,252.57
24.33,8.88,253.76
24.55,7.04,255.02
24.67,5.25,256.31
24.65,3.54,257.59
24.51,1.95,258.84
24.30,0.51,260.05
24.04,-0.74,261.22
23.76,-1.88,262.43
23.49,-2.99,263.72
23.33,-4.01,265.01
23.37,-4.85,266.19
23.61,-5.46,267.25
23.93,-5.92,268.27
24.15,-6.26,269.32
24.22,-6.39,270.38
24.23,-6.17,271.38
24.28,-5.57,272.26
24.29,-4.67,272.97
24.26,-3.57,273.44
23.80,-2.26,273.81
22.93,-1.34,274.20
22.03,-0.78,274.52
20.99,-0.51,274.97
20.31,-0.62,275.60
19.78,-0.56,275.95
19.27,-0.49,276.06
19.22,-0.54,276.14
19.48,-0.61,276.11
19.76,-0.70,276.04
20.03,-0.74,275.99
20.16,-0.76,275.97
20.21,-0.74,275.97
20.18,-0.68,275.97
20.11,-0.61,275.97
20.05,-0.56,275.96
20.07,-0.53,275.92
20.17,-0.51,275.84
20.30,-0.48,275.72
20.44,-0.43,275.56
20.60,-0.34,275.35
20.77,-0.23,275.08
20.99,-0.09,274.76
21.25,0.09,274.39
21.53,0.31,273.98
21.82,0.59,273.52
22.12,0.93,272.99
22.43,1.34,272.39
22.73,1.84,271.72
23.00,2.41,270.96
23.26,3.06,270.11
23.48,3.79,269.16
23.67,4.58,268.11
23.80,5.43,266.99
23.87,6.34,265.80
23.84,7.31,264.55
23.71,8.36,263.26
23.49,9.49,261.97
23.15,10.70,260.69
22.73,11.97,259.44
22.30,13.30,258.27
21.93,14.71,257.22
21.76,16.25,256.37
21.94,17.91,255.74
22.65,19.73,255.41
23.78,21.67,255.38
25.19,23.67,255.63
26.65,25.66,256.08
27.97,27.70,256.63
28.95,29.70,257.22
29.45,31.58,257.78
29.38,33.08,258.07
28.71,33.70,257.94
27.65,33.48,257.52
26.62,32.56,256.97
25.84,31.18,256.36
25.37,29.55,255.74
25.16,27.80,255.13
25.17,25.98,254.57
25.37,24.13,254.05
25.80,22.26,253.63
26.47,20.37,253.38
27.34,18.48,253.32
28.27,16.62,253.46
29.13,14.80,253.79
29.81,13.01,254.31
30.32,11.28,255.04
30.72,9.59,255.99
31.06,7.94,257.16
31.34,6.36,258.48
31.51,4.89,259.88
31.52,3.52,261.28
31.35,2.21,262.64
31.06,0.92,263.93
30.75,-0.33,265.14
30.56,-1.59,266.33
30.54,-2.86,267.52
30.70,-4.09,268.66
31.00,-5.20,269.71
31.36,-6.13,270.68
31.63,-6.86,271.60
31.66,-7.37,272.57
31.46,-7.56,273.62
31.15,-7.35,274.79
30.86,-6.73,276.13
30.59,-5.79,277.61
30.13,-4.64,279.08
29.47,-3.38,280.29
28.79,-2.06,281.11
28.25,-0.80,281.47
27.89,0.32,281.39
27.64,1.28,280.86
27.40,2.16,279.97
26.04,2.38,279.92
24.80,1.95,280.55
24.67,1.47,281.67
24.21,1.07,282.42
23.87,0.85,282.99
23.87,0.55,283.61
24.01,0.16,284.10
24.37,-0.27,284.53
24.78,-0.65,284.83
25.12,-0.95,285.08
25.30,-1.17,285.33
25.38,-1.34,285.58
25.41,-1.50,285.82
25.43,-1.64,285.99
25.50,-1.72,286.07
25.63,-1.75,286.07
25.79,-1.74,286.00
25.98,-1.70,285.90
26.15,-1.62,285.77
26.32,-1.48,285.58
26.49,-1.28,285.32
26.65,-1.00,284.98
26.82,-0.67,284.59
26.96,-0.27,284.13
27.11,0.18,283.61
27.28,0.69,283.04
27.48,1.27,282.41
27.74,1.91,281.72
28.03,2.61,280.96
28.34,3.35,280.13
28.64,4.13,279.22
28.94,4.96,278.25
29.24,5.84,277.23
29.55,6.75,276.17
29.83,7.71,275.09
30.08,8.71,273.97
30.28,9.75,272.82
30.42,10.83,271.66
30.51,11.96,270.51
30.53,13.12,269.38
30.47,14.32,268.28
30.36,15.57,267.21
30.25,16.88,266.21
30.14,18.22,265.27
30.14,19.59,264.42
30.36,21.03,263.73
30.79,22.52,263.19
31.42,24.04,262.81
32.23,25.60,262.57
33.19,27.21,262.43
34.22,28.86,262.41
35.18,30.62,262.52
36.00,31.96,262.87
36.22,32.44,263.29
35.76,32.40,263.48
35.01,32.04,263.42
34.34,31.49,263.20
33.92,30.75,263.03
33.77,29.83,262.98
33.80,28.74,263.05
33.96,27.48,263.27
34.19,26.05,263.65
34.45,24.47,264.18
34.75,22.75,264.88
35.10,20.92,265.75
35.52,19.02,266.76
35.96,17.10,267.87
36.36,15.14,269.05
36.65,13.19,270.23
36.79,11.32,271.34
36.84,9.54,272.40
36.86,7.80,273.44
36.83,6.11,274.48
36.71,4.52,275.45
36.47,3.09,276.33
36.16,1.77,277.14
35.98,0.55,277.95
36.08,-0.51,278.73
36.43,-1.39,279.45
36.96,-2.08,280.10
37.52,-2.63,280.71
37.85,-3.07,281.22
37.92,-3.43,281.60
37.87,-3.66,281.88
37.77,-3.66,282.07
37.66,-3.35,282.17
37.58,-2.77,282.25
37.55,-1.98,282.34
37.54,-1.00,282.44
37.45,0.08,282.48
37.42,0.49,282.71
36.67,0.27,283.06
35.65,-0.38,283.58
35.21,-0.52,284.03
34.67,-0.47,284.35
34.09,-0.47,284.53
33.95,-0.49,284.70
33.91,-0.53,284.72
34.04,-0.56,284.69
34.23,-0.59,284.62
34.39,-0.60,284.57
34.46,-0.57,284.55
34.45,-0.51,284.56
34.42,-0.44,284.57
34.40,-0.39,284.57
34.41,-0.35,284.55
34.46,-0.30,284.50
34.53,-0.24,284.44
34.61,-0.17,284.38
34.70,-0.07,284.29
34.82,0.05,284.15
34.98,0.22,283.97
35.16,0.43,283.74
35.35,0.69,283.47
35.54,1.00,283.16
35.74,1.38,282.81
35.95,1.82,282.41
36.19,2.33,281.97
36.44,2.91,281.48
36.68,3.58,280.93
36.91,4.34,280.31
37.13,5.19,279.65
37.32,6.11,278.93
37.47,7.11,278.16
37.59,8.20,277.34
37.64,9.36,276.46
37.65,10.61,275.52
37.58,11.92,274.54
37.40,13.30,273.51
37.12,14.74,272.48
36.73,16.23,271.46
36.25,17.79,270.50
35.72,19.42,269.64
35.25,21.12,268.94
34.91,22.85,268.41
34.91,24.61,268.08
35.32,26.40,267.98
36.10,28.21,268.06
37.11,30.07,268.28
38.31,31.97,268.65
39.38,33.83,269.20
40.11,35.11,269.88
40.21,35.56,270.37
39.51,35.41,270.44
38.39,34.83,270.06
37.28,33.98,269.35
36.43,32.97,268.53
35.93,31.84,267.70
35.71,30.59,266.90
35.72,29.22,266.19
35.90,27.73,265.60
36.22,26.14,265.12
36.65,24.48,264.80
37.15,22.75,264.64
37.68,20.95,264.65
38.17,19.12,264.83
38.58,17.25,265.15
38.87,15.35,265.64
39.04,13.39,266.30
39.10,11.40,267.13
39.11,9.39,268.13
39.06,7.42,269.23
38.93,5.50,270.40
38.68,3.63,271.59
38.31,1.79,272.74
37.85,0.05,273.84
37.35,-1.59,274.87
36.89,-3.20,275.87
36.53,-4.76,276.82
36.30,-6.25,277.66
36.21,-7.62,278.39
36.24,-8.81,278.99
36.30,-9.73,279.46
36.23,-10.41,279.92
35.93,-10.85,280.51
35.36,-10.98,281.33
34.51,-10.68,282.30
33.55,-10.00,283.33
32.88,-9.07,284.39
32.61,-8.00,285.38
32.62,-6.81,286.09
32.76,-5.55,286.37
32.96,-4.29,286.24
33.17,-3.06,285.79
33.30,-1.88,285.12
32.66,-2.14,285.20
31.75,-2.89,285.61
31.18,-3.52,286.34
31.25,-3.87,287.16
31.14,-4.36,287.78
31.31,-4.90,288.41
31.61,-5.45,288.91
32.03,-5.89,289.18
32.47,-6.15,289.27
32.82,-6.21,289.24
32.98,-6.14,289.18
32.95,-6.00,289.12
32.84,-5.86,289.07
32.73,-5.74,289.01
32.66,-5.67,288.95
32.65,-5.61,288.88
32.68,-5.57,288.80
32.74,-5.53,288.73
32.80,-5.49,288.67
32.91,-5.45,288.59
33.07,-5.41,288.52
33.26,-5.36,288.44
33.43,-5.29,288.36
33.58,-5.19,288.25
33.72,-5.04,288.12
33.85,-4.84,287.94
33.95,-4.59,287.70
34.05,-4.27,287.40
34.17,-3.90,287.06
34.32,-3.48,286.66
34.54,-3.00,286.19
34.83,-2.46,285.67
35.18,-1.85,285.08
35.57,-1.14,284.44
35.95,-0.34,283.75
36.29,0.56,283.00
36.56,1.55,282.21
36.77,2.61,281.38
36.90,3.76,280.56
36.95,4.98,279.72
36.91,6.29,278.88
36.81,7.67,278.03
36.64,9.13,277.15
36.39,10.62,276.25
36.13,12.19,275.33
35.87,13.83,274.40
35.66,15.55,273.49
35.60,17.36,272.64
35.85,19.29,271.91
36.47,21.32,271.34
37.39,23.39,270.99
38.46,25.55,270.79
39.65,27.88,270.70
40.95,30.14,270.97
42.24,31.75,271.74
42.92,32.69,272.52
42.74,33.04,272.96
41.96,33.02,272.93
41.04,32.73,272.57
40.32,32.16,272.06
39.92,31.27,271.64
39.76,30.03,271.36
39.74,28.51,271.20
39.77,26.76,271.14
39.86,24.81,271.18
39.98,22.68,271.32
40.06,20.40,271.56
40.05,17.97,271.92
39.94,15.37,272.42
39.74,12.66,273.02
39.44,9.95,273.63
39.05,7.37,274.17
38.59,4.97,274.62
38.12,2.75,275.02
37.70,0.72,275.40
37.27,-1.27,275.85
36.91,-3.23,276.41
36.82,-5.01,277.05
37.14,-6.40,277.75
37.87,-7.34,278.49
38.84,-7.86,279.19
39.66,-8.08,279.80
39.99,-8.26,280.31
39.80,-8.46,280.74
39.41,-8.47,281.16
39.15,-8.09,281.57
39.08,-7.28,281.95
39.03,-6.15,282.27
38.85,-4.87,282.47
38.40,-3.52,282.40
37.56,-2.82,282.33
36.38,-3.00,282.49
35.15,-3.62,283.16
34.81,-3.94,283.95
34.18,-3.96,284.41
33.55,-4.01,284.71
33.44,-4.06,285.04
33.39,-4.11,285.12
33.57,-4.17,285.12
33.87,-4.21,285.03
34.17,-4.23,284.94
34.35,-4.16,284.88
34.38,-4.03,284.87
34.31,-3.87,284.89
34.24,-3.72,284.88
34.23,-3.60,284.83
34.31,-3.49,284.73
34.46,-3.37,284.58
34.69,-3.27,284.41
34.98,-3.16,284.20
35.32,-3.05,283.97
35.68,-2.91,283.72
36.04,-2.72,283.44
36.42,-2.48,283.14
36.82,-2.17,282.80
37.26,-1.78,282.37
37.72,-1.31,281.88
38.19,-0.73,281.31
38.65,-0.03,280.70
39.09,0.79,280.05
39.51,1.72,279.36
39.93,2.75,278.63
40.33,3.85,277.84
40.70,5.03,277.00
41.04,6.28,276.12
41.36,7.60,275.21
41.68,8.99,274.27
41.98,10.42,273.34
42.20,11.90,272.41
42.38,13.40,271.53
42.66,14.94,270.76
43.18,16.52,270.18
44.05,18.10,269.85
45.13,19.70,269.77
46.33,21.35,269.86
47.58,23.05,270.12
48.84,24.80,270.55
50.08,26.61,271.21
51.49,28.12,272.38
52.81,29.12,273.85
53.65,29.69,275.23
53.82,29.79,276.26
53.43,29.61,276.86
52.72,29.21,277.04
51.88,28.66,276.89
51.09,27.97,276.52
50.43,27.09,276.04
49.96,25.94,275.57
49.66,24.54,275.17
49.43,22.93,274.86
49.24,21.10,274.65
49.01,19.08,274.55
48.74,16.91,274.57
48.46,14.66,274.71
48.19,12.39,274.97
47.95,10.15,275.33
47.72,7.96,275.78
47.49,5.86,276.27
47.23,3.85,276.76
46.94,1.93,277.25
46.61,0.14,277.72
46.25,-1.47,278.20
45.90,-2.97,278.72
45.73,-4.37,279.30
45.79,-5.59,279.88
46.01,-6.55,280.38
46.31,-7.33,280.86
46.65,-8.08,281.42
46.86,-8.83,282.12
46.61,-9.42,282.87
45.89,-9.67,283.61
44.96,-9.46,284.38
44.05,-8.83,285.17
43.27,-8.01,286.03
42.65,-7.10,286.89
42.05,-6.02,287.53
41.37,-4.70,287.77
41.02,-3.32,287.30
41.18,-3.14,286.99
40.54,-3.48,287.18
40.70,-4.42,287.89
40.82,-4.82,288.41
40.49,-5.03,288.55
40.41,-5.23,288.73
40.46,-5.42,288.93
40.54,-5.58,289.01
40.74,-5.72,289.05
40.99,-5.81,289.00
41.21,-5.85,288.95
41.35,-5.83,288.90
41.43,-5.77,288.87
41.47,-5.71,288.83
41.54,-5.65,288.79
41.62,-5.58,288.73
41.71,-5.48,288.65
41.80,-5.35,288.58
41.92,-5.21,288.48
42.06,-5.03,288.34
42.25,-4.82,288.16
42.47,-4.56,287.94
42.73,-4.24,287.70
42.99,-3.86,287.42
43.26,-3.39,287.10
43.57,-2.84,286.74
43.90,-2.21,286.34
44.22,-1.48,285.90
44.51,-0.64,285.42
44.78,0.29,284.89
45.03,1.30,284.32
45.24,2.39,283.72
45.41,3.56,283.09
45.55,4.80,282.43
45.63,6.10,281.74
45.66,7.47,281.04
45.60,8.89,280.34
45.46,10.37,279.66
45.28,11.91,279.03
45.03,13.50,278.45
44.73,15.13,277.97
44.46,16.83,277.59
44.37,18.58,277.38
44.58,20.36,277.38
45.17,22.17,277.61
46.00,23.97,278.05
46.93,25.75,278.60
47.93,27.57,279.24
48.87,29.44,279.95
49.60,31.32,280.76
50.14,32.79,281.70
50.41,33.36,282.58
50.02,33.37,282.99
49.06,32.93,282.87
47.83,32.20,282.29
46.63,31.30,281.43
45.69,30.24,280.46
45.18,28.99,279.51
45.08,27.58,278.66
45.25,26.01,277.90
45.48,24.27,277.24
45.68,22.37,276.68
45.85,20.32,276.25
46.02,18.21,275.96
46.25,16.07,275.85
46.56,13.90,275.93
46.89,11.70,276.19
47.16,9.46,276.60
47.29,7.22,277.09
47.24,5.01,277.56
47.01,2.86,278.02
46.66,0.73,278.47
46.26,-1.37,278.95
45.82,-3.35,279.46
45.31,-5.19,279.98
44.74,-6.92,280.59
44.23,-8.56,281.33
43.88,-10.00,282.21
43.67,-11.11,283.17
43.46,-11.87,284.17
43.10,-12.31,285.20
42.50,-12.47,286.29
41.74,-12.38,287.45
40.87,-12.03,288.61
39.88,-11.40,289.57
38.92,-10.57,290.25
38.21,-9.67,290.66
37.82,-8.77,290.78
37.72,-7.86,290.57
37.93,-6.95,289.99
38.05,-6.53,289.60
37.18,-6.96,290.01
37.42,-7.78,290.87
37.64,-8.40,291.65
37.49,-8.90,292.05
37.82,-9.36,292.40
38.38,-9.69,292.53
38.99,-9.92,292.52
39.50,-10.02,292.48
39.85,-10.01,292.43
40.01,-9.89,292.36
39.97,-9.70,292.31
39.85,-9.47,292.25
39.74,-9.24,292.16
39.68,-9.02,292.03
39.65,-8.80,291.87
39.63,-8.58,291.72
39.63,-8.38,291.56
39.65,-8.18,291.40
39.69,-7.99,291.23
39.75,-7.80,291.07
39.81,-7.59,290.89
39.88,-7.35,290.69
39.97,-7.07,290.46
40.07,-6.74,290.18
40.22,-6.39,289.89
40.41,-6.01,289.57
40.65,-5.59,289.24
40.92,-5.14,288.87
41.25,-4.64,288.47
41.62,-4.10,288.04
42.02,-3.52,287.57
42.46,-2.90,287.05
42.97,-2.25,286.49
43.49,-1.53,285.87
43.99,-0.77,285.21
44.47,0.05,284.52
44.90,0.91,283.82
45.29,1.83,283.12
45.62,2.79,282.43
45.89,3.81,281.77
46.07,4.88,281.13
46.15,6.02,280.53
46.15,7.22,279.97
46.08,8.52,279.45
45.97,9.91,278.95
45.77,11.40,278.45
45.51,12.98,277.94
45.22,14.67,277.43
44.95,16.46,276.91
44.76,18.33,276.42
44.75,20.25,275.98
44.90,22.19,275.61
45.22,24.17,275.28
45.73,26.16,275.07
46.38,28.05,275.04
47.07,29.10,275.24
47.17,29.36,275.34
46.68,29.08,275.22
45.97,28.51,274.91
45.39,27.80,274.52
45.11,27.01,274.19
45.19,26.09,274.01
45.54,24.99,274.00
46.02,23.74,274.10
46.52,22.31,274.28
46.97,20.70,274.52
47.34,18.89,274.82
47.65,16.88,275.19
47.92,14.73,275.62
48.15,12.51,276.07
48.33,10.27,276.53
48.40,8.05,276.96
48.34,5.83,277.32
48.14,3.58,277.62
47.84,1.34,277.83
47.44,-0.84,277.96
46.92,-2.96,278.01
46.24,-5.07,278.04
45.49,-7.18,278.15
44.79,-9.17,278.42
44.22,-10.79,278.86
43.85,-11.88,279.49
43.65,-12.40,280.29
43.51,-12.42,281.20
43.08,-12.14,282.10
42.17,-11.76,282.84
40.98,-11.29,283.34
39.93,-10.72,283.62
39.38,-10.07,283.74
39.54,-9.53,283.53
40.17,-9.37,283.36
40.06,-9.51,283.28
39.81,-10.36,283.68
39.92,-10.86,284.29
39.69,-10.95,284.64
39.24,-11.02,284.83
39.09,-11.09,285.16
39.05,-11.14,285.31
39.13,-11.16,285.36
39.39,-11.17,285.31
39.75,-11.17,285.19
40.09,-11.11,285.06
40.31,-11.01,284.95
40.39,-10.87,284.89
40.42,-10.75,284.85
40.46,-10.65,284.79
40.56,-10.55,284.70
40.71,-10.45,284.59
40.89,-10.33,284.45
41.09,-10.20,284.30
41.32,-10.06,284.13
41.61,-9.91,283.94
41.97,-9.74,283.73
42.37,-9.54,283.49
42.80,-9.28,283.22
43.26,-8.97,282.93
43.73,-8.61,282.61
44.20,-8.16,282.27
44.68,-7.64,281.91
45.16,-7.04,281.52
45.64,-6.38,281.09
46.13,-5.66,280.63
46.62,-4.88,280.15
47.11,-4.04,279.64
47.61,-3.14,279.11
48.10,-2.18,278.55
48.56,-1.14,277.98
48.98,-0.04,277.40
49.36,1.13,276.82
49.71,2.38,276.23
50.04,3.68,275.65
50.32,5.03,275.07
50.58,6.45,274.51
50.85,7.93,274.00
51.11,9.46,273.54
51.40,11.02,273.13
51.82,12.61,272.84
52.36,14.24,272.68
53.10,15.92,272.67
54.13,17.63,272.82
55.32,19.40,273.11
56.56,21.22,273.52
57.84,23.03,274.05
59.36,24.87,274.84
61.04,26.15,275.99
62.28,26.77,277.17
62.83,26.97,278.13
62.82,26.96,278.79
62.47,26.85,279.11
61.95,26.65,279.16
61.42,26.38,279.01
60.96,25.94,278.75
60.57,25.30,278.44
60.21,24.46,278.12
59.82,23.43,277.79
59.39,22.19,277.48
58.93,20.74,277.24
58.47,19.12,277.09
58.06,17.39,277.04
57.72,15.63,277.12
57.44,13.89,277.31
57.19,12.19,277.61
56.95,10.49,278.01
56.73,8.75,278.52
56.55,6.97,279.13
56.40,5.11,279.81
56.17,3.22,280.49
55.84,1.39,281.11
55.37,-0.36,281.63
54.81,-2.10,282.01
54.26,-3.93,282.26
53.81,-5.75,282.36
53.43,-7.42,282.28
53.08,-8.91,282.05
52.77,-10.21,281.82
52.47,-11.32,281.71
52.06,-12.20,281.79
51.42,-12.76,282.02
50.58,-13.03,282.40
49.67,-13.07,282.90
48.71,-12.84,283.46
47.77,-12.46,284.01
47.30,-12.22,284.28
48.02,-12.39,284.16
48.71,-12.58,283.95
48.90,-13.04,283.76
49.64,-13.87,284.09
50.02,-14.27,284.37
50.09,-14.70,284.51
50.41,-15.04,284.72
50.65,-15.30,284.79
50.91,-15.49,284.85
51.28,-15.59,284.80
51.65,-15.58,284.72
51.91,-15.51,284.66
52.02,-15.41,284.64
52.05,-15.28,284.63
52.06,-15.12,284.60
52.09,-14.91,284.53
52.15,-14.65,284.42
52.21,-14.35,284.29
52.27,-14.01,284.14
52.33,-13.64,283.98
52.44,-13.25,283.80
52.62,-12.86,283.61
52.84,-12.45,283.42
53.10,-12.01,283.22
53.38,-11.53,283.01
53.69,-11.00,282.79
54.04,-10.43,282.55
54.42,-9.79,282.30
54.82,-9.08,282.02
55.23,-8.27,281.71
55.63,-7.38,281.36
56.02,-6.39,280.98
56.39,-5.32,280.60
56.71,-4.18,280.22
56.98,-2.94,279.83
57.22,-1.64,279.45
57.42,-0.29,279.05
57.58,1.12,278.67
57.67,2.58,278.29
57.72,4.10,277.94
57.73,5.70,277.61
57.70,7.37,277.34
57.68,9.10,277.13
57.77,10.84,277.03
57.87,12.62,277.04
58.00,14.43,277.13
58.36,16.22,277.36
58.92,17.99,277.70
59.65,19.80,278.13
60.51,21.64,278.67
61.52,23.50,279.36
62.56,25.14,280.23
63.43,25.95,281.13
63.60,26.21,281.66
63.12,26.11,281.74
62.29,25.83,281.45
61.40,25.49,280.87
60.63,25.10,280.14
60.12,24.55,279.39
59.84,23.80,278.68
59.71,22.83,278.05
59.62,21.65,277.50
59.49,20.28,277.03
59.31,18.76,276.66
59.12,17.13,276.40
58.94,15.41,276.27
58.79,13.63,276.27
58.63,11.79,276.40
58.44,9.86,276.65
58.18,7.86,276.98
57.86,5.79,277.39
57.52,3.68,277.83
57.12,1.55,278.26
56.67,-0.52,278.61
56.24,-2.45,278.89
55.82,-4.24,279.13
55.50,-5.99,279.37
55.38,-7.65,279.60
55.48,-9.17,279.74
55.74,-10.58,279.77
56.08,-11.94,279.69
56.27,-13.36,279.55
56.06,-14.75,279.41
55.52,-15.89,279.36
54.97,-16.61,279.54
54.63,-16.89,279.99
54.38,-16.77,280.68
54.11,-16.39,281.54
53.81,-15.84,282.50
53.42,-15.27,283.45
53.43,-15.18,284.34
53.55,-15.16,284.95
52.95,-15.63,285.26
52.55,-16.37,285.61
52.69,-16.50,285.78
53.03,-16.73,285.82
53.48,-16.82,285.78
53.89,-16.78,285.67
54.16,-16.67,285.61
54.34,-16.53,285.56
54.36,-16.36,285.55
54.35,-16.18,285.54
54.30,-15.97,285.53
54.27,-15.77,285.50
54.30,-15.56,285.43
54.37,-15.34,285.34
54.45,-15.11,285.24
54.54,-14.88,285.14
54.65,-14.63,285.04
54.78,-14.36,284.92
54.95,-14.05,284.76
55.16,-13.70,284.58
55.40,-13.33,284.40
55.65,-12.91,284.20
55.90,-12.41,283.97
56.22,-11.86,283.72
56.56,-11.25,283.44
56.91,-10.56,283.14
57.27,-9.80,282.83
57.65,-8.97,282.51
58.03,-8.08,282.19
58.40,-7.14,281.86
58.75,-6.15,281.53
59.09,-5.13,281.20
59.39,-4.06,280.86
59.62,-2.95,280.52
59.85,-1.81,280.17
60.05,-0.62,279.84
60.20,0.61,279.51
60.32,1.89,279.21
60.39,3.23,278.93
60.47,4.59,278.71
60.52,6.00,278.52
60.49,7.45,278.34
60.46,8.93,278.21
60.36,10.46,278.14
60.25,12.02,278.14
60.11,13.66,278.20
60.13,15.36,278.32
60.43,17.07,278.57
60.96,18.80,278.92
61.79,20.62,279.42
62.68,22.05,280.18
63.31,22.72,281.10
63.48,23.03,281.92
63.20,23.01,282.51
62.57,22.82,282.81
61.78,22.51,282.82
61.05,21.99,282.64
60.48,21.19,282.38
60.05,20.09,282.10
59.71,18.71,281.82
59.38,17.13,281.53
59.02,15.38,281.22
58.64,13.47,280.93
58.32,11.41,280.66
58.07,9.22,280.45
57.88,6.92,280.30
57.68,4.54,280.16
57.42,2.15,279.99
57.09,-0.22,279.82
56.72,-2.49,279.64
56.37,-4.69,279.49
56.05,-6.84,279.36
55.69,-8.99,279.26
55.33,-11.01,279.25
55.10,-12.81,279.43
55.11,-14.23,279.88
55.41,-15.26,280.61
55.85,-16.00,281.53
56.15,-16.52,282.51
56.12,-16.85,283.41
55.79,-16.94,284.22
55.39,-16.77,285.01
55.14,-16.33,285.86
55.08,-15.63,286.81
55.14,-14.67,287.84
55.23,-13.48,288.86
55.32,-12.01,289.79
54.91,-10.62,290.68
54.24,-10.96,291.54
53.53,-11.44,292.30
52.81,-12.34,292.77
52.31,-12.76,293.05
52.18,-13.12,293.25
52.27,-13.57,293.34
52.62,-14.00,293.36
53.05,-14.32,293.36
53.43,-14.60,293.40
53.65,-14.84,293.47
53.72,-15.01,293.58
53.67,-15.12,293.71
53.54,-15.18,293.82
53.45,-15.17,293.88
53.46,-15.08,293.86
53.54,-14.90,293.78
53.62,-14.65,293.68
53.68,-14.36,293.59
53.71,-14.04,293.50
53.75,-13.69,293.40
53.80,-13.28,293.27
53.86,-12.81,293.12
53.94,-12.32,292.97
54.04,-11.80,292.80
54.19,-11.25,292.61
54.38,-10.66,292.39
54.64,-10.01,292.14
54.95,-9.30,291.85
55.31,-8.52,291.54
55.69,-7.67,291.21
56.06,-6.76,290.86
56.43,-5.77,290.50
56.79,-4.71,290.12
57.14,-3.62,289.74
57.47,-2.50,289.35
57.76,-1.36,288.97
57.99,-0.20,288.58
58.17,0.98,288.21
58.29,2.22,287.85
58.39,3.50,287.52
58.52,4.82,287.23
58.60,6.21,286.98
58.71,7.67,286.77
58.97,9.23,286.66
59.44,10.83,286.68
60.03,12.46,286.87
60.56,14.12,287.15
61.07,15.81,287.51
61.66,17.54,287.98
62.34,19.31,288.56
63.04,21.07,289.23
63.82,22.91,290.02
64.46,24.40,290.84
64.66,25.16,291.39
64.32,25.53,291.57
63.65,25.66,291.45
62.82,25.76,291.05
62.00,25.73,290.46
61.27,25.51,289.77
60.64,25.07,289.06
60.10,24.38,288.39
59.62,23.42,287.78
59.13,22.24,287.26
58.63,20.86,286.80
58.14,19.31,286.44
57.67,17.62,286.18
57.25,15.77,286.04
56.83,13.72,286.03
56.36,11.50,286.11
55.80,9.16,286.26
55.22,6.79,286.46
54.69,4.43,286.69
54.20,2.10,286.93
53.76,-0.19,287.15
53.33,-2.47,287.37
52.87,-4.65,287.58
52.37,-6.59,287.75
51.90,-8.35,287.93
51.73,-9.99,288.18
51.89,-11.47,288.53
52.14,-12.75,288.92
52.19,-13.81,289.28
51.93,-14.58,289.57
51.47,-15.02,289.83
50.95,-15.10,290.15
50.47,-14.85,290.58
50.00,-14.30,291.08
49.51,-13.48,291.60
49.02,-12.44,292.06
48.58,-11.45,292.34
48.59,-11.16,292.67
48.33,-11.21,292.95
47.69,-11.94,293.32
47.46,-12.30,293.62
47.30,-12.36,293.80
47.43,-12.58,293.94
47.76,-12.68,293.94
48.15,-12.73,293.87
48.51,-12.71,293.79
48.76,-12.66,293.72
48.91,-12.52,293.65
48.96,-12.32,293.60
48.90,-12.08,293.55
48.82,-11.82,293.50
48.76,-11.56,293.42
48.75,-11.30,293.30
48.78,-11.01,293.15
48.82,-10.70,292.99
48.87,-10.38,292.81
48.92,-10.04,292.64
49.02,-9.71,292.46
49.19,-9.38,292.27
49.42,-9.03,292.05
49.71,-8.66,291.82
50.03,-8.24,291.57
50.38,-7.78,291.31
50.75,-7.26,291.03
51.13,-6.67,290.73
51.53,-6.01,290.39
51.93,-5.28,290.02
52.34,-4.48,289.61
52.74,-3.61,289.17
53.12,-2.67,288.73
53.45,-1.68,288.30
53.72,-0.62,287.86
53.96,0.50,287.43
54.17,1.67,286.99
54.35,2.90,286.55
54.51,4.18,286.10
54.63,5.51,285.65
54.69,6.91,285.22
54.72,8.38,284.80
54.71,9.92,284.44
54.68,11.53,284.14
54.76,13.19,283.93
54.94,14.90,283.84
55.30,16.63,283.86
55.99,18.40,284.02
56.97,20.18,284.36
58.17,22.00,284.88
59.28,23.77,285.55
60.06,24.94,286.33
60.13,25.36,286.91
59.56,25.39,287.12
58.67,25.13,287.02
57.76,24.78,286.64
56.99,24.36,286.10
56.45,23.76,285.50
56.13,22.91,284.94
55.96,21.82,284.43
55.86,20.51,283.96
55.73,19.00,283.52
55.52,17.28,283.11
55.27,15.38,282.75
55.04,13.36,282.45
54.87,11.26,282.23
54.75,9.09,282.09
54.62,6.86,281.99
54.45,4.55,281.95
54.23,2.18,281.98
53.92,-0.21,282.02
53.51,-2.53,282.06
53.02,-4.71,282.09
52.50,-6.71,282.15
52.00,-8.50,282.30
51.51,-10.17,282.64
51.11,-11.72,283.19
50.86,-13.00,283.91
50.81,-13.96,284.73
50.96,-14.65,285.63
51.10,-15.24,286.58
50.93,-15.79,287.49
50.34,-16.27,288.31
49.53,-16.50,289.04
48.76,-16.36,289.73
48.15,-15.81,290.39
47.67,-14.92,290.98
47.25,-13.81,291.48
46.85,-12.52,291.82
46.45,-11.02,291.89
46.19,-9.51,291.56
45.96,-9.78,291.70
45.53,-9.94,291.87
45.34,-10.50,292.23
45.28,-10.74,292.50
45.11,-10.99,292.64
45.23,-11.28,292.83
45.43,-11.54,292.94
45.64,-11.77,293.00
45.90,-11.91,293.02
46.15,-12.00,293.03
46.32,-12.01,293.05
46.37,-11.93,293.06
46.33,-11.79,293.08
46.25,-11.61,293.08
46.19,-11.40,293.04
46.16,-11.16,292.94
46.16,-10.90,292.82
46.14,-10.61,292.68
46.11,-10.30,292.53
46.11,-9.96,292.37
46.16,-9.62,292.20
46.28,-9.27,292.00
46.45,-8.91,291.78
46.68,-8.54,291.55
46.95,-8.16,291.30
47.26,-7.78,291.04
47.60,-7.39,290.75
47.97,-6.98,290.45
48.37,-6.56,290.13
48.82,-6.11,289.78
49.30,-5.63,289.39
49.80,-5.12,288.98
50.30,-4.57,288.54
50.78,-3.99,288.10
51.24,-3.36,287.64
51.64,-2.69,287.19
51.95,-1.95,286.75
52.15,-1.16,286.34
52.30,-0.27,285.96
52.42,0.73,285.63
52.49,1.83,285.31
52.53,3.03,284.98
52.55,4.35,284.64
52.56,5.77,284.28
52.52,7.29,283.88
52.47,8.90,283.45
52.41,10.61,283.01
52.46,12.46,282.60
52.76,14.43,282.29
53.25,16.43,282.09
53.95,18.45,282.04
54.85,20.52,282.10
55.94,22.70,282.33
57.02,24.35,282.85
57.57,25.02,283.31
57.34,25.14,283.41
56.58,24.92,283.19
55.72,24.56,282.72
55.11,24.00,282.20
54.79,23.19,281.75
54.64,22.15,281.39
54.52,20.90,281.13
54.38,19.48,280.95
54.24,17.90,280.85
54.12,16.18,280.88
54.06,14.29,281.05
54.06,12.27,281.36
54.12,10.18,281.79
54.21,8.03,282.28
54.28,5.81,282.79
54.31,3.59,283.27
54.29,1.37,283.68
54.21,-0.85,284.01
54.07,-3.05,284.24
53.86,-5.12,284.37
53.55,-7.07,284.46
53.23,-9.02,284.61
53.07,-10.90,284.87
53.10,-12.60,285.24
53.20,-14.08,285.71
53.22,-15.35,286.30
53.01,-16.37,286.98
52.64,-17.12,287.76
52.29,-17.54,288.63
52.01,-17.61,289.53
51.79,-17.41,290.40
51.75,-17.10,291.25
51.94,-16.72,292.01
52.23,-16.14,292.55
52.52,-15.28,292.79
52.81,-14.21,292.77
52.90,-12.98,292.64
51.71,-12.77,292.53
50.34,-13.15,292.32
49.51,-14.16,292.67
49.39,-14.86,293.13
49.00,-15.33,293.36
48.91,-15.79,293.65
48.87,-16.08,293.88
48.99,-16.36,294.06
49.18,-16.50,294.17
49.36,-16.49,294.19
49.46,-16.32,294.15
49.45,-16.02,294.07
49.36,-15.62,293.97
49.18,-15.18,293.86
48.96,-14.71,293.73
48.75,-14.24,293.59
48.56,-13.74,293.41
48.43,-13.24,293.19
48.37,-12.74,292.95
48.36,-12.25,292.69
48.38,-11.78,292.43
48.43,-11.36,292.22
48.50,-10.96,292.04
48.61,-10.58,291.87
48.74,-10.23,291.70
48.91,-9.90,291.53
49.11,-9.58,291.34
49.33,-9.27,291.15
49.56,-8.96,290.94
49.81,-8.63,290.72
50.08,-8.30,290.49
50.36,-7.93,290.24
50.65,-7.53,289.97
50.92,-7.09,289.68
51.19,-6.59,289.37
51.44,-6.05,289.06
51.67,-5.46,288.74
51.87,-4.80,288.42
52.03,-4.09,288.09
52.17,-3.31,287.77
52.26,-2.47,287.45
52.32,-1.56,287.13
52.36,-0.57,286.80
52.38,0.50,286.45
52.40,1.67,286.08
52.42,2.96,285.67
52.43,4.36,285.22
52.43,5.87,284.71
52.47,7.51,284.18
52.49,9.28,283.59
52.67,11.22,283.03
53.10,13.33,282.57
53.51,15.53,282.20
53.91,17.77,281.93
54.59,20.08,281.75
55.66,22.46,281.71
56.82,24.75,281.92
57.70,26.10,282.44
57.80,26.61,282.88
57.15,26.68,283.04
56.11,26.50,282.93
55.05,26.15,282.62
54.14,25.54,282.24
53.44,24.62,281.93
52.88,23.40,281.71
52.39,21.91,281.59
51.92,20.20,281.56
51.44,18.28,281.61
50.97,16.20,281.74
50.54,13.99,281.97
50.17,11.64,282.32
49.87,9.16,282.77
49.58,6.56,283.31
49.29,3.87,283.86
48.93,1.22,284.33
48.53,-1.24,284.67
48.15,-3.52,284.94
47.81,-5.66,285.19
47.44,-7.67,285.42
46.99,-9.67,285.70
46.53,-11.71,286.12
46.12,-13.59,286.66
45.79,-15.14,287.29
45.53,-16.33,288.05
45.40,-17.16,288.95
45.42,-17.62,290.02
45.57,-17.77,291.24
45.73,-17.63,292.55
45.79,-17.23,293.84
45.67,-16.57,295.02
45.38,-15.69,295.99
45.00,-14.68,296.71
44.66,-13.59,297.17
44.43,-12.45,297.38
44.28,-11.28,297.33
44.18,-10.04,297.03
43.89,-9.49,296.96
43.38,-9.72,297.24
43.07,-9.90,297.52
42.91,-10.22,297.87
42.75,-10.42,298.10
42.64,-10.71,298.42
42.66,-11.02,298.75
42.67,-11.32,299.02
42.78,-11.60,299.23
42.99,-11.80,299.34
43.25,-11.92,299.38
43.48,-11.94,299.37
43.60,-11.90,299.36
43.64,-11.84,299.36
43.65,-11.77,299.36
43.66,-11.70,299.34
43.71,-11.61,299.28
43.80,-11.49,299.17
43.92,-11.35,299.03
44.05,-11.19,298.87
44.17,-11.00,298.70
44.29,-10.79,298.52
44.43,-10.57,298.31
44.60,-10.33,298.09
44.81,-10.08,297.84
45.05,-9.80,297.58
45.32,-9.49,297.29
45.62,-9.15,297.00
45.92,-8.77,296.69
46.25,-8.35,296.37
46.59,-7.88,296.04
46.93,-7.36,295.69
47.27,-6.80,295.33
47.61,-6.19,294.94
47.94,-5.53,294.55
48.27,-4.82,294.13
48.58,-4.06,293.71
48.88,-3.26,293.27
49.13,-2.44,292.84
49.32,-1.56,292.41
49.47,-0.64,292.00
49.58,0.35,291.60
49.62,1.40,291.20
49.64,2.55,290.79
49.62,3.80,290.38
49.56,5.14,289.95
49.50,6.59,289.50
49.43,8.18,289.04
49.35,9.89,288.57
49.26,11.74,288.10
49.22,13.71,287.66
49.23,15.79,287.27
49.29,17.90,286.93
49.50,20.05,286.69
49.81,22.22,286.50
50.16,24.41,286.40
50.46,26.40,286.39
50.70,27.40,286.49
50.36,27.51,286.36
49.53,27.08,285.94
48.52,26.37,285.34
47.62,25.52,284.66
46.98,24.51,284.09
46.63,23.33,283.69
46.47,21.97,283.48
46.39,20.45,283.43
46.32,18.77,283.50
46.19,16.93,283.69
46.01,14.95,283.98
45.79,12.83,284.40
45.59,10.54,284.93
45.42,8.13,285.58
45.27,5.63,286.31
45.12,3.07,287.04
44.89,0.54,287.70
44.60,-1.90,288.22
44.31,-4.24,288.66
44.07,-6.45,289.02
43.86,-8.53,289.29
43.62,-10.54,289.54
43.40,-12.44,289.82
43.23,-14.07,290.19
43.05,-15.33,290.72
42.84,-16.22,291.41
42.59,-16.71,292.24
42.22,-16.76,293.13
41.59,-16.47,293.99
40.73,-15.91,294.75
39.81,-15.15,295.40
38.96,-14.23,295.88
38.20,-13.14,296.11
38.10,-12.30,295.82
38.60,-12.06,295.79
38.42,-12.27,296.10
38.55,-13.28,296.82
38.85,-13.73,297.29
39.01,-14.11,297.46
39.47,-14.39,297.63
39.94,-14.54,297.63
40.44,-14.56,297.55
40.83,-14.51,297.45
41.09,-14.40,297.35
41.26,-14.22,297.24
41.31,-13.97,297.13
41.28,-13.70,297.01
41.23,-13.41,296.89
41.21,-13.13,296.73
41.24,-12.84,296.55
41.28,-12.53,296.34
41.32,-12.21,296.13
41.37,-11.87,295.90
41.44,-11.53,295.67
41.51,-11.20,295.44
41.62,-10.87,295.22
41.77,-10.57,295.01
41.97,-10.26,294.80
42.24,-9.95,294.56
42.57,-9.63,294.29
42.96,-9.28,293.98
43.40,-8.89,293.64
43.85,-8.44,293.27
44.31,-7.94,292.88
44.76,-7.37,292.46
45.21,-6.75,292.04
45.63,-6.09,291.59
46.04,-5.38,291.13
46.43,-4.61,290.64
46.78,-3.78,290.16
47.10,-2.87,289.67
47.38,-1.91,289.17
47.62,-0.89,288.67
47.84,0.19,288.17
48.06,1.32,287.66
48.26,2.49,287.13
48.46,3.71,286.60
48.65,4.97,286.06
48.84,6.29,285.52
49.02,7.69,284.97
49.21,9.18,284.40
49.41,10.77,283.82
49.67,12.46,283.24
50.06,14.26,282.72
50.56,16.14,282.28
51.25,18.09,281.91
52.16,20.11,281.65
53.18,22.08,281.55
54.29,24.07,281.70
55.34,25.48,282.14
55.92,25.88,282.74
55.89,25.71,283.28
55.52,25.29,283.70
55.08,24.80,283.97
54.62,24.20,284.14
54.15,23.39,284.24
53.66,22.33,284.32
53.12,21.00,284.41
52.58,19.40,284.56
52.03,17.54,284.82
51.51,15.43,285.22
51.03,13.12,285.75
50.56,10.73,286.36
50.09,8.35,286.98
49.66,5.97,287.56
49.22,3.63,288.06
48.82,1.31,288.44
48.43,-1.02,288.69
48.04,-3.38,288.81
47.62,-5.72,288.80
47.22,-7.98,288.75
46.93,-10.13,288.83
46.72,-12.12,289.13
46.45,-13.82,289.71
46.06,-15.03,290.53
45.46,-15.69,291.56
44.68,-15.89,292.79
43.91,-15.78,294.21
43.19,-15.36,295.67
42.55,-14.67,296.96
42.08,-13.85,298.02
41.89,-13.03,298.79
41.98,-12.24,299.17
42.26,-11.44,299.10
42.66,-10.59,298.65
42.34,-10.32,298.62
41.96,-10.58,299.02
42.40,-11.31,299.66
42.64,-11.81,300.01
42.96,-12.23,300.16
43.61,-12.59,300.25
44.23,-12.83,300.23
44.79,-12.99,300.20
45.17,-13.08,300.21
45.38,-13.09,300.22
45.50,-13.02,300.22
45.54,-12.89,300.20
45.54,-12.69,300.15
45.54,-12.47,300.06
45.54,-12.22,299.95
45.52,-11.95,299.82
45.48,-11.64,299.68
45.45,-11.31,299.51
45.43,-10.97,299.33
45.41,-10.61,299.14
45.39,-10.24,298.95
45.38,-9.85,298.76
45.40,-9.47,298.54
45.51,-9.08,298.30
45.69,-8.69,298.05
45.94,-8.29,297.76
46.22,-7.87,297.44
46.53,-7.41,297.11
46.84,-6.92,296.76
47.18,-6.39,296.39
47.54,-5.82,296.00
47.92,-5.21,295.57
48.30,-4.55,295.13
48.67,-3.86,294.68
49.01,-3.12,294.22
49.31,-2.34,293.75
49.56,-1.49,293.29
49.77,-0.58,292.84
49.91,0.39,292.38
49.99,1.42,291.92
50.02,2.52,291.45
49.97,3.70,290.99
49.85,4.98,290.53
49.64,6.35,290.08
49.33,7.83,289.62
48.91,9.42,289.16
48.39,11.15,288.70
47.81,13.04,288.24
47.15,15.09,287.78
46.48,17.30,287.34
45.96,19.60,286.92
45.80,21.91,286.58
46.11,24.26,286.27
46.81,26.65,286.05
47.55,28.97,286.02
48.27,30.38,286.45
48.47,30.48,287.02
47.94,29.93,287.39
47.06,29.02,287.50
46.28,27.93,287.50
45.82,26.73,287.53
45.75,25.39,287.70
45.97,23.86,288.02
46.31,22.10,288.48
46.69,20.08,289.02
47.10,17.84,289.58
47.52,15.44,290.08
47.95,12.95,290.49
48.39,10.38,290.77
48.80,7.71,290.91
49.14,4.95,290.86
49.37,2.17,290.60
49.57,-0.54,290.14
49.80,-3.15,289.53
50.11,-5.61,288.84
50.39,-7.91,288.19
50.55,-10.08,287.74
50.56,-12.01,287.60
50.49,-13.54,287.80
50.40,-14.64,288.39
50.05,-15.41,289.35
49.28,-15.97,290.60
48.18,-16.27,292.06
47.04,-16.22,293.63
46.02,-15.81,295.23
44.98,-15.12,296.65
43.83,-14.29,297.74
42.74,-13.40,298.42
42.16,-12.71,298.52
42.68,-12.50,298.33
42.86,-12.51,298.10
42.94,-12.89,298.09
43.57,-13.15,298.38
43.90,-13.15,298.45
43.86,-13.19,298.39
44.12,-13.25,298.49
44.35,-13.26,298.50
44.54,-13.26,298.49
44.72,-13.24,298.49
44.87,-13.23,298.49
45.01,-13.20,298.47
45.15,-13.17,298.45
45.28,-13.12,298.42
45.41,-13.07,298.39
45.55,-13.00,298.33
45.69,-12.90,298.25
45.82,-12.78,298.16
45.94,-12.63,298.07
46.04,-12.44,297.96
46.15,-12.23,297.82
46.28,-11.98,297.66
46.47,-11.71,297.47
46.71,-11.41,297.25
46.98,-11.06,297.01
47.30,-10.67,296.74
47.65,-10.23,296.46
48.02,-9.72,296.15
48.41,-9.15,295.83
48.81,-8.51,295.48
49.22,-7.79,295.10
49.65,-7.00,294.68
50.09,-6.14,294.22
50.53,-5.18,293.72
50.95,-4.15,293.22
51.36,-3.06,292.70
51.73,-1.91,292.19
52.04,-0.69,291.68
52.30,0.60,291.16
52.51,1.97,290.66
52.68,3.40,290.17
52.78,4.88,289.70
52.84,6.45,289.26
52.90,8.09,288.87
52.98,9.81,288.55
53.14,11.59,288.33
53.40,13.42,288.24
53.81,15.27,288.28
54.47,17.16,288.48
55.38,19.09,288.81
56.53,21.05,289.28
57.97,23.04,289.91
59.46,25.08,290.72
60.77,26.43,291.67
61.17,26.90,292.32
60.57,26.89,292.47
59.46,26.49,292.21
58.32,25.95,291.67
57.46,25.29,291.05
56.96,24.42,290.51
56.72,23.27,290.08
56.60,21.85,289.76
56.52,20.26,289.52
56.43,18.55,289.33
56.38,16.74,289.20
56.37,14.85,289.15
56.39,12.89,289.19
56.41,10.88,289.29
56.40,8.80,289.46
56.35,6.65,289.68
56.25,4.39,289.92
56.08,2.09,290.15
55.85,-0.22,290.31
55.56,-2.50,290.40
55.26,-4.78,290.47
54.97,-6.97,290.50
54.65,-9.00,290.55
54.21,-10.89,290.67
53.70,-12.65,290.94
53.34,-14.08,291.45
53.29,-15.10,292.18
53.43,-15.80,293.13
53.30,-16.40,294.24
52.48,-16.99,295.43
50.98,-17.35,296.59
49.26,-17.25,297.62
47.70,-16.69,298.53
46.35,-15.81,299.29
45.18,-14.74,299.87
44.25,-13.55,300.19
44.03,-12.52,300.08
45.21,-12.20,299.94
45.40,-12.53,300.37
45.74,-13.54,300.83
46.39,-14.14,301.24
46.92,-14.62,301.35
47.70,-15.13,301.49
48.32,-15.50,301.57
48.79,-15.80,301.67
49.04,-16.00,301.76
49.18,-16.05,301.81
49.32,-15.95,301.79
49.42,-15.75,301.74
49.45,-15.49,301.67
49.40,-15.19,301.59
49.32,-14.87,301.51
49.21,-14.52,301.40
49.10,-14.14,301.27
49.01,-13.73,301.10
48.96,-13.32,300.92
48.95,-12.91,300.71
48.98,-12.51,300.49
49.02,-12.09,300.27
49.09,-11.67,300.04
49.24,-11.24,299.80
49.44,-10.80,299.53
49.71,-10.32,299.22
50.05,-9.81,298.89
50.41,-9.27,298.52
50.79,-8.66,298.14
51.17,-8.01,297.75
51.53,-7.32,297.35
51.88,-6.58,296.95
52.23,-5.81,296.55
52.55,-5.00,296.14
52.83,-4.15,295.72
53.07,-3.28,295.32
53.26,-2.36,294.93
53.41,-1.42,294.56
53.51,-0.44,294.20
53.55,0.60,293.86
53.53,1.68,293.53
53.47,2.84,293.23
53.37,4.09,292.93
53.18,5.43,292.64
52.96,6.87,292.35
52.71,8.42,292.05
52.41,10.06,291.73
52.11,11.82,291.41
51.95,13.72,291.15
51.86,15.73,290.93
51.88,17.82,290.76
52.03,19.90,290.65
52.41,22.02,290.61
52.98,24.25,290.67
53.60,26.24,290.90
54.02,27.29,291.27
53.68,27.40,291.32
52.74,27.07,290.95
51.68,26.41,290.37
50.85,25.53,289.77
50.42,24.41,289.30
50.34,23.07,289.03
50.44,21.53,288.92
50.62,19.82,288.92
50.79,17.97,289.00
50.92,15.98,289.15
51.02,13.88,289.36
51.08,11.65,289.66
51.08,9.28,290.05
51.07,6.73,290.52
51.04,4.08,291.00
50.94,1.43,291.39
50.79,-1.17,291.62
50.62,-3.73,291.72
50.48,-6.25,291.72
50.39,-8.60,291.61
50.42,-10.67,291.42
50.56,-12.55,291.29
50.79,-14.35,291.36
51.06,-15.93,291.66
51.28,-17.13,292.20
51.47,-17.87,292.97
51.62,-18.19,293.99
51.64,-18.17,295.23
51.36,-17.87,296.54
50.75,-17.28,297.76
50.04,-16.43,298.79
49.33,-15.39,299.63
48.23,-14.62,300.35
47.53,-14.53,300.69
46.62,-14.57,300.83
46.04,-14.85,301.16
45.72,-15.27,301.53
45.53,-15.39,301.67
45.71,-15.65,301.85
45.99,-15.84,301.94
46.30,-15.98,301.95
46.60,-16.06,301.96
46.80,-16.11,301.98
46.89,-16.09,301.99
46.90,-16.00,302.00
46.84,-15.87,302.00
46.79,-15.73,301.98
46.78,-15.58,301.94
46.82,-15.44,301.87
46.87,-15.30,301.80
46.94,-15.15,301.71
47.03,-15.00,301.62
47.15,-14.83,301.50
47.29,-14.64,301.36
47.43,-14.42,301.21
47.55,-14.15,301.03
47.67,-13.84,300.84
47.80,-13.50,300.63
47.96,-13.11,300.38
48.18,-12.68,300.09
48.45,-12.20,299.77
48.76,-11.66,299.41
49.12,-11.07,299.03
49.49,-10.42,298.64
49.86,-9.71,298.24
50.25,-8.97,297.82
50.65,-8.18,297.38
51.08,-7.35,296.92
51.49,-6.47,296.45
51.88,-5.54,295.96
52.22,-4.56,295.47
52.49,-3.54,294.97
52.70,-2.49,294.49
52.85,-1.42,294.03
52.96,-0.31,293.60
53.04,0.84,293.19
53.06,2.03,292.79
53.10,3.28,292.44
53.11,4.60,292.12
53.08,5.98,291.82
53.03,7.43,291.51
53.01,8.96,291.21
52.99,10.60,290.92
53.04,12.37,290.66
53.17,14.26,290.43
53.43,16.25,290.22
53.88,18.32,290.07
54.58,20.48,289.95
55.51,22.80,289.94
56.54,24.84,290.18
57.38,26.11,290.61
57.50,26.56,290.90
56.92,26.40,290.96
56.05,25.94,290.83
55.26,25.39,290.58
54.77,24.74,290.35
54.60,23.92,290.22
54.59,22.85,290.18
54.56,21.52,290.19
54.42,19.94,290.23
54.18,18.16,290.29
53.93,16.19,290.36
53.73,14.08,290.47
53.56,11.80,290.61
53.41,9.36,290.76
53.17,6.77,290.88
52.81,4.08,290.90
52.32,1.41,290.74
51.77,-1.18,290.37
51.24,-3.68,289.82
50.80,-6.04,289.17
50.42,-8.28,288.57
50.04,-10.50,288.18
49.72,-12.54,288.13
49.53,-14.16,288.48
49.40,-15.27,289.23
49.24,-15.90,290.34
48.89,-16.13,291.76
48.19,-16.08,293.40
47.09,-15.76,295.04
45.98,-15.23,296.53
45.21,-14.50,297.74
44.77,-13.63,298.62
44.55,-12.65,299.13
44.48,-11.63,299.30
44.55,-10.62,299.21
44.37,-9.77,299.25
43.52,-10.14,299.86
43.14,-10.42,300.53
42.83,-10.98,301.26
42.44,-11.31,301.69
42.41,-11.77,302.14
42.71,-12.27,302.42
43.21,-12.71,302.52
43.80,-13.09,302.55
44.32,-13.35,302.56
44.65,-13.46,302.58
44.80,-13.47,302.62
44.83,-13.44,302.67
44.82,-13.38,302.70
44.85,-13.31,302.69
44.91,-13.21,302.64
45.00,-13.06,302.54
45.10,-12.86,302.39
45.22,-12.61,302.22
45.33,-12.31,302.03
45.44,-11.96,301.80
45.56,-11.55,301.53
45.74,-11.13,301.22
45.98,-10.65,300.88
46.26,-10.10,300.49
46.58,-9.48,300.08
46.95,-8.78,299.64
47.36,-8.00,299.17
47.81,-7.14,298.66
48.27,-6.22,298.11
48.75,-5.22,297.53
49.22,-4.17,296.94
49.67,-3.08,296.35
50.08,-1.97,295.76
50.47,-0.84,295.19
50.80,0.30,294.62
51.06,1.45,294.04
51.25,2.61,293.48
51.42,3.82,292.95
51.54,5.07,292.47
51.63,6.37,292.04
51.65,7.72,291.67
51.66,9.14,291.36
51.65,10.61,291.12
51.73,12.11,290.97
51.92,13.65,290.94
52.33,15.21,291.03
53.03,16.80,291.26
53.91,18.44,291.61
54.87,20.13,292.06
55.85,21.94,292.62
56.84,23.52,293.35
57.61,24.43,294.12
57.76,24.91,294.62
57.30,25.01,294.75
56.52,24.83,294.57
55.75,24.47,294.19
55.21,23.94,293.73
54.97,23.20,293.32
54.93,22.26,292.97
54.98,21.10,292.70
55.02,19.75,292.49
55.01,18.19,292.33
54.91,16.39,292.25
54.74,14.33,292.27
54.53,12.08,292.40
54.31,9.72,292.61
54.13,7.32,292.88
53.96,4.89,293.17
53.76,2.47,293.41
53.48,0.11,293.55
53.15,-2.17,293.56
52.81,-4.37,293.49
52.45,-6.44,293.35
52.16,-8.41,293.26
51.99,-10.35,293.35
51.91,-12.18,293.69
51.80,-13.67,294.26
51.64,-14.73,295.09
51.54,-15.34,296.19
51.59,-15.53,297.55
51.76,-15.42,299.11
51.85,-15.14,300.76
51.69,-14.76,302.33
51.25,-14.24,303.67
50.62,-13.53,304.69
50.04,-12.64,305.34
49.76,-11.63,305.64
49.68,-10.51,305.69
48.82,-9.77,306.05
48.06,-9.79,306.51
47.54,-10.33,307.11
47.05,-10.70,307.43
46.72,-10.93,307.63
46.75,-11.33,307.90
46.94,-11.73,308.08
47.23,-12.11,308.19
47.57,-12.41,308.26
47.83,-12.59,308.31
47.99,-12.66,308.34
48.06,-12.61,308.35
48.06,-12.49,308.35
48.00,-12.33,308.33
47.96,-12.14,308.28
47.98,-11.90,308.16
48.05,-11.62,307.99
48.14,-11.28,307.79
48.21,-10.90,307.58
48.27,-10.49,307.34
48.35,-10.04,307.07
48.53,-9.58,306.78
48.77,-9.09,306.46
49.06,-8.56,306.12
49.40,-7.98,305.76
49.77,-7.36,305.38
50.16,-6.68,304.98
50.57,-5.95,304.56
50.97,-5.17,304.13
51.35,-4.34,303.68
51.73,-3.47,303.23
52.09,-2.56,302.77
52.41,-1.62,302.31
52.69,-0.65,301.84
52.93,0.35,301.39
53.10,1.37,300.94
53.19,2.41,300.50
53.23,3.49,300.09
53.22,4.63,299.71
53.12,5.83,299.34
52.94,7.10,299.00
52.68,8.45,298.69
52.33,9.89,298.44
51.89,11.42,298.22
51.43,13.05,298.06
51.02,14.77,297.98
50.65,16.58,297.97
50.52,18.48,298.06
50.62,20.43,298.31
50.92,22.40,298.65
51.45,24.41,299.09
52.13,26.48,299.70
52.93,28.06,300.56
53.56,28.71,301.47
53.52,28.91,302.01
52.88,28.74,302.09
52.05,28.32,301.83
51.43,27.69,301.45
51.21,26.83,301.12
51.40,25.72,300.94
51.80,24.38,300.86
52.26,22.85,300.83
52.68,21.15,300.82
53.06,19.27,300.84
53.40,17.20,300.91
53.73,14.95,301.01
54.05,12.56,301.13
54.40,10.04,301.25
54.75,7.47,301.30
55.05,4.88,301.23
55.25,2.32,300.97
55.34,-0.24,300.54
55.38,-2.78,299.95
55.44,-5.28,299.29
55.55,-7.69,298.65
55.64,-10.02,298.13
55.58,-12.21,297.86
55.41,-14.11,297.99
55.11,-15.58,298.57
54.64,-16.61,299.60
53.93,-17.23,301.04
53.05,-17.46,302.79
52.15,-17.33,304.73
51.35,-16.89,306.73
50.71,-16.21,308.62
50.26,-15.34,310.21
49.98,-14.28,311.35
49.80,-13.13,312.01
49.08,-12.10,312.53
48.08,-11.57,313.04
47.38,-11.58,313.64
47.12,-11.91,314.10
46.93,-12.06,314.27
47.08,-12.33,314.34
47.59,-12.48,314.31
48.07,-12.58,314.21
48.42,-12.62,314.17
48.63,-12.64,314.17
48.71,-12.62,314.17
48.74,-12.54,314.15
48.72,-12.41,314.13
48.69,-12.24,314.09
48.67,-12.05,314.03
48.70,-11.85,313.94
48.77,-11.62,313.82
48.87,-11.35,313.67
48.96,-11.04,313.51
49.03,-10.68,313.32
49.10,-10.26,313.10
49.17,-9.78,312.84
49.25,-9.26,312.58
49.37,-8.71,312.30
49.56,-8.13,311.99
49.84,-7.53,311.65
50.19,-6.90,311.27
50.58,-6.23,310.85
50.98,-5.52,310.42
51.37,-4.78,309.98
51.74,-4.00,309.54
52.10,-3.18,309.09
52.41,-2.31,308.63
52.69,-1.41,308.17
52.94,-0.50,307.70
53.14,0.42,307.24
53.30,1.37,306.79
53.39,2.33,306.34
53.41,3.35,305.91
53.29,4.41,305.50
53.09,5.52,305.13
52.81,6.70,304.80
52.43,7.96,304.51
51.94,9.31,304.26
51.34,10.76,304.04
50.62,12.31,303.83
49.85,13.99,303.65
49.05,15.80,303.52
48.28,17.74,303.42
47.62,19.82,303.38
47.12,22.00,303.37
46.97,24.19,303.44
47.32,26.41,303.60
48.08,28.65,303.88
48.95,30.91,304.29
49.63,32.66,304.76
49.76,32.93,304.89
49.04,32.22,304.42
48.00,30.89,303.45
47.27,29.27,302.22
47.13,27.58,300.95
47.59,25.81,299.80
48.36,23.87,298.84
49.16,21.75,298.03
49.82,19.51,297.36
50.33,17.24,296.82
50.77,15.00,296.43
51.21,12.78,296.23
51.62,10.56,296.22
51.96,8.32,296.38
52.20,6.06,296.70
52.34,3.77,297.12
52.35,1.52,297.61
52.22,-0.66,298.11
51.96,-2.77,298.57
51.63,-4.83,299.01
51.31,-6.83,299.50
50.95,-8.70,300.07
50.50,-10.42,300.77
49.96,-12.00,301.66
49.46,-13.37,302.79
49.00,-14.42,304.13
48.47,-15.13,305.59
47.78,-15.49,307.15
46.94,-15.52,308.79
46.03,-15.17,310.46
45.16,-14.49,312.12
44.53,-13.60,313.70
44.21,-12.56,315.02
44.04,-11.42,315.85
43.84,-10.27,316.12
42.97,-9.49,316.26
41.98,-9.29,316.28
41.42,-9.54,316.64
41.50,-9.69,316.99
41.43,-9.81,317.05
41.68,-9.93,317.12
41.94,-9.94,317.10
42.12,-9.93,317.06
42.23,-9.88,317.05
42.23,-9.80,317.03
42.18,-9.67,316.98
42.13,-9.46,316.88
42.03,-9.21,316.77
41.88,-8.95,316.66
41.75,-8.71,316.55
41.69,-8.47,316.41
41.69,-8.24,316.25
41.75,-7.99,316.05
41.84,-7.74,315.84
41.97,-7.46,315.61
42.12,-7.16,315.36
42.33,-6.87,315.10
42.59,-6.57,314.84
42.92,-6.27,314.54
43.30,-5.95,314.22
43.72,-5.60,313.87
44.17,-5.21,313.49
44.62,-4.79,313.08
45.08,-4.31,312.66
45.54,-3.80,312.21
46.00,-3.25,311.75
46.44,-2.67,311.28
46.88,-2.06,310.79
47.31,-1.41,310.30
47.71,-0.74,309.78
48.10,-0.03,309.25
48.44,0.72,308.71
48.73,1.50,308.16
48.96,2.32,307.62
49.12,3.19,307.09
49.20,4.10,306.58
49.20,5.08,306.10
49.12,6.15,305.64
48.95,7.32,305.22
48.65,8.59,304.81
48.24,9.97,304.43
47.74,11.44,304.07
47.13,13.02,303.72
46.44,14.72,303.36
45.71,16.57,303.00
45.12,18.54,302.65
44.79,20.58,302.37
44.72,22.67,302.12
44.98,24.77,301.91
45.53,26.83,301.88
46.26,28.18,302.10
46.58,28.64,302.25
46.27,28.55,302.12
45.72,28.09,301.76
45.40,27.46,301.29
45.47,26.71,300.87
45.94,25.79,300.62
46.66,24.69,300.54
47.43,23.42,300.60
48.17,22.01,300.77
48.84,20.46,301.04
49.48,18.75,301.43
50.09,16.92,301.93
50.67,14.97,302.51
51.22,12.90,303.14
51.70,10.73,303.79
52.11,8.43,304.42
52.47,6.01,305.01
52.72,3.52,305.47
52.84,1.03,305.73
52.84,-1.39,305.74
52.83,-3.67,305.56
52.83,-5.83,305.29
52.82,-8.06,305.14
52.81,-10.24,305.25
52.73,-12.10,305.62
52.52,-13.47,306.30
52.16,-14.38,307.28
51.61,-14.94,308.58
50.84,-15.25,310.16
49.89,-15.31,311.95
48.88,-15.03,313.79
47.84,-14.37,315.52
46.78,-13.40,317.00
45.62,-12.18,318.10
44.34,-10.79,318.68
43.23,-9.38,318.77
42.59,-8.05,318.47
42.37,-7.13,318.15
41.44,-7.49,318.73
41.33,-8.15,319.55
41.51,-8.85,320.23
41.64,-9.35,320.53
42.24,-9.76,320.72
42.91,-10.05,320.74
43.54,-10.24,320.73
44.00,-10.33,320.71
44.27,-10.28,320.66
44.37,-10.14,320.59
44.30,-9.91,320.53
44.15,-9.66,320.45
44.02,-9.39,320.33
43.97,-9.11,320.15
43.93,-8.81,319.95
43.88,-8.49,319.74
43.82,-8.15,319.53
43.79,-7.82,319.29
43.82,-7.48,319.03
43.91,-7.13,318.73
44.04,-6.76,318.42
44.21,-6.38,318.12
44.39,-5.98,317.82
44.59,-5.56,317.51
44.83,-5.13,317.20
45.13,-4.68,316.86
45.49,-4.22,316.50
45.91,-3.75,316.11
46.37,-3.28,315.72
46.85,-2.80,315.32
47.35,-2.31,314.91
47.87,-1.82,314.50
48.42,-1.32,314.07
48.96,-0.81,313.61
49.47,-0.27,313.12
49.94,0.27,312.65
50.33,0.83,312.20
50.60,1.42,311.79
50.75,2.08,311.41
50.80,2.82,311.07
50.85,3.67,310.77
50.83,4.62,310.47
50.75,5.68,310.16
50.63,6.86,309.84
50.43,8.18,309.48
50.13,9.63,309.09
49.78,11.20,308.66
49.39,12.90,308.19
48.92,14.74,307.70
48.53,16.76,307.22
48.24,18.92,306.74
48.28,21.12,306.31
48.70,23.35,305.96
49.50,25.58,305.70
50.61,27.87,305.65
51.82,29.81,305.83
52.64,30.46,306.16
52.41,30.20,306.15
51.63,29.50,305.78
50.91,28.58,305.22
50.64,27.54,304.69
50.82,26.33,304.33
51.31,24.92,304.19
51.92,23.31,304.25
52.50,21.53,304.49
53.01,19.60,304.88
53.44,17.53,305.43
53.84,15.31,306.12
54.23,12.96,306.94
54.59,10.52,307.82
54.88,8.01,308.69
55.07,5.49,309.48
55.12,3.03,310.11
55.04,0.59,310.50
54.88,-1.88,310.63
54.71,-4.37,310.54
54.56,-6.80,310.25
54.33,-9.20,309.89
54.15,-11.55,309.67
54.00,-13.67,309.77
53.77,-15.31,310.25
53.38,-16.37,311.17
52.90,-16.77,312.56
52.47,-16.52,314.42
52.10,-15.86,316.72
51.66,-14.99,319.32
51.05,-13.97,321.94
50.41,-12.76,324.32
49.94,-11.39,326.28
49.72,-9.90,327.68
49.72,-8.30,328.47
49.28,-7.17,328.88
48.32,-7.16,329.06
47.41,-7.33,329.25
47.36,-7.70,329.59
47.05,-7.76,329.70
46.90,-7.90,329.87
46.86,-7.91,330.01
46.82,-7.95,330.11
46.84,-7.95,330.19
46.91,-7.89,330.18
47.01,-7.71,330.10
47.08,-7.42,329.96
47.08,-7.06,329.81
47.03,-6.69,329.67
46.98,-6.34,329.53
46.97,-6.01,329.38
47.03,-5.71,329.19
47.15,-5.42,328.99
47.31,-5.15,328.79
47.49,-4.89,328.59
47.69,-4.64,328.40
47.91,-4.39,328.22
48.15,-4.13,328.02
48.41,-3.85,327.82
48.71,-3.54,327.60
49.04,-3.18,327.35
49.40,-2.78,327.08
49.79,-2.34,326.78
50.18,-1.86,326.46
50.60,-1.35,326.12
51.03,-0.79,325.76
51.48,-0.20,325.39
51.94,0.41,325.00
52.40,1.03,324.59
52.86,1.65,324.18
53.31,2.27,323.75
53.68,2.91,323.31
54.03,3.58,322.86
54.34,4.28,322.41
54.58,5.04,321.95
54.80,5.87,321.48
54.97,6.78,321.01
55.11,7.80,320.53
55.23,8.93,320.04
55.33,10.17,319.55
55.40,11.55,319.04
55.42,13.12,318.50
55.40,14.88,317.93
55.39,16.87,317.33
55.35,19.05,316.73
55.34,21.37,316.16
55.38,23.81,315.60
55.54,26.25,315.10
55.80,28.61,314.67
56.20,30.80,314.36
56.75,32.89,314.18
57.13,34.27,314.16
56.83,34.50,314.11
56.17,34.08,313.99
55.58,33.33,313.91
55.20,32.55,313.83
54.95,31.68,313.80
54.69,30.69,313.83
54.40,29.50,313.95
54.06,28.10,314.20
53.67,26.50,314.55
53.26,24.74,315.01
52.86,22.83,315.53
52.49,20.80,316.09
52.12,18.61,316.66
51.69,16.27,317.17
51.14,13.77,317.56
50.48,11.17,317.79
49.81,8.55,317.85
49.18,6.01,317.75
48.56,3.58,317.51
47.91,1.29,317.22
47.23,-0.81,316.98
46.61,-2.77,316.97
46.04,-4.61,317.27
45.48,-6.18,317.90
44.92,-7.36,318.78
44.35,-8.12,319.86
43.74,-8.48,321.10
43.15,-8.48,322.49
42.65,-8.14,323.95
42.24,-7.44,325.33
41.80,-6.44,326.49
41.21,-5.43,327.40
40.86,-4.86,328.08
40.57,-4.47,328.41
39.98,-4.34,328.63
39.76,-4.62,329.03
39.61,-4.65,329.20
39.40,-4.73,329.26
39.56,-4.89,329.42
39.76,-4.97,329.48
40.02,-5.07,329.53
40.30,-5.16,329.57
40.54,-5.28,329.64
40.75,-5.40,329.72
40.91,-5.47,329.79
41.01,-5.50,329.84
41.09,-5.47,329.85
41.20,-5.39,329.81
41.32,-5.25,329.72
41.43,-5.05,329.60
41.51,-4.78,329.44
41.53,-4.46,329.27
41.53,-4.08,329.07
41.51,-3.66,328.83
